1 -8.22789e-007 -0.00085052 -0.0332714 -8.22789e-007 0.999998 -0.00193479 -0.0106501 0.00085052 0.00193479 0.999998 0.665833
0.99999 -8.02502e-006 -0.00448179 -0.0577842 -8.02502e-006 0.999994 -0.00358114 -0.0132529 0.00448179 0.00358114 0.999984 1.32847
0.999968 -1.44594e-005 -0.00797551 -0.0721436 -1.44594e-005 0.999993 -0.00362588 -0.045657 0.00797551 0.00362588 0.999962 2.00808
0.999939 -2.27065e-005 -0.0110594 -0.118095 -2.27065e-005 0.999992 -0.00410615 -0.0510489 0.0110594 0.00410615 0.99993 2.6878
0.99986 -3.48606e-005 -0.0167087 -0.103461 -3.48606e-005 0.999991 -0.00417243 -0.0653603 0.0167087 0.00417243 0.999852 3.45088
0.999821 -5.13913e-005 -0.0189396 -0.163515 -5.13913e-005 0.999985 -0.00542633 -0.0707511 0.0189396 0.00542633 0.999806 4.18362
0.999704 -7.16278e-005 -0.0243137 -0.175966 -7.16278e-005 0.999983 -0.00589104 -0.0829762 0.0243137 0.00589104 0.999687 4.94739
0.999583 -5.94957e-005 -0.0288866 -0.200813 -5.94957e-005 0.999992 -0.00411838 -0.0914967 0.0288866 0.00411838 0.999574 5.68427
0.999426 -3.82606e-005 -0.033888 -0.209945 -3.82606e-005 0.999997 -0.00225741 -0.0877925 0.033888 0.00225741 0.999423 6.42699
0.999327 8.90739e-006 -0.0366779 -0.257861 8.90739e-006 1 0.000485546 -0.0960573 0.0366779 -0.000485546 0.999327 7.22507
0.999234 -4.58227e-006 -0.039124 -0.29331 -4.58227e-006 1 -0.000234154 -0.0979075 0.039124 0.000234154 0.999234 8.00588
0.99919 -6.07501e-006 -0.0402457 -0.351409 -6.07501e-006 1 -0.000301773 -0.107368 0.0402457 0.000301773 0.99919 8.83079
0.999063 -2.10244e-005 -0.0432765 -0.365878 -2.10244e-005 1 -0.000971174 -0.113282 0.0432765 0.000971174 0.999063 9.62615
0.998972 6.30762e-006 -0.0453213 -0.399919 6.30762e-006 1 0.000278208 -0.127394 0.0453213 -0.000278208 0.998972 10.4438
0.998845 4.95552e-007 -0.0480434 -0.444411 4.95552e-007 1 2.06174e-005 -0.128841 0.0480434 -2.06174e-005 0.998845 11.3045
0.998815 -4.438e-005 -0.0486691 -0.487066 -4.438e-005 0.999998 -0.00182266 -0.142534 0.0486691 0.00182266 0.998813 12.0354
0.998822 -0.000108615 -0.0485311 -0.558085 -0.000108615 0.99999 -0.00447343 -0.149099 0.0485311 0.00447343 0.998812 12.8662
0.998749 -0.000148307 -0.0499944 -0.596041 -0.000148307 0.999982 -0.00592919 -0.158281 0.0499944 0.00592919 0.998732 13.6502
0.998653 -0.000139957 -0.0518904 -0.63141 -0.000139957 0.999985 -0.00539066 -0.16847 0.0518904 0.00539066 0.998638 14.4852
0.998562 -0.00011079 -0.0536135 -0.647003 -0.00011079 0.999991 -0.00412993 -0.184751 0.0536135 0.00412993 0.998553 15.2628
0.998467 -6.2125e-005 -0.0553524 -0.688736 -6.2125e-005 0.999997 -0.00224298 -0.198313 0.0553524 0.00224298 0.998464 16.0801
0.998454 -6.61021e-005 -0.05559 -0.74165 -6.61021e-005 0.999997 -0.00237636 -0.211637 0.05559 0.00237636 0.998451 16.9203
0.998324 -8.11579e-005 -0.0578702 -0.779227 -8.11579e-005 0.999996 -0.00280247 -0.226417 0.0578702 0.00280247 0.99832 17.7618
0.998307 -0.000115768 -0.05817 -0.82584 -0.000115768 0.999992 -0.00397693 -0.240769 0.05817 0.00397693 0.998299 18.5291
0.998188 -5.78663e-005 -0.0601715 -0.834456 -5.78663e-005 0.999998 -0.00192164 -0.258005 0.0601715 0.00192164 0.998186 19.3472
0.998232 3.87271e-005 -0.0594302 -0.917793 3.87271e-005 0.999999 0.00130213 -0.258001 0.0594302 -0.00130213 0.998232 20.218
0.998208 0.000164718 -0.0598315 -0.935101 0.000164718 0.999985 0.00550108 -0.277834 0.0598315 -0.00550108 0.998193 21.0562
0.998359 0.000233234 -0.0572573 -0.990284 0.000233234 0.999967 0.00814005 -0.276788 0.0572573 -0.00814005 0.998326 21.9367
0.998478 0.000245998 -0.0551438 -1.06794 0.000245998 0.99996 0.00891508 -0.267098 0.0551438 -0.00891508 0.998439 22.8931
0.998457 0.000170302 -0.0555274 -1.06943 0.000170302 0.999981 0.0061292 -0.28246 0.0555274 -0.0061292 0.998438 23.7912
0.998621 4.49301e-005 -0.052502 -1.19432 4.49301e-005 0.999999 0.00171037 -0.287829 0.052502 -0.00171037 0.998619 24.8195
0.998701 -4.30599e-005 -0.0509611 -1.23355 -4.30599e-005 0.999999 -0.00168881 -0.287143 0.0509611 0.00168881 0.998699 25.6786
0.998684 -1.33097e-005 -0.0512924 -1.26425 -1.33097e-005 1 -0.000518631 -0.310953 0.0512924 0.000518631 0.998684 26.6072
0.99869 0.000106773 -0.0511718 -1.32164 0.000106773 0.999991 0.00417037 -0.306821 0.0511718 -0.00417037 0.998681 27.5402
0.998651 0.000192043 -0.0519233 -1.36456 0.000192043 0.999973 0.0073921 -0.316353 0.0519233 -0.0073921 0.998624 28.4436
0.998585 0.000167792 -0.053187 -1.41463 0.000167792 0.99998 0.006305 -0.316195 0.053187 -0.006305 0.998565 29.3977
0.998171 9.88267e-005 -0.0604459 -1.31348 9.88267e-005 0.999995 0.00326693 -0.289656 0.0604459 -0.00326693 0.998166 30.2235
0.998267 -2.25843e-005 -0.058849 -1.45032 -2.25843e-005 1 -0.000766867 -0.319381 0.058849 0.000766867 0.998267 31.2004
0.998025 -4.53883e-005 -0.0628202 -1.46228 -4.53883e-005 0.999999 -0.0014436 -0.321446 0.0628202 0.0014436 0.998024 32.0347
0.998068 -1.84755e-006 -0.0621249 -1.56268 -1.84755e-006 1 -5.94211e-005 -0.332491 0.0621249 5.94211e-005 0.998068 32.9218
0.998022 9.54374e-005 -0.0628651 -1.61692 9.54374e-005 0.999995 0.00303325 -0.342202 0.0628651 -0.00303325 0.998017 33.7835
0.99799 0.000134118 -0.0633701 -1.69534 0.000134118 0.999991 0.00422859 -0.34256 0.0633701 -0.00422859 0.997981 34.7162
0.997952 0.000223161 -0.0639725 -1.76484 0.000223161 0.999976 0.00696955 -0.352116 0.0639725 -0.00696955 0.997927 35.612
0.99797 0.000317341 -0.0636848 -1.83231 0.000317341 0.99995 0.00995562 -0.35299 0.0636848 -0.00995562 0.99792 36.5668
0.99793 0.000404143 -0.0643136 -1.90411 0.000404143 0.999921 0.0125544 -0.353149 0.0643136 -0.0125544 0.997851 37.4824
0.998025 0.000388924 -0.0628162 -1.99937 0.000388924 0.999923 0.0123702 -0.359241 0.0628162 -0.0123702 0.997948 38.4996
0.9979 0.000329847 -0.0647728 -2.01041 0.000329847 0.999948 0.0101738 -0.363056 0.0647728 -0.0101738 0.997848 39.4005
0.997931 0.000270445 -0.0642982 -2.09943 0.000270445 0.999965 0.00840334 -0.365615 0.0642982 -0.00840334 0.997895 40.3985
0.997745 0.000269356 -0.0671224 -2.14821 0.000269356 0.999968 0.00801665 -0.36902 0.0671224 -0.00801665 0.997713 41.3422
0.997636 0.000312868 -0.0687129 -2.21025 0.000312868 0.999959 0.00909558 -0.374099 0.0687129 -0.00909558 0.997595 42.3572
0.997463 0.000356513 -0.0711924 -2.2647 0.000356513 0.99995 0.0100025 -0.376277 0.0711924 -0.0100025 0.997412 43.2944
0.997476 0.000233381 -0.0710078 -2.35881 0.000233381 0.999978 0.00656501 -0.376676 0.0710078 -0.00656501 0.997454 44.2948
0.997407 8.72716e-005 -0.0719717 -2.43138 8.72716e-005 0.999997 0.00242201 -0.384255 0.0719717 -0.00242201 0.997404 45.2332
0.997399 5.43476e-005 -0.072082 -2.51286 5.43476e-005 0.999999 0.00150598 -0.395984 0.072082 -0.00150598 0.997398 46.1985
0.997329 0.000179978 -0.0730386 -2.5644 0.000179978 0.999988 0.00492168 -0.408784 0.0730386 -0.00492168 0.997317 47.0789
0.997332 0.000277753 -0.0730031 -2.63639 0.000277753 0.999971 0.00759909 -0.40565 0.0730031 -0.00759909 0.997303 47.9589
0.99727 0.000309917 -0.0738352 -2.68083 0.000309917 0.999965 0.00838322 -0.421845 0.0738352 -0.00838322 0.997235 48.8283
0.997326 0.000260779 -0.0730814 -2.76188 0.000260779 0.999975 0.00712704 -0.432145 0.0730814 -0.00712704 0.997301 49.7038
0.997349 0.000207547 -0.0727612 -2.82975 0.000207547 0.999984 0.00569729 -0.447811 0.0727612 -0.00569729 0.997333 50.6205
0.997282 0.000233786 -0.07368 -2.89031 0.000233786 0.99998 0.00633731 -0.449661 0.07368 -0.00633731 0.997262 51.493
0.997296 0.000388932 -0.0734841 -2.95459 0.000388932 0.999944 0.0105709 -0.471104 0.0734841 -0.0105709 0.99724 52.3745
0.997242 0.000571289 -0.0742225 -3.01819 0.000571289 0.999882 0.0153718 -0.472179 0.0742225 -0.0153718 0.997123 53.2679
0.997118 0.000658766 -0.075868 -3.07948 0.000658766 0.999849 0.0173398 -0.469698 0.075868 -0.0173398 0.996967 54.2503
0.997024 0.000523441 -0.0770913 -3.15985 0.000523441 0.999908 0.0135589 -0.469756 0.0770913 -0.0135589 0.996932 55.1316
0.996928 0.000242913 -0.0783207 -3.23772 0.000242913 0.999981 0.00619343 -0.481449 0.0783207 -0.00619343 0.996909 56.0246
0.996884 5.94319e-005 -0.0788769 -3.32297 5.94319e-005 0.999999 0.0015046 -0.490453 0.0788769 -0.0015046 0.996883 56.9184
0.99676 0.000105079 -0.0804384 -3.38754 0.000105079 0.999997 0.00260842 -0.499244 0.0804384 -0.00260842 0.996756 57.781
0.996744 0.000215952 -0.0806325 -3.49699 0.000215952 0.999986 0.00534771 -0.509142 0.0806325 -0.00534771 0.99673 58.6771
0.996628 0.000278405 -0.0820507 -3.55459 0.000278405 0.999977 0.00677466 -0.519759 0.0820507 -0.00677466 0.996605 59.5246
0.996519 0.000289821 -0.0833639 -3.63568 0.000289821 0.999976 0.00694096 -0.526998 0.0833639 -0.00694096 0.996495 60.3458
0.996444 0.000328245 -0.0842518 -3.73292 0.000328245 0.99997 0.00777804 -0.532056 0.0842518 -0.00777804 0.996414 61.1142
0.996254 0.000350613 -0.0864792 -3.79796 0.000350613 0.999967 0.00809329 -0.536113 0.0864792 -0.00809329 0.996221 61.9816
0.996159 0.000381829 -0.0875628 -3.88221 0.000381829 0.999962 0.00870435 -0.547032 0.0875628 -0.00870435 0.996121 62.8057
0.996065 0.000439733 -0.0886221 -3.95267 0.000439733 0.999951 0.009904 -0.557171 0.0886221 -0.009904 0.996016 63.6143
0.995838 0.000571847 -0.0911365 -4.01754 0.000571847 0.999921 0.0125226 -0.55798 0.0911365 -0.0125226 0.99576 64.3992
0.995907 0.000772321 -0.0903834 -4.11747 0.000772321 0.999854 0.0170537 -0.564432 0.0903834 -0.0170537 0.995761 65.2287
0.99564 0.000857235 -0.09328 -4.19019 0.000857235 0.999831 0.0183382 -0.54993 0.09328 -0.0183382 0.995471 65.9678
0.995774 0.000666275 -0.0918346 -4.32447 0.000666275 0.999895 0.0144789 -0.55147 0.0918346 -0.0144789 0.995669 66.8283
0.995358 0.00037525 -0.0962439 -4.3361 0.00037525 0.99997 0.00777968 -0.581385 0.0962439 -0.00777968 0.995327 67.5346
0.995508 6.41373e-005 -0.094673 -4.4658 6.41373e-005 0.999999 0.00135188 -0.57211 0.094673 -0.00135188 0.995508 68.26
0.994436 -8.14328e-005 -0.105346 -4.35036 -8.14328e-005 0.999999 -0.0015417 -0.558168 0.105346 0.0015417 0.994434 69.0083
0.995358 0.00019651 -0.0962381 -4.60794 0.00019651 0.999992 0.00407433 -0.585473 0.0962381 -0.00407433 0.99535 69.6265
0.994654 0.000275719 -0.103262 -4.58338 0.000275719 0.999986 0.00532585 -0.589874 0.103262 -0.00532585 0.99464 70.333
0.995337 9.21523e-005 -0.096457 -4.80203 9.21523e-005 0.999998 0.00190629 -0.589264 0.096457 -0.00190629 0.995335 70.9954
0.994573 -0.000227334 -0.104039 -4.70225 -0.000227334 0.99999 -0.00435828 -0.617202 0.104039 0.00435828 0.994564 71.6628
0.994973 -0.00046748 -0.100138 -4.8079 -0.00046748 0.999957 -0.00931307 -0.61989 0.100138 0.00931307 0.99493 72.2773
0.995081 -0.000477907 -0.0990679 -4.84096 -0.000477907 0.999954 -0.00962411 -0.634327 0.0990679 0.00962411 0.995034 72.8672
0.995406 -0.000297462 -0.0957462 -4.88627 -0.000297462 0.999981 -0.00619922 -0.642941 0.0957462 0.00619922 0.995386 73.4098
0.995942 -0.000173589 -0.0899962 -4.95249 -0.000173589 0.999993 -0.00384985 -0.642017 0.0899962 0.00384985 0.995935 73.9437
0.996476 7.33118e-006 -0.0838821 -4.99953 7.33118e-006 1 0.000174489 -0.653985 0.0838821 -0.000174489 0.996476 74.4558
0.997085 0.00012892 -0.0762982 -5.01577 0.00012892 0.999994 0.00337445 -0.666757 0.0762982 -0.00337445 0.997079 75.0014
0.997905 0.000111353 -0.0646934 -5.06 0.000111353 0.999994 0.00343887 -0.667188 0.0646934 -0.00343887 0.997899 75.5094
0.998732 8.21142e-005 -0.0503452 -5.07862 8.21142e-005 0.999995 0.00325997 -0.673944 0.0503452 -0.00325997 0.998727 76.0096
0.999502 6.4286e-005 -0.0315625 -5.09244 6.4286e-005 0.999992 0.00407253 -0.676495 0.0315625 -0.00407253 0.999493 76.4901
0.999951 2.39285e-005 -0.00993118 -5.07449 2.39285e-005 0.999988 0.00481873 -0.680467 0.00993118 -0.00481873 0.999939 76.9452
0.999874 -5.04168e-005 0.0159048 -5.03222 -5.04168e-005 0.99998 0.00633936 -0.691511 -0.0159048 -0.00633936 0.999853 77.4223
0.998952 -0.000186801 0.0457751 -4.99471 -0.000186801 0.999967 0.00815726 -0.693317 -0.0457751 -0.00815726 0.998918 77.8639
0.997008 -0.000397147 0.0772972 -4.9044 -0.000397147 0.999947 0.0102602 -0.70511 -0.0772972 -0.0102602 0.996955 78.3483
0.993265 -0.000625956 0.115867 -4.84044 -0.000625956 0.999942 0.0107681 -0.701958 -0.115867 -0.0107681 0.993206 78.7711
0.987445 -0.000886791 0.15796 -4.73285 -0.000886791 0.999937 0.0111572 -0.706277 -0.15796 -0.0111572 0.987382 79.2402
0.978976 -0.00115897 0.203973 -4.62681 -0.00115897 0.999936 0.0112441 -0.708962 -0.203973 -0.0112441 0.978912 79.6487
0.967772 -0.0012405 0.251824 -4.45043 -0.0012405 0.999952 0.00969317 -0.716812 -0.251824 -0.00969317 0.967725 80.0762
0.952441 -0.00111263 0.30472 -4.276 -0.00111263 0.999974 0.00712888 -0.720693 -0.30472 -0.00712888 0.952415 80.4699
0.932634 -0.00110865 0.360822 -4.08004 -0.00110865 0.999982 0.0059381 -0.726901 -0.360822 -0.0059381 0.932616 80.8467
0.908887 -0.000975449 0.417042 -3.84946 -0.000975449 0.99999 0.00446481 -0.722778 -0.417042 -0.00446481 0.908876 81.1948
0.880193 -0.000946046 0.474615 -3.60694 -0.000946046 0.999993 0.00374776 -0.726601 -0.474615 -0.00374776 0.880186 81.5203
0.847179 -0.00105342 0.531307 -3.34181 -0.00105342 0.999993 0.00366238 -0.727767 -0.531307 -0.00366238 0.847172 81.8233
0.810571 -0.00121225 0.58564 -3.06469 -0.00121225 0.999992 0.00374779 -0.738288 -0.58564 -0.00374779 0.810563 82.1034
0.771441 -0.00178096 0.636298 -2.76105 -0.00178096 0.999986 0.0049581 -0.737128 -0.636298 -0.0049581 0.771427 82.3643
0.729285 -0.00236942 0.684206 -2.43873 -0.00236942 0.999979 0.00598848 -0.736193 -0.684206 -0.00598848 0.729264 82.6132
0.6846 -0.0030186 0.728912 -2.12248 -0.0030186 0.999971 0.00697621 -0.741899 -0.728912 -0.00697621 0.684571 82.8248
0.638245 -0.00389838 0.769824 -1.77691 -0.00389838 0.999958 0.00829584 -0.744169 -0.769824 -0.00829584 0.638203 83.0307
0.592876 -0.00618019 0.80527 -1.46068 -0.00618019 0.999906 0.0122241 -0.75107 -0.80527 -0.0122241 0.592782 83.173
0.546903 -0.00583285 0.837176 -1.08251 -0.00583285 0.999925 0.0107772 -0.757 -0.837176 -0.0107772 0.546827 83.3457
0.499963 -0.00414276 0.866037 -0.716059 -0.00414276 0.999966 0.00717504 -0.76174 -0.866037 -0.00717504 0.499929 83.502
0.454607 -0.0031255 0.890687 -0.325516 -0.0031255 0.999982 0.00510428 -0.764984 -0.890687 -0.00510428 0.454589 83.648
0.413092 -0.00792149 0.910655 0.0448907 -0.00792149 0.999893 0.0122911 -0.76914 -0.910655 -0.0122911 0.412985 83.7409
0.374283 -0.0178306 0.927143 0.436239 -0.0178306 0.999492 0.0264202 -0.761859 -0.927143 -0.0264202 0.373775 83.8278
0.33919 -0.0215579 0.940471 0.812817 -0.0215579 0.999297 0.0306815 -0.758403 -0.940471 -0.0306815 0.338487 83.9076
0.306391 -0.0193846 0.951708 1.23439 -0.0193846 0.999458 0.0265978 -0.755164 -0.951708 -0.0265978 0.305849 84.0069
0.274744 -0.0106127 0.961459 1.6335 -0.0106127 0.999845 0.014069 -0.755813 -0.961459 -0.014069 0.274589 84.113
0.24704 -0.00694866 0.96898 2.06413 -0.00694866 0.999936 0.00894219 -0.763104 -0.96898 -0.00894219 0.246975 84.1984
0.221489 -0.00706976 0.975137 2.46729 -0.00706976 0.999936 0.00885535 -0.772883 -0.975137 -0.00885535 0.221425 84.2596
0.198169 -0.0121086 0.980093 2.87239 -0.0121086 0.999817 0.0148006 -0.777615 -0.980093 -0.0148006 0.197986 84.3079
0.178502 -0.0168635 0.983795 3.27351 -0.0168635 0.999654 0.0201951 -0.764839 -0.983795 -0.0201951 0.178156 84.346
0.159169 -0.0180159 0.987087 3.61982 -0.0180159 0.999614 0.0211496 -0.7542 -0.987087 -0.0211496 0.158783 84.3843
0.14157 -0.0159094 0.9898 4.01287 -0.0159094 0.999705 0.0183441 -0.7489 -0.9898 -0.0183441 0.141275 84.431
0.126063 -0.0145876 0.991915 4.39139 -0.0145876 0.999757 0.0165569 -0.748873 -0.991915 -0.0165569 0.12582 84.4722
0.111474 -0.014646 0.993659 4.81768 -0.014646 0.999759 0.016379 -0.743037 -0.993659 -0.016379 0.111233 84.5091
0.0983434 -0.0170855 0.995006 5.20655 -0.0170855 0.999676 0.0188543 -0.741589 -0.995006 -0.0188543 0.0980196 84.5318
0.0866659 -0.0202953 0.996031 5.67916 -0.0202953 0.999549 0.0221329 -0.737847 -0.996031 -0.0221329 0.0862149 84.5629
0.0766798 -0.0229024 0.996793 6.15531 -0.0229024 0.999432 0.0247248 -0.733234 -0.996793 -0.0247248 0.0761117 84.5849
0.0685028 -0.0246138 0.997347 6.67503 -0.0246138 0.99935 0.0263538 -0.725827 -0.997347 -0.0263538 0.0678524 84.6171
0.0622098 -0.0265101 0.997711 7.20605 -0.0265101 0.999251 0.028204 -0.714515 -0.997711 -0.028204 0.0614604 84.6475
0.0563974 -0.0259996 0.99807 7.75533 -0.0259996 0.999284 0.0275004 -0.704044 -0.99807 -0.0275004 0.055681 84.6813
0.0511512 -0.0273342 0.998317 8.31576 -0.0273342 0.999213 0.0287593 -0.690369 -0.998317 -0.0287593 0.0503638 84.6995
0.0451312 -0.0268402 0.99862 8.87025 -0.0268402 0.999246 0.02807 -0.690947 -0.99862 -0.02807 0.0443767 84.747
0.0433044 -0.029941 0.998613 9.48153 -0.029941 0.999063 0.0312528 -0.668408 -0.998613 -0.0312528 0.0423674 84.749
0.0398406 -0.0298364 0.99876 10.1183 -0.0298364 0.999073 0.0310359 -0.659488 -0.99876 -0.0310359 0.0389135 84.7791
0.0376975 -0.0367443 0.998613 10.7854 -0.0367443 0.998597 0.0381307 -0.639833 -0.998613 -0.0381307 0.0362944 84.7848
0.038107 -0.0379143 0.998554 11.4588 -0.0379143 0.998506 0.0393593 -0.618264 -0.998554 -0.0393593 0.0366125 84.801
0.0389601 -0.0406909 0.998412 12.1339 -0.0406909 0.998277 0.0422733 -0.598185 -0.998412 -0.0422733 0.0372372 84.8249
0.041333 -0.0412208 0.998295 12.7967 -0.0412208 0.998228 0.0429248 -0.567708 -0.998295 -0.0429248 0.0395606 84.8562
0.0452578 -0.0439777 0.998007 13.4817 -0.0439777 0.997974 0.0459706 -0.562783 -0.998007 -0.0459706 0.0432321 84.8982
0.0509972 -0.0451864 0.997676 14.1975 -0.0451864 0.997848 0.0475039 -0.523924 -0.997676 -0.0475039 0.0488456 84.9067
0.0540265 -0.0449738 0.997526 14.8646 -0.0449738 0.997862 0.0474247 -0.497234 -0.997526 -0.0474247 0.0518883 84.9639
0.0577019 -0.0452396 0.997308 15.6285 -0.0452396 0.997828 0.0478807 -0.460345 -0.997308 -0.0478807 0.05553 85.0109
0.0620227 -0.0436303 0.997121 16.3375 -0.0436303 0.997971 0.0463814 -0.407267 -0.997121 -0.0463814 0.0599932 85.0529
0.065829 -0.0426196 0.99692 17.1398 -0.0426196 0.998056 0.0454824 -0.378017 -0.99692 -0.0454824 0.0638846 85.1138
0.0696471 -0.039339 0.996796 17.9098 -0.039339 0.998337 0.0421485 -0.346429 -0.996796 -0.0421485 0.0679837 85.1838
0.0737341 -0.0373593 0.996578 18.7752 -0.0373593 0.998493 0.0401952 -0.326757 -0.996578 -0.0401952 0.0722273 85.2406
0.0738737 -0.0309335 0.996788 19.5677 -0.0309335 0.998967 0.0332936 -0.29657 -0.996788 -0.0332936 0.0728405 85.3289
0.0745197 -0.0290845 0.996795 20.384 -0.0290845 0.999086 0.0313256 -0.276965 -0.996795 -0.0313256 0.0736057 85.3815
0.0736391 -0.0279918 0.996892 21.1887 -0.0279918 0.999154 0.0301231 -0.268388 -0.996892 -0.0301231 0.0727932 85.4515
0.0748575 -0.0257392 0.996862 22.0003 -0.0257392 0.999284 0.0277346 -0.245483 -0.996862 -0.0277346 0.0741414 85.5014
0.0738814 -0.0266087 0.996912 22.823 -0.0266087 0.999235 0.0286427 -0.237196 -0.996912 -0.0286427 0.0731169 85.5759
0.0748144 -0.0253277 0.996876 23.6488 -0.0253277 0.999307 0.0272902 -0.213474 -0.996876 -0.0272902 0.074121 85.6431
0.0742335 -0.0233716 0.996967 24.4973 -0.0233716 0.99941 0.0251691 -0.20821 -0.996967 -0.0251691 0.0736435 85.7246
0.0747423 -0.0187997 0.997026 25.3196 -0.0187997 0.999618 0.0202579 -0.205996 -0.997026 -0.0202579 0.0743604 85.7852
0.0728785 -0.0155994 0.997219 26.1317 -0.0155994 0.999738 0.0167788 -0.200578 -0.997219 -0.0167788 0.072616 85.8661
0.0704892 -0.0150161 0.9974 26.9767 -0.0150161 0.999757 0.0161128 -0.194522 -0.9974 -0.0161128 0.0702466 85.9231
0.0650178 -0.0109605 0.997824 27.7719 -0.0109605 0.999872 0.0116971 -0.191622 -0.997824 -0.0116971 0.0648893 85.9931
0.0597797 -0.00842967 0.998176 28.6341 -0.00842967 0.999924 0.00894928 -0.187049 -0.998176 -0.00894928 0.0597041 86.0594
0.0535635 -0.00532059 0.99855 29.425 -0.00532059 0.99997 0.00561355 -0.198326 -0.99855 -0.00561355 0.0535336 86.0942
0.0457609 -0.00571344 0.998936 30.3002 -0.00571344 0.999966 0.00598106 -0.197025 -0.998936 -0.00598106 0.0457266 86.1423
0.0376669 -0.00452937 0.99928 31.1022 -0.00452937 0.999979 0.00470327 -0.221566 -0.99928 -0.00470327 0.0376456 86.1512
0.0269569 -0.00441996 0.999627 31.9879 -0.00441996 0.99998 0.00454072 -0.218372 -0.999627 -0.00454072 0.0269368 86.1923
0.0169951 -0.00581469 0.999839 32.8366 -0.00581469 0.999966 0.00591427 -0.230735 -0.999839 -0.00591427 0.0169607 86.1905
0.0056829 -0.00411122 0.999975 33.6172 -0.00411122 0.999983 0.00413462 -0.233967 -0.999975 -0.00413462 0.0056659 86.2035
-0.00512782 -0.00584557 0.99997 34.5002 -0.00584557 0.999966 0.00581557 -0.245618 -0.99997 -0.00581557 -0.00516181 86.1878
-0.0167987 -0.00496552 0.999847 35.3511 -0.00496552 0.999976 0.00488273 -0.245401 -0.999847 -0.00488273 -0.0168229 86.1787
-0.0276581 -0.00543288 0.999603 36.1894 -0.00543288 0.999971 0.00528456 -0.25613 -0.999603 -0.00528456 -0.0276868 86.1491
-0.038219 -0.00462265 0.999259 36.9817 -0.00462265 0.999979 0.00444918 -0.266643 -0.999259 -0.00444918 -0.0382396 86.1076
-0.0485573 -0.00518327 0.998807 37.8441 -0.00518327 0.999974 0.00493734 -0.281075 -0.998807 -0.00493734 -0.048583 86.058
-0.0582222 -0.00660717 0.998282 38.6282 -0.00660717 0.999959 0.00623292 -0.273505 -0.998282 -0.00623292 -0.0582635 86.0077
-0.0674126 -0.00631509 0.997705 39.4217 -0.00631509 0.999963 0.00590269 -0.297026 -0.997705 -0.00590269 -0.06745 85.9356
-0.0771455 -0.00802977 0.996988 40.2014 -0.00802977 0.99994 0.00743221 -0.291305 -0.996988 -0.00743221 -0.0772054 85.8774
-0.0857997 -0.00860004 0.996275 40.9682 -0.00860004 0.999932 0.00789097 -0.29739 -0.996275 -0.00789097 -0.0858678 85.8094
-0.0930635 -0.00999886 0.99561 41.6189 -0.00999886 0.999909 0.0091074 -0.30663 -0.99561 -0.0091074 -0.093155 85.7272
-0.0989335 -0.0118207 0.995024 42.429 -0.0118207 0.999873 0.010703 -0.31281 -0.995024 -0.010703 -0.0990606 85.6628
-0.101675 -0.0158159 0.994692 43.1386 -0.0158159 0.999773 0.01428 -0.3255 -0.994692 -0.01428 -0.101902 85.5456
-0.104601 -0.016019 0.994385 43.913 -0.016019 0.999768 0.0144207 -0.330822 -0.994385 -0.0144207 -0.104834 85.4706
-0.105479 -0.0195032 0.99423 44.6545 -0.0195032 0.999656 0.0175405 -0.337109 -0.99423 -0.0175405 -0.105823 85.3781
-0.107584 -0.0181466 0.99403 45.3746 -0.0181466 0.999703 0.0162861 -0.340443 -0.99403 -0.0162861 -0.107881 85.3115
-0.103473 -0.020334 0.994424 46.1254 -0.020334 0.999625 0.0183246 -0.362546 -0.994424 -0.0183246 -0.103848 85.1782
-0.100297 -0.0222706 0.994708 46.7921 -0.0222706 0.999549 0.0201334 -0.356533 -0.994708 -0.0201334 -0.100748 85.1101
-0.0935546 -0.0240804 0.995323 47.4656 -0.0240804 0.99947 0.0219173 -0.363012 -0.995323 -0.0219173 -0.0940848 85.0286
-0.0858504 -0.0234249 0.996033 48.0731 -0.0234249 0.999495 0.0214873 -0.35761 -0.996033 -0.0214873 -0.0863558 84.9926
-0.074299 -0.0228569 0.996974 48.6738 -0.0228569 0.999514 0.0212118 -0.355122 -0.996974 -0.0212118 -0.0747854 84.9546
-0.0611942 -0.0211324 0.997902 49.2846 -0.0211324 0.999579 0.019872 -0.362068 -0.997902 -0.019872 -0.061615 84.9471
-0.0437018 -0.0205966 0.998832 49.852 -0.0205966 0.999594 0.0197111 -0.361831 -0.998832 -0.0197111 -0.0441083 84.9386
-0.0225914 -0.0180672 0.999582 50.3965 -0.0180672 0.999681 0.0176607 -0.371374 -0.999582 -0.0176607 -0.0229106 84.949
0.00265136 -0.0168197 0.999855 50.9244 -0.0168197 0.999716 0.016862 -0.369499 -0.999855 -0.016862 0.0023677 84.9659
0.0303564 -0.0143757 0.999436 51.4571 -0.0143757 0.999787 0.0148174 -0.368803 -0.999436 -0.0148174 0.0301432 85.0189
0.0636237 -0.0136707 0.99788 51.9517 -0.0136707 0.9998 0.0145686 -0.370053 -0.99788 -0.0145686 0.0634241 85.0766
0.100983 -0.0140449 0.994789 52.4004 -0.0140449 0.999781 0.0155411 -0.365948 -0.994789 -0.0155411 0.100763 85.1578
0.142795 -0.0127615 0.98967 52.8884 -0.0127615 0.99981 0.0147336 -0.362676 -0.98967 -0.0147336 0.142605 85.2673
0.187795 -0.00992661 0.982158 53.3917 -0.00992661 0.999879 0.0120037 -0.355563 -0.982158 -0.0120037 0.187673 85.4133
0.23488 -0.00697062 0.971999 53.8765 -0.00697062 0.999936 0.0088554 -0.35405 -0.971999 -0.0088554 0.234817 85.5919
0.28633 -0.00491419 0.958118 54.3637 -0.00491419 0.999966 0.00659742 -0.346549 -0.958118 -0.00659742 0.286296 85.7925
0.34029 -0.00263503 0.940317 54.7495 -0.00263503 0.999989 0.00375584 -0.343976 -0.940317 -0.00375584 0.34028 85.993
0.404683 -0.000863535 0.914456 55.3122 -0.000863535 0.999999 0.00132646 -0.346305 -0.914456 -0.00132646 0.404682 86.2485
0.461823 -0.0011823 0.886971 55.7363 -0.0011823 0.999997 0.00194855 -0.35997 -0.886971 -0.00194855 0.46182 86.543
0.520255 -0.00193775 0.854009 56.2077 -0.00193775 0.999992 0.00344945 -0.370704 -0.854009 -0.00344945 0.520247 86.9651
0.576362 0.00108135 0.817194 56.5957 0.00108135 0.999997 -0.00208591 -0.367362 -0.817194 0.00208591 0.576359 87.3166
0.629991 0.00125438 0.776601 56.8948 0.00125438 0.999996 -0.00263278 -0.363271 -0.776601 0.00263278 0.629987 87.7173
0.68351 0.000349028 0.729941 57.2174 0.000349028 1 -0.000804985 -0.370872 -0.729941 0.000804985 0.68351 88.0399
0.731467 -6.35637e-005 0.681877 57.4369 -6.35637e-005 1 0.000161405 -0.373553 -0.681877 -0.000161405 0.731467 88.377
0.775388 -0.00150177 0.631483 57.6398 -0.00150177 0.99999 0.00422216 -0.378205 -0.631483 -0.00422216 0.775378 88.7188
0.81573 -0.00274792 0.578426 57.835 -0.00274792 0.999959 0.00862577 -0.369666 -0.578426 -0.00862577 0.815689 89.1155
0.852147 -0.00417196 0.523285 58.0163 -0.00417196 0.999882 0.0147656 -0.372437 -0.523285 -0.0147656 0.85203 89.4906
0.882672 -0.00455951 0.469967 58.1842 -0.00455951 0.999823 0.0182635 -0.357904 -0.469967 -0.0182635 0.882495 89.9398
0.908005 -0.00515035 0.418928 58.3269 -0.00515035 0.999712 0.0234537 -0.365071 -0.418928 -0.0234537 0.907716 90.3572
0.927654 -0.00455662 0.373412 58.4376 -0.00455662 0.999713 0.023519 -0.359282 -0.373412 -0.023519 0.927367 90.7934
0.942901 -0.00411562 0.333048 58.5477 -0.00411562 0.999703 0.0240056 -0.362872 -0.333048 -0.0240056 0.942604 91.2145
0.954394 -0.00307631 0.298535 58.6405 -0.00307631 0.999792 0.0201373 -0.34843 -0.298535 -0.0201373 0.954186 91.7131
0.963552 -0.00265797 0.267507 58.736 -0.00265797 0.999806 0.0195081 -0.344922 -0.267507 -0.0195081 0.963358 92.1708
0.969426 -0.00256827 0.24537 58.8355 -0.00256827 0.999784 0.0206116 -0.339408 -0.24537 -0.0206116 0.96921 92.6463
0.973203 -0.00250799 0.229935 58.9266 -0.00250799 0.999765 0.0215199 -0.342342 -0.229935 -0.0215199 0.972968 93.1025
0.976072 -0.00217794 0.217438 59.0046 -0.00217794 0.999802 0.019791 -0.328994 -0.217438 -0.019791 0.975873 93.5563
0.978131 -0.00195338 0.207983 59.0845 -0.00195338 0.999826 0.018577 -0.321846 -0.207983 -0.018577 0.977956 93.9939
0.979467 -0.00159464 0.201598 59.1765 -0.00159464 0.999876 0.0156566 -0.309695 -0.201598 -0.0156566 0.979343 94.5087
0.979967 -0.00113577 0.199156 59.2651 -0.00113577 0.999936 0.0112912 -0.314052 -0.199156 -0.0112912 0.979903 95.0556
0.980071 -0.000854421 0.198645 59.3686 -0.000854421 0.999963 0.00851661 -0.317205 -0.198645 -0.00851661 0.980034 95.6072
0.979583 -0.000563582 0.201039 59.4821 -0.000563582 0.999984 0.00554942 -0.322947 -0.201039 -0.00554942 0.979568 96.1641
0.978827 9.40027e-006 0.204689 59.6075 9.40027e-006 1 -9.08771e-005 -0.31893 -0.204689 9.08771e-005 0.978827 96.6987
0.977685 0.000536466 0.210076 59.7074 0.000536466 0.999987 -0.00505032 -0.314811 -0.210076 0.00505032 0.977672 97.2146
0.976959 0.000509269 0.213428 59.8319 0.000509269 0.999989 -0.00471727 -0.339091 -0.213428 0.00471727 0.976947 97.7518
0.975689 0.000180405 0.219157 59.9382 0.000180405 0.999999 -0.00162634 -0.335702 -0.219157 0.00162634 0.975688 98.2716
0.974597 -0.000387334 0.223967 60.0721 -0.000387334 0.999994 0.00341491 -0.340337 -0.223967 -0.00341491 0.974591 98.8529
0.97376 -0.00115018 0.227574 60.2019 -0.00115018 0.99995 0.0099753 -0.343574 -0.227574 -0.0099753 0.97371 99.3973
0.972835 -0.00175243 0.231493 60.3407 -0.00175243 0.999887 0.0149337 -0.342457 -0.231493 -0.0149337 0.972722 100.01
0.972425 -0.00202265 0.233209 60.4984 -0.00202265 0.999852 0.0171058 -0.340249 -0.233209 -0.0171058 0.972276 100.613
0.971985 -0.00166961 0.235038 60.6721 -0.00166961 0.9999 0.0140074 -0.325463 -0.235038 -0.0140074 0.971885 101.341
0.972274 -0.000980339 0.233843 60.8275 -0.000980339 0.999965 0.00826822 -0.332345 -0.233843 -0.00826822 0.972239 101.966
0.972536 -0.00018989 0.232751 61.006 -0.00018989 0.999999 0.00160929 -0.330113 -0.232751 -0.00160929 0.972535 102.698
0.973035 0.000333343 0.230658 61.1412 0.000333343 0.999996 -0.00285139 -0.331098 -0.230658 0.00285139 0.973031 103.341
0.973687 -0.0001985 0.22789 61.3004 -0.0001985 0.999999 0.00171915 -0.333177 -0.22789 -0.00171915 0.973685 104.02
0.974033 -0.00105281 0.226403 61.439 -0.00105281 0.999957 0.00917941 -0.325355 -0.226403 -0.00917941 0.97399 104.601
0.974654 -0.00162993 0.22371 61.576 -0.00162993 0.999895 0.0143864 -0.328518 -0.22371 -0.0143864 0.974549 105.241
0.975245 -0.00151849 0.221122 61.7508 -0.00151849 0.999907 0.0135638 -0.329344 -0.221122 -0.0135638 0.975152 105.997
0.975621 -0.000830492 0.219461 61.8962 -0.000830492 0.999972 0.00747611 -0.323083 -0.219461 -0.00747611 0.975593 106.719
0.976568 -0.00029726 0.215208 62.0552 -0.00029726 0.999996 0.00273016 -0.32948 -0.215208 -0.00273016 0.976564 107.475
0.977378 4.01887e-005 0.211502 62.2144 4.01887e-005 1 -0.000375732 -0.322516 -0.211502 0.000375732 0.977377 108.2
0.978225 -0.000200982 0.207547 62.3567 -0.000200982 0.999998 0.00191565 -0.334447 -0.207547 -0.00191565 0.978223 108.886
0.978889 -0.000449053 0.204391 62.5084 -0.000449053 0.99999 0.00434765 -0.335761 -0.204391 -0.00434765 0.97888 109.668
0.979106 -0.000704064 0.203347 62.6459 -0.000704064 0.999976 0.00685233 -0.342444 -0.203347 -0.00685233 0.979083 110.402
0.979738 -0.00101662 0.200282 62.8361 -0.00101662 0.999949 0.0100488 -0.338759 -0.200282 -0.0100488 0.979687 111.119
0.979749 -0.0012321 0.200226 62.9918 -0.0012321 0.999925 0.012182 -0.340626 -0.200226 -0.012182 0.979674 111.922
0.980184 -0.00141998 0.198085 63.1668 -0.00141998 0.999898 0.0141943 -0.345871 -0.198085 -0.0141943 0.980082 112.694
0.979568 -0.00101944 0.201113 63.2771 -0.00101944 0.999949 0.0100342 -0.326942 -0.201113 -0.0100342 0.979517 113.504
0.979646 -0.000618505 0.200731 63.4425 -0.000618505 0.999981 0.00609976 -0.329381 -0.200731 -0.00609976 0.979627 114.283
0.979251 -0.000244249 0.202652 63.5782 -0.000244249 0.999997 0.00238552 -0.326706 -0.202652 -0.00238552 0.979248 115.082
0.978775 -0.000229173 0.204939 63.7344 -0.000229173 0.999998 0.00221277 -0.335234 -0.204939 -0.00221277 0.978772 115.841
0.977897 -0.000293206 0.209087 63.889 -0.000293206 0.999996 0.00277363 -0.334796 -0.209087 -0.00277363 0.977893 116.698
0.977726 -0.000272688 0.209883 64.0863 -0.000272688 0.999997 0.00256953 -0.347275 -0.209883 -0.00256953 0.977723 117.501
0.976846 6.22381e-005 0.213944 64.2495 6.22381e-005 1 -0.000575081 -0.348042 -0.213944 0.000575081 0.976846 118.418
0.976857 -0.000285121 0.213895 64.4437 -0.000285121 0.999996 0.00263514 -0.361601 -0.213895 -0.00263514 0.976853 119.19
0.976306 -0.000127993 0.216396 64.6051 -0.000127993 0.999999 0.00116894 -0.353455 -0.216396 -0.00116894 0.976305 120.06
0.975232 0.000142874 0.221183 64.7249 0.000142874 0.999999 -0.00127591 -0.358695 -0.221183 0.00127591 0.975232 120.787
0.975237 -0.000243904 0.221163 64.9408 -0.000243904 0.999998 0.00217834 -0.367045 -0.221163 -0.00217834 0.975234 121.665
0.974816 -0.000725745 0.223008 65.104 -0.000725745 0.999979 0.00642665 -0.372492 -0.223008 -0.00642665 0.974795 122.466
0.974852 -0.00114329 0.222851 65.3123 -0.00114329 0.999948 0.0101313 -0.376975 -0.222851 -0.0101313 0.9748 123.344
0.974082 -0.000406705 0.226196 65.4673 -0.000406705 0.999994 0.00354942 -0.381808 -0.226196 -0.00354942 0.974075 124.192
0.974277 0.00092408 0.22535 65.7013 0.00092408 0.999967 -0.00809566 -0.4009 -0.22535 0.00809566 0.974244 125.095
0.974157 0.00188193 0.225865 65.8793 0.00188193 0.999863 -0.0164477 -0.425024 -0.225865 0.0164477 0.97402 125.876
0.974398 0.000815889 0.224829 66.0549 0.000815889 0.999974 -0.00716485 -0.436671 -0.224829 0.00716485 0.974372 126.629
0.974743 -0.00153456 0.223324 66.2258 -0.00153456 0.999907 0.0135687 -0.441882 -0.223324 -0.0135687 0.97465 127.377
0.97486 -0.00316989 0.222795 66.3909 -0.00316989 0.9996 0.0280922 -0.436843 -0.222795 -0.0280922 0.97446 128.181
0.974893 -0.0024252 0.222659 66.5706 -0.0024252 0.999766 0.021508 -0.430232 -0.222659 -0.021508 0.974659 129.031
0.975145 -0.000528745 0.221565 66.7382 -0.000528745 0.999989 0.00471347 -0.430082 -0.221565 -0.00471347 0.975134 129.896
0.975098 0.000317218 0.221772 66.9223 0.000317218 0.999996 -0.00282513 -0.44391 -0.221772 0.00282513 0.975094 130.767
0.975418 0.000384843 0.220362 67.1171 0.000384843 0.999994 -0.00344988 -0.440351 -0.220362 0.00344988 0.975412 131.545
0.975453 0.000274543 0.220209 67.2699 0.000274543 0.999997 -0.00246287 -0.461686 -0.220209 0.00246287 0.97545 132.386
0.97607 0.000366774 0.217455 67.443 0.000366774 0.999994 -0.00333296 -0.475567 -0.217455 0.00333296 0.976065 133.176
0.977215 0.000577674 0.212253 67.6081 0.000577674 0.999985 -0.00538121 -0.484136 -0.212253 0.00538121 0.9772 133.944
0.977552 0.000706705 0.210695 67.7368 0.000706705 0.999978 -0.00663294 -0.508745 -0.210695 0.00663294 0.977529 134.709
0.978029 0.000932193 0.208469 67.8939 0.000932193 0.99996 -0.00884482 -0.514859 -0.208469 0.00884482 0.977989 135.497
0.978133 0.000580902 0.207979 68.0307 0.000580902 0.999985 -0.00552504 -0.552002 -0.207979 0.00552504 0.978118 136.265
0.978572 0.000155416 0.205906 68.2082 0.000155416 0.999999 -0.00149341 -0.549969 -0.205906 0.00149341 0.978571 137.043
0.979118 3.01176e-005 0.203291 68.3819 3.01176e-005 1 -0.000293207 -0.567448 -0.203291 0.000293207 0.979118 137.845
0.97948 0.000394554 0.20154 68.5214 0.000394554 0.999992 -0.0038752 -0.567992 -0.20154 0.0038752 0.979473 138.6
0.980503 0.00060621 0.196502 68.7001 0.00060621 0.999981 -0.00610982 -0.585182 -0.196502 0.00610982 0.980484 139.445
0.981651 0.000695373 0.190683 68.824 0.000695373 0.999974 -0.00722649 -0.595353 -0.190683 0.00722649 0.981625 140.171
0.982989 9.79612e-005 0.183666 68.9462 9.79612e-005 0.999999 -0.00105766 -0.611005 -0.183666 0.00105766 0.982988 140.89
0.983969 -0.000640642 0.178337 69.0488 -0.000640642 0.999974 0.00712695 -0.622936 -0.178337 -0.00712695 0.983944 141.554
0.984606 -0.00143532 0.17478 69.1596 -0.00143532 0.999866 0.0162968 -0.61815 -0.17478 -0.0162968 0.984473 142.276
0.985428 -0.00147773 0.170086 69.2877 -0.00147773 0.99985 0.0172483 -0.609715 -0.170086 -0.0172483 0.985278 143.011
0.986042 -0.0010112 0.166494 69.3886 -0.0010112 0.999927 0.0120618 -0.612667 -0.166494 -0.0120618 0.985969 143.796
0.987225 -0.000165393 0.159334 69.5139 -0.000165393 0.999998 0.0020628 -0.620927 -0.159334 -0.0020628 0.987223 144.603
0.988171 0.000181522 0.153358 69.6344 0.000181522 0.999997 -0.00235328 -0.633396 -0.153358 0.00235328 0.988168 145.399
0.989064 0.000144459 0.147486 69.7192 0.000144459 0.999998 -0.00194824 -0.634877 -0.147486 0.00194824 0.989062 146.115
0.990212 -4.17231e-005 0.139572 69.8163 -4.17231e-005 1 0.000594947 -0.650956 -0.139572 -0.000594947 0.990212 146.885
0.991178 0.000160008 0.13254 69.8821 0.000160008 0.999997 -0.00240382 -0.652884 -0.13254 0.00240382 0.991175 147.655
0.992502 0.000518883 0.122228 69.9698 0.000518883 0.999964 -0.00845842 -0.670123 -0.122228 0.00845842 0.992466 148.422
0.993425 0.000630958 0.114483 70.0284 0.000630958 0.999939 -0.0109862 -0.684028 -0.114483 0.0109862 0.993364 149.138
0.994348 0.000454082 0.10617 70.102 0.000454082 0.999964 -0.00852956 -0.694694 -0.10617 0.00852956 0.994311 149.884
0.995124 0.000101988 0.0986281 70.1554 0.000101988 0.999998 -0.00206308 -0.709072 -0.0986281 0.00206308 0.995122 150.633
0.995931 -0.000137193 0.0901187 70.2112 -0.000137193 0.999995 0.00303851 -0.716403 -0.0901187 -0.00303851 0.995926 151.42
0.996549 -0.00025274 0.0830067 70.2593 -0.00025274 0.999981 0.00607906 -0.723095 -0.0830067 -0.00607906 0.99653 152.232
0.997099 -0.000302491 0.0761109 70.3228 -0.000302491 0.999968 0.00793703 -0.728775 -0.0761109 -0.00793703 0.997068 153.071
0.997361 -0.000228313 0.0725988 70.3544 -0.000228313 0.99998 0.00628137 -0.737123 -0.0725988 -0.00628137 0.997341 153.804
0.997718 -1.93429e-005 0.0675117 70.4103 -1.93429e-005 1 0.000572372 -0.749985 -0.0675117 -0.000572372 0.997718 154.677
0.997916 0.000217654 0.0645198 70.4326 0.000217654 0.999977 -0.00673978 -0.76008 -0.0645198 0.00673978 0.997894 155.482
0.998093 0.000290967 0.0617236 70.4685 0.000290967 0.999956 -0.00941887 -0.772683 -0.0617236 0.00941887 0.998049 156.287
0.998297 0.000114368 0.0583445 70.5044 0.000114368 0.999992 -0.00391708 -0.779397 -0.0583445 0.00391708 0.998289 157.063
0.998436 -0.000177442 0.0559123 70.5429 -0.000177442 0.99998 0.00634211 -0.786679 -0.0559123 -0.00634211 0.998416 157.837
0.998629 -0.00034686 0.0523408 70.5759 -0.00034686 0.999912 0.0132442 -0.788071 -0.0523408 -0.0132442 0.998541 158.686
0.998452 -0.00026066 0.0556115 70.4566 -0.00026066 0.999956 0.00936687 -0.874028 -0.0556115 -0.00936687 0.998409 159.45
0.998929 2.97175e-006 0.046262 70.5802 2.97175e-006 1 -0.000128406 -0.837304 -0.046262 0.000128406 0.998929 160.328
0.99917 0.000108215 0.0407266 70.5925 0.000108215 0.999986 -0.005312 -0.866545 -0.0407266 0.005312 0.999156 161.174
0.999463 6.49445e-005 0.0327702 70.6167 6.49445e-005 0.999992 -0.00396255 -0.86805 -0.0327702 0.00396255 0.999455 162.002
0.999674 -2.5348e-005 0.0255129 70.625 -2.5348e-005 0.999998 0.00198675 -0.884393 -0.0255129 -0.00198675 0.999673 162.706
0.999848 -4.02638e-005 0.017431 70.6491 -4.02638e-005 0.999989 0.00461941 -0.870675 -0.017431 -0.00461941 0.999837 163.595
0.999932 -5.20559e-005 0.0116688 70.6654 -5.20559e-005 0.99996 0.00892178 -0.884013 -0.0116688 -0.00892178 0.999892 164.388
0.999984 -2.31482e-005 0.00571532 70.6588 -2.31482e-005 0.999967 0.00810019 -0.873083 -0.00571532 -0.00810019 0.999951 165.259
1 5.85163e-007 -0.000778302 70.6613 5.85163e-007 0.999999 0.00150369 -0.895041 0.000778302 -0.00150369 0.999999 165.967
0.99997 -3.46463e-005 -0.00776025 70.6512 -3.46463e-005 0.99996 -0.00892885 -0.904264 0.00776025 0.00892885 0.99993 166.728
0.999905 -9.03402e-005 -0.0138019 70.6445 -9.03402e-005 0.999914 -0.0130898 -0.917868 0.0138019 0.0130898 0.999819 167.43
0.999785 -5.9058e-005 -0.020748 70.6387 -5.9058e-005 0.999984 -0.00569222 -0.935065 0.020748 0.00569222 0.999769 168.091
0.999666 9.9635e-005 -0.0258274 70.5891 9.9635e-005 0.99997 0.00771406 -0.933646 0.0258274 -0.00771406 0.999637 168.863
0.99954 0.000236162 -0.0303229 70.5563 0.000236162 0.999879 0.015572 -0.937399 0.0303229 -0.015572 0.999419 169.555
0.999411 0.000213831 -0.0343302 70.5336 0.000213831 0.999922 0.0124531 -0.936696 0.0343302 -0.0124531 0.999333 170.19
0.999351 2.83923e-005 -0.0360333 70.4927 2.83923e-005 0.999999 0.00157538 -0.943786 0.0360333 -0.00157538 0.999349 170.977
0.999261 -0.000139807 -0.0384485 70.4474 -0.000139807 0.999974 -0.00726962 -0.954147 0.0384485 0.00726962 0.999234 171.621
0.999186 -0.000220112 -0.0403495 70.4051 -0.000220112 0.999941 -0.0109055 -0.969844 0.0403495 0.0109055 0.999126 172.412
0.999078 -0.000142116 -0.0429333 70.3883 -0.000142116 0.999978 -0.00661719 -0.977742 0.0429333 0.00661719 0.999056 173.022
0.999069 5.03392e-005 -0.0431463 70.3518 5.03392e-005 0.999997 0.00233233 -0.988382 0.0431463 -0.00233233 0.999066 173.799
0.999061 0.000166025 -0.0433262 70.3163 0.000166025 0.999971 0.00766024 -0.987832 0.0433262 -0.00766024 0.999032 174.559
0.998999 0.000151269 -0.0447267 70.2672 0.000151269 0.999977 0.00676069 -0.99495 0.0447267 -0.00676069 0.998976 175.492
0.998911 -5.96628e-005 -0.0466558 70.2284 -5.96628e-005 0.999997 -0.00255617 -1.00778 0.0466558 0.00255617 0.998908 176.267
0.998814 -0.000356652 -0.0486879 70.1959 -0.000356652 0.999893 -0.0146411 -1.03019 0.0486879 0.0146411 0.998707 177.191
0.998637 -0.000495224 -0.052199 70.1883 -0.000495224 0.99982 -0.0189598 -1.05313 0.052199 0.0189598 0.998457 177.929
0.99858 -0.000406715 -0.0532805 70.1317 -0.000406715 0.999884 -0.0152552 -1.06351 0.0532805 0.0152552 0.998463 178.805
0.998509 -9.9997e-005 -0.0545858 70.0911 -9.9997e-005 0.999993 -0.0036611 -1.08443 0.0545858 0.0036611 0.998502 179.456
0.998403 -1.39518e-005 -0.0564933 70.0422 -1.39518e-005 1 -0.000493533 -1.09409 0.0564933 0.000493533 0.998403 180.29
0.998433 -0.000120065 -0.0559601 69.9811 -0.000120065 0.999991 -0.00428772 -1.11084 0.0559601 0.00428772 0.998424 181.102
0.998355 -0.000305788 -0.0573304 69.9404 -0.000305788 0.999943 -0.0106585 -1.12621 0.0573304 0.0106585 0.998298 182
0.998338 -0.000320739 -0.0576288 69.8753 -0.000320739 0.999938 -0.0111216 -1.14365 0.0576288 0.0111216 0.998276 182.863
0.998245 -0.000268401 -0.0592152 69.8167 -0.000268401 0.999959 -0.00905715 -1.153 0.0592152 0.00905715 0.998204 183.796
0.99819 -0.000145948 -0.0601369 69.7812 -0.000145948 0.999988 -0.00484943 -1.1781 0.0601369 0.00484943 0.998178 184.576
0.998187 -5.91179e-005 -0.0601894 69.7105 -5.91179e-005 0.999998 -0.00196261 -1.19149 0.0601894 0.00196261 0.998185 185.45
0.998165 -7.57481e-005 -0.0605595 69.6542 -7.57481e-005 0.999997 -0.00249931 -1.20313 0.0605595 0.00249931 0.998161 186.274
0.998078 -0.000185528 -0.0619656 69.6136 -0.000185528 0.999982 -0.00598229 -1.23326 0.0619656 0.00598229 0.99806 187.121
0.998053 -0.000355731 -0.0623672 69.5521 -0.000355731 0.999935 -0.0113961 -1.25001 0.0623672 0.0113961 0.997988 187.918
0.997929 -0.000354051 -0.0643227 69.4992 -0.000354051 0.999939 -0.0109968 -1.26885 0.0643227 0.0109968 0.997869 188.739
0.997807 -4.27847e-005 -0.0661871 69.4507 -4.27847e-005 0.999999 -0.00129142 -1.27864 0.0661871 0.00129142 0.997806 189.373
0.997678 0.000257379 -0.0681117 69.3976 0.000257379 0.999971 0.00754866 -1.28754 0.0681117 -0.00754866 0.997649 190.127
0.997655 0.00030553 -0.0684481 69.3514 0.00030553 0.99996 0.00891669 -1.29615 0.0684481 -0.00891669 0.997615 190.855
0.997617 7.32843e-005 -0.0689898 69.2787 7.32843e-005 0.999998 0.00212196 -1.30726 0.0689898 -0.00212196 0.997615 191.677
0.997665 -9.7216e-005 -0.0682998 69.2294 -9.7216e-005 0.999996 -0.00284341 -1.31962 0.0682998 0.00284341 0.997661 192.39
0.997706 -0.000292984 -0.0677021 69.1663 -0.000292984 0.999963 -0.00864499 -1.33959 0.0677021 0.00864499 0.997668 193.12
0.997798 -0.000408641 -0.0663268 69.1524 -0.000408641 0.999924 -0.012308 -1.36624 0.0663268 0.012308 0.997722 193.793
0.997876 -0.00056589 -0.0651377 69.1051 -0.00056589 0.999849 -0.0173554 -1.37504 0.0651377 0.0173554 0.997725 194.452
0.998232 -0.000557433 -0.0594399 69.0646 -0.000557433 0.999824 -0.0187379 -1.39101 0.0594399 0.0187379 0.998056 195.099
0.998497 -0.000377158 -0.0548067 69.018 -0.000377158 0.999905 -0.0137522 -1.40126 0.0548067 0.0137522 0.998402 195.686
0.998835 -9.87342e-005 -0.0482535 68.9951 -9.87342e-005 0.999992 -0.00408991 -1.42079 0.0482535 0.00408991 0.998827 196.25
0.999054 1.11652e-005 -0.0434966 68.9691 1.11652e-005 1 0.000513139 -1.42928 0.0434966 -0.000513139 0.999053 196.921
0.999325 -1.01782e-005 -0.0367489 68.9395 -1.01782e-005 1 -0.000553748 -1.44574 0.0367489 0.000553748 0.999324 197.456
0.999554 -0.00012702 -0.0298485 68.926 -0.00012702 0.999964 -0.00850895 -1.46273 0.0298485 0.00850895 0.999518 198.18
0.99975 -0.000191784 -0.0223673 68.9177 -0.000191784 0.999853 -0.0171451 -1.48252 0.0223673 0.0171451 0.999603 198.728
0.999883 -0.000170944 -0.015324 68.906 -0.000170944 0.999751 -0.0223065 -1.49449 0.015324 0.0223065 0.999634 199.316
0.999973 -7.7205e-005 -0.00736381 68.8995 -7.7205e-005 0.99978 -0.0209662 -1.51001 0.00736381 0.0209662 0.999753 199.812
0.999998 -1.70114e-005 -0.00218037 68.9121 -1.70114e-005 0.999878 -0.0156032 -1.52528 0.00218037 0.0156032 0.999876 200.385
0.99999 2.09795e-005 0.00449133 68.9197 2.09795e-005 0.999956 -0.00934198 -1.54425 -0.00449133 0.00934198 0.999946 200.945
0.999952 3.88258e-005 0.00983184 68.9393 3.88258e-005 0.999969 -0.00789766 -1.55929 -0.00983184 0.00789766 0.99992 201.578
0.999907 4.7028e-005 0.0136249 68.9442 4.7028e-005 0.999976 -0.00690285 -1.57155 -0.0136249 0.00690285 0.999883 202.137
0.999876 4.34667e-005 0.0157368 68.9325 4.34667e-005 0.999985 -0.00552381 -1.58155 -0.0157368 0.00552381 0.999861 202.795
0.999893 2.5635e-005 0.0146519 68.9499 2.5635e-005 0.999994 -0.00349902 -1.58878 -0.0146519 0.00349902 0.999887 203.396
0.999915 4.77149e-006 0.0130521 68.9671 4.77149e-006 1 -0.000731115 -1.60006 -0.0130521 0.000731115 0.999915 204.041
0.999912 -6.48756e-006 0.0132832 68.9706 -6.48756e-006 1 0.000976766 -1.61039 -0.0132832 -0.000976766 0.999911 204.673
0.99992 2.46858e-005 0.0126801 68.968 2.46858e-005 0.999992 -0.00389346 -1.62261 -0.0126801 0.00389346 0.999912 205.332
0.999926 7.89776e-005 0.0121693 68.9573 7.89776e-005 0.999916 -0.0129787 -1.63288 -0.0121693 0.0129787 0.999842 205.912
0.999946 0.000111101 0.0103703 68.9606 0.000111101 0.99977 -0.0214236 -1.65259 -0.0103703 0.0214236 0.999717 206.51
0.999976 9.03278e-005 0.00691471 68.9692 9.03278e-005 0.999659 -0.0261215 -1.66425 -0.00691471 0.0261215 0.999635 207.09
0.999994 3.50166e-005 0.00345107 68.9604 3.50166e-005 0.999794 -0.020291 -1.67868 -0.00345107 0.020291 0.999788 207.681
1 -3.48212e-006 -0.000848841 68.9463 -3.48212e-006 0.999966 -0.00820427 -1.68399 0.000848841 0.00820427 0.999966 208.137
0.999986 1.62604e-005 -0.00536611 68.9496 1.62604e-005 0.999982 0.0060603 -1.69146 0.00536611 -0.0060603 0.999967 208.686
0.999952 7.56883e-005 -0.00979815 68.9468 7.56883e-005 0.999881 0.0154482 -1.69449 0.00979815 -0.0154482 0.999833 209.219
0.999925 8.31654e-005 -0.0122562 68.9378 8.31654e-005 0.999908 0.01357 -1.69632 0.0122562 -0.01357 0.999833 209.772
0.999904 5.2351e-005 -0.0138661 68.9075 5.2351e-005 0.999971 0.00755047 -1.70361 0.0138661 -0.00755047 0.999875 210.389
0.999839 -1.01657e-005 -0.0179686 68.8944 -1.01657e-005 0.999999 -0.0011314 -1.70677 0.0179686 0.0011314 0.999838 210.899
0.999799 -6.43479e-005 -0.0200323 68.8899 -6.43479e-005 0.999979 -0.00642369 -1.70925 0.0200323 0.00642369 0.999779 211.538
0.999776 -2.07572e-005 -0.0211594 68.8838 -2.07572e-005 0.999998 -0.00196176 -1.71096 0.0211594 0.00196176 0.999774 212.188
0.999746 2.22688e-005 -0.0225437 68.8728 2.22688e-005 0.999998 0.00197536 -1.71477 0.0225437 -0.00197536 0.999744 212.899
0.999696 5.87186e-005 -0.0246426 68.864 5.87186e-005 0.999989 0.00476486 -1.72814 0.0246426 -0.00476486 0.999685 213.551
0.999648 1.74729e-005 -0.0265174 68.8634 1.74729e-005 0.999999 0.00131761 -1.73223 0.0265174 -0.00131761 0.999647 214.297
0.999652 -4.45083e-005 -0.0263918 68.8316 -4.45083e-005 0.999994 -0.00337229 -1.74498 0.0263918 0.00337229 0.999646 214.982
0.999613 -6.94718e-005 -0.0278037 68.8287 -6.94718e-005 0.999988 -0.00499631 -1.75426 0.0278037 0.00499631 0.999601 215.669
0.999592 -2.6649e-005 -0.0285602 68.8071 -2.6649e-005 0.999998 -0.00186578 -1.76365 0.0285602 0.00186578 0.99959 216.348
0.999581 3.5113e-005 -0.028962 68.7821 3.5113e-005 0.999997 0.00242425 -1.77111 0.028962 -0.00242425 0.999578 217.074
0.999585 7.51017e-005 -0.0288134 68.748 7.51017e-005 0.999986 0.00521185 -1.77794 0.0288134 -0.00521185 0.999571 217.805
0.999569 4.138e-005 -0.0293601 68.7332 4.138e-005 0.999996 0.00281818 -1.79009 0.0293601 -0.00281818 0.999565 218.541
0.999597 -6.19843e-005 -0.0283701 68.6973 -6.19843e-005 0.99999 -0.00436879 -1.79851 0.0283701 0.00436879 0.999588 219.25
0.999584 -0.000200283 -0.0288451 68.6934 -0.000200283 0.999904 -0.0138833 -1.82091 0.0288451 0.0138833 0.999487 220.011
0.999585 -0.000275398 -0.0287911 68.6745 -0.000275398 0.999817 -0.019125 -1.83991 0.0287911 0.019125 0.999402 220.652
0.99961 -0.000240659 -0.0279074 68.6503 -0.000240659 0.999851 -0.0172424 -1.86375 0.0279074 0.0172424 0.999462 221.293
0.999567 -0.000179063 -0.0294275 68.6471 -0.000179063 0.999926 -0.0121667 -1.86507 0.0294275 0.0121667 0.999493 221.848
0.999583 -5.40922e-005 -0.0288788 68.6183 -5.40922e-005 0.999993 -0.00374536 -1.8945 0.0288788 0.00374536 0.999576 222.474
0.999509 4.45901e-007 -0.031339 68.6231 4.45901e-007 1 2.84497e-005 -1.88899 0.031339 -2.84497e-005 0.999509 223.058
0.999469 5.97049e-005 -0.0325801 68.6093 5.97049e-005 0.999993 0.00366412 -1.91245 0.0325801 -0.00366412 0.999462 223.714
0.999399 9.76752e-005 -0.0346633 68.5688 9.76752e-005 0.999984 0.00563392 -1.90485 0.0346633 -0.00563392 0.999383 224.308
0.999124 0.000113911 -0.0418405 68.5917 0.000113911 0.999985 0.00544257 -1.92981 0.0418405 -0.00544257 0.999109 225.049
0.998794 8.50342e-005 -0.0490964 68.5457 8.50342e-005 0.999994 0.00346187 -1.93162 0.0490964 -0.00346187 0.998788 225.562
0.99817 -8.90642e-006 -0.0604658 68.5054 -8.90642e-006 1 -0.000294324 -1.94741 0.0604658 0.000294324 0.99817 226.204
0.997212 -0.000136134 -0.0746251 68.4606 -0.000136134 0.999993 -0.00364339 -1.96228 0.0746251 0.00364339 0.997205 226.718
0.995608 -0.000280504 -0.0936248 68.39 -0.000280504 0.999982 -0.00597888 -1.95991 0.0936248 0.00597888 0.99559 227.242
0.993293 -0.000283993 -0.115628 68.3236 -0.000283993 0.999988 -0.00489568 -1.97187 0.115628 0.00489568 0.993281 227.706
0.990126 -0.00011582 -0.140177 68.2316 -0.00011582 0.999999 -0.00164431 -1.97481 0.140177 0.00164431 0.990125 228.168
0.985827 0.000141728 -0.167767 68.1397 0.000141728 0.999999 0.00167761 -1.9788 0.167767 -0.00167761 0.985825 228.553
0.979922 0.000208658 -0.199383 68.0231 0.000208658 0.999998 0.00207203 -1.99213 0.199383 -0.00207203 0.97992 228.979
0.972033 1.52192e-005 -0.234843 67.8826 1.52192e-005 1 0.0001278 -1.99389 0.234843 -0.0001278 0.972033 229.399
0.961484 -0.000224112 -0.274861 67.7539 -0.000224112 0.999999 -0.00159933 -2.00167 0.274861 0.00159933 0.961483 229.749
0.948495 -0.000369681 -0.316791 67.5733 -0.000369681 0.999997 -0.00227381 -2.00931 0.316791 0.00227381 0.948493 230.119
0.932356 -0.000102523 -0.361542 67.4025 -0.000102523 1 -0.000547961 -2.0068 0.361542 0.000547961 0.932356 230.458
0.913441 0.000662436 -0.406971 67.1951 0.000662436 0.999995 0.00311454 -2.00916 0.406971 -0.00311454 0.913436 230.778
0.890791 0.00221421 -0.454408 66.9625 0.00221421 0.999955 0.0092131 -2.01336 0.454408 -0.0092131 0.890746 231.09
0.865234 0.00460459 -0.501347 66.7209 0.00460459 0.999843 0.0171297 -2.0154 0.501347 -0.0171297 0.865077 231.363
0.834654 0.00697669 -0.55073 66.4814 0.00697669 0.999706 0.0232378 -2.01236 0.55073 -0.0232378 0.83436 231.646
0.802667 0.00986064 -0.596346 66.1945 0.00986064 0.999507 0.0297991 -2.00671 0.596346 -0.0297991 0.802174 231.885
0.765773 0.0134877 -0.64297 65.9121 0.0134877 0.999223 0.0370246 -1.99204 0.64297 -0.0370246 0.764996 232.155
0.728307 0.0196854 -0.684968 65.5929 0.0196854 0.998574 0.0496291 -1.98395 0.684968 -0.0496291 0.726881 232.387
0.689337 0.0264077 -0.72396 65.2469 0.0264077 0.997755 0.0615396 -1.96233 0.72396 -0.0615396 0.687092 232.623
0.648938 0.0326374 -0.760141 64.8429 0.0326374 0.996966 0.0706686 -1.94304 0.760141 -0.0706686 0.645904 232.845
0.605591 0.0367263 -0.794928 64.4474 0.0367263 0.99658 0.0740216 -1.91464 0.794928 -0.0740216 0.602171 233.065
0.560799 0.0410096 -0.826935 63.992 0.0410096 0.996171 0.0772136 -1.89211 0.826935 -0.0772136 0.55697 233.264
0.513049 0.0422299 -0.85732 63.5664 0.0422299 0.996338 0.0743495 -1.86712 0.85732 -0.0743495 0.509387 233.434
0.462329 0.0415316 -0.885736 63.1287 0.0415316 0.996792 0.0684173 -1.85443 0.885736 -0.0684173 0.45912 233.604
0.409845 0.0392615 -0.91131 62.672 0.0392615 0.997388 0.0606271 -1.8179 0.91131 -0.0606271 0.407233 233.735
0.357404 0.0398737 -0.933098 62.1857 0.0398737 0.997526 0.0578996 -1.80971 0.933098 -0.0578996 0.35493 233.836
0.307288 0.0431847 -0.950636 61.7395 0.0431847 0.997308 0.0592641 -1.78546 0.950636 -0.0592641 0.304596 233.923
0.259419 0.047717 -0.964585 61.2467 0.047717 0.996926 0.0621499 -1.76442 0.964585 -0.0621499 0.256344 233.974
0.213127 0.0502906 -0.975729 60.7494 0.0502906 0.996786 0.0623608 -1.74168 0.975729 -0.0623608 0.209912 234.036
0.171997 0.0545695 -0.983585 60.2684 0.0545695 0.996404 0.0648231 -1.71913 0.983585 -0.0648231 0.168401 234.024
0.131108 0.0553125 -0.989824 59.6597 0.0553125 0.996479 0.0630109 -1.69535 0.989824 -0.0630109 0.127587 234.071
0.096022 0.0583375 -0.993668 59.1235 0.0583375 0.996235 0.0641256 -1.66968 0.993668 -0.0641256 0.0922572 234.123
0.067984 0.0611103 -0.995813 58.4744 0.0611103 0.995993 0.0652934 -1.63551 0.995813 -0.0652934 0.0639771 234.064
0.0428748 0.0629031 -0.997098 57.9322 0.0629031 0.995866 0.0655301 -1.59898 0.997098 -0.0655301 0.0387408 234.068
0.0210877 0.0668439 -0.997541 57.3925 0.0668439 0.995436 0.0681159 -1.57532 0.997541 -0.0681159 0.0165234 234.045
0.00350288 0.0712326 -0.997454 56.8992 0.0712326 0.994908 0.071301 -1.54771 0.997454 -0.071301 -0.00158904 234.008
-0.0100004 0.0757935 -0.997073 56.5053 0.0757935 0.994312 0.0748234 -1.52362 0.997073 -0.0748234 -0.0156882 233.974
-0.0199982 0.0788378 -0.996687 56.1352 0.0788378 0.993906 0.077036 -1.50162 0.996687 -0.077036 -0.0260918 233.962
-0.0256449 0.079229 -0.996527 55.6789 0.079229 0.99388 0.0769796 -1.46994 0.996527 -0.0769796 -0.0317652 233.932
-0.0310679 0.0787523 -0.99641 55.29 0.0787523 0.993985 0.0761051 -1.44511 0.99641 -0.0761051 -0.037083 233.934
-0.0325709 0.0786063 -0.996374 54.7932 0.0786063 0.994016 0.0758508 -1.40654 0.996374 -0.0758508 -0.038555 233.906
-0.0353575 0.0789686 -0.99625 54.2485 0.0789686 0.993977 0.0759858 -1.37027 0.99625 -0.0759858 -0.0413806 233.901
-0.0356667 0.0788486 -0.996248 53.6826 0.0788486 0.993997 0.0758475 -1.32975 0.996248 -0.0758475 -0.0416697 233.875
-0.0357504 0.0781034 -0.996304 53.0496 0.0781034 0.99411 0.0751288 -1.28496 0.996304 -0.0751288 -0.04164 233.855
-0.0369546 0.0723199 -0.996697 52.3838 0.0723199 0.994956 0.0695122 -1.23617 0.996697 -0.0695122 -0.0419984 233.853
-0.03594 0.0705757 -0.996859 51.6974 0.0705757 0.995192 0.0679132 -1.19015 0.996859 -0.0679132 -0.0407482 233.82
-0.0336087 0.0700306 -0.996979 50.9736 0.0700306 0.995255 0.0675488 -1.14214 0.996979 -0.0675488 -0.0383535 233.782
-0.0317684 0.0714677 -0.996937 50.3353 0.0714677 0.99505 0.069055 -1.10362 0.996937 -0.069055 -0.0367188 233.749
-0.0314789 0.070718 -0.997 49.766 0.070718 0.995152 0.0683541 -1.06424 0.997 -0.0683541 -0.0363273 233.744
-0.0308112 0.0695003 -0.997106 49.0917 0.0695003 0.995314 0.0672278 -1.00743 0.997106 -0.0672278 -0.0354972 233.722
-0.0287361 0.0673061 -0.997318 48.5242 0.0673061 0.995596 0.0652506 -0.973061 0.997318 -0.0652506 -0.0331396 233.688
-0.0278974 0.0636515 -0.997582 47.8633 0.0636515 0.996058 0.0617742 -0.925478 0.997582 -0.0617742 -0.031839 233.679
-0.0268067 0.0617395 -0.997732 47.0738 0.0617395 0.996288 0.0599913 -0.888415 0.997732 -0.0599913 -0.030519 233.65
-0.0218247 0.0653702 -0.997622 46.4472 0.0653702 0.995818 0.0638219 -0.850404 0.997622 -0.0638219 -0.0260067 233.594
-0.0243236 0.0611182 -0.997834 45.6622 0.0611182 0.996353 0.0595377 -0.80007 0.997834 -0.0595377 -0.0279703 233.603
-0.0232442 0.0589905 -0.997988 44.8889 0.0589905 0.996599 0.0575345 -0.760462 0.997988 -0.0575345 -0.026645 233.576
-0.0227031 0.0596831 -0.997959 44.0488 0.0596831 0.996517 0.0582391 -0.715539 0.997959 -0.0582391 -0.0261861 233.548
-0.0208333 0.0599595 -0.997983 43.1952 0.0599595 0.996478 0.0586173 -0.692173 0.997983 -0.0586173 -0.024355 233.476
-0.0227699 0.0600727 -0.997934 42.34 0.0600727 0.996472 0.058614 -0.654297 0.997934 -0.058614 -0.0262982 233.46
-0.023717 0.0564937 -0.998121 41.4318 0.0564937 0.996882 0.0550812 -0.613275 0.998121 -0.0550812 -0.0268346 233.417
-0.0264203 0.0560829 -0.998076 40.5902 0.0560829 0.996936 0.0545342 -0.568553 0.998076 -0.0545342 -0.0294846 233.385
-0.0308793 0.0522372 -0.998157 39.7089 0.0522372 0.997353 0.050579 -0.528687 0.998157 -0.050579 -0.0335263 233.355
-0.034145 0.0523528 -0.998045 38.8739 0.0523528 0.99735 0.0505252 -0.48862 0.998045 -0.0505252 -0.0367953 233.323
-0.0346435 0.0536655 -0.997958 37.9339 0.0536655 0.997216 0.0517627 -0.445704 0.997958 -0.0517627 -0.037427 233.256
-0.0355111 0.0519324 -0.998019 36.948 0.0519324 0.997396 0.0500522 -0.418941 0.998019 -0.0500522 -0.0381156 233.172
-0.0425585 0.0556601 -0.997542 35.9206 0.0556601 0.997028 0.0532568 -0.365929 0.997542 -0.0532568 -0.0455301 233.205
-0.0411177 0.0532748 -0.997733 34.8568 0.0532748 0.997274 0.0510548 -0.323273 0.997733 -0.0510548 -0.0438438 233.044
-0.0403245 0.0579686 -0.997504 33.8231 0.0579686 0.99677 0.0555825 -0.28963 0.997504 -0.0555825 -0.0435546 232.984
-0.0418003 0.061795 -0.997213 32.6457 0.061795 0.996335 0.0591503 -0.228273 0.997213 -0.0591503 -0.0454657 232.939
-0.0391012 0.0661287 -0.997045 31.5837 0.0661287 0.995792 0.0634522 -0.18185 0.997045 -0.0634522 -0.0433096 232.808
-0.0411105 0.0645958 -0.997064 30.4608 0.0645958 0.995992 0.0618629 -0.130438 0.997064 -0.0618629 -0.0451183 232.739
-0.0400469 0.0666558 -0.996972 29.2904 0.0666558 0.995728 0.0638952 -0.0857115 0.996972 -0.0638952 -0.0443188 232.687
-0.0420267 0.066626 -0.996893 28.1504 0.066626 0.99574 0.0637402 0.0126401 0.996893 -0.0637402 -0.0462867 232.679
-0.0371345 0.0662153 -0.997114 26.6799 0.0662153 0.995773 0.0636602 0.0368911 0.997114 -0.0636602 -0.041362 232.579
-0.0404947 0.0579104 -0.9975 25.9417 0.0579104 0.996777 0.0555174 0.122183 0.9975 -0.0555174 -0.0437178 232.544
-0.0332248 0.0597384 -0.997661 24.4829 0.0597384 0.996546 0.0576822 0.165322 0.997661 -0.0576822 -0.0366787 232.419
-0.038876 0.0476415 -0.998108 23.8288 0.0476415 0.997815 0.0457719 0.207214 0.998108 -0.0457719 -0.0410608 232.478
-0.0332033 0.0478407 -0.998303 22.497 0.0478407 0.997785 0.0462247 0.25585 0.998303 -0.0462247 -0.0354185 232.38
-0.0322207 0.0454403 -0.998447 21.6303 0.0454403 0.998 0.0439535 0.288471 0.998447 -0.0439535 -0.0342211 232.346
-0.0286031 0.0424753 -0.998688 20.3846 0.0424753 0.998246 0.04124 0.299952 0.998688 -0.04124 -0.0303571 232.274
-0.0263358 0.0458047 -0.998603 19.4973 0.0458047 0.997956 0.044567 0.31957 0.998603 -0.044567 -0.02838 232.248
-0.0244736 0.0421483 -0.998812 18.459 0.0421483 0.998266 0.0410926 0.354941 0.998812 -0.0410926 -0.0262077 232.164
-0.0261136 0.0461856 -0.998591 17.5841 0.0461856 0.997921 0.0449469 0.385218 0.998591 -0.0449469 -0.0281924 232.178
-0.0285619 0.0443584 -0.998607 16.6384 0.0443584 0.998087 0.0430666 0.413651 0.998607 -0.0430666 -0.0304749 232.136
-0.0337126 0.0444773 -0.998441 15.7065 0.0444773 0.998086 0.0429597 0.454636 0.998441 -0.0429597 -0.0356263 232.135
-0.0341375 0.0446529 -0.998419 14.7304 0.0446529 0.998072 0.0431106 0.447644 0.998419 -0.0431106 -0.0360656 232.051
-0.0407204 0.0456231 -0.998128 13.8257 0.0456231 0.998 0.0437559 0.472591 0.998128 -0.0437559 -0.0427204 232.05
-0.0423695 0.0463509 -0.998026 12.9232 0.0463509 0.997939 0.0443791 0.485094 0.998026 -0.0443791 -0.0444306 231.955
-0.0472556 0.0512726 -0.997566 12.039 0.0512726 0.99749 0.0488398 0.515723 0.997566 -0.0488398 -0.0497658 231.901
-0.051754 0.05068 -0.997373 11.2233 0.05068 0.997558 0.0480595 0.548225 0.997373 -0.0480595 -0.0541961 231.844
-0.0558543 0.0545173 -0.996949 10.3088 0.0545173 0.997185 0.0514758 0.57905 0.996949 -0.0514758 -0.0586692 231.771
-0.0593839 0.0572789 -0.996591 9.47383 0.0572789 0.996903 0.0538838 0.607704 0.996591 -0.0538838 -0.0624809 231.709
-0.0631399 0.0612452 -0.996124 8.54082 0.0612452 0.996472 0.0573845 0.643379 0.996124 -0.0573845 -0.0666681 231.63
-0.0660015 0.0651981 -0.995687 7.64622 0.0651981 0.996012 0.0608976 0.678975 0.995687 -0.0608976 -0.0699891 231.563
-0.0639922 0.0756585 -0.995078 6.66771 0.0756585 0.99462 0.0707582 0.732821 0.995078 -0.0707582 -0.0693722 231.438
-0.0700618 0.0710996 -0.995006 5.78911 0.0710996 0.995276 0.0661125 0.766609 0.995006 -0.0661125 -0.074786 231.403
-0.0648356 0.0801574 -0.994671 4.95026 0.0801574 0.993966 0.0748757 0.8234 0.994671 -0.0748757 -0.0708696 231.278
-0.06955 0.0785214 -0.994483 4.1452 0.0785214 0.994235 0.0730103 0.829729 0.994483 -0.0730103 -0.0753146 231.253
-0.0655987 0.0842022 -0.994287 3.39365 0.0842022 0.993346 0.0785672 0.875664 0.994287 -0.0785672 -0.0722522 231.129
-0.0677928 0.0841574 -0.994144 2.63211 0.0841574 0.993367 0.0783528 0.917503 0.994144 -0.0783528 -0.0744256 231.105
-0.0626098 0.0915602 -0.993829 1.94911 0.0915602 0.992111 0.0856337 0.961661 0.993829 -0.0856337 -0.0704991 231.009
-0.0660103 0.0877572 -0.993952 1.21075 0.0877572 0.992776 0.0818252 1.01585 0.993952 -0.0818252 -0.0732347 230.995
-0.0624811 0.0885675 -0.994109 0.493228 0.0885675 0.992617 0.082868 1.06637 0.994109 -0.082868 -0.069864 230.936
-0.0627584 0.0867995 -0.994247 -0.22079 0.0867995 0.992911 0.0812039 1.11891 0.994247 -0.0812039 -0.0698477 230.936
-0.0604875 0.0845091 -0.994585 -0.925587 0.0845091 0.993266 0.0792574 1.15723 0.994585 -0.0792574 -0.067222 230.873
-0.0563121 0.0875878 -0.994564 -1.67029 0.0875878 0.992737 0.0824677 1.21164 0.994564 -0.0824677 -0.0635747 230.834
-0.0514024 0.0846174 -0.995087 -2.37313 0.0846174 0.99319 0.080085 1.24026 0.995087 -0.080085 -0.0582124 230.716
-0.0427781 0.0808942 -0.995804 -3.03287 0.0808942 0.993725 0.0772501 1.3472 0.995804 -0.0772501 -0.0490535 230.473
-0.0429635 0.0857865 -0.995387 -3.9387 0.0857865 0.992944 0.0818732 1.34021 0.995387 -0.0818732 -0.0500197 230.599
-0.0387287 0.0883184 -0.995339 -4.77257 0.0883184 0.992491 0.0846292 1.3984 0.995339 -0.0846292 -0.046238 230.565
-0.0349451 0.0884446 -0.995468 -5.51285 0.0884446 0.992442 0.085071 1.44524 0.995468 -0.085071 -0.0425034 230.531
-0.0313595 0.0854831 -0.995846 -6.34129 0.0854831 0.992915 0.0825396 1.49896 0.995846 -0.0825396 -0.0384447 230.505
-0.0269249 0.084906 -0.996025 -7.15716 0.084906 0.99298 0.0823512 1.56028 0.996025 -0.0823512 -0.0339449 230.491
-0.0216116 0.0847034 -0.996172 -7.81086 0.0847034 0.992977 0.0825941 1.5783 0.996172 -0.0825941 -0.0286345 230.44
-0.0186045 0.082281 -0.996435 -8.61023 0.082281 0.993353 0.0804903 1.65945 0.996435 -0.0804903 -0.0252511 230.461
-0.0160823 0.0810974 -0.996576 -9.20547 0.0810974 0.993527 0.0795405 1.69398 0.996576 -0.0795405 -0.022555 230.471
-0.00912815 0.0820075 -0.99659 -9.87949 0.0820075 0.993336 0.0809886 1.75408 0.99659 -0.0809886 -0.0157925 230.432
0.00300219 0.0883699 -0.996083 -10.5619 0.0883699 0.992167 0.0882889 1.7839 0.996083 -0.0882889 -0.00483057 230.362
0.00626507 0.0837248 -0.996469 -11.1192 0.0837248 0.992946 0.0839552 1.83616 0.996469 -0.0839552 -0.000788976 230.348
0.0140462 0.0801625 -0.996683 -11.7012 0.0801625 0.993482 0.0810349 1.86526 0.996683 -0.0810349 0.00752858 230.281
0.0218684 0.0813765 -0.996443 -12.236 0.0813765 0.99323 0.0829 1.90119 0.996443 -0.0829 0.0150982 230.258
0.0250392 0.0752227 -0.996852 -12.7703 0.0752227 0.994196 0.0769117 1.93668 0.996852 -0.0769117 0.0192354 230.34
0.0317633 0.0784648 -0.996411 -13.2316 0.0784648 0.993641 0.080748 1.94731 0.996411 -0.080748 0.0254046 230.315
0.0358194 0.0721748 -0.996749 -13.7405 0.0721748 0.994597 0.0746127 1.98874 0.996749 -0.0746127 0.0304167 230.395
0.0412405 0.0743003 -0.996383 -14.1388 0.0743003 0.994242 0.0772159 2.00455 0.996383 -0.0772159 0.0354825 230.391
0.0457426 0.0723856 -0.996327 -14.5674 0.0723856 0.994509 0.0755768 2.03804 0.996327 -0.0755768 0.0402517 230.424
0.0506996 0.07477 -0.995911 -14.9071 0.07477 0.994111 0.0784412 2.05007 0.995911 -0.0784412 0.0448105 230.415
0.0528965 0.0701798 -0.996131 -15.2124 0.0701798 0.9948 0.0738126 2.08617 0.996131 -0.0738126 0.0476962 230.468
0.0570412 0.0692824 -0.995965 -15.4766 0.0692824 0.99491 0.0731769 2.0818 0.995965 -0.0731769 0.0519508 230.471
0.0569457 0.065686 -0.996214 -15.6938 0.065686 0.995425 0.0693887 2.10759 0.996214 -0.0693887 0.0523705 230.515
0.0631446 0.0674785 -0.995721 -15.949 0.0674785 0.99514 0.0717184 2.10749 0.995721 -0.0717184 0.0582844 230.477
0.0641819 0.0631114 -0.995941 -15.9896 0.0631114 0.995744 0.0671661 2.11945 0.995941 -0.0671661 0.0599257 230.495
0.0641819 0.0631114 -0.995941 -16.0303 0.0631114 0.995744 0.0671661 2.13141 0.995941 -0.0671661 0.0599257 230.514
0.065396 0.0679293 -0.995545 -16.2658 0.0679293 0.995063 0.0723586 2.1265 0.995545 -0.0723586 0.0604587 230.504
0.0682516 0.0734494 -0.994961 -16.0956 0.0734494 0.99421 0.0784325 2.14093 0.994961 -0.0784325 0.0624616 230.513
0.0755163 0.074058 -0.994391 -16.228 0.074058 0.994067 0.0796581 2.14224 0.994391 -0.0796581 0.0695837 230.496
0.0755163 0.074058 -0.994391 -16.3603 0.074058 0.994067 0.0796581 2.14355 0.994391 -0.0796581 0.0695837 230.479
0.0623874 0.0910418 -0.993891 -16.3387 0.0910418 0.99116 0.0965064 2.15445 0.993891 -0.0965064 0.0535473 230.506
0.0623874 0.0910418 -0.993891 -16.3171 0.0910418 0.99116 0.0965064 2.16534 0.993891 -0.0965064 0.0535473 230.533
0.0623874 0.0910418 -0.993891 -16.2955 0.0910418 0.99116 0.0965064 2.17623 0.993891 -0.0965064 0.0535473 230.559
0.0623874 0.0910418 -0.993891 -16.2739 0.0910418 0.99116 0.0965064 2.18712 0.993891 -0.0965064 0.0535473 230.586
0.0774777 0.0788528 -0.993871 -16.3265 0.0788528 0.99326 0.0849514 2.1873 0.993871 -0.0849514 0.0707377 230.573
0.0774777 0.0788528 -0.993871 -16.379 0.0788528 0.99326 0.0849514 2.18748 0.993871 -0.0849514 0.0707377 230.559
0.0774777 0.0788528 -0.993871 -16.4315 0.0788528 0.99326 0.0849514 2.18765 0.993871 -0.0849514 0.0707377 230.546
0.0774777 0.0788528 -0.993871 -16.484 0.0788528 0.99326 0.0849514 2.18783 0.993871 -0.0849514 0.0707377 230.533
0.0774777 0.0788528 -0.993871 -16.5366 0.0788528 0.99326 0.0849514 2.18801 0.993871 -0.0849514 0.0707377 230.52
0.0774777 0.0788528 -0.993871 -16.5891 0.0788528 0.99326 0.0849514 2.18818 0.993871 -0.0849514 0.0707377 230.507
0.0774777 0.0788528 -0.993871 -16.6416 0.0788528 0.99326 0.0849514 2.18836 0.993871 -0.0849514 0.0707377 230.494
0.0774777 0.0788528 -0.993871 -16.6941 0.0788528 0.99326 0.0849514 2.18854 0.993871 -0.0849514 0.0707377 230.481
0.0774777 0.0788528 -0.993871 -16.7467 0.0788528 0.99326 0.0849514 2.18871 0.993871 -0.0849514 0.0707377 230.467
0.0774777 0.0788528 -0.993871 -16.7992 0.0788528 0.99326 0.0849514 2.18889 0.993871 -0.0849514 0.0707377 230.454
0.0774777 0.0788528 -0.993871 -16.8517 0.0788528 0.99326 0.0849514 2.18907 0.993871 -0.0849514 0.0707377 230.441
-0.60915 -0.172662 -0.774031 -16.6965 -0.172662 0.981473 -0.0830539 2.25357 0.774031 0.0830539 -0.627676 231.043
-0.60915 -0.172662 -0.774031 -16.5413 -0.172662 0.981473 -0.0830539 2.31807 0.774031 0.0830539 -0.627676 231.645
-0.301291 -0.00798274 -0.953499 -16.6669 -0.00798274 0.999951 -0.00584921 2.28994 0.953499 0.00584921 -0.30134 231.348
-0.301291 -0.00798274 -0.953499 -16.7925 -0.00798274 0.999951 -0.00584921 2.26182 0.953499 0.00584921 -0.30134 231.051
-0.609341 -0.16891 -0.774708 -16.6911 -0.16891 0.982272 -0.0813101 2.3037 0.774708 0.0813101 -0.627069 231.548
-0.462596 -0.0715603 -0.883676 -16.819 -0.0715603 0.996499 -0.0432356 2.28943 0.883676 0.0432356 -0.466098 231.359
-0.462596 -0.0715603 -0.883676 -16.9469 -0.0715603 0.996499 -0.0432356 2.27516 0.883676 0.0432356 -0.466098 231.17
-0.601499 -0.165397 -0.781564 -16.8724 -0.165397 0.982918 -0.0807173 2.28236 0.781564 0.0807173 -0.618581 231.418
-0.596351 -0.16015 -0.786586 -16.8975 -0.16015 0.983933 -0.0789122 2.2795 0.786586 0.0789122 -0.612418 231.397
-0.589473 -0.159971 -0.791789 -17.0758 -0.159971 0.9839 -0.0796889 2.25918 0.791789 0.0796889 -0.605574 231.285
-0.580805 -0.155543 -0.799044 -17.1602 -0.155543 0.984695 -0.078622 2.25259 0.799044 0.078622 -0.59611 231.225
-0.570562 -0.14987 -0.807464 -17.2635 -0.14987 0.985699 -0.077052 2.24264 0.807464 0.077052 -0.584863 231.161
-0.557593 -0.145629 -0.81724 -17.3545 -0.145629 0.986384 -0.076409 2.23527 0.81724 0.076409 -0.571209 231.103
-0.540479 -0.150045 -0.82787 -17.5147 -0.150045 0.985385 -0.0806359 2.21586 0.82787 0.0806359 -0.555094 231.017
-0.520424 -0.15073 -0.840499 -17.6585 -0.15073 0.985057 -0.0833243 2.19977 0.840499 0.0833243 -0.535367 230.94
-0.500796 -0.146159 -0.853136 -17.8538 -0.146159 0.985766 -0.0830849 2.17566 0.853136 0.0830849 -0.51503 230.837
-0.477936 -0.145065 -0.866333 -18.0567 -0.145065 0.985761 -0.0850337 2.15332 0.866333 0.0850337 -0.492175 230.759
-0.450727 -0.144582 -0.880875 -18.2988 -0.144582 0.985591 -0.0877896 2.12041 0.880875 0.0877896 -0.465137 230.663
-0.419741 -0.145518 -0.895903 -18.5242 -0.145518 0.985085 -0.0918267 2.09486 0.895903 0.0918267 -0.434656 230.578
-0.385323 -0.148928 -0.910685 -18.7585 -0.148928 0.98399 -0.0979023 2.06026 0.910685 0.0979023 -0.401334 230.522
-0.346135 -0.148643 -0.926335 -19.0327 -0.148643 0.983587 -0.102288 2.02597 0.926335 0.102288 -0.362548 230.454
-0.304427 -0.140896 -0.942057 -19.3057 -0.140896 0.984781 -0.101755 1.98824 0.942057 0.101755 -0.319646 230.393
-0.260212 -0.130466 -0.956696 -19.6154 -0.130466 0.986493 -0.0990441 1.95132 0.956696 0.0990441 -0.273719 230.346
-0.212087 -0.120071 -0.969846 -19.9272 -0.120071 0.988106 -0.0960746 1.902 0.969846 0.0960746 -0.223981 230.321
-0.160149 -0.117112 -0.980121 -20.2629 -0.117112 0.988178 -0.0989386 1.85731 0.980121 0.0989386 -0.171971 230.319
-0.10517 -0.114443 -0.987847 -20.6114 -0.114443 0.988149 -0.102294 1.80785 0.987847 0.102294 -0.117021 230.351
-0.0461546 -0.111253 -0.99272 -21.0131 -0.111253 0.988169 -0.105571 1.75309 0.99272 0.105571 -0.0579858 230.351
0.0128799 -0.107356 -0.994137 -21.3893 -0.107356 0.988324 -0.10812 1.69931 0.994137 0.10812 0.0012041 230.429
0.0754022 -0.098783 -0.992248 -21.8346 -0.098783 0.989446 -0.106011 1.63917 0.992248 0.106011 0.0648483 230.508
0.137949 -0.0926344 -0.986098 -22.2321 -0.0926344 0.990046 -0.105964 1.5974 0.986098 0.105964 0.127994 230.598
0.202265 -0.0860048 -0.975547 -22.6294 -0.0860048 0.990728 -0.105175 1.54983 0.975547 0.105175 0.192993 230.752
0.2663 -0.0800612 -0.960559 -23.0351 -0.0800612 0.991264 -0.104816 1.50058 0.960559 0.104816 0.257564 230.899
0.325455 -0.0789165 -0.942258 -23.3605 -0.0789165 0.990767 -0.110237 1.44854 0.942258 0.110237 0.316223 231.094
0.383249 -0.0759618 -0.920516 -23.8011 -0.0759618 0.990644 -0.113375 1.38942 0.920516 0.113375 0.373894 231.319
0.435888 -0.073762 -0.896973 -24.1792 -0.073762 0.990355 -0.117286 1.32815 0.896973 0.117286 0.426243 231.581
0.484151 -0.071428 -0.872064 -24.569 -0.071428 0.99011 -0.120752 1.26209 0.872064 0.120752 0.474261 231.857
0.527383 -0.0683023 -0.846878 -24.9571 -0.0683023 0.990129 -0.12239 1.20528 0.846878 0.12239 0.517512 232.133
0.566886 -0.065432 -0.821193 -25.3331 -0.065432 0.990115 -0.124061 1.14436 0.821193 0.124061 0.557001 232.43
0.601207 -0.0617766 -0.796702 -25.7018 -0.0617766 0.99043 -0.123416 1.06973 0.796702 0.123416 0.591637 232.769
0.631277 -0.0589225 -0.773316 -26.1368 -0.0589225 0.990584 -0.123577 1.00031 0.773316 0.123577 0.621861 233.131
0.655529 -0.0562553 -0.753072 -26.475 -0.0562553 0.990813 -0.122983 0.932062 0.753072 0.122983 0.646342 233.456
0.675746 -0.0552478 -0.735061 -26.8296 -0.0552478 0.990587 -0.125243 0.866068 0.735061 0.125243 0.666333 233.814
0.691608 -0.0540836 -0.720245 -27.2187 -0.0540836 0.990515 -0.126312 0.793561 0.720245 0.126312 0.682123 234.186
0.703295 -0.0529969 -0.70892 -27.5469 -0.0529969 0.990534 -0.126626 0.730011 0.70892 0.126626 0.693829 234.543
0.712576 -0.0518363 -0.699678 -27.9289 -0.0518363 0.990651 -0.126185 0.66639 0.699678 0.126185 0.703227 234.884
0.719151 -0.0520984 -0.692898 -28.1976 -0.0520984 0.990336 -0.128535 0.607035 0.692898 0.128535 0.709486 235.215
0.724578 -0.0514794 -0.687268 -28.5034 -0.0514794 0.990378 -0.128458 0.562976 0.687268 0.128458 0.714956 235.499
0.729247 -0.0518781 -0.682281 -28.7969 -0.0518781 0.99006 -0.13073 0.497766 0.682281 0.13073 0.719307 235.836
0.732062 -0.052152 -0.679239 -29.102 -0.052152 0.989849 -0.132208 0.425594 0.679239 0.132208 0.721911 236.22
0.733969 -0.0523206 -0.677165 -29.3701 -0.0523206 0.98971 -0.133179 0.373488 0.677165 0.133179 0.723679 236.496
0.735753 -0.0516883 -0.675275 -29.7139 -0.0516883 0.989889 -0.132088 0.299875 0.675275 0.132088 0.725642 236.874
0.737749 -0.0503803 -0.673192 -30.0287 -0.0503803 0.990322 -0.129325 0.246155 0.673192 0.129325 0.728071 237.165
0.738235 -0.0498857 -0.672697 -30.3453 -0.0498857 0.990493 -0.128199 0.184466 0.672697 0.128199 0.728728 237.506
0.737118 -0.0503428 -0.673887 -30.7341 -0.0503428 0.990359 -0.129051 0.111876 0.673887 0.129051 0.727477 237.924
0.737205 -0.0502804 -0.673795 -31.1631 -0.0502804 0.99038 -0.128917 0.0310729 0.673795 0.128917 0.727585 238.333
0.735766 -0.0524577 -0.675201 -31.5734 -0.0524577 0.989586 -0.134046 -0.0512766 0.675201 0.134046 0.725352 238.779
0.736072 -0.0537468 -0.674767 -31.9763 -0.0537468 0.989055 -0.137411 -0.127288 0.674767 0.137411 0.725126 239.188
0.733886 -0.0550068 -0.677042 -32.4376 -0.0550068 0.98863 -0.139947 -0.229814 0.677042 0.139947 0.722516 239.661
0.73581 -0.0533774 -0.675081 -32.8902 -0.0533774 0.989216 -0.136394 -0.311479 0.675081 0.136394 0.725026 240.085
0.733411 -0.0520908 -0.677787 -33.353 -0.0520908 0.989822 -0.132438 -0.422456 0.677787 0.132438 0.723233 240.63
0.735209 -0.0489274 -0.676073 -33.7773 -0.0489274 0.990959 -0.124923 -0.488633 0.676073 0.124923 0.726168 241.014
0.735161 -0.0478261 -0.676204 -34.2498 -0.0478261 0.991363 -0.122113 -0.585532 0.676204 0.122113 0.726524 241.554
0.734738 -0.0500162 -0.676504 -34.6731 -0.0500162 0.990569 -0.127558 -0.661657 0.676504 0.127558 0.725308 242.005
0.733721 -0.0528695 -0.677391 -35.1039 -0.0528695 0.989503 -0.134495 -0.753344 0.677391 0.134495 0.723224 242.481
0.733498 -0.054803 -0.677479 -35.6015 -0.054803 0.98873 -0.139315 -0.853234 0.677479 0.139315 0.722228 242.979
0.733544 -0.0565114 -0.677288 -36.0505 -0.0565114 0.988015 -0.143643 -0.950619 0.677288 0.143643 0.721559 243.446
0.732024 -0.0572069 -0.678872 -36.6104 -0.0572069 0.987788 -0.144924 -1.07727 0.678872 0.144924 0.719812 244.066
0.731262 -0.055225 -0.679857 -37.1858 -0.055225 0.988651 -0.139709 -1.2054 0.679857 0.139709 0.719914 244.645
0.73108 -0.0533131 -0.680206 -37.7587 -0.0533131 0.989431 -0.13485 -1.32588 0.680206 0.13485 0.720511 245.263
0.731391 -0.0511186 -0.68004 -38.3693 -0.0511186 0.990272 -0.129417 -1.44543 0.68004 0.129417 0.721662 245.889
0.72992 -0.0520537 -0.681548 -38.8987 -0.0520537 0.989967 -0.131358 -1.54622 0.681548 0.131358 0.719887 246.505
0.736763 -0.0522604 -0.674128 -39.7531 -0.0522604 0.989625 -0.133835 -1.73359 0.674128 0.133835 0.726388 247.066
0.726472 -0.0567766 -0.684847 -40.1235 -0.0567766 0.988215 -0.142155 -1.80151 0.684847 0.142155 0.714687 247.902
0.730478 -0.0567756 -0.680572 -40.8919 -0.0567756 0.98804 -0.143365 -1.98374 0.680572 0.143365 0.718518 248.544
0.728634 -0.0581571 -0.68243 -41.5003 -0.0581571 0.987536 -0.146253 -2.11366 0.68243 0.146253 0.71617 249.239
0.729547 -0.0577126 -0.681491 -42.1957 -0.0577126 0.987685 -0.145425 -2.26641 0.681491 0.145425 0.717231 249.918
0.729374 -0.0580944 -0.681644 -42.8386 -0.0580944 0.987529 -0.146326 -2.40431 0.681644 0.146326 0.716903 250.6
0.727163 -0.0559391 -0.684181 -43.4422 -0.0559391 0.988531 -0.140276 -2.54926 0.684181 0.140276 0.715694 251.264
0.735649 -0.0611388 -0.674599 -43.9554 -0.0611388 0.98586 -0.15602 -2.68312 0.674599 0.15602 0.721509 251.965
