1 0 -0.000850522 -0.0429425 0 1 0 0 0.000850522 0 1 0.859371
1 0 -0.000850522 -0.133128 0 1 0 0 0.000850522 0 1 1.71395
0.999951 0 -0.00986154 -0.144851 0 1 0 0 0.00986154 0 0.999951 2.57381
0.999951 0 -0.00986154 -0.156574 0 1 0 0 0.00986154 0 0.999951 3.43366
0.9999 0 -0.0141615 -0.17194 0 1 0 0 0.0141615 0 0.9999 4.29396
0.999867 0 -0.0163376 -0.223768 0 1 0 0 0.0163376 0 0.999867 5.15179
0.999775 0 -0.0212355 -0.2618 0 1 0 0 0.0212355 0 0.999775 6.01149
0.999689 0 -0.0249457 -0.297362 0 1 0 0 0.0249457 0 0.999689 6.8702
0.999585 0 -0.0287986 -0.326582 0 1 0 0 0.0287986 0 0.999585 7.73001
0.999528 0 -0.0307241 -0.378762 0 1 0 0 0.0307241 0 0.999528 8.58902
0.999456 0 -0.0329835 -0.423111 0 1 0 0 0.0329835 0 0.999456 9.44701
0.999456 0 -0.0329835 -0.495215 0 1 0 0 0.0329835 0 0.999456 10.3044
0.99938 0 -0.0352019 -0.520854 0 1 0 0 0.0352019 0 0.99938 11.1644
0.999268 0 -0.0382681 -0.527807 0 1 0 0 0.0382681 0 0.999268 12.024
0.999077 0 -0.0429493 -0.520809 0 1 0 0 0.0429493 0 0.999077 12.8798
0.999037 0 -0.0438868 -0.579401 0 1 0 0 0.0438868 0 0.999037 13.7415
0.999037 0 -0.0438868 -0.634487 0 1 0 0 0.0438868 0 0.999037 14.6105
0.999037 0 -0.0438868 -0.703592 0 1 0 0 0.0438868 0 0.999037 15.4894
0.998959 0 -0.0456164 -0.741119 0 1 0 0 0.0456164 0 0.998959 16.3805
0.998849 0 -0.047962 -0.762815 0 1 0 0 0.047962 0 0.998849 17.282
0.998774 0 -0.0494968 -0.813216 0 1 0 0 0.0494968 0 0.998774 18.1867
0.998726 0 -0.0504564 -0.834677 0 1 0 0 0.0504564 0 0.998726 19.0995
0.998643 0 -0.0520831 -0.884826 0 1 0 0 0.0520831 0 0.998643 20.0132
0.998536 0 -0.0540875 -0.92053 0 1 0 0 0.0540875 0 0.998536 20.931
0.998512 0 -0.0545406 -0.973696 0 1 0 0 0.0545406 0 0.998512 21.8582
0.998512 0 -0.0545406 -1.02414 0 1 0 0 0.0545406 0 0.998512 22.793
0.998427 0 -0.0560704 -1.03863 0 1 0 0 0.0560704 0 0.998427 23.7302
0.998577 0 -0.05332 -1.10828 0 1 0 0 0.05332 0 0.998577 24.6717
0.998785 0 -0.0492714 -1.137 0 1 0 0 0.0492714 0 0.998785 25.6194
0.998785 0 -0.0492714 -1.16572 0 1 0 0 0.0492714 0 0.998785 26.5671
0.998942 0 -0.0459877 -1.25227 0 1 0 0 0.0459877 0 0.998942 27.5165
0.999014 0 -0.0444002 -1.29914 0 1 0 0 0.0444002 0 0.999014 28.4754
0.99904 0 -0.0437981 -1.3367 0 1 0 0 0.0437981 0 0.99904 29.4445
0.999002 0 -0.0446568 -1.37131 0 1 0 0 0.0446568 0 0.999002 30.4209
0.999002 0 -0.0446568 -1.42044 0 1 0 0 0.0446568 0 0.999002 31.4005
0.998927 0 -0.0463214 -1.44674 0 1 0 0 0.0463214 0 0.998927 32.3808
0.998856 0 -0.0478114 -1.49067 0 1 0 0 0.0478114 0 0.998856 33.3604
0.998752 0 -0.0499403 -1.53289 0 1 0 0 0.0499403 0 0.998752 34.3453
0.998646 0 -0.0520182 -1.58762 0 1 0 0 0.0520182 0 0.998646 35.3572
0.998618 0 -0.0525584 -1.67842 0 1 0 0 0.0525584 0 0.998618 36.4137
0.998548 0 -0.0538773 -1.72921 0 1 0 0 0.0538773 0 0.998548 37.4571
0.998548 0 -0.0538773 -1.80562 0 1 0 0 0.0538773 0 0.998548 38.5009
0.998522 0 -0.0543407 -1.87134 0 1 0 0 0.0543407 0 0.998522 39.5338
0.998522 0 -0.0543407 -1.92877 0 1 0 0 0.0543407 0 0.998522 40.5701
0.998409 0 -0.0563907 -1.98159 0 1 0 0 0.0563907 0 0.998409 41.5945
0.998562 0 -0.0536054 -2.09692 0 1 0 0 0.0536054 0 0.998562 42.6129
0.998562 0 -0.0536054 -2.1568 0 1 0 0 0.0536054 0 0.998562 43.6213
0.998562 0 -0.0536054 -2.21668 0 1 0 0 0.0536054 0 0.998562 44.6298
0.998431 0 -0.0559901 -2.26299 0 1 0 0 0.0559901 0 0.998431 45.6324
0.998223 0 -0.0595905 -2.28274 0 1 0 0 0.0595905 0 0.998223 46.6339
0.998075 0 -0.0620202 -2.33211 0 1 0 0 0.0620202 0 0.998075 47.6303
0.998075 0 -0.0620202 -2.41233 0 1 0 0 0.0620202 0 0.998075 48.616
0.998075 0 -0.0620202 -2.50174 0 1 0 0 0.0620202 0 0.998075 49.5925
0.998075 0 -0.0620202 -2.56739 0 1 0 0 0.0620202 0 0.998075 50.5748
0.997997 0 -0.0632555 -2.60785 0 1 0 0 0.0632555 0 0.997997 51.5575
0.997997 0 -0.0632555 -2.67809 0 1 0 0 0.0632555 0 0.997997 52.5341
0.997962 0 -0.063806 -2.73731 0 1 0 0 0.063806 0 0.997962 53.5049
0.997962 0 -0.063806 -2.79976 0 1 0 0 0.063806 0 0.997962 54.4683
0.997962 0 -0.063806 -2.86861 0 1 0 0 0.063806 0 0.997962 55.4317
0.998015 0 -0.0629766 -2.95644 0 1 0 0 0.0629766 0 0.998015 56.3887
0.998059 0 -0.0622701 -3.0506 0 1 0 0 0.0622701 0 0.998059 57.3484
0.99797 0 -0.063693 -3.09521 0 1 0 0 0.063693 0 0.99797 58.3115
0.997841 0 -0.0656729 -3.1483 0 1 0 0 0.0656729 0 0.997841 59.2643
0.997774 0 -0.0666912 -3.22576 0 1 0 0 0.0666912 0 0.997774 60.2048
0.997685 0 -0.0680112 -3.29363 0 1 0 0 0.0680112 0 0.997685 61.1296
0.99763 0 -0.0688035 -3.36108 0 1 0 0 0.0688035 0 0.99763 62.0447
0.997557 0 -0.0698554 -3.43081 0 1 0 0 0.0698554 0 0.997557 62.9558
0.997481 0 -0.0709309 -3.50238 0 1 0 0 0.0709309 0 0.997481 63.8546
0.997349 0 -0.0727726 -3.55626 0 1 0 0 0.0727726 0 0.997349 64.7389
0.997275 0 -0.0737799 -3.63503 0 1 0 0 0.0737799 0 0.997275 65.6072
0.997064 0 -0.0765667 -3.71749 0 1 0 0 0.0765667 0 0.997064 66.4613
0.996878 0 -0.0789602 -3.77677 0 1 0 0 0.0789602 0 0.996878 67.3053
0.996763 0 -0.0804003 -3.84693 0 1 0 0 0.0804003 0 0.996763 68.1342
0.996722 0 -0.0808967 -3.92733 0 1 0 0 0.0808967 0 0.996722 68.9498
0.996585 0 -0.0825777 -3.99404 0 1 0 0 0.0825777 0 0.996585 69.7546
0.996644 0 -0.0818569 -4.08926 0 1 0 0 0.0818569 0 0.996644 70.5459
0.996526 0 -0.0832846 -4.17422 0 1 0 0 0.0832846 0 0.996526 71.3207
0.996722 0 -0.0809002 -4.31002 0 1 0 0 0.0809002 0 0.996722 72.065
0.996481 0 -0.0838182 -4.36584 0 1 0 0 0.0838182 0 0.996481 72.7879
0.996481 0 -0.0838182 -4.42166 0 1 0 0 0.0838182 0 0.996481 73.5107
0.996171 0 -0.0874291 -4.41986 0 1 0 0 0.0874291 0 0.996171 74.209
0.995987 0 -0.0895012 -4.49045 0 1 0 0 0.0895012 0 0.995987 74.8752
0.995987 0 -0.0895012 -4.56105 0 1 0 0 0.0895012 0 0.995987 75.5414
0.995987 0 -0.0895012 -4.62544 0 1 0 0 0.0895012 0 0.995987 76.172
0.996058 0 -0.0887017 -4.66346 0 1 0 0 0.0887017 0 0.996058 76.7763
0.996058 0 -0.0887017 -4.70147 0 1 0 0 0.0887017 0 0.996058 77.3806
0.996254 0 -0.0864717 -4.74461 0 1 0 0 0.0864717 0 0.996254 77.9634
0.996466 0 -0.083994 -4.78098 0 1 0 0 0.083994 0 0.996466 78.5349
0.996968 0 -0.077815 -4.84831 0 1 0 0 0.077815 0 0.996968 79.0878
0.997515 0 -0.0704483 -4.91494 0 1 0 0 0.0704483 0 0.997515 79.6278
0.99807 0 -0.0621063 -4.94239 0 1 0 0 0.0621063 0 0.99807 80.1591
0.999344 0 -0.0362214 -4.96688 0 1 0 0 0.0362214 0 0.999344 80.6658
0.999344 0 -0.0362214 -4.99137 0 1 0 0 0.0362214 0 0.999344 81.1725
0.999845 0 -0.0175894 -5.00543 0 1 0 0 0.0175894 0 0.999845 81.6604
0.999988 0 0.00490534 -4.99685 0 1 0 0 -0.00490534 0 0.999988 82.135
0.999517 0 0.0310755 -4.96482 0 1 0 0 -0.0310755 0 0.999517 82.5942
0.998152 0 0.0607634 -4.92292 0 1 0 0 -0.0607634 0 0.998152 83.0473
0.995656 0 0.0931122 -4.85396 0 1 0 0 -0.0931122 0 0.995656 83.4921
0.991426 0 0.130672 -4.77671 0 1 0 0 -0.130672 0 0.991426 83.923
0.984844 0 0.173441 -4.6974 0 1 0 0 -0.173441 0 0.984844 84.3544
0.975686 0 0.219174 -4.59044 0 1 0 0 -0.219174 0 0.975686 84.7729
0.963624 0 0.26726 -4.44052 0 1 0 0 -0.26726 0 0.963624 85.1579
0.947431 0 0.31996 -4.27752 0 1 0 0 -0.31996 0 0.947431 85.5413
0.926937 0 0.375217 -4.0999 0 1 0 0 -0.375217 0 0.926937 85.8963
0.902457 0 0.43078 -3.88362 0 1 0 0 -0.43078 0 0.902457 86.2366
0.873501 0 0.486822 -3.64343 0 1 0 0 -0.486822 0 0.873501 86.5525
0.839581 0 0.543235 -3.40391 0 1 0 0 -0.543235 0 0.839581 86.8457
0.802026 0 0.597289 -3.14255 0 1 0 0 -0.597289 0 0.802026 87.1315
0.761394 0 0.64829 -2.87495 0 1 0 0 -0.64829 0 0.761394 87.3922
0.718612 0 0.695411 -2.57401 0 1 0 0 -0.695411 0 0.718612 87.6374
0.673325 0 0.739347 -2.26082 0 1 0 0 -0.739347 0 0.673325 87.8587
0.626104 0 0.779739 -1.94406 0 1 0 0 -0.779739 0 0.626104 88.0614
0.578652 0 0.815574 -1.61001 0 1 0 0 -0.815574 0 0.578652 88.2432
0.531885 0 0.846817 -1.27641 0 1 0 0 -0.846817 0 0.531885 88.4056
0.485023 0 0.874502 -0.927353 0 1 0 0 -0.874502 0 0.485023 88.5565
0.440311 0 0.897845 -0.568071 0 1 0 0 -0.897845 0 0.440311 88.6837
0.39755 0 0.91758 -0.208987 0 1 0 0 -0.91758 0 0.39755 88.7968
0.358178 0 0.933653 0.168899 0 1 0 0 -0.933653 0 0.358178 88.8866
0.321899 0 0.946774 0.540853 0 1 0 0 -0.946774 0 0.321899 88.9883
0.289526 0 0.95717 0.91773 0 1 0 0 -0.95717 0 0.289526 89.0703
0.25857 0 0.965993 1.29375 0 1 0 0 -0.965993 0 0.25857 89.1683
0.230729 0 0.973018 1.68038 0 1 0 0 -0.973018 0 0.230729 89.2424
0.205336 0 0.978692 2.08042 0 1 0 0 -0.978692 0 0.205336 89.3001
0.18129 0 0.98343 2.48762 0 1 0 0 -0.98343 0 0.18129 89.3584
0.161321 0 0.986902 2.91009 0 1 0 0 -0.986902 0 0.161321 89.3961
0.142029 0 0.989862 3.33755 0 1 0 0 -0.989862 0 0.142029 89.4388
0.124438 0 0.992227 3.7847 0 1 0 0 -0.992227 0 0.124438 89.4926
0.109086 0 0.994032 4.2507 0 1 0 0 -0.994032 0 0.109086 89.5402
0.0945744 0 0.995518 4.72479 0 1 0 0 -0.995518 0 0.0945744 89.5767
0.0813622 0 0.996685 5.21215 0 1 0 0 -0.996685 0 0.0813622 89.5985
0.069468 0 0.997584 5.70968 0 1 0 0 -0.997584 0 0.069468 89.6251
0.0593676 0 0.998236 6.22458 0 1 0 0 -0.998236 0 0.0593676 89.64
0.0508126 0 0.998708 6.75451 0 1 0 0 -0.998708 0 0.0508126 89.6674
0.042903 0 0.999079 7.29941 0 1 0 0 -0.999079 0 0.042903 89.7061
0.0366403 0 0.999329 7.86299 0 1 0 0 -0.999329 0 0.0366403 89.7318
0.0317533 0 0.999496 8.44721 0 1 0 0 -0.999496 0 0.0317533 89.7393
0.0256442 0 0.999671 9.0495 0 1 0 0 -0.999671 0 0.0256442 89.775
0.0221838 0 0.999754 9.66883 0 1 0 0 -0.999754 0 0.0221838 89.7919
0.0187766 0 0.999824 10.3085 0 1 0 0 -0.999824 0 0.0187766 89.8084
0.0157021 0 0.999877 10.9635 0 1 0 0 -0.999877 0 0.0157021 89.8034
0.0163621 0 0.999866 11.6374 0 1 0 0 -0.999866 0 0.0163621 89.7913
0.0173675 0 0.999849 12.3238 0 1 0 0 -0.999849 0 0.0173675 89.8026
0.0197669 0 0.999805 13.031 0 1 0 0 -0.999805 0 0.0197669 89.8227
0.0248516 0 0.999691 13.7545 0 1 0 0 -0.999691 0 0.0248516 89.8239
0.0308602 0 0.999524 14.4938 0 1 0 0 -0.999524 0 0.0308602 89.8246
0.0348077 0 0.999394 15.2526 0 1 0 0 -0.999394 0 0.0348077 89.8578
0.0372653 0 0.999305 16.0231 0 1 0 0 -0.999305 0 0.0372653 89.9071
0.0414812 0 0.999139 16.8103 0 1 0 0 -0.999139 0 0.0414812 89.9455
0.0453168 0 0.998973 17.6046 0 1 0 0 -0.998973 0 0.0453168 89.9908
0.0496812 0 0.998765 18.4064 0 1 0 0 -0.998765 0 0.0496812 90.0429
0.0536647 0 0.998559 19.2107 0 1 0 0 -0.998559 0 0.0536647 90.0882
0.0549689 0 0.998488 20.0194 0 1 0 0 -0.998488 0 0.0549689 90.145
0.0549689 0 0.998488 20.8334 0 1 0 0 -0.998488 0 0.0549689 90.1987
0.0527928 0 0.998605 21.6487 0 1 0 0 -0.998605 0 0.0527928 90.286
0.0542015 0 0.99853 22.4684 0 1 0 0 -0.99853 0 0.0542015 90.323
0.0533925 0 0.998574 23.2856 0 1 0 0 -0.998574 0 0.0533925 90.3787
0.0533925 0 0.998574 24.1017 0 1 0 0 -0.998574 0 0.0533925 90.4522
0.0533925 0 0.998574 24.9172 0 1 0 0 -0.998574 0 0.0533925 90.5091
0.0533925 0 0.998574 25.7295 0 1 0 0 -0.998574 0 0.0533925 90.5639
0.0506633 0 0.998716 26.5373 0 1 0 0 -0.998716 0 0.0506633 90.6527
0.0480135 0 0.998847 27.3503 0 1 0 0 -0.998847 0 0.0480135 90.6831
0.0421547 0 0.999111 28.1604 0 1 0 0 -0.999111 0 0.0421547 90.7361
0.0359425 0 0.999354 28.9722 0 1 0 0 -0.999354 0 0.0359425 90.7932
0.0292892 0 0.999571 29.7846 0 1 0 0 -0.999571 0 0.0292892 90.8256
0.0217287 0 0.999764 30.5924 0 1 0 0 -0.999764 0 0.0217287 90.8429
0.0136478 0 0.999907 31.395 0 1 0 0 -0.999907 0 0.0136478 90.8388
0.00308946 0 0.999995 32.1967 0 1 0 0 -0.999995 0 0.00308946 90.8587
-0.00770692 0 0.99997 32.9948 0 1 0 0 -0.99997 0 -0.00770692 90.8656
-0.0182693 0 0.999833 33.7873 0 1 0 0 -0.999833 0 -0.0182693 90.8414
-0.0293739 0 0.999568 34.5793 0 1 0 0 -0.999568 0 -0.0293739 90.8146
-0.0406474 0 0.999174 35.3662 0 1 0 0 -0.999174 0 -0.0406474 90.7852
-0.0516968 0 0.998663 36.1453 0 1 0 0 -0.998663 0 -0.0516968 90.7414
-0.062463 0 0.998047 36.9204 0 1 0 0 -0.998047 0 -0.062463 90.6959
-0.0728986 0 0.997339 37.6879 0 1 0 0 -0.997339 0 -0.0728986 90.6362
-0.0827811 0 0.996568 38.4478 0 1 0 0 -0.996568 0 -0.0827811 90.5813
-0.092232 0 0.995738 39.1988 0 1 0 0 -0.995738 0 -0.092232 90.5039
-0.101945 0 0.99479 39.9427 0 1 0 0 -0.99479 0 -0.101945 90.4313
-0.111086 0 0.993811 40.6802 0 1 0 0 -0.993811 0 -0.111086 90.364
-0.123905 0 0.992294 41.4033 0 1 0 0 -0.992294 0 -0.123905 90.2753
-0.123905 0 0.992294 42.1263 0 1 0 0 -0.992294 0 -0.123905 90.1867
-0.123905 0 0.992294 42.8336 0 1 0 0 -0.992294 0 -0.123905 90.0617
-0.126525 0 0.991963 43.5336 0 1 0 0 -0.991963 0 -0.126525 89.9683
-0.128738 0 0.991679 44.22 0 1 0 0 -0.991679 0 -0.128738 89.8879
-0.130742 0 0.991416 44.8937 0 1 0 0 -0.991416 0 -0.130742 89.8133
-0.123842 0 0.992302 45.5367 0 1 0 0 -0.992302 0 -0.123842 89.7081
-0.123842 0 0.992302 46.1798 0 1 0 0 -0.992302 0 -0.123842 89.603
-0.116617 0 0.993177 46.7973 0 1 0 0 -0.993177 0 -0.116617 89.5105
-0.107759 0 0.994177 47.3984 0 1 0 0 -0.994177 0 -0.107759 89.4424
-0.0964779 0 0.995335 47.9813 0 1 0 0 -0.995335 0 -0.0964779 89.3922
-0.0830876 0 0.996542 48.545 0 1 0 0 -0.996542 0 -0.0830876 89.3629
-0.0655634 0 0.997848 49.0881 0 1 0 0 -0.997848 0 -0.0655634 89.3367
-0.0444748 0 0.999011 49.6239 0 1 0 0 -0.999011 0 -0.0444748 89.3332
-0.0192952 0 0.999814 50.152 0 1 0 0 -0.999814 0 -0.0192952 89.3308
0.00920793 0 0.999958 50.6756 0 1 0 0 -0.999958 0 0.00920793 89.3492
0.0421232 0 0.999112 51.1988 0 1 0 0 -0.999112 0 0.0421232 89.3956
0.0800123 0 0.996794 51.717 0 1 0 0 -0.996794 0 0.0800123 89.4589
0.122161 0 0.99251 52.2231 0 1 0 0 -0.99251 0 0.122161 89.5495
0.167087 0 0.985942 52.7235 0 1 0 0 -0.985942 0 0.167087 89.6672
0.214948 0 0.976626 53.2172 0 1 0 0 -0.976626 0 0.214948 89.8191
0.267 0 0.963697 53.6878 0 1 0 0 -0.963697 0 0.267 89.9801
0.320729 0 0.947171 54.1342 0 1 0 0 -0.947171 0 0.320729 90.2034
0.457259 0 0.889334 54.6092 0 1 0 0 -0.889334 0 0.457259 90.2721
0.457259 0 0.889334 55.0841 0 1 0 0 -0.889334 0 0.457259 90.3407
0.583968 0 0.811777 55.4964 0 1 0 0 -0.811777 0 0.583968 90.5616
0.583968 0 0.811777 55.9087 0 1 0 0 -0.811777 0 0.583968 90.7825
0.639407 0 0.768868 56.2502 0 1 0 0 -0.768868 0 0.639407 91.1162
0.691214 0 0.72265 56.5722 0 1 0 0 -0.72265 0 0.691214 91.467
0.738395 0 0.674369 56.8419 0 1 0 0 -0.674369 0 0.738395 91.8302
0.782172 0 0.623063 57.1008 0 1 0 0 -0.623063 0 0.782172 92.2314
0.82189 0 0.569646 57.3251 0 1 0 0 -0.569646 0 0.82189 92.6534
0.857455 0 0.514559 57.5279 0 1 0 0 -0.514559 0 0.857455 93.0631
0.887233 0 0.461322 57.696 0 1 0 0 -0.461322 0 0.887233 93.514
0.912149 0 0.409859 57.8648 0 1 0 0 -0.409859 0 0.912149 93.9658
0.931555 0 0.363599 58.0019 0 1 0 0 -0.363599 0 0.931555 94.4154
0.946197 0 0.323592 58.1182 0 1 0 0 -0.323592 0 0.946197 94.8923
0.957499 0 0.288436 58.2232 0 1 0 0 -0.288436 0 0.957499 95.36
0.966265 0 0.257549 58.3194 0 1 0 0 -0.257549 0 0.966265 95.8421
0.971786 0 0.235866 58.4158 0 1 0 0 -0.235866 0 0.971786 96.3251
0.97541 0 0.220397 58.5133 0 1 0 0 -0.220397 0 0.97541 96.8115
0.97813 0 0.207995 58.5944 0 1 0 0 -0.207995 0 0.97813 97.3122
0.980105 0 0.198479 58.6865 0 1 0 0 -0.198479 0 0.980105 97.8222
0.981494 0 0.191492 58.7866 0 1 0 0 -0.191492 0 0.981494 98.3383
0.982015 0 0.188802 58.8636 0 1 0 0 -0.188802 0 0.982015 98.8688
0.9821 0 0.188361 58.9599 0 1 0 0 -0.188361 0 0.9821 99.4061
0.981726 0 0.190299 59.0687 0 1 0 0 -0.190299 0 0.981726 99.9518
0.981108 0 0.193461 59.1981 0 1 0 0 -0.193461 0 0.981108 100.501
0.979882 0 0.19958 59.288 0 1 0 0 -0.19958 0 0.979882 101.071
0.977808 0 0.209504 59.4047 0 1 0 0 -0.209504 0 0.977808 101.663
0.977808 0 0.209504 59.5214 0 1 0 0 -0.209504 0 0.977808 102.255
0.97661 0 0.21502 59.6382 0 1 0 0 -0.21502 0 0.97661 102.867
0.975851 0 0.218436 59.7807 0 1 0 0 -0.218436 0 0.975851 103.484
0.974888 0 0.222695 59.9178 0 1 0 0 -0.222695 0 0.974888 104.116
0.974697 0 0.223531 60.0868 0 1 0 0 -0.223531 0 0.974697 104.747
0.974697 0 0.223531 60.2367 0 1 0 0 -0.223531 0 0.974697 105.394
0.974697 0 0.223531 60.3865 0 1 0 0 -0.223531 0 0.974697 106.041
0.975231 0 0.221187 60.5494 0 1 0 0 -0.221187 0 0.975231 106.7
0.975668 0 0.219252 60.6814 0 1 0 0 -0.219252 0 0.975668 107.38
0.976157 0 0.217066 60.8293 0 1 0 0 -0.217066 0 0.976157 108.078
0.976461 0 0.215694 60.9868 0 1 0 0 -0.215694 0 0.976461 108.791
0.977156 0 0.212525 61.1499 0 1 0 0 -0.212525 0 0.977156 109.512
0.977915 0 0.209005 61.323 0 1 0 0 -0.209005 0 0.977915 110.235
0.978449 0 0.206489 61.4684 0 1 0 0 -0.206489 0 0.978449 110.97
0.979482 0 0.20153 61.6284 0 1 0 0 -0.20153 0 0.979482 111.714
0.98025 0 0.197763 61.7782 0 1 0 0 -0.197763 0 0.98025 112.473
0.981072 0 0.193645 61.9414 0 1 0 0 -0.193645 0 0.981072 113.245
0.981604 0 0.190929 62.0872 0 1 0 0 -0.190929 0 0.981604 114.03
0.981737 0 0.190241 62.2255 0 1 0 0 -0.190241 0 0.981737 114.83
0.98222 0 0.187732 62.4011 0 1 0 0 -0.187732 0 0.98222 115.642
0.982305 0 0.187288 62.5577 0 1 0 0 -0.187288 0 0.982305 116.458
0.983043 0 0.183375 62.7558 0 1 0 0 -0.183375 0 0.983043 117.275
0.982776 0 0.184801 62.8952 0 1 0 0 -0.184801 0 0.982776 118.105
0.982776 0 0.184801 63.0346 0 1 0 0 -0.184801 0 0.982776 118.935
0.982443 0 0.186564 63.1675 0 1 0 0 -0.186564 0 0.982443 119.773
0.982007 0 0.188846 63.3257 0 1 0 0 -0.188846 0 0.982007 120.615
0.981233 0 0.192827 63.4679 0 1 0 0 -0.192827 0 0.981233 121.465
0.981233 0 0.192827 63.6748 0 1 0 0 -0.192827 0 0.981233 122.301
0.9806 0 0.196019 63.8467 0 1 0 0 -0.196019 0 0.9806 123.156
0.9806 0 0.196019 64.0187 0 1 0 0 -0.196019 0 0.9806 124.011
0.980489 0 0.196572 64.184 0 1 0 0 -0.196572 0 0.980489 124.868
0.980074 0 0.198631 64.3473 0 1 0 0 -0.198631 0 0.980074 125.724
0.979601 0 0.200954 64.5136 0 1 0 0 -0.200954 0 0.979601 126.582
0.979601 0 0.200954 64.693 0 1 0 0 -0.200954 0 0.979601 127.439
0.979601 0 0.200954 64.8673 0 1 0 0 -0.200954 0 0.979601 128.291
0.979269 0 0.202564 65.0387 0 1 0 0 -0.202564 0 0.979269 129.115
0.979269 0 0.202564 65.21 0 1 0 0 -0.202564 0 0.979269 129.94
0.979269 0 0.202564 65.3775 0 1 0 0 -0.202564 0 0.979269 130.762
0.979371 0 0.202071 65.5462 0 1 0 0 -0.202071 0 0.979371 131.598
0.979644 0 0.200742 65.7155 0 1 0 0 -0.200742 0 0.979644 132.452
0.979756 0 0.200197 65.8793 0 1 0 0 -0.200197 0 0.979756 133.298
0.979756 0 0.200197 66.0301 0 1 0 0 -0.200197 0 0.979756 134.117
0.980017 0 0.198916 66.1751 0 1 0 0 -0.198916 0 0.980017 134.924
0.979649 0 0.200718 66.3013 0 1 0 0 -0.200718 0 0.979649 135.738
0.979349 0 0.202179 66.443 0 1 0 0 -0.202179 0 0.979349 136.555
0.978771 0 0.204958 66.5528 0 1 0 0 -0.204958 0 0.978771 137.381
0.978545 0 0.206033 66.6709 0 1 0 0 -0.206033 0 0.978545 138.195
0.979813 0 0.199916 66.8422 0 1 0 0 -0.199916 0 0.979813 138.994
0.980611 0 0.195963 66.985 0 1 0 0 -0.195963 0 0.980611 139.799
0.980611 0 0.195963 67.1278 0 1 0 0 -0.195963 0 0.980611 140.604
0.980182 0 0.198097 67.2363 0 1 0 0 -0.198097 0 0.980182 141.417
0.980385 0 0.197093 67.391 0 1 0 0 -0.197093 0 0.980385 142.222
0.980913 0 0.194449 67.5595 0 1 0 0 -0.194449 0 0.980913 143.018
0.981506 0 0.191431 67.7186 0 1 0 0 -0.191431 0 0.981506 143.812
0.982242 0 0.187616 67.8537 0 1 0 0 -0.187616 0 0.982242 144.604
0.983491 0 0.180957 68.0073 0 1 0 0 -0.180957 0 0.983491 145.4
0.984774 0 0.173839 68.1176 0 1 0 0 -0.173839 0 0.984774 146.208
0.985702 0 0.1685 68.234 0 1 0 0 -0.1685 0 0.985702 147.019
0.986246 0 0.165282 68.3414 0 1 0 0 -0.165282 0 0.986246 147.829
0.987052 0 0.160398 68.4653 0 1 0 0 -0.160398 0 0.987052 148.631
0.987672 0 0.156536 68.5702 0 1 0 0 -0.156536 0 0.987672 149.426
0.988705 0 0.149877 68.6786 0 1 0 0 -0.149877 0 0.988705 150.216
0.98943 0 0.145011 68.7738 0 1 0 0 -0.145011 0 0.98943 151.016
0.990127 0 0.140174 68.8529 0 1 0 0 -0.140174 0 0.990127 151.828
0.991177 0 0.132543 68.9461 0 1 0 0 -0.132543 0 0.991177 152.645
0.992013 0 0.126133 69.0081 0 1 0 0 -0.126133 0 0.992013 153.461
0.993223 0 0.116224 69.0932 0 1 0 0 -0.116224 0 0.993223 154.269
0.994144 0 0.108062 69.1744 0 1 0 0 -0.108062 0 0.994144 155.081
0.99498 0 0.100079 69.2464 0 1 0 0 -0.100079 0 0.99498 155.9
0.995773 0 0.0918441 69.3182 0 1 0 0 -0.0918441 0 0.995773 156.726
0.996482 0 0.0838123 69.3673 0 1 0 0 -0.0838123 0 0.996482 157.555
0.997045 0 0.076814 69.4155 0 1 0 0 -0.076814 0 0.997045 158.379
0.997549 0 0.0699739 69.4718 0 1 0 0 -0.0699739 0 0.997549 159.201
0.997807 0 0.0661844 69.5123 0 1 0 0 -0.0661844 0 0.997807 160.024
0.998156 0 0.060701 69.5631 0 1 0 0 -0.060701 0 0.998156 160.843
0.998347 0 0.0574738 69.5928 0 1 0 0 -0.0574738 0 0.998347 161.661
0.99851 0 0.0545666 69.6285 0 1 0 0 -0.0545666 0 0.99851 162.478
0.998688 0 0.0512031 69.6652 0 1 0 0 -0.0512031 0 0.998688 163.313
0.998811 0 0.0487401 69.6947 0 1 0 0 -0.0487401 0 0.998811 164.153
0.998981 0 0.0451292 69.7255 0 1 0 0 -0.0451292 0 0.998981 164.988
0.999152 0 0.0411711 69.7428 0 1 0 0 -0.0411711 0 0.999152 165.812
0.999339 0 0.036343 69.7649 0 1 0 0 -0.036343 0 0.999339 166.627
0.999584 0 0.0288549 69.7981 0 1 0 0 -0.0288549 0 0.999584 167.445
0.999772 0 0.0213455 69.8068 0 1 0 0 -0.0213455 0 0.999772 168.273
0.999906 0 0.0137227 69.809 0 1 0 0 -0.0137227 0 0.999906 169.108
0.999983 0 0.00583192 69.8271 0 1 0 0 -0.00583192 0 0.999983 169.944
1 0 0 69.8393 0 1 0 0 0 0 1 170.785
0.999987 0 -0.00517172 69.8171 0 1 0 0 0.00517172 0 0.999987 171.628
0.999931 0 -0.0117107 69.8099 0 1 0 0 0.0117107 0 0.999931 172.465
0.999825 0 -0.0187192 69.7944 0 1 0 0 0.0187192 0 0.999825 173.294
0.999702 0 -0.0243984 69.7734 0 1 0 0 0.0243984 0 0.999702 174.126
0.999521 0 -0.0309459 69.7675 0 1 0 0 0.0309459 0 0.999521 174.979
0.999341 0 -0.036288 69.7206 0 1 0 0 0.036288 0 0.999341 175.838
0.999175 0 -0.0406104 69.6651 0 1 0 0 0.0406104 0 0.999175 176.693
0.998996 0 -0.0448071 69.6316 0 1 0 0 0.0448071 0 0.998996 177.537
0.99892 0 -0.0464698 69.5794 0 1 0 0 0.0464698 0 0.99892 178.374
0.998812 0 -0.0487226 69.5064 0 1 0 0 0.0487226 0 0.998812 179.21
0.998752 0 -0.0499371 69.4461 0 1 0 0 0.0499371 0 0.998752 180.056
0.998628 0 -0.0523717 69.4096 0 1 0 0 0.0523717 0 0.998628 180.914
0.998628 0 -0.0523717 69.3664 0 1 0 0 0.0523717 0 0.998628 181.776
0.998597 0 -0.0529551 69.3235 0 1 0 0 0.0529551 0 0.998597 182.639
0.998474 0 -0.0552194 69.2823 0 1 0 0 0.0552194 0 0.998474 183.495
0.998388 0 -0.056749 69.2309 0 1 0 0 0.056749 0 0.998388 184.344
0.998277 0 -0.058672 69.1931 0 1 0 0 0.058672 0 0.998277 185.189
0.997948 0 -0.0640329 69.2029 0 1 0 0 0.0640329 0 0.997948 186.038
0.997809 0 -0.0661532 69.1395 0 1 0 0 0.0661532 0 0.997809 186.899
0.997809 0 -0.0661532 69.0761 0 1 0 0 0.0661532 0 0.997809 187.76
0.997657 0 -0.0684115 69.02 0 1 0 0 0.0684115 0 0.997657 188.609
0.997767 0 -0.0667944 68.9377 0 1 0 0 0.0667944 0 0.997767 189.445
0.997642 0 -0.068632 68.8933 0 1 0 0 0.068632 0 0.997642 190.281
0.997642 0 -0.068632 68.824 0 1 0 0 0.068632 0 0.997642 191.119
0.997686 0 -0.067996 68.7459 0 1 0 0 0.067996 0 0.997686 191.959
0.997686 0 -0.067996 68.6733 0 1 0 0 0.067996 0 0.997686 192.796
0.997686 0 -0.067996 68.6059 0 1 0 0 0.067996 0 0.997686 193.63
0.997648 0 -0.0685523 68.5438 0 1 0 0 0.0685523 0 0.997648 194.462
0.997564 0 -0.0697548 68.503 0 1 0 0 0.0697548 0 0.997564 195.287
0.997476 0 -0.0710095 68.4482 0 1 0 0 0.0710095 0 0.997476 196.1
0.997353 0 -0.0727085 68.3871 0 1 0 0 0.0727085 0 0.997353 196.914
0.997179 0 -0.0750555 68.3346 0 1 0 0 0.0750555 0 0.997179 197.619
0.99703 0 -0.0770118 68.2824 0 1 0 0 0.0770118 0 0.99703 198.326
0.99703 0 -0.0770118 68.2293 0 1 0 0 0.0770118 0 0.99703 199.032
0.996894 0 -0.0787516 68.1867 0 1 0 0 0.0787516 0 0.996894 199.738
0.996977 0 -0.0776932 68.1186 0 1 0 0 0.0776932 0 0.996977 200.443
0.997038 0 -0.0769105 68.0574 0 1 0 0 0.0769105 0 0.997038 201.148
0.997102 0 -0.0760734 68.0123 0 1 0 0 0.0760734 0 0.997102 201.854
0.997609 0 -0.0691138 67.9623 0 1 0 0 0.0691138 0 0.997609 202.56
0.997609 0 -0.0691138 67.9124 0 1 0 0 0.0691138 0 0.997609 203.266
0.997957 0 -0.0638836 67.8521 0 1 0 0 0.0638836 0 0.997957 203.972
0.998338 0 -0.0576237 67.8154 0 1 0 0 0.0576237 0 0.998338 204.679
0.998596 0 -0.0529794 67.7849 0 1 0 0 0.0529794 0 0.998596 205.385
0.998899 0 -0.04691 67.7422 0 1 0 0 0.04691 0 0.998899 206.092
0.999223 0 -0.0394072 67.7017 0 1 0 0 0.0394072 0 0.999223 206.798
0.999483 0 -0.0321467 67.6834 0 1 0 0 0.0321467 0 0.999483 207.506
0.999694 0 -0.0247355 67.6556 0 1 0 0 0.0247355 0 0.999694 208.218
0.999867 0 -0.0163369 67.625 0 1 0 0 0.0163369 0 0.999867 208.866
0.999934 0 -0.0115149 67.6334 0 1 0 0 0.0115149 0 0.999934 209.514
0.999987 0 -0.00507435 67.6321 0 1 0 0 0.00507435 0 0.999987 210.162
1 0 0.000587016 67.639 0 1 0 0 -0.000587016 0 1 210.798
0.99999 0 0.00442701 67.6321 0 1 0 0 -0.00442701 0 0.99999 211.437
0.99998 0 0.00626857 67.6188 0 1 0 0 -0.00626857 0 0.99998 212.073
0.999987 0 0.00514652 67.6306 0 1 0 0 -0.00514652 0 0.999987 212.719
0.999995 0 0.00310024 67.6425 0 1 0 0 -0.00310024 0 0.999995 213.368
0.999995 0 0.00310024 67.6374 0 1 0 0 -0.00310024 0 0.999995 214.025
0.999995 0 0.00310024 67.6212 0 1 0 0 -0.00310024 0 0.999995 214.676
0.999998 0 0.00195548 67.6117 0 1 0 0 -0.00195548 0 0.999998 215.327
1 0 0.000640009 67.6041 0 1 0 0 -0.000640009 0 1 215.98
0.999996 0 -0.00280328 67.6083 0 1 0 0 0.00280328 0 0.999996 216.641
0.999982 0 -0.00598978 67.5917 0 1 0 0 0.00598978 0 0.999982 217.318
0.999952 0 -0.00984272 67.5647 0 1 0 0 0.00984272 0 0.999952 218.003
0.999899 0 -0.0142091 67.5516 0 1 0 0 0.0142091 0 0.999899 218.695
0.999825 0 -0.0187195 67.5513 0 1 0 0 0.0187195 0 0.999825 219.389
0.999786 0 -0.0206873 67.5294 0 1 0 0 0.0206873 0 0.999786 220.071
0.999729 0 -0.0232742 67.5055 0 1 0 0 0.0232742 0 0.999729 220.742
0.999636 0 -0.0269862 67.4739 0 1 0 0 0.0269862 0 0.999636 221.395
0.999586 0 -0.0287706 67.4596 0 1 0 0 0.0287706 0 0.999586 222.05
0.999586 0 -0.0287706 67.4382 0 1 0 0 0.0287706 0 0.999586 222.731
0.999535 0 -0.0304935 67.4276 0 1 0 0 0.0304935 0 0.999535 223.418
0.999473 0 -0.0324734 67.4113 0 1 0 0 0.0324734 0 0.999473 224.099
0.99943 0 -0.0337453 67.3986 0 1 0 0 0.0337453 0 0.99943 224.781
0.99943 0 -0.0337453 67.3702 0 1 0 0 0.0337453 0 0.99943 225.456
0.99943 0 -0.0337453 67.3462 0 1 0 0 0.0337453 0 0.99943 226.141
0.99943 0 -0.0337453 67.3179 0 1 0 0 0.0337453 0 0.99943 226.827
0.999456 0 -0.0329676 67.2814 0 1 0 0 0.0329676 0 0.999456 227.517
0.999488 0 -0.0320017 67.2391 0 1 0 0 0.0320017 0 0.999488 228.2
0.999488 0 -0.0320017 67.2166 0 1 0 0 0.0320017 0 0.999488 228.881
0.999533 0 -0.0305677 67.1886 0 1 0 0 0.0305677 0 0.999533 229.552
0.999533 0 -0.0305677 67.1664 0 1 0 0 0.0305677 0 0.999533 230.219
0.999533 0 -0.0305677 67.1379 0 1 0 0 0.0305677 0 0.999533 230.881
0.999499 0 -0.0316589 67.1439 0 1 0 0 0.0316589 0 0.999499 231.54
0.999475 0 -0.0323909 67.1228 0 1 0 0 0.0323909 0 0.999475 232.193
0.999475 0 -0.0323909 67.1017 0 1 0 0 0.0323909 0 0.999475 232.847
0.999363 0 -0.0356815 67.1003 0 1 0 0 0.0356815 0 0.999363 233.469
0.999216 0 -0.0395974 67.1305 0 1 0 0 0.0395974 0 0.999216 234.079
0.998808 0 -0.0488171 67.1186 0 1 0 0 0.0488171 0 0.998808 234.663
0.998808 0 -0.0488171 67.1068 0 1 0 0 0.0488171 0 0.998808 235.247
0.998352 0 -0.057386 67.0857 0 1 0 0 0.057386 0 0.998352 235.795
0.997666 0 -0.0682827 67.0452 0 1 0 0 0.0682827 0 0.997666 236.325
0.996563 0 -0.0828403 67.0025 0 1 0 0 0.0828403 0 0.996563 236.846
0.99485 0 -0.10136 66.9261 0 1 0 0 0.10136 0 0.99485 237.357
0.992353 0 -0.123433 66.8548 0 1 0 0 0.123433 0 0.992353 237.861
0.98896 0 -0.148181 66.7691 0 1 0 0 0.148181 0 0.98896 238.366
0.984431 0 -0.175769 66.6557 0 1 0 0 0.175769 0 0.984431 238.861
0.978215 0 -0.207596 66.5354 0 1 0 0 0.207596 0 0.978215 239.337
0.970055 0 -0.242887 66.3824 0 1 0 0 0.242887 0 0.970055 239.805
0.959204 0 -0.282716 66.2275 0 1 0 0 0.282716 0 0.959204 240.245
0.945836 0 -0.324644 66.0305 0 1 0 0 0.324644 0 0.945836 240.681
0.929281 0 -0.369375 65.8231 0 1 0 0 0.369375 0 0.929281 241.109
0.909693 0 -0.415281 65.5972 0 1 0 0 0.415281 0 0.909693 241.497
0.8864 0 -0.462921 65.3397 0 1 0 0 0.462921 0 0.8864 241.878
0.859547 0 -0.511056 65.06 0 1 0 0 0.511056 0 0.859547 242.238
0.829381 0 -0.558684 64.7736 0 1 0 0 0.558684 0 0.829381 242.554
0.794956 0 -0.606667 64.4693 0 1 0 0 0.606667 0 0.794956 242.873
0.758861 0 -0.651253 64.1368 0 1 0 0 0.651253 0 0.758861 243.166
0.720982 0 -0.692954 63.7992 0 1 0 0 0.692954 0 0.720982 243.425
0.681973 0 -0.731378 63.4352 0 1 0 0 0.731378 0 0.681973 243.667
0.640755 0 -0.767745 63.0666 0 1 0 0 0.767745 0 0.640755 243.885
0.597013 0 -0.802232 62.7103 0 1 0 0 0.802232 0 0.597013 244.089
0.551339 0 -0.834281 62.3348 0 1 0 0 0.834281 0 0.551339 244.269
0.503419 0 -0.864043 61.9577 0 1 0 0 0.864043 0 0.503419 244.432
0.453177 0 -0.89142 61.5813 0 1 0 0 0.89142 0 0.453177 244.573
0.400258 0 -0.916402 61.1941 0 1 0 0 0.916402 0 0.400258 244.712
0.3466 0 -0.938013 60.7884 0 1 0 0 0.938013 0 0.3466 244.829
0.296082 0 -0.955163 60.3592 0 1 0 0 0.955163 0 0.296082 244.913
0.247198 0 -0.968965 59.9145 0 1 0 0 0.968965 0 0.247198 244.986
0.200961 0 -0.979599 59.4526 0 1 0 0 0.979599 0 0.200961 245.048
0.159105 0 -0.987262 58.9824 0 1 0 0 0.987262 0 0.159105 245.05
0.0837262 0 -0.996489 58.4929 0 1 0 0 0.996489 0 0.0837262 245.081
0.0837262 0 -0.996489 58.0034 0 1 0 0 0.996489 0 0.0837262 245.113
0.0549003 0 -0.998492 57.5018 0 1 0 0 0.998492 0 0.0549003 245.116
0.0294399 0 -0.999567 56.9867 0 1 0 0 0.999567 0 0.0294399 245.115
0.00702491 0 -0.999975 56.4604 0 1 0 0 0.999975 0 0.00702491 245.101
-0.0115024 -0 -0.999934 55.9238 0 1 -0 0 0.999934 0 -0.0115024 245.073
-0.0253388 -0 -0.999679 55.3751 0 1 -0 0 0.999679 0 -0.0253388 245.017
-0.0355015 -0 -0.99937 54.811 0 1 -0 0 0.99937 0 -0.0355015 244.975
-0.0413162 -0 -0.999146 54.232 0 1 -0 0 0.999146 0 -0.0413162 244.938
-0.0478633 -0 -0.998854 53.6342 0 1 -0 0 0.998854 0 -0.0478633 244.944
-0.0512142 -0 -0.998688 53.0181 0 1 -0 0 0.998688 0 -0.0512142 244.933
-0.0539947 -0 -0.998541 52.3839 0 1 -0 0 0.998541 0 -0.0539947 244.919
-0.0576224 -0 -0.998338 51.7284 0 1 -0 0 0.998338 0 -0.0576224 244.928
-0.0570879 -0 -0.998369 51.0559 0 1 -0 0 0.998369 0 -0.0570879 244.881
-0.0570879 -0 -0.998369 50.3702 0 1 -0 0 0.998369 0 -0.0570879 244.86
-0.0570879 -0 -0.998369 49.6779 0 1 -0 0 0.998369 0 -0.0570879 244.831
-0.053209 -0 -0.998583 48.9695 0 1 -0 0 0.998583 0 -0.053209 244.755
-0.0516715 -0 -0.998664 48.229 0 1 -0 0 0.998664 0 -0.0516715 244.706
-0.0482967 -0 -0.998833 47.4564 0 1 -0 0 0.998833 0 -0.0482967 244.663
-0.0482967 -0 -0.998833 46.6838 0 1 -0 0 0.998833 0 -0.0482967 244.621
-0.0462401 -0 -0.99893 45.8841 0 1 -0 0 0.99893 0 -0.0462401 244.566
-0.0439474 -0 -0.999034 45.0728 0 1 -0 0 0.999034 0 -0.0439474 244.528
-0.0427168 -0 -0.999087 44.2385 0 1 -0 0 0.999087 0 -0.0427168 244.484
-0.0367616 -0 -0.999324 43.3984 0 1 -0 0 0.999324 0 -0.0367616 244.395
-0.0367616 -0 -0.999324 42.5302 0 1 -0 0 0.999324 0 -0.0367616 244.37
-0.0361676 -0 -0.999346 41.6641 0 1 -0 0 0.999346 0 -0.0361676 244.336
-0.0361676 -0 -0.999346 40.7947 0 1 -0 0 0.999346 0 -0.0361676 244.304
-0.0376455 -0 -0.999291 39.9325 0 1 -0 0 0.999291 0 -0.0376455 244.292
-0.0386703 -0 -0.999252 39.0705 0 1 -0 0 0.999252 0 -0.0386703 244.24
-0.0401177 -0 -0.999195 38.2024 0 1 -0 0 0.999195 0 -0.0401177 244.212
-0.0414705 -0 -0.99914 37.3253 0 1 -0 0 0.99914 0 -0.0414705 244.159
-0.0454928 -0 -0.998965 36.4556 0 1 -0 0 0.998965 0 -0.0454928 244.128
-0.0495638 -0 -0.998771 35.5841 0 1 -0 0 0.998771 0 -0.0495638 244.107
-0.050604 -0 -0.998719 34.7123 0 1 -0 0 0.998719 0 -0.050604 244.042
-0.048747 -0 -0.998811 33.8415 0 1 -0 0 0.998811 0 -0.048747 243.936
-0.0501125 -0 -0.998744 32.9779 0 1 -0 0 0.998744 0 -0.0501125 243.825
-0.0501125 -0 -0.998744 32.1142 0 1 -0 0 0.998744 0 -0.0501125 243.714
-0.0467727 -0 -0.998906 31.2517 0 1 -0 0 0.998906 0 -0.0467727 243.601
-0.0434747 -0 -0.999055 30.3645 0 1 -0 0 0.999055 0 -0.0434747 243.55
-0.0429446 -0 -0.999077 29.4948 0 1 -0 0 0.999077 0 -0.0429446 243.488
-0.0442364 -0 -0.999021 28.613 0 1 -0 0 0.999021 0 -0.0442364 243.449
-0.0475978 -0 -0.998867 27.7381 0 1 -0 0 0.998867 0 -0.0475978 243.448
-0.0446359 -0 -0.999003 26.8713 0 1 -0 0 0.999003 0 -0.0446359 243.408
-0.0446359 -0 -0.999003 26.0045 0 1 -0 0 0.999003 0 -0.0446359 243.369
-0.0394026 -0 -0.999223 25.1467 0 1 -0 0 0.999223 0 -0.0394026 243.331
-0.0394026 -0 -0.999223 24.2888 0 1 -0 0 0.999223 0 -0.0394026 243.293
-0.0394026 -0 -0.999223 23.4309 0 1 -0 0 0.999223 0 -0.0394026 243.255
-0.0364829 -0 -0.999334 22.5789 0 1 -0 0 0.999334 0 -0.0364829 243.223
-0.0320889 -0 -0.999485 21.7426 0 1 -0 0 0.999485 0 -0.0320889 243.14
-0.0293172 -0 -0.99957 20.9038 0 1 -0 0 0.99957 0 -0.0293172 243.111
-0.0293172 -0 -0.99957 20.0649 0 1 -0 0 0.99957 0 -0.0293172 243.083
-0.0252079 -0 -0.999682 19.2332 0 1 -0 0 0.999682 0 -0.0252079 242.984
-0.0281997 -0 -0.999602 18.4051 0 1 -0 0 0.999602 0 -0.0281997 242.953
-0.0281997 -0 -0.999602 17.577 0 1 -0 0 0.999602 0 -0.0281997 242.922
-0.037361 -0 -0.999302 16.7595 0 1 -0 0 0.999302 0 -0.037361 242.987
-0.0439227 -0 -0.999035 15.9488 0 1 -0 0 0.999035 0 -0.0439227 242.958
-0.0439227 -0 -0.999035 15.1381 0 1 -0 0 0.999035 0 -0.0439227 242.929
-0.0432489 -0 -0.999064 14.3409 0 1 -0 0 0.999064 0 -0.0432489 242.803
-0.0545508 -0 -0.998511 13.5346 0 1 -0 0 0.998511 0 -0.0545508 242.768
-0.0545508 -0 -0.998511 12.7282 0 1 -0 0 0.998511 0 -0.0545508 242.734
-0.0584928 -0 -0.998288 11.9297 0 1 -0 0 0.998288 0 -0.0584928 242.657
-0.0616091 -0 -0.9981 11.135 0 1 -0 0 0.9981 0 -0.0616091 242.596
-0.0652718 -0 -0.997868 10.3466 0 1 -0 0 0.997868 0 -0.0652718 242.548
-0.0681659 -0 -0.997674 9.56433 0 1 -0 0 0.997674 0 -0.0681659 242.482
-0.0703925 -0 -0.997519 8.79091 0 1 -0 0 0.997519 0 -0.0703925 242.425
-0.0724298 -0 -0.997374 8.02759 0 1 -0 0 0.997374 0 -0.0724298 242.357
-0.0677516 -0 -0.997702 7.2818 0 1 -0 0 0.997702 0 -0.0677516 242.237
-0.0648814 -0 -0.997893 6.55011 0 1 -0 0 0.997893 0 -0.0648814 242.133
-0.0648814 -0 -0.997893 5.81842 0 1 -0 0 0.997893 0 -0.0648814 242.029
-0.0648814 -0 -0.997893 5.10606 0 1 -0 0 0.997893 0 -0.0648814 241.976
-0.0619951 -0 -0.998076 4.41131 0 1 -0 0 0.998076 0 -0.0619951 241.898
-0.0646106 -0 -0.997911 3.72652 0 1 -0 0 0.997911 0 -0.0646106 241.881
-0.0613622 -0 -0.998116 3.06207 0 1 -0 0 0.998116 0 -0.0613622 241.871
-0.0613622 -0 -0.998116 2.39762 0 1 -0 0 0.998116 0 -0.0613622 241.861
-0.0583592 -0 -0.998296 1.75977 0 1 -0 0 0.998296 0 -0.0583592 241.818
-0.0540284 -0 -0.998539 1.13409 0 1 -0 0 0.998539 0 -0.0540284 241.77
-0.0500992 -0 -0.998744 0.524738 0 1 -0 0 0.998744 0 -0.0500992 241.723
-0.0399822 -0 -0.9992 -0.0581169 0 1 -0 0 0.9992 0 -0.0399822 241.698
-0.0399822 -0 -0.9992 -0.640972 0 1 -0 0 0.9992 0 -0.0399822 241.673
-0.0399822 -0 -0.9992 -1.22383 0 1 -0 0 0.9992 0 -0.0399822 241.648
-0.038049 -0 -0.999276 -1.77214 0 1 -0 0 0.999276 0 -0.038049 241.659
-0.0284669 -0 -0.999595 -2.29392 0 1 -0 0 0.999595 0 -0.0284669 241.64
-0.0284669 -0 -0.999595 -2.81571 0 1 -0 0 0.999595 0 -0.0284669 241.621
-0.019779 -0 -0.999804 -3.3038 0 1 -0 0 0.999804 0 -0.019779 241.621
-0.019779 -0 -0.999804 -3.79189 0 1 -0 0 0.999804 0 -0.019779 241.621
-0.0100884 -0 -0.999949 -4.24859 0 1 -0 0 0.999949 0 -0.0100884 241.613
-0.0100884 -0 -0.999949 -4.7053 0 1 -0 0 0.999949 0 -0.0100884 241.604
0.000998097 0 -1 -5.13336 0 1 0 0 1 0 0.000998097 241.562
0.0125785 0 -0.999921 -5.53867 0 1 0 0 0.999921 0 0.0125785 241.562
0.0125785 0 -0.999921 -5.94398 0 1 0 0 0.999921 0 0.0125785 241.562
0.0241654 0 -0.999708 -6.31186 0 1 0 0 0.999708 0 0.0241654 241.581
0.0241654 0 -0.999708 -6.67975 0 1 0 0 0.999708 0 0.0241654 241.6
0.0352564 0 -0.999378 -7.01401 0 1 0 0 0.999378 0 0.0352564 241.618
0.0352564 0 -0.999378 -7.34827 0 1 0 0 0.999378 0 0.0352564 241.637
0.0450137 0 -0.998986 -7.63836 0 1 0 0 0.998986 0 0.0450137 241.651
0.0450137 0 -0.998986 -7.92846 0 1 0 0 0.998986 0 0.0450137 241.664
0.0511752 0 -0.99869 -8.1671 0 1 0 0 0.99869 0 0.0511752 241.694
0.0511752 0 -0.99869 -8.40574 0 1 0 0 0.99869 0 0.0511752 241.723
0.0573791 0 -0.998352 -8.58799 0 1 0 0 0.998352 0 0.0573791 241.735
0.0573791 0 -0.998352 -8.77024 0 1 0 0 0.998352 0 0.0573791 241.747
0.0618803 0 -0.998084 -8.89004 0 1 0 0 0.998084 0 0.0618803 241.761
0.0618803 0 -0.998084 -9.00985 0 1 0 0 0.998084 0 0.0618803 241.775
0.0618803 0 -0.998084 -9.12965 0 1 0 0 0.998084 0 0.0618803 241.789
0.0592023 0 -0.998246 -9.19015 0 1 0 0 0.998246 0 0.0592023 241.797
0.0592023 0 -0.998246 -9.25065 0 1 0 0 0.998246 0 0.0592023 241.805
0.0592023 0 -0.998246 -9.31115 0 1 0 0 0.998246 0 0.0592023 241.813
0.0592023 0 -0.998246 -9.37165 0 1 0 0 0.998246 0 0.0592023 241.822
0.0604019 0 -0.998174 -9.38374 0 1 0 0 0.998174 0 0.0604019 241.822
0.0604019 0 -0.998174 -9.39583 0 1 0 0 0.998174 0 0.0604019 241.823
0.0604019 0 -0.998174 -9.40791 0 1 0 0 0.998174 0 0.0604019 241.824
0.0604019 0 -0.998174 -9.42 0 1 0 0 0.998174 0 0.0604019 241.825
0.0604019 0 -0.998174 -9.43209 0 1 0 0 0.998174 0 0.0604019 241.826
0.0604019 0 -0.998174 -9.44418 0 1 0 0 0.998174 0 0.0604019 241.826
0.0604019 0 -0.998174 -9.45627 0 1 0 0 0.998174 0 0.0604019 241.827
0.0604019 0 -0.998174 -9.46836 0 1 0 0 0.998174 0 0.0604019 241.828
0.0604019 0 -0.998174 -9.48045 0 1 0 0 0.998174 0 0.0604019 241.829
0.0604019 0 -0.998174 -9.49254 0 1 0 0 0.998174 0 0.0604019 241.83
0.0604019 0 -0.998174 -9.50463 0 1 0 0 0.998174 0 0.0604019 241.83
0.0604019 0 -0.998174 -9.51672 0 1 0 0 0.998174 0 0.0604019 241.831
0.0604019 0 -0.998174 -9.52881 0 1 0 0 0.998174 0 0.0604019 241.832
0.0604019 0 -0.998174 -9.5409 0 1 0 0 0.998174 0 0.0604019 241.833
0.0604019 0 -0.998174 -9.55299 0 1 0 0 0.998174 0 0.0604019 241.834
0.0604019 0 -0.998174 -9.56508 0 1 0 0 0.998174 0 0.0604019 241.834
0.0604019 0 -0.998174 -9.57717 0 1 0 0 0.998174 0 0.0604019 241.835
0.0604019 0 -0.998174 -9.58926 0 1 0 0 0.998174 0 0.0604019 241.836
0.0649169 0 -0.997891 -9.66832 0 1 0 0 0.997891 0 0.0649169 241.842
0.0649169 0 -0.997891 -9.74737 0 1 0 0 0.997891 0 0.0649169 241.847
0.0649169 0 -0.997891 -9.82643 0 1 0 0 0.997891 0 0.0649169 241.853
0.0744122 0 -0.997228 -9.95561 0 1 0 0 0.997228 0 0.0744122 241.86
0.0744122 0 -0.997228 -10.0848 0 1 0 0 0.997228 0 0.0744122 241.867
0.0910698 0 -0.995845 -10.2509 0 1 0 0 0.995845 0 0.0910698 241.894
0.0910698 0 -0.995845 -10.417 0 1 0 0 0.995845 0 0.0910698 241.92
0.102961 0 -0.994685 -10.6103 0 1 0 0 0.994685 0 0.102961 241.945
0.117204 0 -0.993108 -10.8176 0 1 0 0 0.993108 0 0.117204 241.974
0.133458 0 -0.991054 -11.0382 0 1 0 0 0.991054 0 0.133458 242.013
0.151993 0 -0.988382 -11.2704 0 1 0 0 0.988382 0 0.151993 242.08
0.197851 0 -0.980232 -11.518 0 1 0 0 0.980232 0 0.197851 242.147
0.197851 0 -0.980232 -11.7656 0 1 0 0 0.980232 0 0.197851 242.215
0.223904 0 -0.974611 -12.0173 0 1 0 0 0.974611 0 0.223904 242.304
0.254647 0 -0.967034 -12.2869 0 1 0 0 0.967034 0 0.254647 242.388
0.288008 0 -0.957628 -12.5615 0 1 0 0 0.957628 0 0.288008 242.492
0.323114 0 -0.94636 -12.8262 0 1 0 0 0.94636 0 0.323114 242.626
0.361328 0 -0.932439 -13.1015 0 1 0 0 0.932439 0 0.361328 242.787
0.40294 0 -0.915226 -13.3803 0 1 0 0 0.915226 0 0.40294 242.941
0.445807 0 -0.895129 -13.661 0 1 0 0 0.895129 0 0.445807 243.132
0.490414 0 -0.87149 -13.9326 0 1 0 0 0.87149 0 0.490414 243.35
0.536972 0 -0.8436 -14.2003 0 1 0 0 0.8436 0 0.536972 243.558
0.630784 0 -0.775959 -14.4695 0 1 0 0 0.775959 0 0.630784 243.813
0.630784 0 -0.775959 -14.7388 0 1 0 0 0.775959 0 0.630784 244.069
0.677083 0 -0.735907 -14.9812 0 1 0 0 0.735907 0 0.677083 244.323
0.765349 0 -0.643616 -15.2026 0 1 0 0 0.643616 0 0.765349 244.631
0.765349 0 -0.643616 -15.424 0 1 0 0 0.643616 0 0.765349 244.939
0.806448 0 -0.591306 -15.6435 0 1 0 0 0.591306 0 0.806448 245.302
0.843513 0 -0.537108 -15.8492 0 1 0 0 0.537108 0 0.843513 245.695
0.875375 0 -0.483444 -16.0111 0 1 0 0 0.483444 0 0.875375 246.075
0.903239 0 -0.429138 -16.1789 0 1 0 0 0.429138 0 0.903239 246.519
0.926785 0 -0.375592 -16.327 0 1 0 0 0.375592 0 0.926785 246.982
0.945801 0 -0.324747 -16.4364 0 1 0 0 0.324747 0 0.945801 247.434
0.961091 0 -0.276232 -16.5572 0 1 0 0 0.276232 0 0.961091 247.929
0.97322 0 -0.229876 -16.6637 0 1 0 0 0.229876 0 0.97322 248.424
0.982082 0 -0.188456 -16.7118 0 1 0 0 0.188456 0 0.982082 248.975
0.992807 0 -0.119727 -16.7565 0 1 0 0 0.119727 0 0.992807 249.545
0.992807 0 -0.119727 -16.8012 0 1 0 0 0.119727 0 0.992807 250.116
0.995626 0 -0.0934283 -16.8394 0 1 0 0 0.0934283 0 0.995626 250.727
0.997412 0 -0.0718932 -16.8911 0 1 0 0 0.0718932 0 0.997412 251.334
0.99849 0 -0.0549345 -16.9379 0 1 0 0 0.0549345 0 0.99849 251.963
0.999094 0 -0.0425627 -16.9548 0 1 0 0 0.0425627 0 0.999094 252.616
0.999679 0 -0.0253451 -16.9693 0 1 0 0 0.0253451 0 0.999679 253.29
0.999679 0 -0.0253451 -16.9837 0 1 0 0 0.0253451 0 0.999679 253.964
0.999891 0 -0.01476 -16.9551 0 1 0 0 0.01476 0 0.999891 254.67
0.999891 0 -0.01476 -16.9264 0 1 0 0 0.01476 0 0.999891 255.376
0.999952 0 -0.00976076 -16.9309 0 1 0 0 0.00976076 0 0.999952 256.114
0.999952 0 -0.00976076 -16.9353 0 1 0 0 0.00976076 0 0.999952 256.851
0.999969 0 -0.00783332 -16.9512 0 1 0 0 0.00783332 0 0.999969 257.625
0.999969 0 -0.00783332 -16.9671 0 1 0 0 0.00783332 0 0.999969 258.399
0.999953 0 -0.00966035 -17.0105 0 1 0 0 0.00966035 0 0.999953 259.193
0.999953 0 -0.00966035 -17.0508 0 1 0 0 0.00966035 0 0.999953 260.001
0.999931 0 -0.0117495 -17.0571 0 1 0 0 0.0117495 0 0.999931 260.828
0.999931 0 -0.0117495 -17.0634 0 1 0 0 0.0117495 0 0.999931 261.655
0.999895 0 -0.0144619 -17.0499 0 1 0 0 0.0144619 0 0.999895 262.505
0.999895 0 -0.0144619 -17.0697 0 1 0 0 0.0144619 0 0.999895 263.38
0.999895 0 -0.0144619 -17.0894 0 1 0 0 0.0144619 0 0.999895 264.255
0.999895 0 -0.0144619 -17.1121 0 1 0 0 0.0144619 0 0.999895 265.149
0.999882 0 -0.0153733 -17.1232 0 1 0 0 0.0153733 0 0.999882 266.059
0.999882 0 -0.0153733 -17.1344 0 1 0 0 0.0153733 0 0.999882 266.968
0.999845 0 -0.0176144 -17.1298 0 1 0 0 0.0176144 0 0.999845 267.888
0.999877 0 -0.0156838 -17.2032 0 1 0 0 0.0156838 0 0.999877 268.817
0.999902 0 -0.0140252 -17.2509 0 1 0 0 0.0140252 0 0.999902 269.761
0.999902 0 -0.0140252 -17.2717 0 1 0 0 0.0140252 0 0.999902 270.725
0.999873 0 -0.0159449 -17.2905 0 1 0 0 0.0159449 0 0.999873 271.7
0.999896 0 -0.0144143 -17.3269 0 1 0 0 0.0144143 0 0.999896 272.688
0.999896 0 -0.0144143 -17.3454 0 1 0 0 0.0144143 0 0.999896 273.692
0.999777 0 -0.021108 -17.2808 0 1 0 0 0.021108 0 0.999777 274.7
0.999619 0 -0.027592 -17.2635 0 1 0 0 0.027592 0 0.999619 275.711
0.999619 0 -0.027592 -17.2463 0 1 0 0 0.027592 0 0.999619 276.722
0.999552 0 -0.0299134 -17.2505 0 1 0 0 0.0299134 0 0.999552 277.743
0.999538 0 -0.0303811 -17.2903 0 1 0 0 0.0303811 0 0.999538 278.775
0.999556 0 -0.0297905 -17.338 0 1 0 0 0.0297905 0 0.999556 279.813
0.999556 0 -0.0297905 -17.2898 0 1 0 0 0.0297905 0 0.999556 280.861
0.999395 0 -0.0347843 -17.313 0 1 0 0 0.0347843 0 0.999395 281.914
0.999395 0 -0.0347843 -17.3362 0 1 0 0 0.0347843 0 0.999395 282.967
0.999332 0 -0.0365562 -17.3601 0 1 0 0 0.0365562 0 0.999332 284.016
0.999251 0 -0.0386971 -17.3793 0 1 0 0 0.0386971 0 0.999251 285.069
0.999281 0 -0.0379158 -17.4957 0 1 0 0 0.0379158 0 0.999281 286.122
0.999202 0 -0.0399319 -17.5804 0 1 0 0 0.0399319 0 0.999202 287.185
0.999108 0 -0.0422311 -17.6225 0 1 0 0 0.0422311 0 0.999108 288.251
0.999108 0 -0.0422311 -17.6852 0 1 0 0 0.0422311 0 0.999108 289.317
0.998984 0 -0.0450571 -17.685 0 1 0 0 0.0450571 0 0.998984 290.379
0.998929 0 -0.0462723 -17.7407 0 1 0 0 0.0462723 0 0.998929 291.431
0.998929 0 -0.0462723 -17.7964 0 1 0 0 0.0462723 0 0.998929 292.483
0.998971 0 -0.0453638 -17.8627 0 1 0 0 0.0453638 0 0.998971 293.527
0.998835 0 -0.0482514 -17.8802 0 1 0 0 0.0482514 0 0.998835 294.567
0.9989 0 -0.0468937 -17.9339 0 1 0 0 0.0468937 0 0.9989 295.605
0.998997 0 -0.0447677 -18.0184 0 1 0 0 0.0447677 0 0.998997 296.639
0.999112 0 -0.0421387 -18.0911 0 1 0 0 0.0421387 0 0.999112 297.674
0.999188 0 -0.0402912 -18.1635 0 1 0 0 0.0402912 0 0.999188 298.705
0.999188 0 -0.0402912 -18.2197 0 1 0 0 0.0402912 0 0.999188 299.733
0.999188 0 -0.0402912 -18.1845 0 1 0 0 0.0402912 0 0.999188 300.76
0.999223 0 -0.0394021 -18.2237 0 1 0 0 0.0394021 0 0.999223 301.788
0.999223 0 -0.0394021 -18.263 0 1 0 0 0.0394021 0 0.999223 302.817
0.999371 0 -0.0354567 -18.3477 0 1 0 0 0.0354567 0 0.999371 303.843
0.999371 0 -0.0354567 -18.3911 0 1 0 0 0.0354567 0 0.999371 304.864
0.999425 0 -0.0339063 -18.4232 0 1 0 0 0.0339063 0 0.999425 305.885
0.99946 0 -0.0328669 -18.481 0 1 0 0 0.0328669 0 0.99946 306.907
0.999498 0 -0.0316872 -18.5094 0 1 0 0 0.0316872 0 0.999498 307.93
0.999498 0 -0.0316872 -18.5301 0 1 0 0 0.0316872 0 0.999498 308.953
0.999569 0 -0.0293571 -18.6243 0 1 0 0 0.0293571 0 0.999569 309.972
0.999694 0 -0.0247232 -18.7217 0 1 0 0 0.0247232 0 0.999694 310.999
0.999758 0 -0.0220158 -18.8181 0 1 0 0 0.0220158 0 0.999758 312.025
0.999745 0 -0.0225911 -18.8579 0 1 0 0 0.0225911 0 0.999745 313.057
0.999707 0 -0.0241892 -18.8513 0 1 0 0 0.0241892 0 0.999707 314.094
0.999723 0 -0.0235407 -18.8881 0 1 0 0 0.0235407 0 0.999723 315.132
0.99968 0 -0.0253068 -18.8805 0 1 0 0 0.0253068 0 0.99968 316.178
0.999706 0 -0.0242596 -18.8892 0 1 0 0 0.0242596 0 0.999706 317.23
0.999706 0 -0.0242596 -18.898 0 1 0 0 0.0242596 0 0.999706 318.282
0.999723 0 -0.0235549 -18.9439 0 1 0 0 0.0235549 0 0.999723 319.344
0.999723 0 -0.0235549 -18.9898 0 1 0 0 0.0235549 0 0.999723 320.406
0.999745 0 -0.0225768 -18.99 0 1 0 0 0.0225768 0 0.999745 321.469
0.999712 0 -0.0240054 -19.0162 0 1 0 0 0.0240054 0 0.999712 322.543
0.999712 0 -0.0240054 -19.0709 0 1 0 0 0.0240054 0 0.999712 323.623
0.999712 0 -0.0240054 -19.0782 0 1 0 0 0.0240054 0 0.999712 324.707
0.999752 0 -0.0222534 -19.1288 0 1 0 0 0.0222534 0 0.999752 325.792
0.999752 0 -0.0222534 -19.1478 0 1 0 0 0.0222534 0 0.999752 326.877
0.999736 0 -0.022987 -19.161 0 1 0 0 0.022987 0 0.999736 327.96
0.999736 0 -0.022987 -19.1777 0 1 0 0 0.022987 0 0.999736 329.039
0.999736 0 -0.022987 -19.2107 0 1 0 0 0.022987 0 0.999736 330.113
0.999736 0 -0.022987 -19.2524 0 1 0 0 0.022987 0 0.999736 331.183
0.99969 0 -0.0248911 -19.2958 0 1 0 0 0.0248911 0 0.99969 332.252
0.999799 0 -0.0200353 -19.424 0 1 0 0 0.0200353 0 0.999799 333.316
0.999799 0 -0.0200353 -19.4351 0 1 0 0 0.0200353 0 0.999799 334.388
0.999799 0 -0.0200353 -19.4461 0 1 0 0 0.0200353 0 0.999799 335.461
0.999752 0 -0.0222597 -19.4607 0 1 0 0 0.0222597 0 0.999752 336.53
0.999706 0 -0.0242485 -19.4883 0 1 0 0 0.0242485 0 0.999706 337.588
0.999706 0 -0.0242485 -19.4972 0 1 0 0 0.0242485 0 0.999706 338.641
0.999631 0 -0.0271668 -19.4974 0 1 0 0 0.0271668 0 0.999631 339.694
0.999376 0 -0.0353196 -19.4078 0 1 0 0 0.0353196 0 0.999376 340.729
0.999162 0 -0.0409372 -19.4333 0 1 0 0 0.0409372 0 0.999162 341.754
0.999162 0 -0.0409372 -19.4588 0 1 0 0 0.0409372 0 0.999162 342.78
0.999124 0 -0.0418445 -19.5201 0 1 0 0 0.0418445 0 0.999124 343.785
0.999124 0 -0.0418445 -19.5814 0 1 0 0 0.0418445 0 0.999124 344.79
0.999032 0 -0.0440002 -19.583 0 1 0 0 0.0440002 0 0.999032 345.784
0.998997 0 -0.0447686 -19.6412 0 1 0 0 0.0447686 0 0.998997 346.765
0.998997 0 -0.0447686 -19.6993 0 1 0 0 0.0447686 0 0.998997 347.745
0.998997 0 -0.0447686 -19.7574 0 1 0 0 0.0447686 0 0.998997 348.707
0.998997 0 -0.0447686 -19.822 0 1 0 0 0.0447686 0 0.998997 349.657
0.998997 0 -0.0447686 -19.8802 0 1 0 0 0.0447686 0 0.998997 350.598
0.998997 0 -0.0447686 -19.9344 0 1 0 0 0.0447686 0 0.998997 351.528
0.998948 0 -0.0458589 -19.9691 0 1 0 0 0.0458589 0 0.998948 352.446
0.998948 0 -0.0458589 -20.0211 0 1 0 0 0.0458589 0 0.998948 353.343
0.999041 0 -0.0437889 -20.08 0 1 0 0 0.0437889 0 0.999041 354.225
0.999116 0 -0.0420329 -20.1265 0 1 0 0 0.0420329 0 0.999116 355.095
0.999149 0 -0.041246 -20.1708 0 1 0 0 0.041246 0 0.999149 355.946
0.999127 0 -0.0417853 -20.1496 0 1 0 0 0.0417853 0 0.999127 356.78
0.999241 0 -0.0389478 -20.1488 0 1 0 0 0.0389478 0 0.999241 357.581
0.999241 0 -0.0389478 -20.148 0 1 0 0 0.0389478 0 0.999241 358.382
0.999196 0 -0.0401031 -20.0859 0 1 0 0 0.0401031 0 0.999196 359.155
0.999272 0 -0.0381568 -20.1045 0 1 0 0 0.0381568 0 0.999272 359.889
0.999272 0 -0.0381568 -20.1231 0 1 0 0 0.0381568 0 0.999272 360.624
0.999346 0 -0.036173 -20.1522 0 1 0 0 0.036173 0 0.999346 361.307
0.999346 0 -0.036173 -20.1812 0 1 0 0 0.036173 0 0.999346 361.991
0.999439 0 -0.0335053 -20.1978 0 1 0 0 0.0335053 0 0.999439 362.627
0.999439 0 -0.0335053 -20.2144 0 1 0 0 0.0335053 0 0.999439 363.263
0.999496 0 -0.0317409 -20.2526 0 1 0 0 0.0317409 0 0.999496 363.848
0.999496 0 -0.0317409 -20.2907 0 1 0 0 0.0317409 0 0.999496 364.433
0.999496 0 -0.0317409 -20.3288 0 1 0 0 0.0317409 0 0.999496 365.018
0.999315 0 -0.0370161 -20.3629 0 1 0 0 0.0370161 0 0.999315 365.544
0.999315 0 -0.0370161 -20.397 0 1 0 0 0.0370161 0 0.999315 366.07
0.998687 0 -0.0512241 -20.4234 0 1 0 0 0.0512241 0 0.998687 366.552
0.998687 0 -0.0512241 -20.4498 0 1 0 0 0.0512241 0 0.998687 367.033
0.997877 0 -0.0651208 -20.4492 0 1 0 0 0.0651208 0 0.997877 367.494
0.995019 0 -0.099683 -20.4996 0 1 0 0 0.099683 0 0.995019 367.936
0.995019 0 -0.099683 -20.55 0 1 0 0 0.099683 0 0.995019 368.377
0.992632 0 -0.121166 -20.6263 0 1 0 0 0.121166 0 0.992632 368.816
0.989238 0 -0.146314 -20.7194 0 1 0 0 0.146314 0 0.989238 369.252
0.984411 0 -0.175884 -20.8091 0 1 0 0 0.175884 0 0.984411 369.671
0.977613 0 -0.21041 -20.9145 0 1 0 0 0.21041 0 0.977613 370.101
0.968427 0 -0.249297 -21.0507 0 1 0 0 0.249297 0 0.968427 370.524
0.956905 0 -0.290402 -21.2187 0 1 0 0 0.290402 0 0.956905 370.897
0.94313 0 -0.332424 -21.4198 0 1 0 0 0.332424 0 0.94313 371.283
0.926762 0 -0.375649 -21.6327 0 1 0 0 0.375649 0 0.926762 371.667
0.90734 0 -0.420398 -21.8281 0 1 0 0 0.420398 0 0.90734 372.007
0.884753 0 -0.46606 -22.0647 0 1 0 0 0.46606 0 0.884753 372.372
0.858628 0 -0.5126 -22.3478 0 1 0 0 0.5126 0 0.858628 372.716
0.795246 0 -0.606287 -22.6439 0 1 0 0 0.606287 0 0.795246 373.038
0.795246 0 -0.606287 -22.94 0 1 0 0 0.606287 0 0.795246 373.359
0.75767 0 -0.652638 -23.2801 0 1 0 0 0.652638 0 0.75767 373.693
0.716546 0 -0.69754 -23.6073 0 1 0 0 0.69754 0 0.716546 373.976
0.672068 0 -0.740489 -23.9989 0 1 0 0 0.740489 0 0.672068 374.275
0.62407 0 -0.781368 -24.378 0 1 0 0 0.781368 0 0.62407 374.529
0.571135 0 -0.820856 -24.8057 0 1 0 0 0.820856 0 0.571135 374.79
0.514882 0 -0.857261 -25.2568 0 1 0 0 0.857261 0 0.514882 375.026
0.455823 0 -0.89007 -25.7005 0 1 0 0 0.89007 0 0.455823 375.201
0.393391 0 -0.919371 -26.1925 0 1 0 0 0.919371 0 0.393391 375.363
0.328383 0 -0.944545 -26.693 0 1 0 0 0.944545 0 0.328383 375.505
0.263016 0 -0.964792 -27.1905 0 1 0 0 0.964792 0 0.263016 375.622
0.198847 0 -0.98003 -27.7292 0 1 0 0 0.98003 0 0.198847 375.709
0.139229 0 -0.99026 -28.287 0 1 0 0 0.99026 0 0.139229 375.748
0.0863052 0 -0.996269 -28.8518 0 1 0 0 0.996269 0 0.0863052 375.738
0.039608 0 -0.999215 -29.4237 0 1 0 0 0.999215 0 0.039608 375.706
0.000277444 0 -1 -30.007 0 1 0 0 1 0 0.000277444 375.685
-0.029241 -0 -0.999572 -30.6078 0 1 -0 0 0.999572 0 -0.029241 375.642
-0.050486 -0 -0.998725 -31.2195 0 1 -0 0 0.998725 0 -0.050486 375.612
-0.0663908 -0 -0.997794 -31.835 0 1 -0 0 0.997794 0 -0.0663908 375.545
-0.0761571 -0 -0.997096 -32.4511 0 1 -0 0 0.997096 0 -0.0761571 375.479
-0.0814289 -0 -0.996679 -33.0696 0 1 -0 0 0.996679 0 -0.0814289 375.413
-0.0844419 -0 -0.996428 -33.7006 0 1 -0 0 0.996428 0 -0.0844419 375.362
-0.0854602 -0 -0.996342 -34.3515 0 1 -0 0 0.996342 0 -0.0854602 375.321
-0.0839346 -0 -0.996471 -35.0211 0 1 -0 0 0.996471 0 -0.0839346 375.267
-0.0809846 -0 -0.996715 -35.7015 0 1 -0 0 0.996715 0 -0.0809846 375.188
-0.0798931 -0 -0.996803 -36.3897 0 1 -0 0 0.996803 0 -0.0798931 375.124
-0.0798931 -0 -0.996803 -37.0907 0 1 -0 0 0.996803 0 -0.0798931 375.077
-0.0789663 -0 -0.996877 -37.8021 0 1 -0 0 0.996877 0 -0.0789663 375.017
-0.0759424 -0 -0.997112 -38.5254 0 1 -0 0 0.997112 0 -0.0759424 374.953
-0.0705047 -0 -0.997511 -39.2623 0 1 -0 0 0.997511 0 -0.0705047 374.884
-0.0669673 -0 -0.997755 -40.0164 0 1 -0 0 0.997755 0 -0.0669673 374.859
-0.0621266 -0 -0.998068 -40.7901 0 1 -0 0 0.998068 0 -0.0621266 374.799
-0.0553095 -0 -0.998469 -41.5785 0 1 -0 0 0.998469 0 -0.0553095 374.719
-0.0510423 -0 -0.998696 -42.3803 0 1 -0 0 0.998696 0 -0.0510423 374.659
-0.0505134 -0 -0.998723 -43.2016 0 1 -0 0 0.998723 0 -0.0505134 374.631
-0.0505134 -0 -0.998723 -44.0348 0 1 -0 0 0.998723 0 -0.0505134 374.644
-0.0437002 -0 -0.999045 -44.8987 0 1 -0 0 0.999045 0 -0.0437002 374.598
-0.0437002 -0 -0.999045 -45.7627 0 1 -0 0 0.999045 0 -0.0437002 374.553
-0.0405769 -0 -0.999176 -46.6463 0 1 -0 0 0.999176 0 -0.0405769 374.511
-0.0390716 -0 -0.999236 -47.5403 0 1 -0 0 0.999236 0 -0.0390716 374.491
-0.0404536 -0 -0.999181 -48.4399 0 1 -0 0 0.999181 0 -0.0404536 374.499
-0.0404536 -0 -0.999181 -49.3394 0 1 -0 0 0.999181 0 -0.0404536 374.506
-0.0404536 -0 -0.999181 -50.2453 0 1 -0 0 0.999181 0 -0.0404536 374.485
-0.0393904 -0 -0.999224 -51.1568 0 1 -0 0 0.999224 0 -0.0393904 374.443
-0.0393904 -0 -0.999224 -52.0734 0 1 -0 0 0.999224 0 -0.0393904 374.402
-0.0408745 -0 -0.999164 -52.9964 0 1 -0 0 0.999164 0 -0.0408745 374.37
-0.0408745 -0 -0.999164 -53.9212 0 1 -0 0 0.999164 0 -0.0408745 374.323
-0.0408745 -0 -0.999164 -54.8402 0 1 -0 0 0.999164 0 -0.0408745 374.268
-0.0414785 -0 -0.999139 -55.7581 0 1 -0 0 0.999139 0 -0.0414785 374.213
-0.0414785 -0 -0.999139 -56.676 0 1 -0 0 0.999139 0 -0.0414785 374.158
-0.0419527 -0 -0.99912 -57.5902 0 1 -0 0 0.99912 0 -0.0419527 374.113
-0.0428139 -0 -0.999083 -58.5053 0 1 -0 0 0.999083 0 -0.0428139 374.063
-0.0465127 -0 -0.998918 -59.4136 0 1 -0 0 0.998918 0 -0.0465127 374.061
-0.0503866 -0 -0.99873 -60.3227 0 1 -0 0 0.99873 0 -0.0503866 373.997
-0.0503866 -0 -0.99873 -61.2318 0 1 -0 0 0.99873 0 -0.0503866 373.933
-0.0554665 -0 -0.998461 -62.1419 0 1 -0 0 0.998461 0 -0.0554665 373.895
-0.0587191 -0 -0.998275 -63.0532 0 1 -0 0 0.998275 0 -0.0587191 373.831
-0.066519 -0 -0.997785 -63.9568 0 1 -0 0 0.997785 0 -0.066519 373.775
-0.066519 -0 -0.997785 -64.8604 0 1 -0 0 0.997785 0 -0.066519 373.719
-0.0658374 -0 -0.99783 -65.7526 0 1 -0 0 0.99783 0 -0.0658374 373.618
-0.0667247 -0 -0.997771 -66.6453 0 1 -0 0 0.997771 0 -0.0667247 373.521
-0.061545 -0 -0.998104 -67.5256 0 1 -0 0 0.998104 0 -0.061545 373.355
-0.0633449 -0 -0.997992 -68.421 0 1 -0 0 0.997992 0 -0.0633449 373.283
-0.0633449 -0 -0.997992 -69.3163 0 1 -0 0 0.997992 0 -0.0633449 373.212
-0.0622122 -0 -0.998063 -70.2122 0 1 -0 0 0.998063 0 -0.0622122 373.161
-0.0705087 -0 -0.997511 -71.0985 0 1 -0 0 0.997511 0 -0.0705087 373.229
-0.0648563 -0 -0.997895 -71.9861 0 1 -0 0 0.997895 0 -0.0648563 373.18
-0.0648563 -0 -0.997895 -72.8737 0 1 -0 0 0.997895 0 -0.0648563 373.131
-0.0571035 -0 -0.998368 -73.7577 0 1 -0 0 0.998368 0 -0.0571035 373.037
-0.049661 -0 -0.998766 -74.6429 0 1 -0 0 0.998766 0 -0.049661 372.963
-0.043881 -0 -0.999037 -75.5252 0 1 -0 0 0.999037 0 -0.043881 372.915
-0.039988 -0 -0.9992 -76.4085 0 1 -0 0 0.9992 0 -0.039988 372.885
-0.0355337 -0 -0.999368 -77.2842 0 1 -0 0 0.999368 0 -0.0355337 372.873
-0.0335172 -0 -0.999438 -78.1594 0 1 -0 0 0.999438 0 -0.0335172 372.889
-0.0301112 -0 -0.999547 -79.0327 0 1 -0 0 0.999547 0 -0.0301112 372.884
-0.0259478 -0 -0.999663 -79.902 0 1 -0 0 0.999663 0 -0.0259478 372.86
-0.0204812 -0 -0.99979 -80.7673 0 1 -0 0 0.99979 0 -0.0204812 372.831
-0.016423 -0 -0.999865 -81.636 0 1 -0 0 0.999865 0 -0.016423 372.829
-0.0113371 -0 -0.999936 -82.5025 0 1 -0 0 0.999936 0 -0.0113371 372.805
-0.00714142 -0 -0.999974 -83.3677 0 1 -0 0 0.999974 0 -0.00714142 372.799
-0.00160383 -0 -0.999999 -84.2306 0 1 -0 0 0.999999 0 -0.00160383 372.765
0.00443738 0 -0.99999 -85.083 0 1 0 0 0.99999 0 0.00443738 372.752
0.00443738 0 -0.99999 -85.9353 0 1 0 0 0.99999 0 0.00443738 372.739
0.00680481 0 -0.999977 -86.7629 0 1 0 0 0.999977 0 0.00680481 372.732
0.00680481 0 -0.999977 -87.5722 0 1 0 0 0.999977 0 0.00680481 372.761
0.0120793 0 -0.999927 -88.3531 0 1 0 0 0.999927 0 0.0120793 372.716
0.0120793 0 -0.999927 -89.134 0 1 0 0 0.999927 0 0.0120793 372.67
0.0130272 0 -0.999915 -89.8853 0 1 0 0 0.999915 0 0.0130272 372.663
0.0130272 0 -0.999915 -90.6142 0 1 0 0 0.999915 0 0.0130272 372.655
0.0100901 0 -0.999949 -91.3217 0 1 0 0 0.999949 0 0.0100901 372.643
0.00747066 0 -0.999972 -92.0063 0 1 0 0 0.999972 0 0.00747066 372.635
0.00354475 0 -0.999994 -92.6629 0 1 0 0 0.999994 0 0.00354475 372.606
-0.000878478 -0 -1 -93.2957 0 1 -0 0 1 0 -0.000878478 372.592
-0.00647079 -0 -0.999979 -93.9098 0 1 -0 0 0.999979 0 -0.00647079 372.571
-0.0134722 -0 -0.999909 -94.5038 0 1 -0 0 0.999909 0 -0.0134722 372.564
-0.0203601 -0 -0.999793 -95.0991 0 1 -0 0 0.999793 0 -0.0203601 372.515
-0.0288418 -0 -0.999584 -95.6929 0 1 -0 0 0.999584 0 -0.0288418 372.491
-0.0346967 -0 -0.999398 -96.2836 0 1 -0 0 0.999398 0 -0.0346967 372.437
-0.0420184 -0 -0.999117 -96.871 0 1 -0 0 0.999117 0 -0.0420184 372.4
-0.0503658 -0 -0.998731 -97.4552 0 1 -0 0 0.998731 0 -0.0503658 372.368
-0.0566872 -0 -0.998392 -98.0329 0 1 -0 0 0.998392 0 -0.0566872 372.315
-0.0641162 -0 -0.997942 -98.6111 0 1 -0 0 0.997942 0 -0.0641162 372.288
-0.0700314 -0 -0.997545 -99.1864 0 1 -0 0 0.997545 0 -0.0700314 372.223
-0.0742875 -0 -0.997237 -99.761 0 1 -0 0 0.997237 0 -0.0742875 372.154
-0.0800812 -0 -0.996788 -100.344 0 1 -0 0 0.996788 0 -0.0800812 372.107
-0.0850333 -0 -0.996378 -100.933 0 1 -0 0 0.996378 0 -0.0850333 372.047
-0.0897315 -0 -0.995966 -101.527 0 1 -0 0 0.995966 0 -0.0897315 371.992
-0.0941238 -0 -0.995561 -102.129 0 1 -0 0 0.995561 0 -0.0941238 371.932
-0.0985747 -0 -0.99513 -102.738 0 1 -0 0 0.99513 0 -0.0985747 371.875
-0.10202 -0 -0.994782 -103.35 0 1 -0 0 0.994782 0 -0.10202 371.808
-0.105451 -0 -0.994424 -103.971 0 1 -0 0 0.994424 0 -0.105451 371.748
-0.10626 -0 -0.994338 -104.597 0 1 -0 0 0.994338 0 -0.10626 371.664
-0.10626 -0 -0.994338 -105.233 0 1 -0 0 0.994338 0 -0.10626 371.589
-0.107009 -0 -0.994258 -105.885 0 1 -0 0 0.994258 0 -0.107009 371.523
-0.106066 -0 -0.994359 -106.549 0 1 -0 0 0.994359 0 -0.106066 371.437
-0.106782 -0 -0.994282 -107.223 0 1 -0 0 0.994282 0 -0.106782 371.364
-0.10522 -0 -0.994449 -107.922 0 1 -0 0 0.994449 0 -0.10522 371.275
-0.10328 -0 -0.994652 -108.633 0 1 -0 0 0.994652 0 -0.10328 371.189
-0.100993 -0 -0.994887 -109.351 0 1 -0 0 0.994887 0 -0.100993 371.113
-0.0977574 -0 -0.99521 -110.073 0 1 -0 0 0.99521 0 -0.0977574 371.033
-0.0935818 -0 -0.995612 -110.8 0 1 -0 0 0.995612 0 -0.0935818 370.956
-0.0913656 -0 -0.995817 -111.555 0 1 -0 0 0.995817 0 -0.0913656 370.9
-0.0872376 -0 -0.996188 -112.346 0 1 -0 0 0.996188 0 -0.0872376 370.828
-0.0818876 -0 -0.996642 -113.15 0 1 -0 0 0.996642 0 -0.0818876 370.699
-0.0754273 -0 -0.997151 -113.965 0 1 -0 0 0.997151 0 -0.0754273 370.643
-0.0754273 -0 -0.997151 -114.78 0 1 -0 0 0.997151 0 -0.0754273 370.586
-0.0721632 -0 -0.997393 -115.603 0 1 -0 0 0.997393 0 -0.0721632 370.55
-0.0680108 -0 -0.997685 -116.446 0 1 -0 0 0.997685 0 -0.0680108 370.484
-0.0578287 -0 -0.998327 -117.328 0 1 -0 0 0.998327 0 -0.0578287 370.412
-0.0578287 -0 -0.998327 -118.21 0 1 -0 0 0.998327 0 -0.0578287 370.34
-0.0505937 -0 -0.998719 -119.112 0 1 -0 0 0.998719 0 -0.0505937 370.25
-0.043192 -0 -0.999067 -120.012 0 1 -0 0 0.999067 0 -0.043192 370.182
-0.0355497 -0 -0.999368 -120.925 0 1 -0 0 0.999368 0 -0.0355497 370.149
-0.0286626 -0 -0.999589 -121.852 0 1 -0 0 0.999589 0 -0.0286626 370.138
-0.0222541 -0 -0.999752 -122.806 0 1 -0 0 0.999752 0 -0.0222541 370.134
-0.0147367 -0 -0.999891 -123.78 0 1 -0 0 0.999891 0 -0.0147367 370.115
-0.00833721 -0 -0.999965 -124.759 0 1 -0 0 0.999965 0 -0.00833721 370.108
-0.00386504 -0 -0.999993 -125.735 0 1 -0 0 0.999993 0 -0.00386504 370.13
-0.000130437 -0 -1 -126.712 0 1 -0 0 1 0 -0.000130437 370.124
0.00238691 0 -0.999997 -127.696 0 1 0 0 0.999997 0 0.00238691 370.103
0.00127036 0 -0.999999 -128.688 0 1 0 0 0.999999 0 0.00127036 370.134
0.00127036 0 -0.999999 -129.683 0 1 0 0 0.999999 0 0.00127036 370.128
0.00127036 0 -0.999999 -130.679 0 1 0 0 0.999999 0 0.00127036 370.123
0.000803901 0 -1 -131.678 0 1 0 0 1 0 0.000803901 370.093
-0.00268095 -0 -0.999996 -132.679 0 1 -0 0 0.999996 0 -0.00268095 370.101
-0.00706898 -0 -0.999975 -133.678 0 1 -0 0 0.999975 0 -0.00706898 370.106
-0.0105195 -0 -0.999945 -134.667 0 1 -0 0 0.999945 0 -0.0105195 370.098
-0.0139096 -0 -0.999903 -135.653 0 1 -0 0 0.999903 0 -0.0139096 370.088
-0.0154152 -0 -0.999881 -136.641 0 1 -0 0 0.999881 0 -0.0154152 370.029
-0.0218075 -0 -0.999762 -137.634 0 1 -0 0 0.999762 0 -0.0218075 370.004
-0.0218075 -0 -0.999762 -138.628 0 1 -0 0 0.999762 0 -0.0218075 369.978
-0.0250366 -0 -0.999687 -139.611 0 1 -0 0 0.999687 0 -0.0250366 369.955
-0.0272168 -0 -0.99963 -140.584 0 1 -0 0 0.99963 0 -0.0272168 369.917
-0.0296265 -0 -0.999561 -141.552 0 1 -0 0 0.999561 0 -0.0296265 369.877
-0.0312541 -0 -0.999511 -142.522 0 1 -0 0 0.999511 0 -0.0312541 369.835
-0.0325104 -0 -0.999471 -143.489 0 1 -0 0 0.999471 0 -0.0325104 369.782
-0.0317204 -0 -0.999497 -144.458 0 1 -0 0 0.999497 0 -0.0317204 369.715
-0.0340288 -0 -0.999421 -145.429 0 1 -0 0 0.999421 0 -0.0340288 369.671
-0.0378724 -0 -0.999283 -146.396 0 1 -0 0 0.999283 0 -0.0378724 369.63
-0.0409464 -0 -0.999161 -147.364 0 1 -0 0 0.999161 0 -0.0409464 369.575
-0.0437087 -0 -0.999044 -148.323 0 1 -0 0 0.999044 0 -0.0437087 369.544
-0.0458716 -0 -0.998947 -149.27 0 1 -0 0 0.998947 0 -0.0458716 369.456
-0.0505087 -0 -0.998724 -150.22 0 1 -0 0 0.998724 0 -0.0505087 369.402
-0.0515151 -0 -0.998672 -151.173 0 1 -0 0 0.998672 0 -0.0515151 369.345
-0.052845 -0 -0.998603 -152.131 0 1 -0 0 0.998603 0 -0.052845 369.304
-0.0543992 -0 -0.998519 -153.085 0 1 -0 0 0.998519 0 -0.0543992 369.252
-0.0554566 -0 -0.998461 -154.033 0 1 -0 0 0.998461 0 -0.0554566 369.202
-0.0554566 -0 -0.998461 -154.98 0 1 -0 0 0.998461 0 -0.0554566 369.146
-0.0554566 -0 -0.998461 -155.92 0 1 -0 0 0.998461 0 -0.0554566 369.098
-0.0554566 -0 -0.998461 -156.855 0 1 -0 0 0.998461 0 -0.0554566 369.044
-0.0597245 -0 -0.998215 -157.79 0 1 -0 0 0.998215 0 -0.0597245 369.047
-0.056608 -0 -0.998396 -158.716 0 1 -0 0 0.998396 0 -0.056608 368.982
-0.056608 -0 -0.998396 -159.641 0 1 -0 0 0.998396 0 -0.056608 368.917
-0.0561107 -0 -0.998425 -160.56 0 1 -0 0 0.998425 0 -0.0561107 368.868
-0.0543804 -0 -0.99852 -161.479 0 1 -0 0 0.99852 0 -0.0543804 368.818
-0.0529465 -0 -0.998597 -162.397 0 1 -0 0 0.998597 0 -0.0529465 368.766
-0.0529465 -0 -0.998597 -163.314 0 1 -0 0 0.998597 0 -0.0529465 368.73
-0.0509408 -0 -0.998702 -164.216 0 1 -0 0 0.998702 0 -0.0509408 368.673
-0.0517803 -0 -0.998659 -165.108 0 1 -0 0 0.998659 0 -0.0517803 368.645
-0.0517803 -0 -0.998659 -165.99 0 1 -0 0 0.998659 0 -0.0517803 368.599
-0.0505931 -0 -0.998719 -166.857 0 1 -0 0 0.998719 0 -0.0505931 368.548
-0.0480263 -0 -0.998846 -167.709 0 1 -0 0 0.998846 0 -0.0480263 368.494
-0.0480263 -0 -0.998846 -168.554 0 1 -0 0 0.998846 0 -0.0480263 368.454
-0.0480263 -0 -0.998846 -169.383 0 1 -0 0 0.998846 0 -0.0480263 368.409
-0.0480263 -0 -0.998846 -170.183 0 1 -0 0 0.998846 0 -0.0480263 368.379
-0.0480263 -0 -0.998846 -170.959 0 1 -0 0 0.998846 0 -0.0480263 368.331
-0.0480263 -0 -0.998846 -171.717 0 1 -0 0 0.998846 0 -0.0480263 368.296
-0.0480263 -0 -0.998846 -172.466 0 1 -0 0 0.998846 0 -0.0480263 368.268
-0.052015 -0 -0.998646 -173.202 0 1 -0 0 0.998646 0 -0.052015 368.273
-0.053998 -0 -0.998541 -173.904 0 1 -0 0 0.998541 0 -0.053998 368.242
-0.0570989 -0 -0.998369 -174.581 0 1 -0 0 0.998369 0 -0.0570989 368.218
-0.0603028 -0 -0.99818 -175.23 0 1 -0 0 0.99818 0 -0.0603028 368.181
-0.0612814 -0 -0.998121 -175.859 0 1 -0 0 0.998121 0 -0.0612814 368.11
-0.0691812 -0 -0.997604 -176.473 0 1 -0 0 0.997604 0 -0.0691812 368.065
-0.0691812 -0 -0.997604 -177.087 0 1 -0 0 0.997604 0 -0.0691812 368.02
-0.0745887 -0 -0.997214 -177.681 0 1 -0 0 0.997214 0 -0.0745887 367.975
