0.999996 -2.71932e-006 0.00277309 -0.00329009 -2.71932e-006 0.999998 0.00196121 -0.00117126 -0.00277309 -0.00196121 0.999994 0.0328147
0.999998 -2.08175e-006 0.00214932 -0.00468991 -2.08175e-006 0.999998 0.00193712 -0.00672376 -0.00214932 -0.00193712 0.999996 0.786848
0.999982 -6.63927e-006 0.00606274 -0.0603835 -6.63927e-006 0.999998 0.00219017 -0.037598 -0.00606274 -0.00219017 0.999979 1.84423
0.999981 -6.07694e-006 0.0061654 -0.0710473 -6.07694e-006 0.999998 0.00197128 -0.0491122 -0.0061654 -0.00197128 0.999979 2.17702
0.999971 -6.84161e-006 0.0076803 -0.0866611 -6.84161e-006 0.999998 0.00178157 -0.0516885 -0.0076803 -0.00178157 0.999969 2.76527
0.999976 -7.98159e-006 0.0069663 -0.0541061 -7.98159e-006 0.999997 0.00229146 -0.0673185 -0.0069663 -0.00229146 0.999973 3.399
0.999963 -2.46849e-005 0.00863403 -0.0880263 -2.46849e-005 0.999984 0.00571789 -0.0823473 -0.00863403 -0.00571789 0.999946 4.3964
0.999956 -4.46439e-005 0.00940846 -0.0678806 -4.46439e-005 0.999955 0.00948973 -0.0902883 -0.00940846 -0.00948973 0.999911 5.0035
0.999926 -8.30246e-005 0.0122052 -0.0754506 -8.30246e-005 0.999907 0.0136037 -0.103268 -0.0122052 -0.0136037 0.999833 5.6151
0.999936 -8.49973e-005 0.0113171 -0.018468 -8.49973e-005 0.999887 0.0150196 -0.0890499 -0.0113171 -0.0150196 0.999823 6.30211
0.999928 -9.11717e-005 0.0120096 -0.0276496 -9.11717e-005 0.999885 0.0151817 -0.108116 -0.0120096 -0.0151817 0.999813 6.8771
0.999896 -7.33995e-005 0.0144398 -0.0314679 -7.33995e-005 0.999948 0.0101655 -0.120008 -0.0144398 -0.0101655 0.999844 7.55762
0.999896 -7.33995e-005 0.0144398 -0.0352862 -7.33995e-005 0.999948 0.0101655 -0.1319 -0.0144398 -0.0101655 0.999844 8.23813
0.999911 -5.46511e-005 0.0133106 0.0930359 -5.46511e-005 0.999966 0.00821114 -0.14404 -0.0133106 -0.00821114 0.999878 8.95877
0.999826 -4.74025e-005 0.0186314 0.0820591 -4.74025e-005 0.999987 0.00508797 -0.150599 -0.0186314 -0.00508797 0.999813 9.56679
0.999826 -4.74025e-005 0.0186314 0.0710823 -4.74025e-005 0.999987 0.00508797 -0.157159 -0.0186314 -0.00508797 0.999813 10.1748
0.999818 -2.91641e-005 0.0190548 0.116849 -2.91641e-005 0.999995 0.00306079 -0.181238 -0.0190548 -0.00306079 0.999814 10.6605
0.999683 -3.02494e-005 0.0251718 0.0615507 -3.02494e-005 0.999997 0.00240305 -0.186807 -0.0251718 -0.00240305 0.99968 11.1134
0.999613 -5.33717e-005 0.0278205 0.0862123 -5.33717e-005 0.999993 0.0038361 -0.209423 -0.0278205 -0.0038361 0.999606 11.5333
0.999499 -6.89774e-005 0.0316504 0.0841789 -6.89774e-005 0.999991 0.0043576 -0.20897 -0.0316504 -0.0043576 0.99949 11.9559
0.999344 -8.05782e-005 0.0362251 0.0540363 -8.05782e-005 0.99999 0.00444727 -0.219939 -0.0362251 -0.00444727 0.999334 12.4522
0.999325 -0.000108279 0.0367262 0.133571 -0.000108279 0.999983 0.00589452 -0.227873 -0.0367262 -0.00589452 0.999308 12.8235
0.999436 -8.74354e-005 0.0335793 0.188193 -8.74354e-005 0.999986 0.00520619 -0.204767 -0.0335793 -0.00520619 0.999422 13.1947
0.999162 -0.000123827 0.0409292 0.154578 -0.000123827 0.999982 0.00604821 -0.240051 -0.0409292 -0.00604821 0.999144 13.5336
0.999559 -3.58039e-005 0.029704 0.356792 -3.58039e-005 0.999997 0.00241018 -0.218982 -0.029704 -0.00241018 0.999556 13.7894
0.999074 -7.71108e-005 0.0430264 0.218784 -7.71108e-005 0.999994 0.00358268 -0.252527 -0.0430264 -0.00358268 0.999068 14.1119
0.999169 -1.31629e-005 0.0407599 0.25884 -1.31629e-005 1 0.000645607 -0.261393 -0.0407599 -0.000645607 0.999169 14.3756
0.999169 -1.31629e-005 0.0407599 0.298896 -1.31629e-005 1 0.000645607 -0.270259 -0.0407599 -0.000645607 0.999169 14.6393
0.999 1.42184e-005 0.0447148 0.297466 1.42184e-005 1 -0.00063564 -0.273645 -0.0447148 0.00063564 0.999 14.7642
0.998988 6.7288e-005 0.0449759 0.316917 6.7288e-005 0.999996 -0.00299066 -0.275959 -0.0449759 0.00299066 0.998984 14.9101
0.998988 6.7288e-005 0.0449759 0.336368 6.7288e-005 0.999996 -0.00299066 -0.278272 -0.0449759 0.00299066 0.998984 15.0561
0.998878 7.64801e-005 0.0473627 0.295739 7.64801e-005 0.999995 -0.00322773 -0.282987 -0.0473627 0.00322773 0.998873 15.2123
0.998768 0.000208415 0.0496265 0.312039 0.000208415 0.999965 -0.00839403 -0.285116 -0.0496265 0.00839403 0.998733 15.3569
0.998768 0.000208415 0.0496265 0.32834 0.000208415 0.999965 -0.00839403 -0.287244 -0.0496265 0.00839403 0.998733 15.5016
0.99889 0.000355722 0.0471066 0.297819 0.000355722 0.999886 -0.0150936 -0.280397 -0.0471066 0.0150936 0.998776 16.0459
0.998753 0.000363975 0.0499252 0.291092 0.000363975 0.999894 -0.014571 -0.305794 -0.0499252 0.014571 0.998647 16.5135
0.998529 0.000499819 0.0542251 0.209518 0.000499819 0.99983 -0.0184198 -0.327733 -0.0542251 0.0184198 0.998359 17.1971
0.999026 0.000433353 0.0441346 0.238745 0.000433353 0.999807 -0.0196264 -0.327547 -0.0441346 0.0196264 0.998833 17.5366
0.999026 0.000433353 0.0441346 0.267973 0.000433353 0.999807 -0.0196264 -0.327361 -0.0441346 0.0196264 0.998833 17.8762
0.99921 0.000426093 0.0397503 0.234261 0.000426093 0.99977 -0.0214276 -0.349176 -0.0397503 0.0214276 0.99898 18.7074
0.999493 0.000339888 0.0318357 0.355649 0.000339888 0.999772 -0.0213448 -0.262539 -0.0318357 0.0213448 0.999265 18.8018
0.99966 0.000296546 0.0260839 0.212583 0.000296546 0.999742 -0.0227311 -0.355661 -0.0260839 0.0227311 0.999401 18.9446
0.999974 8.96258e-005 0.00726922 0.23329 8.96258e-005 0.999696 -0.0246549 -0.339584 -0.00726922 0.0246549 0.99967 19.2046
0.999974 8.96258e-005 0.00726922 0.253997 8.96258e-005 0.999696 -0.0246549 -0.323507 -0.00726922 0.0246549 0.99967 19.4647
0.999986 -7.02299e-005 -0.00530962 0.210674 -7.02299e-005 0.99965 -0.026449 -0.348505 0.00530962 0.026449 0.999636 19.5836
0.999766 -0.000306905 -0.0216447 0.219163 -0.000306905 0.999598 -0.0283493 -0.341687 0.0216447 0.0283493 0.999364 19.7092
0.999175 -0.000592212 -0.0406007 0.181223 -0.000592212 0.999575 -0.0291543 -0.356207 0.0406007 0.0291543 0.99875 19.7721
0.998059 -0.000893273 -0.0622673 0.157758 -0.000893273 0.999589 -0.0286578 -0.359627 0.0622673 0.0286578 0.997648 19.9025
0.996328 -0.00117495 -0.0856113 0.11027 -0.00117495 0.999624 -0.0273929 -0.358958 0.0856113 0.0273929 0.995952 20.0711
0.993647 -0.00146101 -0.112534 0.0917328 -0.00146101 0.999664 -0.0258789 -0.365911 0.112534 0.0258789 0.993311 20.1699
0.989768 -0.00172154 -0.142675 0.0691178 -0.00172154 0.99971 -0.0240054 -0.365681 0.142675 0.0240054 0.989478 20.2436
0.984466 -0.00184416 -0.175566 0.00966348 -0.00184416 0.999781 -0.0208427 -0.373007 0.175566 0.0208427 0.984247 20.4343
0.977153 -0.00186153 -0.21253 -0.0748841 -0.00186153 0.999848 -0.0173164 -0.374591 0.21253 0.0173164 0.977001 20.654
0.967721 -0.0015654 -0.252017 -0.165712 -0.0015654 0.999924 -0.012222 -0.383615 0.252017 0.012222 0.967646 20.8783
0.955925 -0.00105016 -0.293609 -0.265561 -0.00105016 0.999975 -0.0069957 -0.391177 0.293609 0.0069957 0.9559 21.0951
0.942089 -0.000469393 -0.335362 -0.391538 -0.000469393 0.999996 -0.00271826 -0.392852 0.335362 0.00271826 0.942086 21.3174
0.925634 0.0005214 -0.378419 -0.527761 0.0005214 0.999996 0.0026532 -0.399783 0.378419 -0.0026532 0.92563 21.5441
0.906454 0.00193255 -0.4223 -0.65441 0.00193255 0.99996 0.00872423 -0.398782 0.4223 -0.00872423 0.906414 21.7449
0.885237 0.00375309 -0.465124 -0.797136 0.00375309 0.999877 0.015211 -0.400137 0.465124 -0.015211 0.885115 21.9204
0.860822 0.00549358 -0.508877 -0.990109 0.00549358 0.999783 0.0200862 -0.402872 0.508877 -0.0200862 0.860605 22.1598
0.833203 0.00708588 -0.552921 -1.20892 0.00708588 0.999699 0.0234893 -0.403911 0.552921 -0.0234893 0.832902 22.4083
0.803122 0.00848665 -0.595754 -1.46602 0.00848665 0.999634 0.0256807 -0.400817 0.595754 -0.0256807 0.802757 22.6572
0.770254 0.0103381 -0.637654 -1.74022 0.0103381 0.999535 0.028693 -0.396798 0.637654 -0.028693 0.769788 22.8937
0.734042 0.0126823 -0.678986 -2.04635 0.0126823 0.999395 0.0323775 -0.383342 0.678986 -0.0323775 0.733437 23.1432
0.69567 0.0142881 -0.718219 -2.38199 0.0142881 0.999329 0.0337199 -0.374976 0.718219 -0.0337199 0.694999 23.394
0.655158 0.0151766 -0.755339 -2.74116 0.0151766 0.999332 0.0332427 -0.364134 0.755339 -0.0332427 0.654491 23.6427
0.61273 0.0155436 -0.79014 -3.13683 0.0155436 0.999376 0.0317133 -0.354951 0.79014 -0.0317133 0.612106 23.8855
0.568785 0.0164115 -0.822322 -3.56153 0.0164115 0.999375 0.0312966 -0.347504 0.822322 -0.0312966 0.568161 24.1088
0.522517 0.0180341 -0.852438 -4.00608 0.0180341 0.999319 0.0321959 -0.33592 0.852438 -0.0321959 0.521836 24.3204
0.473532 0.0197585 -0.880555 -4.47288 0.0197585 0.999258 0.0330474 -0.324014 0.880555 -0.0330474 0.47279 24.5029
0.421715 0.0196227 -0.906516 -4.96918 0.0196227 0.999334 0.0307604 -0.311354 0.906516 -0.0307604 0.42105 24.6707
0.36856 0.0193098 -0.929403 -5.48658 0.0193098 0.999409 0.0284217 -0.302518 0.929403 -0.0284217 0.36797 24.8169
0.315413 0.0204265 -0.948735 -6.01139 0.0204265 0.999391 0.0283081 -0.286803 0.948735 -0.0283081 0.314803 24.9316
0.262695 0.0244669 -0.964569 -6.55173 0.0244669 0.999188 0.0320085 -0.272815 0.964569 -0.0320085 0.261883 25.0206
0.211374 0.0267023 -0.97704 -7.12101 0.0267023 0.999096 0.0330819 -0.253284 0.97704 -0.0330819 0.21047 25.093
0.162891 0.025579 -0.986313 -7.70982 0.025579 0.999218 0.0301381 -0.245006 0.986313 -0.0301381 0.162109 25.1439
0.118484 0.0266141 -0.992599 -8.30616 0.0266141 0.999196 0.0299679 -0.238289 0.992599 -0.0299679 0.11768 25.1771
0.0787156 0.0299498 -0.996447 -8.90413 0.0299498 0.999026 0.0323933 -0.230733 0.996447 -0.0323933 0.077742 25.1784
0.0437774 0.0346299 -0.998441 -9.51007 0.0346299 0.998746 0.0361589 -0.214937 0.998441 -0.0361589 0.0425233 25.1679
0.015869 0.039331 -0.9991 -10.1129 0.039331 0.998428 0.0399292 -0.197945 0.9991 -0.0399292 0.0142971 25.138
-0.00496453 0.0425409 -0.999082 -10.7624 0.0425409 0.998199 0.0422919 -0.173976 0.999082 -0.0422919 -0.00676532 25.1065
-0.0185534 0.0414356 -0.998969 -11.424 0.0414356 0.998314 0.0406389 -0.148537 0.998969 -0.0406389 -0.0202391 25.0844
-0.0269587 0.0420567 -0.998751 -12.1159 0.0420567 0.998278 0.0409016 -0.125662 0.998751 -0.0409016 -0.0286811 25.0601
-0.0303354 0.0421679 -0.99865 -12.8586 0.0421679 0.998274 0.0408711 -0.106852 0.99865 -0.0408711 -0.0320612 25.0194
-0.0309823 0.0350391 -0.998906 -13.6311 0.0350391 0.998809 0.033949 -0.0814728 0.998906 -0.033949 -0.0321731 25.0081
-0.0275628 0.0230533 -0.999354 -14.4632 0.0230533 0.999483 0.0224204 -0.0567687 0.999354 -0.0224204 -0.02808 24.9945
-0.0222176 0.0228164 -0.999493 -15.3026 0.0228164 0.999491 0.0223092 -0.0385372 0.999493 -0.0223092 -0.0227269 24.9853
-0.0158369 0.0256751 -0.999545 -16.1482 0.0256751 0.999351 0.0252633 -0.0291628 0.999545 -0.0252633 -0.0164858 24.9677
-0.0138763 0.0212718 -0.999677 -17.0252 0.0212718 0.999554 0.0209739 -0.0245158 0.999677 -0.0209739 -0.0143226 24.9714
-0.0110248 0.0238818 -0.999654 -17.8823 0.0238818 0.999436 0.0236132 -0.0100264 0.999654 -0.0236132 -0.011589 24.9612
-0.00964005 0.0313808 -0.999461 -18.6926 0.0313808 0.999025 0.0310644 -0.0115246 0.999461 -0.0310644 -0.0106154 24.9387
-0.0105391 0.0352221 -0.999324 -19.4172 0.0352221 0.998772 0.0348312 0.00517699 0.999324 -0.0348312 -0.0117667 24.9319
-0.0134369 0.0453755 -0.99888 -20.181 0.0453755 0.997968 0.0447237 0.023446 0.99888 -0.0447237 -0.0154685 24.8981
-0.0177191 0.0507839 -0.998552 -20.9315 0.0507839 0.997466 0.0498275 0.0640776 0.998552 -0.0498275 -0.0202533 24.8723
-0.022759 0.051986 -0.998388 -21.7206 0.051986 0.997358 0.0507473 0.105194 0.998388 -0.0507473 -0.0254014 24.8421
-0.0247121 0.053211 -0.998277 -22.5879 0.053211 0.997237 0.0518383 0.152349 0.998277 -0.0518383 -0.0274752 24.8101
-0.0266065 0.0506357 -0.998363 -23.5258 0.0506357 0.997502 0.0492426 0.197703 0.998363 -0.0492426 -0.029104 24.7806
-0.0278327 0.0507342 -0.998324 -24.4824 0.0507342 0.997496 0.0492776 0.236976 0.998324 -0.0492776 -0.0303369 24.7445
-0.0296142 0.0516786 -0.998225 -25.4922 0.0516786 0.997406 0.0501031 0.271244 0.998225 -0.0501031 -0.0322081 24.7121
-0.0308901 0.0540833 -0.998059 -26.5516 0.0540833 0.997163 0.0523609 0.289831 0.998059 -0.0523609 -0.0337275 24.649
-0.0357831 0.0540685 -0.997896 -27.6471 0.0540685 0.997178 0.0520908 0.32621 0.997896 -0.0520908 -0.0386055 24.6127
-0.0411023 0.0542596 -0.997681 -28.7332 0.0542596 0.997172 0.0519966 0.359277 0.997681 -0.0519966 -0.0439301 24.5503
-0.0473458 0.0564459 -0.997282 -29.797 0.0564459 0.996958 0.0537478 0.394565 0.997282 -0.0537478 -0.0503879 24.4835
-0.0538605 0.0564022 -0.996954 -30.7918 0.0564022 0.996981 0.0533566 0.433258 0.996954 -0.0533566 -0.0568791 24.4148
-0.0599857 0.0587937 -0.996466 -31.864 0.0587937 0.996739 0.0552705 0.483919 0.996466 -0.0552705 -0.0632468 24.3324
-0.0656415 0.0619359 -0.995919 -32.9121 0.0619359 0.9964 0.0578836 0.52362 0.995919 -0.0578836 -0.0692413 24.2474
-0.0695557 0.0664764 -0.995361 -33.9861 0.0664764 0.995868 0.0618649 0.578423 0.995361 -0.0618649 -0.0736874 24.1536
-0.0706688 0.0717942 -0.994913 -35.0815 0.0717942 0.995186 0.0667143 0.626028 0.994913 -0.0667143 -0.075483 24.0449
-0.0722862 0.0751388 -0.99455 -36.2348 0.0751388 0.994735 0.0696915 0.684779 0.99455 -0.0696915 -0.0775514 23.9517
-0.0736006 0.0765028 -0.994349 -37.3415 0.0765028 0.994549 0.0708555 0.743934 0.994349 -0.0708555 -0.0790521 23.8556
-0.0743944 0.0784547 -0.994138 -38.4798 0.0784547 0.994271 0.0725942 0.811056 0.994138 -0.0725942 -0.0801233 23.7627
-0.0756741 0.0787848 -0.994015 -39.6271 0.0787848 0.99423 0.072804 0.870664 0.994015 -0.072804 -0.0814445 23.6583
-0.0751567 0.0832189 -0.993693 -40.8088 0.0832189 0.993559 0.0769135 0.9307 0.993693 -0.0769135 -0.081598 23.5526
-0.0749545 0.0874272 -0.993347 -42.0065 0.0874272 0.992889 0.08079 0.999711 0.993347 -0.08079 -0.082065 23.4383
-0.0733579 0.0938109 -0.992884 -43.209 0.0938109 0.991801 0.0867775 1.07214 0.992884 -0.0867775 -0.0815569 23.3247
-0.0723475 0.0948047 -0.992863 -44.3961 0.0948047 0.991618 0.0877776 1.15502 0.992863 -0.0877776 -0.0807291 23.2203
-0.0721594 0.0939396 -0.992959 -45.5571 0.0939396 0.991769 0.0870003 1.2432 0.992959 -0.0870003 -0.0803901 23.1355
-0.0697179 0.0952014 -0.993014 -46.7131 0.0952014 0.991527 0.0883749 1.33014 0.993014 -0.0883749 -0.0781905 23.0324
-0.0698501 0.0904249 -0.993451 -47.8666 0.0904249 0.992357 0.0839675 1.42218 0.993451 -0.0839675 -0.0774929 22.9465
-0.066627 0.0912051 -0.993601 -49.0214 0.0912051 0.992201 0.0849608 1.50052 0.993601 -0.0849608 -0.0744258 22.8527
-0.0616756 0.0947084 -0.993593 -50.2357 0.0947084 0.991551 0.088635 1.5827 0.993593 -0.088635 -0.0701242 22.7527
-0.0544178 0.099747 -0.993524 -51.4744 0.099747 0.990564 0.0939865 1.67402 0.993524 -0.0939865 -0.0638538 22.6491
-0.0486499 0.101103 -0.993686 -52.7097 0.101103 0.990252 0.0958039 1.76421 0.993686 -0.0958039 -0.0583975 22.5843
-0.0423332 0.101998 -0.993883 -53.9633 0.101998 0.990019 0.0972572 1.86561 0.993883 -0.0972572 -0.0523143 22.5079
-0.0351566 0.102027 -0.99416 -55.1881 0.102027 0.989944 0.0979866 1.96064 0.99416 -0.0979866 -0.0452127 22.4184
-0.0316679 0.0979795 -0.994684 -56.3826 0.0979795 0.990695 0.0944671 2.05973 0.994684 -0.0944671 -0.0409732 22.3882
-0.0263412 0.0962818 -0.995006 -57.6292 0.0962818 0.990968 0.0933422 2.16033 0.995006 -0.0933422 -0.0353735 22.3342
-0.0207732 0.0950703 -0.995254 -58.8781 0.0950703 0.991146 0.0926935 2.25609 0.995254 -0.0926935 -0.0296276 22.2967
-0.0154004 0.094742 -0.995383 -60.1754 0.094742 0.99116 0.0928742 2.35587 0.995383 -0.0928742 -0.0242403 22.2589
-0.0112612 0.09263 -0.995637 -61.4828 0.09263 0.991515 0.0911988 2.46426 0.995637 -0.0911988 -0.019746 22.2444
-0.00588997 0.0917509 -0.995765 -62.5667 0.0917509 0.991631 0.0908273 2.54633 0.995765 -0.0908273 -0.0142589 22.2204
-0.00108982 0.0909212 -0.995857 -63.8511 0.0909212 0.991742 0.090446 2.63568 0.995857 -0.090446 -0.00934748 22.2051
0.00257722 0.0903329 -0.995908 -65.146 0.0903329 0.991819 0.0901958 2.73408 0.995908 -0.0901958 -0.0056039 22.1977
0.0051054 0.0888658 -0.996031 -66.4157 0.0888658 0.992062 0.0889673 2.83393 0.996031 -0.0889673 -0.00283225 22.1974
0.00812366 0.0899228 -0.995916 -67.6934 0.0899228 0.991848 0.090289 2.92781 0.995916 -0.090289 -2.86734e-005 22.1884
0.00899008 0.0899893 -0.995902 -68.938 0.0899893 0.991828 0.0904335 3.03507 0.995902 -0.0904335 0.000818543 22.177
0.0103813 0.0926331 -0.995646 -70.2339 0.0926331 0.991329 0.0931973 3.12893 0.995646 -0.0931973 0.00171036 22.181
0.0105568 0.0910211 -0.995793 -71.5305 0.0910211 0.991627 0.0916053 3.2347 0.995793 -0.0916053 0.00218352 22.1763
0.0121012 0.0915679 -0.995725 -72.8139 0.0915679 0.991513 0.0922933 3.32215 0.995725 -0.0922933 0.00361379 22.1726
0.01175 0.089674 -0.995902 -74.1216 0.089674 0.991863 0.0903683 3.42231 0.995902 -0.0903683 0.00361296 22.1866
0.0113556 0.0865736 -0.996181 -75.3964 0.0865736 0.992419 0.0872335 3.51722 0.996181 -0.0872335 0.00377454 22.19
0.0124657 0.0851301 -0.996292 -76.6339 0.0851301 0.992661 0.085885 3.60585 0.996292 -0.085885 0.00512705 22.1753
0.0106264 0.0835107 -0.99645 -77.8625 0.0835107 0.992951 0.084108 3.69321 0.99645 -0.084108 0.00357746 22.1956
0.0111015 0.0858018 -0.99625 -79.121 0.0858018 0.992555 0.0864397 3.77902 0.99625 -0.0864397 0.0036569 22.1912
0.0149071 0.0872769 -0.996073 -80.4201 0.0872769 0.992267 0.0882497 3.921 0.996073 -0.0882497 0.00717457 22.1209
0.0135069 0.0892243 -0.99592 -81.7349 0.0892243 0.99193 0.090077 3.98593 0.99592 -0.090077 0.00543694 22.1577
0.0151015 0.0876637 -0.996036 -82.9813 0.0876637 0.992197 0.088655 4.07106 0.996036 -0.088655 0.00729878 22.1349
0.0147753 0.0869483 -0.996103 -84.2398 0.0869483 0.992327 0.0879083 4.15171 0.996103 -0.0879083 0.00710192 22.1479
0.013358 0.0841878 -0.99636 -85.5309 0.0841878 0.992816 0.085017 4.24634 0.99636 -0.085017 0.00617446 22.1628
0.0138819 0.0822672 -0.996514 -86.8219 0.0822672 0.993137 0.0831344 4.32499 0.996514 -0.0831344 0.00701872 22.1409
0.0123135 0.0824273 -0.996521 -88.0331 0.0824273 0.993121 0.0831646 4.40733 0.996521 -0.0831646 0.00543455 22.1748
0.015216 0.0841649 -0.996336 -89.3549 0.0841649 0.992807 0.0851522 4.48966 0.996336 -0.0851522 0.00802285 22.1305
0.0134523 0.0832191 -0.99644 -90.6557 0.0832191 0.99298 0.0840536 4.58518 0.99644 -0.0840536 0.00643247 22.1709
0.0140156 0.0823315 -0.996506 -91.9882 0.0823315 0.993125 0.0832101 4.653 0.996506 -0.0832101 0.00714082 22.173
0.0142207 0.0805503 -0.996649 -93.3047 0.0805503 0.993418 0.0814385 4.74447 0.996649 -0.0814385 0.00763874 22.1701
0.0139257 0.0783432 -0.996829 -94.6131 0.0783432 0.993776 0.0791977 4.83629 0.996829 -0.0791977 0.00770135 22.1769
0.0133202 0.07622 -0.997002 -95.9275 0.07622 0.994112 0.0770174 4.91572 0.997002 -0.0770174 0.00743226 22.1811
0.0142241 0.0777333 -0.996873 -97.2462 0.0777333 0.99387 0.0786084 4.99906 0.996873 -0.0786084 0.00809443 22.1819
0.0159716 0.0805821 -0.99662 -98.5691 0.0805821 0.993401 0.0816133 5.08878 0.99662 -0.0816133 0.00937276 22.1686
0.0148479 0.0813082 -0.996578 -99.8915 0.0813082 0.993289 0.0822513 5.17211 0.996578 -0.0822513 0.00813721 22.2035
0.0174572 0.0848517 -0.996241 -101.207 0.0848517 0.992672 0.0860347 5.24275 0.996241 -0.0860347 0.0101295 22.1756
0.017709 0.0859021 -0.996146 -102.477 0.0859021 0.992488 0.0871137 5.32043 0.996146 -0.0871137 0.0101968 22.1939
0.0182033 0.0859549 -0.996133 -103.706 0.0859549 0.992475 0.08721 5.41003 0.996133 -0.08721 0.010678 22.1924
0.0182951 0.0853359 -0.996184 -104.979 0.0853359 0.992582 0.0865945 5.5033 0.996184 -0.0865945 0.0108772 22.2044
0.0173606 0.0847681 -0.996249 -106.258 0.0847681 0.992687 0.0859422 5.58539 0.996249 -0.0859422 0.010048 22.2196
0.0175753 0.0841421 -0.996299 -107.505 0.0841421 0.992793 0.0853303 5.68093 0.996299 -0.0853303 0.0103688 22.2227
0.0174999 0.085213 -0.996209 -108.859 0.085213 0.992609 0.086402 5.78878 0.996209 -0.086402 0.0101093 22.2112
0.0179442 0.0893085 -0.995842 -110.18 0.0893085 0.991878 0.0905622 5.8702 0.995842 -0.0905622 0.00982248 22.2134
0.0195221 0.0932226 -0.995454 -111.463 0.0932226 0.991137 0.0946465 5.96954 0.995454 -0.0946465 0.0106586 22.2017
0.0191712 0.093476 -0.995437 -112.814 0.093476 0.991091 0.0948682 6.06644 0.995437 -0.0948682 0.0102627 22.2153
0.0198919 0.0933518 -0.995434 -114.194 0.0933518 0.991109 0.0948116 6.17739 0.995434 -0.0948116 0.0110005 22.2017
0.0187498 0.0893062 -0.995828 -115.544 0.0893062 0.991872 0.0906329 6.27867 0.995828 -0.0906329 0.0106218 22.2098
0.0171683 0.0853036 -0.996207 -116.872 0.0853036 0.992596 0.0864645 6.3842 0.996207 -0.0864645 0.00976448 22.2237
0.016783 0.0853753 -0.996208 -118.195 0.0853753 0.992587 0.0865033 6.48718 0.996208 -0.0865033 0.00936959 22.2338
0.0161941 0.0842847 -0.99631 -119.533 0.0842847 0.992779 0.085356 6.58865 0.99631 -0.085356 0.00897326 22.2284
0.015507 0.0819731 -0.996514 -120.911 0.0819731 0.993175 0.082974 6.69569 0.996514 -0.082974 0.00868155 22.2283
0.014919 0.0835197 -0.996394 -122.303 0.0835197 0.992919 0.0844789 6.79332 0.996394 -0.0844789 0.00783779 22.2533
0.0146682 0.0833509 -0.996412 -123.714 0.0833509 0.992949 0.0842882 6.88593 0.996412 -0.0842882 0.00761742 22.2448
0.0130106 0.0813509 -0.996601 -125.067 0.0813509 0.993295 0.0821431 6.96643 0.996601 -0.0821431 0.00630537 22.2645
0.0131526 0.0837398 -0.996401 -126.445 0.0837398 0.992894 0.0845504 7.06608 0.996401 -0.0845504 0.00604683 22.2554
0.0130901 0.0890499 -0.995941 -127.83 0.0890499 0.991965 0.0898648 7.16391 0.995941 -0.0898648 0.00505508 22.2574
0.0133927 0.0942362 -0.99546 -129.224 0.0942362 0.990999 0.0950817 7.27343 0.99546 -0.0950817 0.00439174 22.2584
0.0144764 0.101049 -0.994776 -130.606 0.101049 0.989639 0.101998 7.38619 0.994776 -0.101998 0.00411547 22.2481
0.016148 0.104171 -0.994428 -131.963 0.104171 0.98897 0.105291 7.49234 0.994428 -0.105291 0.00511828 22.233
0.0160955 0.106717 -0.994159 -133.354 0.106717 0.988425 0.107829 7.61515 0.994159 -0.107829 0.00452072 22.2345
0.0166588 0.106646 -0.994157 -134.733 0.106646 0.988434 0.107819 7.73705 0.994157 -0.107819 0.00509267 22.2133
0.0155567 0.104938 -0.994357 -136.079 0.104938 0.988814 0.105995 7.85717 0.994357 -0.105995 0.00437057 22.2237
0.0160532 0.105948 -0.994242 -137.447 0.105948 0.988592 0.107056 7.98254 0.994242 -0.107056 0.00464523 22.2146
0.0147269 0.105757 -0.994283 -138.851 0.105757 0.988648 0.106724 8.11115 0.994283 -0.106724 0.00337511 22.2105
0.0136258 0.106763 -0.994191 -140.132 0.106763 0.988444 0.107609 8.23297 0.994191 -0.107609 0.00207013 22.2167
0.0143311 0.106168 -0.994245 -141.535 0.106168 0.988564 0.107092 8.3664 0.994245 -0.107092 0.00289559 22.2004
0.0148882 0.106012 -0.994253 -142.958 0.106012 0.988592 0.106995 8.49008 0.994253 -0.106995 0.00347988 22.2
0.0157213 0.105343 -0.994312 -144.376 0.105343 0.988726 0.106417 8.62478 0.994312 -0.106417 0.00444687 22.2016
0.0162166 0.103111 -0.994538 -145.698 0.103111 0.989193 0.104239 8.73491 0.994538 -0.104239 0.00540942 22.1869
0.0160168 0.104397 -0.994407 -146.866 0.104397 0.988924 0.105503 8.83661 0.994407 -0.105503 0.00494067 22.2222
0.0160732 0.103625 -0.994487 -148.22 0.103625 0.989087 0.104737 8.96864 0.994487 -0.104737 0.0051597 22.2326
0.018276 0.106235 -0.994173 -149.588 0.106235 0.988504 0.107583 9.08578 0.994173 -0.107583 0.00677994 22.2255
0.0188768 0.106659 -0.994116 -150.862 0.106659 0.988405 0.108072 9.19483 0.994116 -0.108072 0.0072817 22.2293
0.0206552 0.106783 -0.994068 -151.98 0.106783 0.988357 0.108389 9.28237 0.994068 -0.108389 0.00901209 22.219
0.0186708 0.103206 -0.994485 -152.959 0.103206 0.989146 0.10459 9.37747 0.994485 -0.10459 0.00781663 22.2338
0.0202396 0.102494 -0.994528 -153.871 0.102494 0.989278 0.104039 9.44568 0.994528 -0.104039 0.00951761 22.221
0.0164124 0.0992613 -0.994926 -154.726 0.0992613 0.989983 0.100406 9.52769 0.994926 -0.100406 0.00639522 22.2546
0.0153588 0.0974219 -0.995125 -155.558 0.0974219 0.990361 0.0984592 9.58857 0.995125 -0.0984592 0.00571972 22.2632
0.0133573 0.0980723 -0.99509 -156.436 0.0980723 0.990252 0.098912 9.65326 0.99509 -0.098912 0.00360887 22.2882
0.0126757 0.0941951 -0.995473 -157.35 0.0941951 0.991013 0.0949725 9.72936 0.995473 -0.0949725 0.00368904 22.2758
0.0109157 0.0915397 -0.995742 -158.228 0.0915397 0.991528 0.0921558 9.80256 0.995742 -0.0921558 0.0024437 22.2877
0.0113838 0.0885909 -0.996003 -159.156 0.0885909 0.992061 0.0892528 9.86999 0.996003 -0.0892528 0.00344512 22.2764
0.0115332 0.0930311 -0.995596 -160.05 0.0930311 0.991244 0.0937021 9.94339 0.995596 -0.0937021 0.00277739 22.2742
0.012137 0.0914444 -0.995736 -160.848 0.0914444 0.991535 0.0921733 9.99518 0.995736 -0.0921733 0.00367215 22.2667
0.0131148 0.0985373 -0.995047 -161.618 0.0985373 0.990161 0.0993522 10.0646 0.995047 -0.0993522 0.0032762 22.2619
0.0165184 0.101637 -0.994684 -162.304 0.101637 0.989496 0.102795 10.1138 0.994684 -0.102795 0.00601483 22.2521
0.0190289 0.106385 -0.994143 -163.104 0.106385 0.988463 0.107813 10.1802 0.994143 -0.107813 0.00749159 22.2527
0.0213622 0.105864 -0.994151 -163.91 0.105864 0.988548 0.107542 10.2447 0.994151 -0.107542 0.00991031 22.2531
0.0212932 0.108138 -0.993908 -164.755 0.108138 0.988052 0.109818 10.3104 0.993908 -0.109818 0.00934492 22.2757
0.0215308 0.102402 -0.99451 -165.649 0.102402 0.989283 0.104081 10.3925 0.99451 -0.104081 0.0108139 22.2843
0.0211841 0.0977942 -0.994981 -166.597 0.0977942 0.990229 0.0994093 10.4719 0.994981 -0.0994093 0.0114134 22.2943
0.0195197 0.0892765 -0.995816 -167.594 0.0892765 0.991871 0.0906728 10.5471 0.995816 -0.0906728 0.0113908 22.3125
0.0182603 0.0885497 -0.995904 -168.64 0.0885497 0.992013 0.0898273 10.6328 0.995904 -0.0898273 0.0102734 22.3024
0.0164122 0.0855928 -0.996195 -169.737 0.0855928 0.992552 0.0866899 10.7191 0.996195 -0.0866899 0.00896379 22.3368
0.019718 0.0899393 -0.995752 -170.883 0.0899393 0.991748 0.0913586 10.822 0.995752 -0.0913586 0.0114662 22.3125
0.023466 0.0907639 -0.995596 -172.075 0.0907639 0.991564 0.0925356 10.8861 0.995596 -0.0925356 0.01503 22.3017
0.0262361 0.0941934 -0.995208 -173.305 0.0941934 0.990889 0.0962677 10.9818 0.995208 -0.0962677 0.0171246 22.2887
0.026269 0.0917228 -0.995438 -174.587 0.0917228 0.99136 0.0937676 11.0722 0.995438 -0.0937676 0.017629 22.3165
0.0261438 0.0911388 -0.995495 -175.905 0.0911388 0.991471 0.0931639 11.1758 0.995495 -0.0931639 0.0176145 22.3516
0.0283492 0.0914662 -0.995405 -177.255 0.0914662 0.99139 0.0937022 11.2663 0.995405 -0.0937022 0.019739 22.3676
0.029689 0.0924128 -0.995278 -178.627 0.0924128 0.991199 0.0947906 11.3731 0.995278 -0.0947906 0.0208875 22.3965
0.0301834 0.0917845 -0.995321 -179.944 0.0917845 0.991313 0.0941983 11.4611 0.995321 -0.0941983 0.0214968 22.4269
0.0313522 0.0935101 -0.995125 -181.277 0.0935101 0.990973 0.0960661 11.5993 0.995125 -0.0960661 0.022325 22.4384
0.0319919 0.093097 -0.995143 -182.548 0.093097 0.991047 0.0957067 11.655 0.995143 -0.0957067 0.0230384 22.4397
0.0311066 0.092923 -0.995187 -183.791 0.092923 0.991088 0.0954447 11.7461 0.995187 -0.0954447 0.0221947 22.4841
0.0312585 0.092371 -0.995234 -184.989 0.092371 0.991192 0.0948971 11.8279 0.995234 -0.0948971 0.0224508 22.5052
0.0319377 0.0924936 -0.995201 -186.215 0.0924936 0.991163 0.0950866 11.9325 0.995201 -0.0950866 0.0231004 22.5674
0.0311785 0.0911606 -0.995348 -187.434 0.0911606 0.991422 0.0936566 12.0033 0.995348 -0.0936566 0.0226008 22.6061
0.0311785 0.0911606 -0.995348 -188.654 0.0911606 0.991422 0.0936566 12.074 0.995348 -0.0936566 0.0226008 22.6449
0.0300081 0.0871562 -0.995743 -189.822 0.0871562 0.992169 0.08947 12.1717 0.995743 -0.08947 0.0221769 22.5798
0.0237997 0.0902924 -0.995631 -190.842 0.0902924 0.991649 0.0920896 12.2288 0.995631 -0.0920896 0.0154482 22.6365
0.0216613 0.0917861 -0.995543 -191.864 0.0917861 0.991389 0.0934002 12.2987 0.995543 -0.0934002 0.0130501 22.5973
0.0166858 0.0956156 -0.995278 -192.942 0.0956156 0.990703 0.096779 12.3662 0.995278 -0.096779 0.00738832 22.6301
0.0147492 0.0969166 -0.995183 -193.916 0.0969166 0.990467 0.0978936 12.4201 0.995183 -0.0978936 0.00521578 22.6127
0.0121218 0.0962497 -0.995283 -194.919 0.0962497 0.990622 0.0969712 12.5235 0.995283 -0.0969712 0.0027441 22.6183
0.00991687 0.0934224 -0.995577 -195.921 0.0934224 0.991185 0.0939408 12.5793 0.995577 -0.0939408 0.0011017 22.614
0.00749524 0.0942106 -0.995524 -196.98 0.0942106 0.991057 0.0944972 12.6981 0.995524 -0.0944972 -0.00144742 22.6467
0.00510011 0.0931477 -0.995639 -198.02 0.0931477 0.991279 0.0932169 12.7589 0.995639 -0.0932169 -0.00362087 22.6505
0.00603497 0.0960505 -0.995358 -199.049 0.0960505 0.990718 0.0961851 12.8423 0.995358 -0.0961851 -0.00324674 22.6267
0.00596258 0.0988951 -0.99508 -200.055 0.0988951 0.990161 0.0989988 12.9148 0.99508 -0.0989988 -0.00387632 22.6251
0.0073425 0.102543 -0.994701 -201.033 0.102543 0.989407 0.102754 12.9919 0.994701 -0.102754 -0.00325035 22.6212
0.00813772 0.101329 -0.99482 -201.988 0.101329 0.989648 0.101631 13.0675 0.99482 -0.101631 -0.00221402 22.6121
0.0095146 0.10158 -0.994782 -202.929 0.10158 0.989582 0.102021 13.1419 0.994782 -0.102021 -0.000903063 22.5996
0.00898696 0.101502 -0.994795 -203.852 0.101502 0.989604 0.10189 13.2241 0.994795 -0.10189 -0.00140919 22.6064
0.00945602 0.0999667 -0.994946 -204.774 0.0999667 0.989911 0.100411 13.3024 0.994946 -0.100411 -0.00063273 22.6017
0.00930806 0.0984581 -0.995098 -205.69 0.0984581 0.990215 0.0988959 13.3872 0.995098 -0.0988959 -0.000477017 22.592
0.0098203 0.093695 -0.995553 -206.631 0.093695 0.991134 0.0942034 13.4635 0.995553 -0.0942034 0.000954489 22.5914
0.0108437 0.0930861 -0.995599 -207.6 0.0930861 0.99124 0.0936924 13.5365 0.995599 -0.0936924 0.00208371 22.581
0.0120655 0.096692 -0.995241 -208.561 0.096692 0.990536 0.0974072 13.6174 0.995241 -0.0974072 0.00260192 22.5725
0.0134694 0.0983737 -0.995058 -209.51 0.0983737 0.99019 0.099224 13.6979 0.995058 -0.099224 0.00365994 22.5676
0.0146507 0.0947715 -0.995391 -210.458 0.0947715 0.990885 0.0957373 13.7868 0.995391 -0.0957373 0.00553554 22.5724
0.0178667 0.095354 -0.995283 -211.418 0.095354 0.990742 0.0966307 13.8704 0.995283 -0.0966307 0.00860893 22.568
0.0181249 0.091877 -0.995605 -212.364 0.091877 0.991403 0.0931618 13.9556 0.995605 -0.0931618 0.00952767 22.5461
0.0182014 0.0895579 -0.995815 -213.338 0.0895579 0.991831 0.0908365 14.0292 0.995815 -0.0908365 0.0100321 22.584
0.0189838 0.090212 -0.995742 -214.356 0.090212 0.991704 0.0915661 14.129 0.995742 -0.0915661 0.0106881 22.6064
0.022289 0.09225 -0.995486 -215.41 0.09225 0.991296 0.0939272 14.2088 0.995486 -0.0939272 0.0135849 22.5916
0.0223244 0.0897605 -0.995713 -216.484 0.0897605 0.991759 0.0914165 14.2877 0.995713 -0.0914165 0.0140835 22.6299
0.0274695 0.0923623 -0.995346 -217.542 0.0923623 0.991228 0.0945292 14.3802 0.995346 -0.0945292 0.0186977 22.6233
0.0301733 0.0941872 -0.995097 -218.637 0.0941872 0.990853 0.0966414 14.4639 0.995097 -0.0966414 0.0210261 22.6489
0.0340716 0.0947439 -0.994918 -219.75 0.0947439 0.990707 0.0975874 14.5555 0.994918 -0.0975874 0.0247785 22.6628
0.0364702 0.0950577 -0.994803 -220.835 0.0950577 0.990622 0.098143 14.6489 0.994803 -0.098143 0.0270922 22.6861
0.0381995 0.0943358 -0.994807 -221.887 0.0943358 0.990747 0.0975732 14.7215 0.994807 -0.0975732 0.0289468 22.6719
0.0409938 0.100499 -0.994092 -223.013 0.100499 0.989468 0.104175 14.86 0.994092 -0.104175 0.0304621 22.7256
0.0413095 0.0984933 -0.99428 -224.139 0.0984933 0.989881 0.10215 14.95 0.99428 -0.10215 0.0311906 22.7508
0.0416115 0.0988748 -0.994229 -225.271 0.0988748 0.989799 0.102572 15.0657 0.994229 -0.102572 0.0314108 22.8057
0.0411528 0.0963524 -0.994496 -226.435 0.0963524 0.990318 0.0999347 15.1637 0.994496 -0.0999347 0.0314706 22.8498
0.0416166 0.0944434 -0.99466 -227.554 0.0944434 0.990693 0.0980182 15.2253 0.99466 -0.0980182 0.0323097 22.8608
0.0386143 0.0921066 -0.995 -228.704 0.0921066 0.991176 0.0953271 15.3501 0.995 -0.0953271 0.02979 22.9315
0.043268 0.0953953 -0.994499 -229.948 0.0953953 0.990488 0.099161 15.4093 0.994499 -0.099161 0.0337562 22.8939
0.0424919 0.0990046 -0.994179 -231.208 0.0990046 0.989763 0.102796 15.552 0.994179 -0.102796 0.032255 22.982
0.0433228 0.097615 -0.994281 -232.452 0.097615 0.99004 0.101452 15.6173 0.994281 -0.101452 0.0333627 22.9353
0.0404404 0.096824 -0.99448 -233.676 0.096824 0.99023 0.100348 15.7161 0.99448 -0.100348 0.0306704 22.996
0.0428968 0.102037 -0.993855 -234.897 0.102037 0.989122 0.105956 15.8365 0.993855 -0.105956 0.0320185 23.005
0.0438424 0.102399 -0.993777 -236.016 0.102399 0.989034 0.106428 15.928 0.993777 -0.106428 0.0328759 22.9911
0.0428322 0.10532 -0.993516 -237.201 0.10532 0.988411 0.109319 16.0321 0.993516 -0.109319 0.0312436 23.0335
0.0408959 0.103298 -0.993809 -238.452 0.103298 0.988874 0.107036 16.149 0.993809 -0.107036 0.0297703 23.0754
0.0401771 0.0991609 -0.99426 -239.691 0.0991609 0.989756 0.102719 16.252 0.99426 -0.102719 0.0299326 23.0814
0.0356266 0.0948233 -0.994856 -240.99 0.0948233 0.990676 0.0978206 16.3616 0.994856 -0.0978206 0.026303 23.1512
0.0325876 0.0884701 -0.995546 -242.145 0.0884701 0.991909 0.0910429 16.4629 0.995546 -0.0910429 0.024497 23.1647
0.0294912 0.0852569 -0.995922 -243.364 0.0852569 0.99251 0.0874895 16.5631 0.995922 -0.0874895 0.0220016 23.1889
0.0271805 0.0824478 -0.996225 -244.577 0.0824478 0.993012 0.0844314 16.6562 0.996225 -0.0844314 0.0201929 23.1944
0.0250117 0.0822124 -0.996301 -245.825 0.0822124 0.993068 0.0840095 16.7496 0.996301 -0.0840095 0.0180794 23.2189
0.0223035 0.0816966 -0.996408 -247.114 0.0816966 0.993173 0.0832601 16.8378 0.996408 -0.0832601 0.0154769 23.2331
0.0198635 0.0813651 -0.996486 -248.425 0.0813651 0.993246 0.0827224 16.9277 0.996486 -0.0827224 0.0131091 23.2509
0.0178164 0.0817346 -0.996495 -249.743 0.0817346 0.993198 0.0829255 17.0129 0.996495 -0.0829255 0.0110147 23.2483
0.0159966 0.0812237 -0.996568 -251.065 0.0812237 0.993295 0.0822608 17.1008 0.996568 -0.0822608 0.0092921 23.2467
0.0134732 0.0813298 -0.996596 -252.364 0.0813298 0.993295 0.0821599 17.1883 0.996596 -0.0821599 0.0067683 23.2536
0.0111896 0.0818053 -0.996586 -253.639 0.0818053 0.993232 0.0824485 17.2741 0.996586 -0.0824485 0.00442179 23.2506
0.0093092 0.0834802 -0.996466 -254.941 0.0834802 0.992966 0.0839668 17.3644 0.996466 -0.0839668 0.00227478 23.2519
0.00704675 0.0838245 -0.996456 -256.274 0.0838245 0.992924 0.0841201 17.447 0.996456 -0.0841201 -2.96526e-005 23.2381
0.0047611 0.0854845 -0.996328 -257.629 0.0854845 0.992657 0.0855781 17.5506 0.996328 -0.0855781 -0.00258146 23.2228
0.0051327 0.0875339 -0.996148 -259.009 0.0875339 0.992298 0.0876466 17.6492 0.996148 -0.0876466 -0.00256901 23.1824
0.00468024 0.0906187 -0.995875 -260.409 0.0906187 0.99175 0.0906692 17.7529 0.995875 -0.0906692 -0.00357011 23.1723
0.00481488 0.0910224 -0.995837 -261.844 0.0910224 0.991675 0.091082 17.8565 0.995837 -0.091082 -0.00351027 23.1573
0.00396557 0.0903793 -0.9959 -263.251 0.0903793 0.991799 0.090367 17.95 0.9959 -0.090367 -0.00423536 23.1655
0.00268921 0.0875637 -0.996155 -264.669 0.0875637 0.992312 0.0874623 18.0554 0.996155 -0.0874623 -0.00499888 23.1795
0.000970042 0.0872524 -0.996186 -266.063 0.0872524 0.99238 0.087004 18.1521 0.996186 -0.087004 -0.00665034 23.1951
0.00110174 0.0853765 -0.996348 -267.421 0.0853765 0.992703 0.0851586 18.2512 0.996348 -0.0851586 -0.00619545 23.1649
0.000887485 0.0851587 -0.996367 -268.683 0.0851587 0.992742 0.0849247 18.332 0.996367 -0.0849247 -0.00637097 23.1601
0.00235405 0.0857981 -0.99631 -270 0.0857981 0.992621 0.0856832 18.4188 0.99631 -0.0856832 -0.00502463 23.1267
0.00129549 0.081958 -0.996635 -271.281 0.081958 0.993274 0.0817881 18.5054 0.996635 -0.0817881 -0.00543034 23.1211
0.000462265 0.0788394 -0.996887 -272.611 0.0788394 0.993781 0.0786303 18.5941 0.996887 -0.0786303 -0.00575626 23.1157
-0.000551743 0.0749827 -0.997185 -273.936 0.0749827 0.994381 0.0747304 18.6732 0.997185 -0.0747304 -0.00617105 23.0995
-0.000884021 0.0695814 -0.997576 -275.24 0.0695814 0.995163 0.0693514 18.774 0.997576 -0.0693514 -0.00572131 23.0851
4.22116e-007 0.0732472 -0.997314 -276.591 0.0732472 0.994635 0.0730504 18.8271 0.997314 -0.0730504 -0.00536473 23.0606
0.00101886 0.0727016 -0.997353 -277.99 0.0727016 0.994709 0.0725831 18.9003 0.997353 -0.0725831 -0.00427206 23.0258
0.00160809 0.0823692 -0.996601 -279.416 0.0823692 0.993204 0.0822214 18.9977 0.996601 -0.0822214 -0.00518753 23.0185
0.0019682 0.0853965 -0.996345 -280.852 0.0853965 0.992693 0.0852522 19.091 0.996345 -0.0852522 -0.00533875 22.9908
0.00364893 0.0907136 -0.99587 -282.259 0.0907136 0.991741 0.0906698 19.1876 0.99587 -0.0906698 -0.00461017 22.9656
0.0048165 0.0898757 -0.995941 -283.707 0.0898757 0.991883 0.0899442 19.2806 0.995941 -0.0899442 -0.00330024 22.9439
0.00375466 0.0868086 -0.996218 -285.173 0.0868086 0.992436 0.0868062 19.375 0.996218 -0.0868062 -0.00380947 22.9417
0.00144902 0.0794836 -0.996835 -286.535 0.0794836 0.993673 0.079347 19.4635 0.996835 -0.079347 -0.0048778 22.9495
0.00179046 0.0771015 -0.997022 -287.892 0.0771015 0.994045 0.0770097 19.5577 0.997022 -0.0770097 -0.00416484 22.9546
0.00279408 0.0754765 -0.997144 -289.248 0.0754765 0.994287 0.0754718 19.6328 0.997144 -0.0754718 -0.00291858 22.944
0.00427919 0.077411 -0.99699 -290.605 0.077411 0.993982 0.0775097 19.7263 0.99699 -0.0775097 -0.00173903 22.9412
0.00539967 0.077301 -0.996993 -291.981 0.077301 0.993992 0.0774869 19.8082 0.996993 -0.0774869 -0.000608209 22.9205
0.00546775 0.0777688 -0.996956 -293.335 0.0777688 0.993919 0.0779583 19.8949 0.996956 -0.0779583 -0.000613486 22.946
0.0066515 0.0780271 -0.996929 -294.731 0.0780271 0.993871 0.0783084 19.9779 0.996929 -0.0783084 0.000522494 22.9294
0.00418056 0.0772338 -0.997004 -296.1 0.0772338 0.99401 0.0773257 20.0579 0.997004 -0.0773257 -0.00180955 22.9629
0.00712802 0.0784018 -0.996896 -297.483 0.0784018 0.993809 0.0787195 20.1524 0.996896 -0.0787195 0.000937057 22.9259
0.00699418 0.0784883 -0.996891 -298.891 0.0784883 0.993796 0.0787953 20.2222 0.996891 -0.0787953 0.000790387 22.9059
0.00802478 0.0789195 -0.996849 -300.27 0.0789195 0.993721 0.0793073 20.3126 0.996849 -0.0793073 0.0017461 22.9051
0.00696058 0.0807537 -0.99671 -301.648 0.0807537 0.993433 0.0810522 20.3816 0.99671 -0.0810522 0.000393707 22.901
0.00824091 0.0786889 -0.996865 -303.035 0.0786889 0.993757 0.0790941 20.4813 0.996865 -0.0790941 0.00199751 22.8765
0.00915653 0.0802019 -0.996737 -304.458 0.0802019 0.993508 0.0806789 20.5684 0.996737 -0.0806789 0.00266474 22.859
0.00837704 0.0792626 -0.996819 -305.878 0.0792626 0.993664 0.0796779 20.6443 0.996819 -0.0796779 0.0020414 22.8813
0.0100634 0.0792997 -0.9968 -307.305 0.0792997 0.993648 0.0798495 20.7384 0.9968 -0.0798495 0.00371106 22.8466
0.00860002 0.0823549 -0.996566 -308.711 0.0823549 0.993159 0.082784 20.8182 0.996566 -0.082784 0.00175886 22.8306
0.0124056 0.0878036 -0.996061 -310.126 0.0878036 0.992194 0.0885563 20.9157 0.996061 -0.0885563 0.00459925 22.7851
0.0110306 0.0898098 -0.995898 -311.445 0.0898098 0.991844 0.090439 21.0031 0.995898 -0.090439 0.00287487 22.7785
0.0122209 0.093589 -0.995536 -312.822 0.093589 0.991133 0.094324 21.1111 0.995536 -0.094324 0.00335358 22.7792
0.0124361 0.0943827 -0.995458 -314.205 0.0943827 0.99098 0.0951372 21.2112 0.995458 -0.0951372 0.00341581 22.7713
0.0120704 0.0938566 -0.995513 -315.596 0.0938566 0.991083 0.0945771 21.3213 0.995513 -0.0945771 0.00315373 22.7605
0.0104865 0.0910473 -0.995791 -316.928 0.0910473 0.991623 0.0916249 21.3961 0.995791 -0.0916249 0.00210902 22.7677
0.00938313 0.0884526 -0.996036 -318.214 0.0884526 0.992102 0.0889365 21.5126 0.996036 -0.0889365 0.00148516 22.76
0.00753225 0.0860552 -0.996262 -319.528 0.0860552 0.992538 0.0863841 21.5997 0.996262 -0.0863841 7.05604e-005 22.7632
0.00696863 0.0850268 -0.996354 -320.871 0.0850268 0.99272 0.0853113 21.7076 0.996354 -0.0853113 -0.000311661 22.7504
0.00598427 0.0850296 -0.99636 -322.214 0.0850296 0.992726 0.0852301 21.772 0.99636 -0.0852301 -0.00128928 22.7425
0.00653884 0.0873125 -0.99616 -323.644 0.0873125 0.992326 0.0875497 21.8921 0.99616 -0.0875497 -0.00113481 22.7335
0.00607673 0.0864841 -0.996235 -325.014 0.0864841 0.992475 0.0866852 21.9798 0.996235 -0.0866852 -0.0014485 22.7386
0.00843308 0.0860007 -0.996259 -326.354 0.0860007 0.992541 0.0864077 22.0744 0.996259 -0.0864077 0.000974051 22.7173
0.00689693 0.0816399 -0.996638 -327.664 0.0816399 0.993289 0.0819305 22.1592 0.996638 -0.0819305 0.00018557 22.7262
0.00726036 0.0781427 -0.996916 -328.986 0.0781427 0.993849 0.0784714 22.2489 0.996916 -0.0784714 0.00110942 22.7111
0.00630523 0.0757444 -0.997107 -330.295 0.0757444 0.994226 0.0760045 22.3241 0.997107 -0.0760045 0.000531618 22.7204
0.00696693 0.075203 -0.997144 -331.724 0.075203 0.994305 0.0755143 22.4186 0.997144 -0.0755143 0.00127176 22.7164
0.00739736 0.0749404 -0.997161 -333.106 0.0749404 0.994342 0.0752846 22.4882 0.997161 -0.0752846 0.00173943 22.7113
0.00808212 0.0759954 -0.997075 -334.4 0.0759954 0.994178 0.0763905 22.5684 0.997075 -0.0763905 0.00225977 22.7169
0.00990029 0.077996 -0.996905 -335.725 0.077996 0.993856 0.0785321 22.6455 0.996905 -0.0785321 0.00375608 22.7088
0.0125944 0.0794425 -0.99676 -337.081 0.0794425 0.993608 0.0801951 22.7214 0.99676 -0.0801951 0.00620281 22.6962
0.0143641 0.0819668 -0.996532 -338.421 0.0819668 0.993184 0.0828729 22.8129 0.996532 -0.0828729 0.00754765 22.7059
0.0168417 0.0836754 -0.996351 -339.756 0.0836754 0.992878 0.0847982 22.9016 0.996351 -0.0847982 0.00972016 22.6986
0.0169181 0.0871382 -0.996053 -341.075 0.0871382 0.992276 0.0882879 22.9924 0.996053 -0.0882879 0.00919434 22.718
0.0181581 0.090599 -0.995722 -342.453 0.090599 0.99164 0.0918798 23.0915 0.995722 -0.0918798 0.00979812 22.7051
0.0176227 0.0938004 -0.995435 -343.844 0.0938004 0.991044 0.0950472 23.2167 0.995435 -0.0950472 0.00866639 22.7234
0.0196932 0.0994975 -0.994843 -345.291 0.0994975 0.989901 0.100973 23.3278 0.994843 -0.100973 0.00959458 22.7071
0.0207965 0.104306 -0.994328 -346.691 0.104306 0.988889 0.105917 23.426 0.994328 -0.105917 0.00968566 22.7055
0.0215926 0.104932 -0.994245 -348.176 0.104932 0.988746 0.106631 23.563 0.994245 -0.106631 0.0103389 22.7036
0.0220619 0.105778 -0.994145 -349.64 0.105778 0.988559 0.107531 23.6728 0.994145 -0.107531 0.0106205 22.727
0.0210625 0.105832 -0.994161 -351.029 0.105832 0.988559 0.107478 23.7827 0.994161 -0.107478 0.00962108 22.7277
0.0235308 0.100752 -0.994633 -352.256 0.100752 0.989604 0.102626 23.9287 0.994633 -0.102626 0.0131353 22.5459
0.0225781 0.103134 -0.994411 -353.556 0.103134 0.989118 0.104927 24.0258 0.994411 -0.104927 0.0116956 22.6431
0.0229419 0.101545 -0.994566 -354.839 0.101545 0.989446 0.103365 24.1495 0.994566 -0.103365 0.0123883 22.5917
0.0214144 0.100452 -0.994711 -356.143 0.100452 0.989689 0.102108 24.2513 0.994711 -0.102108 0.011103 22.6399
0.0219715 0.10202 -0.99454 -357.457 0.10202 0.989358 0.103742 24.3703 0.99454 -0.103742 0.0113296 22.6247
0.022169 0.102589 -0.994477 -358.786 0.102589 0.989237 0.104335 24.4835 0.994477 -0.104335 0.0114059 22.66
0.0231031 0.104949 -0.994209 -360.14 0.104949 0.988725 0.106809 24.5916 0.994209 -0.106809 0.0118283 22.6401
0.0238707 0.107157 -0.993956 -361.504 0.107157 0.988237 0.109113 24.7082 0.993956 -0.109113 0.0121074 22.6467
0.0250532 0.106922 -0.993952 -362.813 0.106922 0.988274 0.109006 24.8082 0.993952 -0.109006 0.0133272 22.6267
0.02476 0.10994 -0.99363 -364.116 0.10994 0.987606 0.112013 24.9476 0.99363 -0.112013 0.0123662 22.663
0.0236898 0.106954 -0.993982 -365.422 0.106954 0.988283 0.10889 25.0511 0.993982 -0.10889 0.011973 22.6575
0.0231659 0.106777 -0.994013 -366.725 0.106777 0.988328 0.108655 25.202 0.994013 -0.108655 0.0114942 22.6787
0.022084 0.107782 -0.993929 -368.03 0.107782 0.988121 0.109547 25.3211 0.993929 -0.109547 0.0102046 22.6953
0.0222926 0.110468 -0.99363 -369.354 0.110468 0.987518 0.112267 25.4441 0.99363 -0.112267 0.00981114 22.7153
0.0196437 0.107876 -0.99397 -370.715 0.107876 0.98813 0.109374 25.5668 0.99397 -0.109374 0.00777327 22.7761
0.0222704 0.110785 -0.993595 -372.079 0.110785 0.987447 0.112583 25.6642 0.993595 -0.112583 0.00971743 22.7404
0.0223262 0.110834 -0.993588 -373.397 0.110834 0.987435 0.112639 25.7594 0.993588 -0.112639 0.00976143 22.7592
0.0229094 0.113594 -0.993263 -374.628 0.113594 0.986794 0.115474 25.8736 0.993263 -0.115474 0.00970336 22.7588
0.0222909 0.114058 -0.993224 -375.749 0.114058 0.986694 0.115868 25.9909 0.993224 -0.115868 0.00898499 22.7582
0.0213626 0.115692 -0.993055 -376.839 0.115692 0.986323 0.117397 26.1136 0.993055 -0.117397 0.00768572 22.7727
0.0193022 0.114324 -0.993256 -377.912 0.114324 0.986673 0.115788 26.2163 0.993256 -0.115788 0.00597503 22.7618
0.0203829 0.118394 -0.992757 -379.036 0.118394 0.985691 0.119982 26.3434 0.992757 -0.119982 0.00607406 22.7779
0.0191667 0.119551 -0.992643 -380.176 0.119551 0.985428 0.12099 26.4572 0.992643 -0.12099 0.00459504 22.7981
0.0228835 0.123816 -0.992041 -381.309 0.123816 0.984311 0.125707 26.5662 0.992041 -0.125707 0.00719412 22.7766
0.0286118 0.127478 -0.991429 -382.389 0.127478 0.983271 0.130108 26.6487 0.991429 -0.130108 0.0118826 22.7236
0.0302041 0.128371 -0.991266 -383.582 0.128371 0.983008 0.131213 26.7963 0.991266 -0.131213 0.0132117 22.779
0.0346591 0.129474 -0.990977 -384.657 0.129474 0.982635 0.132913 26.91 0.990977 -0.132913 0.0172936 22.8233
0.0381093 0.126255 -0.991266 -385.687 0.126255 0.983428 0.13011 27.0254 0.991266 -0.13011 0.0215375 22.8342
0.0484483 0.126175 -0.990824 -386.662 0.126175 0.983269 0.131383 27.1126 0.990824 -0.131383 0.0317175 22.8726
0.0600763 0.122241 -0.990681 -387.567 0.122241 0.984102 0.128842 27.2227 0.990681 -0.128842 0.0441782 22.8961
0.077473 0.12123 -0.989596 -388.481 0.12123 0.984069 0.130044 27.3179 0.989596 -0.130044 0.061542 23.0016
0.0977449 0.114728 -0.988576 -389.311 0.114728 0.985411 0.125705 27.407 0.988576 -0.125705 0.0831563 23.0723
0.121185 0.108397 -0.986694 -389.938 0.108397 0.98663 0.121703 27.4788 0.986694 -0.121703 0.107815 23.1833
0.147531 0.101351 -0.983851 -390.637 0.101351 0.98795 0.116971 27.5569 0.983851 -0.116971 0.135481 23.2937
0.177169 0.0964798 -0.97944 -391.021 0.0964798 0.988687 0.114843 27.5953 0.97944 -0.114843 0.165856 23.3848
0.208201 0.0890306 -0.974026 -391.392 0.0890306 0.989989 0.10952 27.6377 0.974026 -0.10952 0.198191 23.475
0.240869 0.0821354 -0.967076 -391.944 0.0821354 0.991113 0.104634 27.6997 0.967076 -0.104634 0.231982 23.65
0.275604 0.074941 -0.958346 -392.423 0.074941 0.992247 0.0991439 27.7478 0.958346 -0.0991439 0.267851 23.8283
0.314169 0.0700129 -0.946782 -392.887 0.0700129 0.992853 0.096652 27.7917 0.946782 -0.096652 0.307021 24.0155
0.355291 0.0635948 -0.93259 -393.168 0.0635948 0.993727 0.0919917 27.8159 0.93259 -0.0919917 0.349018 24.1432
0.399331 0.0598318 -0.914852 -393.686 0.0598318 0.99404 0.0911272 27.8629 0.914852 -0.0911272 0.393371 24.3994
0.443062 0.0537291 -0.89488 -394.198 0.0537291 0.994817 0.0863311 27.9141 0.89488 -0.0863311 0.437878 24.729
0.487319 0.0500738 -0.871787 -394.706 0.0500738 0.995109 0.0851479 27.9614 0.871787 -0.0851479 0.482429 25.0839
0.529164 0.0417489 -0.847492 -395.204 0.0417489 0.996298 0.0751469 28.0062 0.847492 -0.0751469 0.525462 25.467
0.571082 0.0390212 -0.819965 -395.69 0.0390212 0.99645 0.074597 28.0449 0.819965 -0.074597 0.567532 25.8623
0.611193 0.0352113 -0.790698 -396.155 0.0352113 0.996811 0.0716076 28.0846 0.790698 -0.0716076 0.608004 26.2881
0.649424 0.0338102 -0.759675 -396.608 0.0338102 0.996739 0.0732643 28.1319 0.759675 -0.0732643 0.646163 26.7375
0.68504 0.0318166 -0.72781 -397.016 0.0318166 0.996786 0.0735219 28.1707 0.72781 -0.0735219 0.681826 27.1912
0.71895 0.0294232 -0.694438 -397.42 0.0294232 0.99692 0.072701 28.2127 0.694438 -0.072701 0.71587 27.6896
0.751023 0.0274972 -0.659703 -397.793 0.0274972 0.996963 0.0728581 28.2458 0.659703 -0.0728581 0.747986 28.1913
0.781162 0.0262933 -0.623774 -398.135 0.0262933 0.996841 0.0749463 28.2756 0.623774 -0.0749463 0.778003 28.6823
0.809442 0.0242606 -0.586698 -398.463 0.0242606 0.996911 0.0746948 28.3175 0.586698 -0.0746948 0.806354 29.2129
0.834722 0.0204768 -0.55029 -398.759 0.0204768 0.997463 0.0681774 28.3595 0.55029 -0.0681774 0.832185 29.7636
0.85749 0.0171878 -0.514213 -399.057 0.0171878 0.997927 0.0620183 28.3979 0.514213 -0.0620183 0.855417 30.3497
0.878498 0.0143996 -0.477529 -399.337 0.0143996 0.998293 0.0565935 28.4327 0.477529 -0.0565935 0.876791 30.9578
0.896959 0.0124456 -0.441939 -399.647 0.0124456 0.998497 0.0533787 28.4697 0.441939 -0.0533787 0.895456 31.6185
0.913411 0.0105658 -0.406902 -399.901 0.0105658 0.998711 0.0496513 28.5053 0.406902 -0.0496513 0.912122 32.3147
0.928149 0.00966201 -0.372083 -400.167 0.00966201 0.998701 0.0500352 28.5378 0.372083 -0.0500352 0.92685 32.9999
0.942051 0.00926315 -0.335342 -400.389 0.00926315 0.998519 0.0536044 28.578 0.335342 -0.0536044 0.94057 33.7546
0.953722 0.00846845 -0.30057 -400.696 0.00846845 0.99845 0.0550017 28.6084 0.30057 -0.0550017 0.952173 34.5926
0.963432 0.00736198 -0.267851 -400.809 0.00736198 0.998518 0.0539249 28.6701 0.267851 -0.0539249 0.96195 35.5028
0.971286 0.00618089 -0.237834 -401.007 0.00618089 0.99867 0.0511957 28.7009 0.237834 -0.0511957 0.969956 36.3341
0.977586 0.00532096 -0.210471 -401.167 0.00532096 0.998737 0.0499637 28.7408 0.210471 -0.0499637 0.976322 37.1227
0.982068 0.00474735 -0.188467 -401.309 0.00474735 0.998743 0.0498952 28.7692 0.188467 -0.0498952 0.980811 37.9177
0.985606 0.00447914 -0.169001 -401.445 0.00447914 0.998606 0.0525887 28.8081 0.169001 -0.0525887 0.984212 38.7194
0.98853 0.0041523 -0.150965 -401.579 0.0041523 0.998497 0.0546533 28.8501 0.150965 -0.0546533 0.987027 39.5439
0.991078 0.00382567 -0.133228 -401.686 0.00382567 0.99836 0.0571271 28.8798 0.133228 -0.0571271 0.989438 40.3946
0.993308 0.00338079 -0.115444 -401.782 0.00338079 0.998292 0.0583243 28.9208 0.115444 -0.0583243 0.9916 41.2548
0.995154 0.00295267 -0.0982804 -401.849 0.00295267 0.998201 0.0598871 28.953 0.0982804 -0.0598871 0.993355 42.0077
0.996585 0.00253049 -0.082537 -401.913 0.00253049 0.998125 0.0611555 28.9937 0.082537 -0.0611555 0.99471 42.8941
0.997545 0.00215941 -0.0699932 -401.971 0.00215941 0.9981 0.061569 29.0465 0.0699932 -0.061569 0.995646 43.8172
0.99809 0.00190335 -0.061746 -402.021 0.00190335 0.998103 0.0615338 29.0893 0.061746 -0.0615338 0.996193 44.7753
0.998399 0.00171099 -0.0565415 -402.063 0.00171099 0.998172 0.0604176 29.1451 0.0565415 -0.0604176 0.996571 45.7865
0.998789 0.00146709 -0.0491843 -402.131 0.00146709 0.998223 0.0595679 29.1885 0.0491843 -0.0595679 0.997012 46.7878
0.999035 0.00129561 -0.0438938 -402.166 0.00129561 0.99826 0.0589538 29.2397 0.0438938 -0.0589538 0.997295 47.8431
0.999287 0.00112219 -0.037748 -402.215 0.00112219 0.998235 0.0593835 29.2904 0.037748 -0.0593835 0.997521 48.8827
0.999412 0.00104899 -0.0342715 -402.254 0.00104899 0.998129 0.0611411 29.3422 0.0342715 -0.0611411 0.997541 49.9221
0.999483 0.0010208 -0.0321322 -402.291 0.0010208 0.997984 0.0634568 29.396 0.0321322 -0.0634568 0.997467 50.9542
0.9995 0.00104076 -0.0316069 -402.308 0.00104076 0.997834 0.0657689 29.4584 0.0316069 -0.0657689 0.997334 52.0361
0.99956 0.00102034 -0.0296307 -402.336 0.00102034 0.997632 0.0687737 29.5122 0.0296307 -0.0687737 0.997192 53.1474
0.999616 0.000964755 -0.0277072 -402.375 0.000964755 0.997579 0.0695416 29.578 0.0277072 -0.0695416 0.997194 54.2777
0.999691 0.000861635 -0.0248358 -402.392 0.000861635 0.997596 0.0692925 29.6427 0.0248358 -0.0692925 0.997287 55.4257
0.999729 0.000807407 -0.0232756 -402.414 0.000807407 0.997597 0.0692853 29.6982 0.0232756 -0.0692853 0.997325 56.5859
0.99975 0.000767655 -0.0223344 -402.426 0.000767655 0.99764 0.0686523 29.7638 0.0223344 -0.0686523 0.997391 57.7244
0.999834 0.000622913 -0.0181872 -402.477 0.000622913 0.997657 0.0684142 29.8054 0.0181872 -0.0684142 0.997491 58.8278
0.999885 0.000519259 -0.0151844 -402.484 0.000519259 0.997664 0.06831 29.8678 0.0151844 -0.06831 0.997549 59.9529
0.99992 0.000441993 -0.0126684 -402.491 0.000441993 0.997569 0.0696912 29.9225 0.0126684 -0.0696912 0.997488 61.1397
0.999942 0.000381874 -0.0107644 -402.507 0.000381874 0.997486 0.07086 29.9908 0.0107644 -0.07086 0.997428 62.3575
0.999973 0.000264451 -0.0072958 -402.512 0.000264451 0.997376 0.072398 30.0443 0.0072958 -0.072398 0.997349 63.5804
0.999988 0.000179907 -0.00498154 -402.554 0.000179907 0.997395 0.0721347 30.1051 0.00498154 -0.0721347 0.997382 64.7518
0.999997 8.52349e-005 -0.00239482 -402.579 8.52349e-005 0.99747 0.0710925 30.16 0.00239482 -0.0710925 0.997467 65.9047
0.999999 6.02987e-005 -0.00170939 -402.57 6.02987e-005 0.997514 0.0704624 30.2222 0.00170939 -0.0704624 0.997513 67.0475
0.999999 -5.98028e-005 0.00166017 -402.597 -5.98028e-005 0.997408 0.0719508 30.275 -0.00166017 -0.0719508 0.997407 68.2511
0.999997 -9.19957e-005 0.00250629 -402.586 -9.19957e-005 0.997309 0.0733131 30.3374 -0.00250629 -0.0733131 0.997306 69.3441
0.99999 -0.00017085 0.00457538 -402.611 -0.00017085 0.997215 0.0745778 30.3761 -0.00457538 -0.0745778 0.997205 70.3906
0.999989 -0.00017524 0.00470255 -402.579 -0.00017524 0.997227 0.074426 30.4365 -0.00470255 -0.074426 0.997215 71.4582
0.999968 -0.000299848 0.0079643 -402.616 -0.000299848 0.997169 0.0751903 30.4944 -0.0079643 -0.0751903 0.997137 72.6082
0.999961 -0.000334143 0.00887016 -402.595 -0.000334143 0.997166 0.0752326 30.5556 -0.00887016 -0.0752326 0.997127 73.701
0.999941 -0.000410164 0.0108953 -402.594 -0.000410164 0.99717 0.0751834 30.6158 -0.0108953 -0.0751834 0.99711 74.8089
0.999941 -0.000403924 0.0108772 -402.558 -0.000403924 0.997246 0.0741651 30.6743 -0.0108772 -0.0741651 0.997187 75.9258
0.99988 -0.000565579 0.0155089 -402.605 -0.000565579 0.997344 0.0728349 30.7221 -0.0155089 -0.0728349 0.997223 77.0165
0.999838 -0.000642219 0.0180004 -402.598 -0.000642219 0.997458 0.0712597 30.7771 -0.0180004 -0.0712597 0.997295 78.0742
0.999773 -0.000756088 0.0212826 -402.583 -0.000756088 0.997479 0.0709544 30.8299 -0.0212826 -0.0709544 0.997252 79.1459
0.99971 -0.000870578 0.0240643 -402.56 -0.000870578 0.997386 0.0722491 30.8807 -0.0240643 -0.0722491 0.997096 80.1687
0.999592 -0.00105136 0.0285282 -402.556 -0.00105136 0.997288 0.0735914 30.9271 -0.0285282 -0.0735914 0.99688 81.1425
0.999431 -0.00124283 0.0336922 -402.528 -0.00124283 0.997283 0.0736542 30.9788 -0.0336922 -0.0736542 0.996715 82.1085
0.999232 -0.00144431 0.0391491 -402.492 -0.00144431 0.997283 0.0736565 31.0183 -0.0391491 -0.0736565 0.996515 82.9075
0.998909 -0.00173978 0.0466683 -402.455 -0.00173978 0.997226 0.0744155 31.0664 -0.0466683 -0.0744155 0.996135 83.8123
0.998377 -0.00214374 0.056903 -402.42 -0.00214374 0.997168 0.0751793 31.1158 -0.056903 -0.0751793 0.995545 84.6813
0.997622 -0.00261606 0.0688667 -402.362 -0.00261606 0.997122 0.0757748 31.1508 -0.0688667 -0.0757748 0.994744 85.3803
0.99655 -0.00312499 0.0829367 -402.302 -0.00312499 0.997169 0.0751219 31.1984 -0.0829367 -0.0751219 0.993719 86.1975
0.995078 -0.00372792 0.0990228 -402.205 -0.00372792 0.997176 0.0750025 31.2294 -0.0990228 -0.0750025 0.992255 86.9095
0.993045 -0.00444733 0.117654 -402.12 -0.00444733 0.997156 0.0752295 31.2724 -0.117654 -0.0752295 0.990201 87.7018
0.990428 -0.00542171 0.137921 -401.982 -0.00542171 0.996929 0.0781234 31.3239 -0.137921 -0.0781234 0.987357 88.4827
0.987163 -0.00669608 0.159578 -401.817 -0.00669608 0.996507 0.0832371 31.3701 -0.159578 -0.0832371 0.98367 89.2708
0.983045 -0.00793664 0.183192 -401.638 -0.00793664 0.996285 0.0857526 31.4259 -0.183192 -0.0857526 0.97933 90.0473
0.977942 -0.00919742 0.208674 -401.444 -0.00919742 0.996165 0.0870098 31.4711 -0.208674 -0.0870098 0.974107 90.8074
0.971648 -0.0103376 0.236208 -401.218 -0.0103376 0.996231 0.0861241 31.5298 -0.236208 -0.0861241 0.967878 91.5733
0.964499 -0.01174 0.263826 -400.959 -0.01174 0.996118 0.0872456 31.576 -0.263826 -0.0872456 0.960616 92.308
0.955721 -0.0134994 0.293964 -400.669 -0.0134994 0.995884 0.0896217 31.6209 -0.293964 -0.0896217 0.951605 93.0471
0.944946 -0.0156083 0.326854 -400.383 -0.0156083 0.995575 0.0926658 31.6672 -0.326854 -0.0926658 0.940521 93.7851
0.93332 -0.0178321 0.358602 -400.036 -0.0178321 0.995231 0.0959007 31.7298 -0.358602 -0.0959007 0.928551 94.5032
0.9194 -0.0198914 0.39282 -399.698 -0.0198914 0.995091 0.096945 31.7848 -0.39282 -0.096945 0.914491 95.2205
0.903879 -0.0218336 0.427231 -399.326 -0.0218336 0.995041 0.0970442 31.8377 -0.427231 -0.0970442 0.898919 95.8691
0.88522 -0.0239018 0.464558 -398.959 -0.0239018 0.995023 0.0967397 31.8832 -0.464558 -0.0967397 0.880243 96.5175
0.863531 -0.0247585 0.503688 -398.554 -0.0247585 0.995508 0.0913801 31.939 -0.503688 -0.0913801 0.859039 97.1541
0.840225 -0.0254809 0.541639 -398.153 -0.0254809 0.995936 0.0863803 31.978 -0.541639 -0.0863803 0.836161 97.7342
0.812102 -0.027192 0.582882 -397.698 -0.027192 0.996065 0.0843528 32.0186 -0.582882 -0.0843528 0.808167 98.2515
0.782186 -0.0302009 0.622313 -397.237 -0.0302009 0.995813 0.0862863 32.0664 -0.622313 -0.0862863 0.777998 98.7073
0.747287 -0.0326882 0.663696 -396.805 -0.0326882 0.995772 0.0858487 32.0993 -0.663696 -0.0858487 0.743059 99.158
0.714496 -0.0359444 0.698716 -396.268 -0.0359444 0.995475 0.0879667 32.1619 -0.698716 -0.0879667 0.70997 99.5374
0.677923 -0.0388373 0.734106 -395.77 -0.0388373 0.995317 0.0885214 32.1976 -0.734106 -0.0885214 0.67324 99.9558
0.6408 -0.0410771 0.766609 -395.217 -0.0410771 0.995303 0.0876671 32.2439 -0.766609 -0.0876671 0.636102 100.321
0.600508 -0.0419297 0.798518 -394.675 -0.0419297 0.995599 0.0838106 32.2807 -0.798518 -0.0838106 0.596108 100.682
0.559341 -0.0428703 0.827828 -394.108 -0.0428703 0.995829 0.0805367 32.3283 -0.827828 -0.0805367 0.555171 101.019
0.519366 -0.0439669 0.85342 -393.534 -0.0439669 0.995978 0.0780681 32.3611 -0.85342 -0.0780681 0.515344 101.308
0.479968 -0.0451746 0.876122 -392.972 -0.0451746 0.996076 0.0761077 32.3963 -0.876122 -0.0761077 0.476044 101.574
0.44217 -0.0459425 0.895754 -392.4 -0.0459425 0.996216 0.0737736 32.4324 -0.895754 -0.0737736 0.438386 101.814
0.40534 -0.0465295 0.912981 -391.836 -0.0465295 0.996359 0.0714366 32.4622 -0.912981 -0.0714366 0.401699 102.032
0.368581 -0.0461599 0.928449 -391.273 -0.0461599 0.996625 0.0678742 32.5039 -0.928449 -0.0678742 0.365206 102.245
0.336372 -0.0521 0.940287 -390.679 -0.0521 0.99591 0.0738199 32.5236 -0.940287 -0.0738199 0.332282 102.388
0.304112 -0.0546606 0.951067 -390.05 -0.0546606 0.995707 0.0747043 32.5609 -0.951067 -0.0747043 0.299818 102.562
0.272295 -0.0557693 0.960596 -389.378 -0.0557693 0.995726 0.0736174 32.5967 -0.960596 -0.0736174 0.268021 102.731
0.240343 -0.0506996 0.969363 -388.698 -0.0506996 0.996616 0.0646955 32.6416 -0.969363 -0.0646955 0.236959 102.89
0.21109 -0.0503316 0.97617 -388.01 -0.0503316 0.996789 0.0622785 32.6817 -0.97617 -0.0622785 0.207879 103.022
0.184413 -0.0545655 0.981333 -387.324 -0.0545655 0.996349 0.0656545 32.7143 -0.981333 -0.0656545 0.180762 103.117
0.159229 -0.0575773 0.985561 -386.637 -0.0575773 0.996057 0.0674927 32.7599 -0.985561 -0.0674927 0.155286 103.217
0.139135 -0.0621415 0.988322 -385.925 -0.0621415 0.995514 0.071342 32.7885 -0.988322 -0.071342 0.134649 103.285
0.121464 -0.0636821 0.990551 -385.181 -0.0636821 0.995384 0.0718016 32.8334 -0.990551 -0.0718016 0.116847 103.365
0.107708 -0.0664444 0.99196 -384.428 -0.0664444 0.995052 0.0738661 32.8761 -0.99196 -0.0738661 0.10276 103.423
0.0948734 -0.0663311 0.993277 -383.656 -0.0663311 0.995139 0.0727911 32.9285 -0.993277 -0.0727911 0.0900124 103.488
0.0835559 -0.0665149 0.994281 -382.872 -0.0665149 0.995172 0.0721642 32.9741 -0.994281 -0.0721642 0.0787283 103.544
0.0732496 -0.0676893 0.995014 -382.075 -0.0676893 0.995056 0.0726752 33.028 -0.995014 -0.0726752 0.0683056 103.6
0.0633861 -0.0688492 0.995611 -381.581 -0.0688492 0.994939 0.073186 33.053 -0.995611 -0.073186 0.0583251 103.626
0.0538234 -0.0704764 0.99606 -381.215 -0.0704764 0.994751 0.074192 33.0761 -0.99606 -0.074192 0.0485739 103.641
0.0442466 -0.0699421 0.996569 -380.459 -0.0699421 0.994882 0.072929 33.1236 -0.996569 -0.072929 0.0391282 103.67
0.0349007 -0.0688133 0.997019 -379.622 -0.0688133 0.995093 0.0710892 33.1733 -0.997019 -0.0710892 0.0299942 103.701
0.0271639 -0.0724284 0.997004 -378.762 -0.0724284 0.994608 0.0742277 33.2204 -0.997004 -0.0742277 0.0217715 103.712
0.0197508 -0.0744171 0.997032 -377.865 -0.0744171 0.994351 0.0756912 33.2767 -0.997032 -0.0756912 0.0141013 103.723
0.012377 -0.0757349 0.997051 -377.394 -0.0757349 0.994192 0.0764579 33.3035 -0.997051 -0.0764579 0.00656938 103.729
0.00550384 -0.0752968 0.997146 -376.634 -0.0752968 0.994299 0.0754974 33.3492 -0.997146 -0.0754974 -0.000197137 103.722
-0.000947071 -0.0768741 0.99704 -375.817 -0.0768741 0.994096 0.076574 33.4008 -0.99704 -0.076574 -0.0068511 103.721
-0.00771526 -0.0780013 0.996923 -375.237 -0.0780013 0.993962 0.077166 33.4259 -0.996923 -0.077166 -0.0137529 103.696
-0.0137116 -0.0815247 0.996577 -374.242 -0.0815247 0.993444 0.0801467 33.5055 -0.996577 -0.0801467 -0.020268 103.671
-0.0195761 -0.0844632 0.996234 -373.326 -0.0844632 0.993003 0.0825295 33.5557 -0.996234 -0.0825295 -0.0265732 103.662
-0.0230004 -0.0872974 0.995917 -372.697 -0.0872974 0.992551 0.0849862 33.6009 -0.995917 -0.0849862 -0.0304499 103.62
-0.0234677 -0.0941569 0.995281 -371.801 -0.0941569 0.991338 0.0915638 33.6596 -0.995281 -0.0915638 -0.03213 103.584
-0.0244039 -0.0964767 0.995036 -370.903 -0.0964767 0.990914 0.0937109 33.7222 -0.995036 -0.0937109 -0.0334899 103.539
-0.0240523 -0.10016 0.994681 -369.984 -0.10016 0.990204 0.0972875 33.7946 -0.994681 -0.0972875 -0.0338487 103.503
-0.0263685 -0.101357 0.994501 -368.959 -0.101357 0.989991 0.0982102 33.8523 -0.994501 -0.0982102 -0.0363778 103.493
-0.0250982 -0.103754 0.994286 -367.928 -0.103754 0.989499 0.100635 33.9519 -0.994286 -0.100635 -0.0355996 103.456
-0.0246397 -0.104577 0.994211 -366.905 -0.104577 0.989327 0.101472 34.0252 -0.994211 -0.101472 -0.0353132 103.432
-0.0223623 -0.105943 0.994121 -365.9 -0.105943 0.989022 0.103017 34.1256 -0.994121 -0.103017 -0.0333407 103.395
-0.0185712 -0.109737 0.993787 -364.854 -0.109737 0.988177 0.107067 34.2107 -0.993787 -0.107067 -0.0303938 103.353
-0.0133373 -0.112684 0.993541 -363.877 -0.112684 0.98747 0.110482 34.3016 -0.993541 -0.110482 -0.0258677 103.307
-0.0110318 -0.113319 0.993497 -362.865 -0.113319 0.987299 0.111354 34.3937 -0.993497 -0.111354 -0.023733 103.312
-0.00734377 -0.113697 0.993488 -361.825 -0.113697 0.987167 0.112133 34.4908 -0.993488 -0.112133 -0.0201766 103.301
-0.00132949 -0.115587 0.993296 -360.805 -0.115587 0.986657 0.11466 34.5925 -0.993296 -0.11466 -0.0146721 103.288
0.00399276 -0.113216 0.993562 -359.808 -0.113216 0.987131 0.112938 34.6899 -0.993562 -0.112938 -0.00887655 103.292
0.0104999 -0.113137 0.993524 -358.816 -0.113137 0.987064 0.113597 34.7841 -0.993524 -0.113597 -0.00243585 103.308
0.0171474 -0.112161 0.993542 -357.829 -0.112161 0.987201 0.113381 34.8825 -0.993542 -0.113381 0.00434789 103.314
0.0218111 -0.110064 0.993685 -356.984 -0.110064 0.987616 0.111808 34.9649 -0.993685 -0.111808 0.00942682 103.357
0.0273269 -0.108043 0.993771 -356.01 -0.108043 0.987999 0.110387 35.0608 -0.993771 -0.110387 0.0153256 103.38
0.0312152 -0.106158 0.993859 -355.04 -0.106158 0.988367 0.108906 35.1461 -0.993859 -0.108906 0.0195825 103.418
0.0340427 -0.104932 0.993897 -354.053 -0.104932 0.988601 0.107967 35.245 -0.993897 -0.107967 0.0226438 103.455
0.0350592 -0.103087 0.994054 -353.183 -0.103087 0.988987 0.106197 35.3243 -0.994054 -0.106197 0.0240462 103.489
0.0388362 -0.104181 0.9938 -352.259 -0.104181 0.988708 0.107718 35.4012 -0.9938 -0.107718 0.027544 103.498
0.0391507 -0.103246 0.993885 -351.291 -0.103246 0.988906 0.106796 35.4975 -0.993885 -0.106796 0.0280566 103.557
0.0410365 -0.103496 0.993783 -350.314 -0.103496 0.98883 0.107254 35.5785 -0.993783 -0.107254 0.0298667 103.582
0.0400492 -0.100375 0.994143 -349.339 -0.100375 0.989505 0.10395 35.668 -0.994143 -0.10395 0.0295537 103.634
0.0399942 -0.100859 0.994097 -348.369 -0.100859 0.989404 0.104441 35.7513 -0.994097 -0.104441 0.0293978 103.673
0.038667 -0.0979131 0.994444 -347.405 -0.0979131 0.990027 0.101285 35.833 -0.994444 -0.101285 0.0286944 103.72
0.0365133 -0.0959867 0.994713 -346.427 -0.0959867 0.990437 0.0990976 35.9262 -0.994713 -0.0990976 0.0269507 103.772
0.0336443 -0.0938094 0.995022 -345.449 -0.0938094 0.990893 0.0965922 36.0057 -0.995022 -0.0965922 0.0245377 103.815
0.0285898 -0.0926151 0.995291 -344.502 -0.0926151 0.99117 0.094892 36.0803 -0.995291 -0.094892 0.0197598 103.874
0.0250824 -0.0927079 0.995377 -343.517 -0.0927079 0.991184 0.0946535 36.1574 -0.995377 -0.0946535 0.0162665 103.881
0.0209402 -0.0937799 0.995373 -342.486 -0.0937799 0.991017 0.0953425 36.2399 -0.995373 -0.0953425 0.0119574 103.92
0.0162715 -0.0919067 0.995635 -341.449 -0.0919067 0.991413 0.093019 36.3138 -0.995635 -0.093019 0.00768497 103.945
0.0147075 -0.0951896 0.995351 -340.477 -0.0951896 0.990804 0.0961613 36.3847 -0.995351 -0.0961613 0.00551122 103.951
0.0118938 -0.0938788 0.995513 -339.579 -0.0938788 0.991081 0.0945825 36.4601 -0.995513 -0.0945825 0.00297447 103.957
0.0118316 -0.0964447 0.995268 -338.62 -0.0964447 0.990587 0.0971376 36.5372 -0.995268 -0.0971376 0.00241868 103.947
0.0101764 -0.0957897 0.99535 -337.648 -0.0957897 0.99073 0.0963245 36.6107 -0.99535 -0.0963245 0.000906415 103.95
0.00959738 -0.0976316 0.995176 -336.698 -0.0976316 0.990376 0.0981022 36.6878 -0.995176 -0.0981022 -2.69201e-005 103.967
0.00894703 -0.0973285 0.995212 -335.724 -0.0973285 0.990442 0.0977369 36.7616 -0.995212 -0.0977369 -0.000611318 103.987
0.0115649 -0.0997915 0.994941 -334.742 -0.0997915 0.989925 0.100448 36.8459 -0.994941 -0.100448 0.00149005 103.979
0.0119614 -0.0991854 0.994997 -333.766 -0.0991854 0.990043 0.0998839 36.9417 -0.994997 -0.0998839 0.00200457 104.019
0.0167665 -0.101269 0.994718 -332.811 -0.101269 0.98957 0.102452 37.0187 -0.994718 -0.102452 0.00633614 104.014
0.0211861 -0.102141 0.994544 -331.884 -0.102141 0.989341 0.103782 37.0923 -0.994544 -0.103782 0.0105275 104.021
0.0251753 -0.10194 0.994472 -330.948 -0.10194 0.98934 0.103994 37.1711 -0.994472 -0.103994 0.0145152 104.042
0.0291982 -0.101394 0.994418 -330.051 -0.101394 0.98941 0.103861 37.2506 -0.994418 -0.103861 0.0186082 104.059
0.034384 -0.106667 0.9937 -329.148 -0.106667 0.988217 0.10977 37.3162 -0.9937 -0.10977 0.0226009 104.08
0.0347106 -0.102668 0.99411 -328.237 -0.102668 0.98908 0.105734 37.4046 -0.99411 -0.105734 0.0237908 104.118
0.0364203 -0.102587 0.994057 -327.276 -0.102587 0.989078 0.105832 37.498 -0.994057 -0.105832 0.0254983 104.158
0.0390869 -0.103235 0.993889 -326.297 -0.103235 0.988909 0.106777 37.5822 -0.993889 -0.106777 0.0279961 104.191
0.0409432 -0.102126 0.993929 -325.342 -0.102126 0.989125 0.10584 37.666 -0.993929 -0.10584 0.0300682 104.219
0.0395961 -0.100194 0.99418 -324.355 -0.100194 0.989547 0.103717 37.754 -0.99418 -0.103717 0.0291434 104.268
0.0412284 -0.100837 0.994048 -323.402 -0.100837 0.989395 0.104547 37.8331 -0.994048 -0.104547 0.0306232 104.274
0.037027 -0.0962214 0.994671 -322.424 -0.0962214 0.990385 0.0993887 37.9259 -0.994671 -0.0993887 0.0274124 104.358
0.0354593 -0.0962931 0.994721 -321.449 -0.0962931 0.990387 0.0993061 38.0145 -0.994721 -0.0993061 0.025846 104.416
0.0352405 -0.0965837 0.994701 -320.505 -0.0965837 0.990331 0.0995811 38.088 -0.994701 -0.0995811 0.0255714 104.442
0.0351002 -0.0958528 0.994776 -319.551 -0.0958528 0.990478 0.0988207 38.1673 -0.994776 -0.0988207 0.0255782 104.489
0.0330192 -0.0928783 0.99513 -318.596 -0.0928783 0.991079 0.095582 38.2506 -0.99513 -0.095582 0.0240982 104.546
0.0337395 -0.0903956 0.995334 -317.657 -0.0903956 0.991543 0.0931155 38.3282 -0.995334 -0.0931155 0.0252828 104.581
0.032723 -0.0892523 0.995471 -316.701 -0.0892523 0.991765 0.0918538 38.4025 -0.995471 -0.0918538 0.0244876 104.634
0.0301432 -0.089728 0.99551 -315.736 -0.089728 0.991699 0.0921013 38.4703 -0.99551 -0.0921013 0.0218419 104.687
0.0336137 -0.0934211 0.995059 -314.788 -0.0934211 0.990969 0.0961929 38.5221 -0.995059 -0.0961929 0.0245826 104.663
0.0331396 -0.0897859 0.99541 -313.832 -0.0897859 0.991662 0.0924371 38.6145 -0.99541 -0.0924371 0.0248018 104.727
0.0376163 -0.0912924 0.995113 -312.844 -0.0912924 0.99134 0.0943971 38.7006 -0.995113 -0.0943971 0.0289562 104.753
0.0387884 -0.0881585 0.995351 -311.851 -0.0881585 0.991914 0.0912896 38.7764 -0.995351 -0.0912896 0.0307029 104.819
0.041755 -0.09061 0.995011 -310.899 -0.09061 0.991432 0.0940865 38.8519 -0.995011 -0.0940865 0.033187 104.85
0.0421306 -0.0842708 0.995552 -309.951 -0.0842708 0.992586 0.087586 38.9265 -0.995552 -0.087586 0.0347167 104.923
0.0452783 -0.0843001 0.995411 -308.984 -0.0843001 0.992556 0.0878929 39.0014 -0.995411 -0.0878929 0.0378348 104.951
0.0460726 -0.0811175 0.995639 -308.033 -0.0811175 0.993102 0.0846645 39.0716 -0.995639 -0.0846645 0.0391747 105.013
0.0487085 -0.0826952 0.995384 -307.079 -0.0826952 0.992811 0.0865281 39.1302 -0.995384 -0.0865281 0.0415198 105.048
0.0478457 -0.0777571 0.995824 -306.129 -0.0777571 0.99365 0.0813233 39.208 -0.995824 -0.0813233 0.0414957 105.14
0.0497251 -0.0777281 0.995734 -305.154 -0.0777281 0.993642 0.0814465 39.2643 -0.995734 -0.0814465 0.0433673 105.182
0.0476897 -0.0709275 0.996341 -304.192 -0.0709275 0.994717 0.0742069 39.347 -0.996341 -0.0742069 0.0424071 105.287
0.0522525 -0.0979774 0.993816 -303.304 -0.0979774 0.989871 0.10274 39.4016 -0.993816 -0.10274 0.0421236 105.292
0.0470429 -0.0803035 0.99566 -302.351 -0.0803035 0.993233 0.083902 39.4773 -0.99566 -0.083902 0.0402759 105.387
0.0463383 -0.0865304 0.995171 -301.362 -0.0865304 0.992149 0.0902967 39.5657 -0.995171 -0.0902967 0.038487 105.409
0.0357363 -0.0727655 0.996709 -300.377 -0.0727655 0.994509 0.0752139 39.6651 -0.996709 -0.0752139 0.0302453 105.563
0.0347559 -0.0793901 0.996238 -299.4 -0.0793901 0.99347 0.0819393 39.7322 -0.996238 -0.0819393 0.0282262 105.576
0.0310901 -0.0767085 0.996569 -298.365 -0.0767085 0.993927 0.0788983 39.793 -0.996569 -0.0788983 0.0250171 105.606
0.0248709 -0.0743379 0.996923 -297.349 -0.0743379 0.994333 0.0759993 39.8594 -0.996923 -0.0759993 0.0192038 105.634
0.0175682 -0.0729822 0.997178 -296.327 -0.0729822 0.994578 0.0740777 39.9273 -0.997178 -0.0740777 0.0121465 105.657
0.0108952 -0.0758073 0.997063 -295.294 -0.0758073 0.99419 0.0764172 39.9949 -0.997063 -0.0764172 0.00508518 105.656
0.00372031 -0.0746432 0.997203 -294.256 -0.0746432 0.994408 0.0747124 40.0506 -0.997203 -0.0747124 -0.0018721 105.665
-0.00265761 -0.0777241 0.996971 -293.189 -0.0777241 0.993975 0.0772833 40.1253 -0.996971 -0.0772833 -0.00868263 105.649
-0.007438 -0.0802004 0.996751 -292.165 -0.0802004 0.993615 0.0793496 40.1822 -0.996751 -0.0793496 -0.0138226 105.624
-0.0123997 -0.0815209 0.996594 -291.62 -0.0815209 0.993436 0.0802483 40.217 -0.996594 -0.0802483 -0.0189639 105.618
-0.0152077 -0.0829474 0.996438 -290.704 -0.0829474 0.993223 0.0814139 40.2778 -0.996438 -0.0814139 -0.021985 105.604
-0.0168364 -0.0838348 0.996337 -289.771 -0.0838348 0.993088 0.0821448 40.3434 -0.996337 -0.0821448 -0.0237483 105.581
-0.0194223 -0.0838458 0.996289 -288.799 -0.0838458 0.993104 0.0819431 40.4033 -0.996289 -0.0819431 -0.0263185 105.573
-0.0213736 -0.0835502 0.996274 -287.792 -0.0835502 0.993165 0.0814971 40.4704 -0.996274 -0.0814971 -0.0282082 105.552
-0.0230249 -0.0829609 0.996287 -286.74 -0.0829609 0.993272 0.0807926 40.5388 -0.996287 -0.0807926 -0.0297525 105.526
-0.0259345 -0.0829447 0.996217 -285.658 -0.0829447 0.993294 0.080542 40.6112 -0.996217 -0.080542 -0.0326404 105.516
-0.0263546 -0.0852694 0.996009 -284.6 -0.0852694 0.992916 0.0827483 40.6716 -0.996009 -0.0827483 -0.0334388 105.471
-0.0266336 -0.0871607 0.995838 -283.55 -0.0871607 0.9926 0.0845462 40.7433 -0.995838 -0.0845462 -0.0340335 105.425
-0.0292273 -0.0867657 0.9958 -282.491 -0.0867657 0.992685 0.0839478 40.8045 -0.9958 -0.0839478 -0.0365418 105.402
-0.0328486 -0.0891508 0.995476 -281.455 -0.0891508 0.992305 0.085925 40.8767 -0.995476 -0.085925 -0.0405437 105.377
-0.0366725 -0.0865264 0.995574 -280.426 -0.0865264 0.992778 0.0830962 40.9426 -0.995574 -0.0830962 -0.0438944 105.33
-0.0409794 -0.0885835 0.995225 -279.405 -0.0885835 0.992462 0.08469 41.0025 -0.995225 -0.08469 -0.0485175 105.298
-0.0447415 -0.0894797 0.994983 -278.403 -0.0894797 0.992336 0.085218 41.0645 -0.994983 -0.085218 -0.0524052 105.254
-0.0484551 -0.0912936 0.994644 -277.412 -0.0912936 0.992051 0.0866081 41.131 -0.994644 -0.0866081 -0.0564044 105.215
-0.0498649 -0.0948891 0.994238 -276.423 -0.0948891 0.991424 0.0898614 41.1908 -0.994238 -0.0898614 -0.0584412 105.148
-0.0513202 -0.096169 0.994041 -275.455 -0.096169 0.991203 0.0909294 41.2586 -0.994041 -0.0909294 -0.0601172 105.107
-0.0500602 -0.100321 0.993695 -274.51 -0.100321 0.990416 0.0949358 41.3345 -0.993695 -0.0949358 -0.0596446 105.038
-0.04914 -0.101348 0.993637 -273.545 -0.101348 0.99021 0.0959864 41.4131 -0.993637 -0.0959864 -0.0589303 104.984
-0.0469646 -0.101841 0.993691 -272.579 -0.101841 0.990094 0.0966592 41.4913 -0.993691 -0.0966592 -0.056871 104.945
-0.0435956 -0.103317 0.993693 -271.597 -0.103317 0.989771 0.0983767 41.5607 -0.993693 -0.0983767 -0.0538242 104.916
-0.0375588 -0.104789 0.993785 -270.615 -0.104789 0.989417 0.100368 41.6487 -0.993785 -0.100368 -0.0481421 104.881
-0.0313167 -0.104738 0.994007 -269.676 -0.104738 0.989363 0.100949 41.7259 -0.994007 -0.100949 -0.0419536 104.839
-0.0241563 -0.104902 0.994189 -268.784 -0.104902 0.989255 0.101832 41.8049 -0.994189 -0.101832 -0.0349012 104.826
-0.0172988 -0.103605 0.994468 -267.869 -0.103605 0.989449 0.10128 41.8906 -0.994468 -0.10128 -0.0278502 104.807
-0.00979476 -0.102849 0.994649 -266.952 -0.102849 0.989525 0.101306 41.981 -0.994649 -0.101306 -0.02027 104.785
-0.00288696 -0.102387 0.994741 -266.011 -0.102387 0.989547 0.101555 42.0648 -0.994741 -0.101555 -0.0133398 104.797
0.00546422 -0.102057 0.994764 -265.062 -0.102057 0.989527 0.10208 42.1497 -0.994764 -0.10208 -0.00500866 104.795
0.0128057 -0.0996778 0.994937 -264.082 -0.0996778 0.989935 0.10046 42.2346 -0.994937 -0.10046 0.00274111 104.84
0.0238526 -0.101971 0.994501 -263.141 -0.101971 0.989348 0.103888 42.3202 -0.994501 -0.103888 0.0132004 104.842
0.0290767 -0.096244 0.994933 -262.205 -0.096244 0.99046 0.098624 42.3923 -0.994933 -0.098624 0.0195363 104.909
0.0356257 -0.0934745 0.994984 -261.286 -0.0934745 0.99094 0.0964415 42.4709 -0.994984 -0.0964415 0.0265654 104.956
0.0439969 -0.0907618 0.9949 -260.344 -0.0907618 0.991383 0.0944546 42.5568 -0.9949 -0.0944546 0.0353801 105.012
0.0504029 -0.0870843 0.994925 -259.396 -0.0870843 0.992014 0.0912412 42.631 -0.994925 -0.0912412 0.0424166 105.072
0.0557355 -0.0833973 0.994956 -258.452 -0.0833973 0.992634 0.0878744 42.7092 -0.994956 -0.0878744 0.0483699 105.135
0.0577504 -0.0786903 0.995225 -257.478 -0.0786903 0.993428 0.0831145 42.7915 -0.995225 -0.0831145 0.0511788 105.215
0.0594111 -0.0772239 0.995242 -256.52 -0.0772239 0.99366 0.0817111 42.8512 -0.995242 -0.0817111 0.0530709 105.276
0.0602588 -0.074985 0.995362 -255.562 -0.074985 0.994017 0.0794232 42.9195 -0.995362 -0.0794232 0.0542755 105.349
0.0617715 -0.0726637 0.995442 -254.574 -0.0726637 0.994372 0.0770947 42.984 -0.995442 -0.0770947 0.0561438 105.413
0.0600342 -0.0709466 0.995672 -253.604 -0.0709466 0.994645 0.0751512 43.059 -0.995672 -0.0751512 0.0546793 105.515
0.0616628 -0.0670764 0.995841 -252.625 -0.0670764 0.995205 0.0711869 43.1103 -0.995841 -0.0711869 0.0568679 105.573
0.0594413 -0.0616282 0.996328 -251.632 -0.0616282 0.995962 0.0652824 43.1667 -0.996328 -0.0652824 0.0554033 105.652
0.0567269 -0.0584797 0.996676 -250.603 -0.0584797 0.996374 0.0617904 43.2149 -0.996676 -0.0617904 0.0531014 105.706
0.0543538 -0.0630776 0.996527 -249.555 -0.0630776 0.995793 0.0664715 43.2661 -0.996527 -0.0664715 0.0501463 105.71
0.0452429 -0.0554954 0.997433 -248.466 -0.0554954 0.996774 0.0579759 43.3011 -0.997433 -0.0579759 0.0420172 105.819
0.0387269 -0.0567596 0.997636 -247.408 -0.0567596 0.996649 0.0589068 43.3409 -0.997636 -0.0589068 0.0353755 105.854
0.0307706 -0.0551621 0.998003 -246.293 -0.0551621 0.996861 0.0567998 43.3755 -0.998003 -0.0567998 0.0276311 105.882
0.0231604 -0.0553217 0.9982 -245.168 -0.0553217 0.996867 0.0565314 43.4214 -0.9982 -0.0565314 0.0200273 105.908
0.0148229 -0.0552373 0.998363 -244.049 -0.0552373 0.996903 0.0559767 43.4576 -0.998363 -0.0559767 0.0117258 105.932
0.00539534 -0.0548646 0.998479 -243 -0.0548646 0.996974 0.0550783 43.4921 -0.998479 -0.0550783 0.00236889 105.944
-0.00509297 -0.0546321 0.998494 -241.997 -0.0546321 0.99703 0.0542734 43.5265 -0.998494 -0.0542734 -0.00806252 105.936
-0.0148069 -0.056406 0.998298 -241.014 -0.056406 0.996865 0.0554884 43.5586 -0.998298 -0.0554884 -0.0179421 105.901
-0.0255346 -0.0585828 0.997956 -240.031 -0.0585828 0.996654 0.0570074 43.6003 -0.997956 -0.0570074 -0.0288811 105.875
-0.0353474 -0.0613465 0.99749 -239.013 -0.0613465 0.996365 0.0591034 43.6398 -0.99749 -0.0591034 -0.0389823 105.812
-0.0455489 -0.064152 0.9969 -238.004 -0.064152 0.996064 0.0611671 43.6762 -0.9969 -0.0611671 -0.0494851 105.759
-0.0550539 -0.0674992 0.996199 -236.993 -0.0674992 0.995682 0.0637339 43.7203 -0.996199 -0.0637339 -0.0593723 105.69
-0.0639382 -0.0715272 0.995387 -235.991 -0.0715272 0.995191 0.0669186 43.7622 -0.995387 -0.0669186 -0.0687469 105.607
-0.071535 -0.0768587 0.994472 -235.002 -0.0768587 0.994487 0.0713312 43.811 -0.994472 -0.0713312 -0.0770479 105.534
-0.0773302 -0.0813244 0.993683 -234.045 -0.0813244 0.993861 0.0750101 43.86 -0.993683 -0.0750101 -0.0834692 105.455
-0.0792724 -0.0872264 0.993029 -233.202 -0.0872264 0.99295 0.0802563 43.8998 -0.993029 -0.0802563 -0.086322 105.364
-0.0818622 -0.09003 0.992569 -232.304 -0.09003 0.992508 0.0825993 43.9524 -0.992569 -0.0825993 -0.0893543 105.294
-0.0843742 -0.0934809 0.992039 -231.377 -0.0934809 0.991941 0.085521 44.0116 -0.992039 -0.085521 -0.092433 105.206
-0.08494 -0.0959962 0.991751 -230.466 -0.0959962 0.991506 0.0877508 44.0679 -0.991751 -0.0877508 -0.0934338 105.12
-0.0852871 -0.0995616 0.99137 -229.559 -0.0995616 0.990866 0.0909458 44.12 -0.99137 -0.0909458 -0.0944206 105.043
-0.0839716 -0.102236 0.99121 -228.656 -0.102236 0.990357 0.0934873 44.1895 -0.99121 -0.0934873 -0.0936142 104.957
-0.0844984 -0.100923 0.991299 -227.783 -0.100923 0.990608 0.0922498 44.2537 -0.991299 -0.0922498 -0.0938902 104.898
-0.0835652 -0.103772 0.991084 -226.944 -0.103772 0.990062 0.0949156 44.3141 -0.991084 -0.0949156 -0.0935034 104.829
-0.082007 -0.104464 0.991142 -226.143 -0.104464 0.989914 0.0956912 44.357 -0.991142 -0.0956912 -0.0920926 104.755
-0.0822147 -0.105209 0.991046 -225.377 -0.105209 0.989772 0.0963458 44.4179 -0.991046 -0.0963458 -0.0924428 104.701
-0.0808513 -0.1072 0.990945 -224.628 -0.1072 0.989368 0.0982833 44.4704 -0.990945 -0.0982833 -0.0914835 104.633
-0.0811694 -0.106667 0.990976 -223.922 -0.106667 0.989476 0.0977689 44.5229 -0.990976 -0.0977689 -0.0916931 104.585
-0.0801586 -0.10705 0.991017 -223.241 -0.10705 0.989391 0.0982155 44.5752 -0.991017 -0.0982155 -0.0907679 104.528
-0.0792052 -0.104043 0.991414 -222.587 -0.104043 0.98997 0.0955794 44.6264 -0.991414 -0.0955794 -0.0892357 104.479
-0.0774974 -0.103649 0.99159 -221.96 -0.103649 0.990029 0.0953857 44.6891 -0.99159 -0.0953857 -0.0874679 104.421
-0.0752805 -0.108279 0.991266 -221.345 -0.108279 0.989096 0.0998192 44.7187 -0.991266 -0.0998192 -0.0861841 104.381
-0.0711821 -0.106911 0.991717 -220.742 -0.106911 0.98933 0.0989798 44.7688 -0.991717 -0.0989798 -0.0818525 104.333
-0.0653934 -0.107875 0.992011 -220.173 -0.107875 0.989077 0.100444 44.8131 -0.992011 -0.100444 -0.0763161 104.297
-0.058561 -0.108805 0.992337 -219.654 -0.108805 0.988816 0.101998 44.8584 -0.992337 -0.101998 -0.0697446 104.268
-0.0496979 -0.108767 0.992824 -219.177 -0.108767 0.98873 0.102874 44.9029 -0.992824 -0.102874 -0.0609681 104.243
-0.0376561 -0.111091 0.993097 -218.698 -0.111091 0.988107 0.106321 44.9408 -0.993097 -0.106321 -0.0495494 104.235
-0.0207141 -0.112951 0.993385 -218.217 -0.112951 0.987501 0.109926 44.9777 -0.993385 -0.109926 -0.0332131 104.227
-0.000547812 -0.110744 0.993849 -217.772 -0.110744 0.987743 0.110002 45.0081 -0.993849 -0.110002 -0.0128052 104.248
0.0241511 -0.104171 0.994266 -217.323 -0.104171 0.98888 0.106137 45.0557 -0.994266 -0.106137 0.013031 104.289
0.0550323 -0.0992043 0.993544 -216.952 -0.0992043 0.989585 0.104304 45.0974 -0.993544 -0.104304 0.0446176 104.334
0.0886084 -0.0925908 0.991754 -216.543 -0.0925908 0.990593 0.100755 45.1456 -0.991754 -0.100755 0.0792018 104.412
0.125486 -0.0868777 0.988284 -216.184 -0.0868777 0.991369 0.0981801 45.188 -0.988284 -0.0981801 0.116855 104.487
0.163257 -0.0804473 0.983298 -215.811 -0.0804473 0.992266 0.0945376 45.225 -0.983298 -0.0945376 0.155522 104.59
0.201635 -0.0743973 0.976631 -215.443 -0.0743973 0.993067 0.0910094 45.2625 -0.976631 -0.0910094 0.194703 104.711
0.240165 -0.0681676 0.968336 -215.075 -0.0681676 0.993884 0.086873 45.2956 -0.968336 -0.086873 0.23405 104.856
0.28095 -0.0621672 0.957707 -214.705 -0.0621672 0.994625 0.0828009 45.3299 -0.957707 -0.0828009 0.275576 105.007
0.320452 -0.0556954 0.945626 -214.338 -0.0556954 0.995435 0.0775031 45.3562 -0.945626 -0.0775031 0.315888 105.191
0.359374 -0.0495898 0.931875 -214.015 -0.0495898 0.996161 0.0721349 45.3872 -0.931875 -0.0721349 0.355535 105.39
0.39955 -0.0471928 0.915496 -213.661 -0.0471928 0.996291 0.071954 45.4145 -0.915496 -0.071954 0.395841 105.587
0.438387 -0.0452312 0.897647 -213.333 -0.0452312 0.996357 0.0722947 45.4424 -0.897647 -0.0722947 0.434745 105.803
0.475207 -0.0413513 0.878902 -213.019 -0.0413513 0.996742 0.0692535 45.4708 -0.878902 -0.0692535 0.471949 106.029
0.511714 -0.0364519 0.858382 -212.734 -0.0364519 0.997279 0.0640806 45.4882 -0.858382 -0.0640806 0.508993 106.278
0.54881 -0.0333993 0.83528 -212.473 -0.0333993 0.997528 0.0618314 45.5177 -0.83528 -0.0618314 0.546337 106.504
0.585159 -0.0307691 0.810335 -212.177 -0.0307691 0.997718 0.0601033 45.5308 -0.810335 -0.0601033 0.582877 106.755
0.62294 -0.0302376 0.781685 -211.897 -0.0302376 0.997575 0.0626856 45.5517 -0.781685 -0.0626856 0.620515 107.03
0.660367 -0.0298363 0.75035 -211.615 -0.0298363 0.997379 0.0659172 45.5714 -0.75035 -0.0659172 0.657746 107.319
0.696463 -0.0271479 0.717079 -211.327 -0.0271479 0.997572 0.0641344 45.6118 -0.717079 -0.0641344 0.694035 107.645
0.729146 -0.0243583 0.683925 -211.113 -0.0243583 0.997809 0.0615062 45.6269 -0.683925 -0.0615062 0.726955 108.05
0.768013 -0.0198753 0.640126 -210.67 -0.0198753 0.998297 0.0548422 45.7042 -0.640126 -0.0548422 0.76631 108.389
0.796809 -0.0187745 0.60394 -210.354 -0.0187745 0.998265 0.0558029 45.7475 -0.60394 -0.0558029 0.795074 109.086
0.828149 -0.0183028 0.560209 -209.888 -0.0183028 0.998051 0.0596645 45.8036 -0.560209 -0.0596645 0.8262 109.826
0.851614 -0.0183799 0.523846 -209.622 -0.0183799 0.997723 0.0648866 45.8282 -0.523846 -0.0648866 0.849338 110.393
0.87681 -0.0177195 0.48051 -209.387 -0.0177195 0.997451 0.0691159 45.8581 -0.48051 -0.0691159 0.874261 110.835
0.895936 -0.0164756 0.443878 -209.181 -0.0164756 0.997392 0.0702755 45.8927 -0.443878 -0.0702755 0.893327 111.333
0.913826 -0.0152796 0.405818 -208.975 -0.0152796 0.997291 0.0719562 45.9369 -0.405818 -0.0719562 0.911117 111.88
0.928862 -0.0146364 0.370136 -208.776 -0.0146364 0.996989 0.0761544 45.9755 -0.370136 -0.0761544 0.925851 112.435
0.942058 -0.0146638 0.33513 -208.607 -0.0146638 0.996289 0.0848136 46.0248 -0.33513 -0.0848136 0.938347 113.042
0.953877 -0.0134544 0.299897 -208.432 -0.0134544 0.996075 0.0874813 46.0756 -0.299897 -0.0874813 0.949952 113.663
0.964172 -0.0116401 0.265023 -208.301 -0.0116401 0.996218 0.0861027 46.1175 -0.265023 -0.0861027 0.96039 114.262
0.973039 -0.00978473 0.230435 -208.184 -0.00978473 0.996449 0.0836285 46.1617 -0.230435 -0.0836285 0.969488 114.883
0.980201 -0.00786609 0.19785 -208.084 -0.00786609 0.996875 0.0786043 46.2138 -0.19785 -0.0786043 0.977076 115.514
0.98583 -0.00648221 0.167625 -208.01 -0.00648221 0.997035 0.0766793 46.2653 -0.167625 -0.0766793 0.982864 116.158
0.990118 -0.00565378 0.140124 -207.958 -0.00565378 0.996765 0.0801678 46.3149 -0.140124 -0.0801678 0.986883 116.79
0.993446 -0.00501223 0.114191 -207.901 -0.00501223 0.996167 0.0873306 46.3674 -0.114191 -0.0873306 0.989613 117.432
0.995671 -0.00431397 0.092846 -207.863 -0.00431397 0.995701 0.0925265 46.4254 -0.092846 -0.0925265 0.991372 118.112
0.997261 -0.0035286 0.0738812 -207.842 -0.0035286 0.995455 0.0951729 46.4852 -0.0738812 -0.0951729 0.992715 118.822
0.998401 -0.00266045 0.0564622 -207.821 -0.00266045 0.995573 0.0939545 46.5524 -0.0564622 -0.0939545 0.993974 119.569
0.999161 -0.00183834 0.0409202 -207.784 -0.00183834 0.995973 0.0896314 46.6108 -0.0409202 -0.0896314 0.995134 120.332
0.99963 -0.00119406 0.0271849 -207.782 -0.00119406 0.99615 0.0876622 46.6815 -0.0271849 -0.0876622 0.995779 121.124
0.999863 -0.000728724 0.0165274 -207.772 -0.000728724 0.99612 0.0880064 46.7483 -0.0165274 -0.0880064 0.995983 121.925
0.999962 -0.000411971 0.00867932 -207.797 -0.000411971 0.995504 0.0947165 46.8196 -0.00867932 -0.0947165 0.995466 122.763
0.999991 -0.000211597 0.00419709 -207.793 -0.000211597 0.99493 0.100574 46.9001 -0.00419709 -0.100574 0.994921 123.621
0.999994 -0.000179566 0.00349656 -207.809 -0.000179566 0.994739 0.102439 46.9866 -0.00349656 -0.102439 0.994733 124.528
0.999975 -0.000344083 0.0070482 -207.83 -0.000344083 0.995245 0.0974038 47.0723 -0.0070482 -0.0974038 0.99522 125.474
0.999952 -0.000448659 0.00979627 -207.814 -0.000448659 0.995814 0.0914041 47.1483 -0.00979627 -0.0914041 0.995766 126.436
0.9999 -0.000633619 0.0141076 -207.807 -0.000633619 0.995974 0.0896413 47.219 -0.0141076 -0.0896413 0.995874 127.383
0.999844 -0.000809195 0.017661 -207.78 -0.000809195 0.995811 0.0914373 47.2795 -0.017661 -0.0914373 0.995654 128.307
0.999732 -0.00105372 0.0231132 -207.802 -0.00105372 0.995852 0.0909783 47.3526 -0.0231132 -0.0909783 0.995585 129.237
0.999602 -0.00124892 0.0281885 -207.742 -0.00124892 0.996082 0.0884211 47.4203 -0.0281885 -0.0884211 0.995684 130.164
0.999417 -0.00152181 0.0341115 -207.742 -0.00152181 0.996028 0.0890226 47.4827 -0.0341115 -0.0890226 0.995445 131.095
0.999189 -0.00192762 0.040221 -207.682 -0.00192762 0.995419 0.0955929 47.5675 -0.040221 -0.0955929 0.994608 132.025
0.998955 -0.00243887 0.0456396 -207.652 -0.00243887 0.994308 0.106515 47.6424 -0.0456396 -0.106515 0.993263 132.933
0.998755 -0.00273104 0.0498051 -207.617 -0.00273104 0.994008 0.109273 47.7048 -0.0498051 -0.109273 0.992763 133.558
0.99862 -0.00272437 0.0524562 -207.586 -0.00272437 0.994624 0.103521 47.78 -0.0524562 -0.103521 0.993243 134.466
0.998438 -0.00262006 0.0558026 -207.534 -0.00262006 0.995604 0.0936249 47.8603 -0.0558026 -0.0936249 0.994042 135.476
0.998254 -0.0026835 0.0590063 -207.506 -0.0026835 0.995876 0.0906892 47.9399 -0.0590063 -0.0906892 0.99413 136.443
0.998052 -0.00294908 0.0623126 -207.462 -0.00294908 0.995535 0.0943509 48.0088 -0.0623126 -0.0943509 0.993587 137.389
0.997889 -0.00314511 0.0648733 -207.435 -0.00314511 0.995315 0.096632 48.0956 -0.0648733 -0.096632 0.993204 138.366
0.99782 -0.00317635 0.0659171 -207.356 -0.00317635 0.995372 0.0960459 48.1659 -0.0659171 -0.0960459 0.993192 139.338
0.997987 -0.00291088 0.0633545 -207.289 -0.00291088 0.995791 0.0916059 48.255 -0.0633545 -0.0916059 0.993778 140.361
0.998085 -0.00280688 0.0617953 -207.242 -0.00280688 0.995886 0.0905705 48.3295 -0.0617953 -0.0905705 0.993971 141.437
0.998315 -0.00263647 0.0579668 -207.164 -0.00263647 0.995875 0.0907004 48.4044 -0.0579668 -0.0907004 0.99419 142.44
0.998405 -0.00269973 0.0563975 -207.165 -0.00269973 0.995431 0.0954442 48.4817 -0.0563975 -0.0954442 0.993836 143.47
0.998577 -0.00259789 0.0532745 -207.13 -0.00259789 0.995259 0.0972278 48.5573 -0.0532745 -0.0972278 0.993835 144.461
0.998748 -0.00240767 0.0499761 -207.089 -0.00240767 0.995372 0.0960696 48.6408 -0.0499761 -0.0960696 0.994119 145.451
0.998933 -0.00217193 0.0461316 -207.031 -0.00217193 0.995579 0.093904 48.714 -0.0461316 -0.093904 0.994512 146.446
0.999041 -0.00212619 0.0437257 -207.006 -0.00212619 0.995285 0.0969755 48.7899 -0.0437257 -0.0969755 0.994326 147.452
0.999114 -0.00210419 0.0420265 -206.995 -0.00210419 0.995001 0.0998417 48.875 -0.0420265 -0.0998417 0.994115 148.476
0.999244 -0.00192809 0.038829 -206.96 -0.00192809 0.995083 0.0990298 48.9581 -0.038829 -0.0990298 0.994327 149.522
0.999274 -0.00182449 0.0380616 -207.01 -0.00182449 0.995417 0.0956156 49.0118 -0.0380616 -0.0956156 0.99469 150.517
0.999575 -0.00133349 0.0291366 -206.786 -0.00133349 0.99582 0.0913233 49.0874 -0.0291366 -0.0913233 0.995395 151.436
0.999441 -0.00154272 0.033393 -206.899 -0.00154272 0.995742 0.0921751 49.218 -0.033393 -0.0921751 0.995183 152.567
0.999726 -0.00111582 0.0233641 -206.842 -0.00111582 0.995449 0.0952859 49.2783 -0.0233641 -0.0952859 0.995176 153.558
0.999726 -0.00111582 0.0233641 -206.786 -0.00111582 0.995449 0.0952859 49.3386 -0.0233641 -0.0952859 0.995176 154.55
0.999769 -0.00102174 0.0214677 -206.829 -0.00102174 0.99548 0.0949626 49.3953 -0.0214677 -0.0949626 0.995249 155.357
0.999877 -0.000761917 0.0156615 -206.815 -0.000761917 0.995278 0.0970622 49.4425 -0.0156615 -0.0970622 0.995155 156.139
0.999955 -0.000464907 0.0094864 -206.806 -0.000464907 0.995208 0.0977785 49.4932 -0.0094864 -0.0977785 0.995163 156.882
0.999996 -0.000145101 0.00290866 -206.803 -0.000145101 0.995035 0.0995239 49.5562 -0.00290866 -0.0995239 0.995031 157.604
0.999993 0.000195871 -0.00384678 -206.821 0.000195871 0.994828 0.101572 49.6053 0.00384678 -0.101572 0.994821 158.321
0.999917 0.000649343 -0.0128544 -206.827 0.000649343 0.99491 0.100769 49.6668 0.0128544 -0.100769 0.994827 159.021
0.999727 0.00119042 -0.0233376 -206.871 0.00119042 0.99481 0.101739 49.718 0.0233376 -0.101739 0.994537 159.707
0.999317 0.00187296 -0.036912 -206.892 0.00187296 0.994866 0.101187 49.7584 0.036912 -0.101187 0.994182 160.154
0.998569 0.00266834 -0.053406 -206.925 0.00266834 0.995023 0.0996067 49.7815 0.053406 -0.0996067 0.993593 160.474
0.997413 0.00352641 -0.0717917 -206.986 0.00352641 0.995192 0.0978769 49.8169 0.0717917 -0.0978769 0.992606 160.985
0.995654 0.00442915 -0.093026 -207.03 0.00442915 0.995486 0.0948021 49.8394 0.093026 -0.0948021 0.99114 161.299
0.993093 0.00547659 -0.117201 -207.103 0.00547659 0.995658 0.0929306 49.8696 0.117201 -0.0929306 0.988751 161.7
0.989443 0.00678765 -0.144764 -207.186 0.00678765 0.995636 0.0930754 49.9088 0.144764 -0.0930754 0.985079 162.09
0.984635 0.00831657 -0.174428 -207.29 0.00831657 0.995499 0.0944107 49.9439 0.174428 -0.0944107 0.980133 162.556
0.978609 0.0100884 -0.205482 -207.425 0.0100884 0.995242 0.0969086 49.9777 0.205482 -0.0969086 0.973851 163.039
0.970992 0.0122075 -0.238802 -207.6 0.0122075 0.994863 0.100494 50.017 0.238802 -0.100494 0.965854 163.525
0.960843 0.0145583 -0.27671 -207.78 0.0145583 0.994587 0.102879 50.0703 0.27671 -0.102879 0.955431 164.017
0.948576 0.0169245 -0.316097 -207.997 0.0169245 0.99443 0.104033 50.1175 0.316097 -0.104033 0.943006 164.482
0.933923 0.0199365 -0.356918 -208.215 0.0199365 0.993985 0.107688 50.1641 0.356918 -0.107688 0.927908 164.942
0.918349 0.0236528 -0.395063 -208.47 0.0236528 0.993148 0.114443 50.202 0.395063 -0.114443 0.911498 165.386
0.901149 0.0269947 -0.432669 -208.748 0.0269947 0.992628 0.118155 50.2563 0.432669 -0.118155 0.893777 165.829
0.881328 0.0300004 -0.471552 -209.031 0.0300004 0.992416 0.119208 50.3015 0.471552 -0.119208 0.873744 166.284
0.860294 0.0325738 -0.508756 -209.343 0.0325738 0.992405 0.118622 50.3569 0.508756 -0.118622 0.8527 166.713
0.836916 0.0355442 -0.546176 -209.676 0.0355442 0.992253 0.119039 50.4076 0.546176 -0.119039 0.829169 167.148
0.812044 0.0396545 -0.582248 -210.049 0.0396545 0.991634 0.122841 50.4648 0.582248 -0.122841 0.803677 167.564
0.785225 0.0437705 -0.617662 -210.427 0.0437705 0.99108 0.125878 50.5284 0.617662 -0.125878 0.776304 167.95
0.754856 0.0473205 -0.654182 -210.839 0.0473205 0.990866 0.126277 50.5806 0.654182 -0.126277 0.745721 168.347
0.722727 0.0506183 -0.689278 -211.287 0.0506183 0.990759 0.125833 50.6368 0.689278 -0.125833 0.713486 168.735
0.687127 0.0527558 -0.72462 -211.768 0.0527558 0.991104 0.122183 50.6983 0.72462 -0.122183 0.678231 169.122
0.649431 0.0545421 -0.758462 -212.294 0.0545421 0.991514 0.118003 50.7651 0.758462 -0.118003 0.640945 169.491
0.609129 0.0562697 -0.791073 -212.837 0.0562697 0.991899 0.113883 50.8327 0.791073 -0.113883 0.601028 169.828
0.566064 0.057612 -0.822345 -213.416 0.057612 0.992351 0.10918 50.8871 0.822345 -0.10918 0.558415 170.132
0.521917 0.0620081 -0.850739 -213.97 0.0620081 0.991957 0.110342 50.9536 0.850739 -0.110342 0.513875 170.457
0.476913 0.0661997 -0.876454 -214.566 0.0661997 0.991622 0.11092 50.9987 0.876454 -0.11092 0.468535 170.646
0.432002 0.0731375 -0.898902 -215.135 0.0731375 0.990583 0.115746 51.0656 0.898902 -0.115746 0.422584 170.925
0.387165 0.076999 -0.91879 -215.773 0.076999 0.990326 0.11544 51.1311 0.91879 -0.11544 0.37749 171.103
0.341513 0.0971757 -0.93484 -216.345 0.0971757 0.985659 0.137958 51.2567 0.93484 -0.137958 0.327172 171.436
0.30259 0.0958727 -0.948287 -217.049 0.0958727 0.98682 0.130361 51.2926 0.948287 -0.130361 0.28941 171.51
0.264328 0.106352 -0.958551 -217.721 0.106352 0.984625 0.138572 51.3905 0.958551 -0.138572 0.248953 171.663
0.229866 0.109159 -0.967081 -218.401 0.109159 0.984528 0.137074 51.4518 0.967081 -0.137074 0.214393 171.748
0.198392 0.113859 -0.973487 -219.086 0.113859 0.983828 0.138273 51.5403 0.973487 -0.138273 0.182219 171.848
0.171986 0.117033 -0.978123 -219.79 0.117033 0.983458 0.13825 51.6227 0.978123 -0.13825 0.155444 171.927
0.150436 0.119799 -0.981334 -220.518 0.119799 0.983107 0.13838 51.7154 0.981334 -0.13838 0.133543 172.006
0.133746 0.122202 -0.983452 -221.28 0.122202 0.982761 0.138735 51.8093 0.983452 -0.138735 0.116507 172.073
0.121448 0.122545 -0.985004 -222.043 0.122545 0.982907 0.137393 51.9046 0.985004 -0.137393 0.104355 172.14
0.113104 0.124686 -0.985729 -222.838 0.124686 0.982471 0.138581 52.0035 0.985729 -0.138581 0.0955742 172.207
0.106565 0.124568 -0.986472 -223.647 0.124568 0.982632 0.137539 52.1067 0.986472 -0.137539 0.0891969 172.283
0.103827 0.124767 -0.986739 -224.477 0.124767 0.98263 0.137376 52.2101 0.986739 -0.137376 0.0864565 172.341
0.103523 0.125554 -0.986671 -225.321 0.125554 0.982416 0.138185 52.3123 0.986671 -0.138185 0.0859385 172.395
0.10327 0.12392 -0.986904 -226.184 0.12392 0.982875 0.136381 52.4278 0.986904 -0.136381 0.0861457 172.474
0.102185 0.121608 -0.987304 -227.066 0.121608 0.983528 0.13373 52.5409 0.987304 -0.13373 0.0857128 172.556
0.102896 0.119235 -0.98752 -227.942 0.119235 0.984152 0.131252 52.6478 0.98752 -0.131252 0.0870485 172.626
