0.999993 -0.00137303 -0.00338692 -0.00590868 0.00136543 0.999997 -0.0022434 -0.00116763 0.00338999 0.00223876 0.999992 0.65323
0.999969 0.00150517 -0.00770404 -0.00875145 -0.00153926 0.999989 -0.00442198 0.00633033 0.0076973 0.0044337 0.999961 0.673171
0.999936 0.000624726 -0.0112949 -0.0184325 -0.000691542 0.999982 -0.00591268 -0.00441631 0.011291 0.00592011 0.999919 0.680627
0.999867 0.00236063 -0.016125 -0.0180198 -0.00247005 0.999974 -0.00676944 -0.00393372 0.0161086 0.00680837 0.999847 0.692515
0.999808 -0.000416222 -0.0196124 -0.0268385 0.000279437 0.999976 -0.00697666 -0.010215 0.0196148 0.00696984 0.999783 0.707465
0.999693 0.00244994 -0.0246709 -0.0217039 -0.00264368 0.999966 -0.00782345 -0.0122726 0.0246509 0.00788626 0.999665 0.71378
0.999528 0.00287523 -0.0305983 -0.0203392 -0.00313042 0.999961 -0.00829515 -0.00943919 0.0305733 0.00838702 0.999497 0.733873
0.999397 0.00122735 -0.0347034 -0.0360228 -0.00146442 0.999976 -0.00680663 -0.00723222 0.0346942 0.00685335 0.999374 0.735603
0.999229 7.98741e-006 -0.0392667 -0.0331624 -0.000156492 0.999993 -0.00377887 -0.0117282 0.0392664 0.0037821 0.999222 0.741765
0.999093 -0.000295307 -0.0425808 -0.0388214 0.000261559 1 -0.000798143 -0.0146175 0.042581 0.000786282 0.999093 0.753031
0.999015 0.00285147 -0.0442917 -0.052469 -0.00292273 0.999995 -0.00154429 -0.00646513 0.044287 0.00167222 0.999017 0.772366
0.998911 -0.00111289 -0.0466506 -0.0375572 0.00104321 0.999998 -0.00151805 -0.00886737 0.0466522 0.00146773 0.99891 0.772166
0.998845 -0.00272364 -0.0479676 -0.04544 0.0025985 0.999993 -0.00267095 -0.000820111 0.0479745 0.00254322 0.998845 0.791826
0.998746 -0.000514072 -0.0500537 -0.0386131 0.000426594 0.999998 -0.00175836 -0.00958951 0.0500545 0.0017348 0.998745 0.781621
0.99866 -0.000601588 -0.0517493 -0.0418159 0.00050262 0.999998 -0.00192544 -0.0115621 0.0517504 0.00189685 0.998658 0.80146
0.998528 0.00136006 -0.0542131 -0.041105 -0.00158383 0.99999 -0.00408491 -0.0104381 0.054207 0.00416476 0.998521 0.819534
0.998558 0.00120458 -0.053671 -0.0672388 -0.00160569 0.999971 -0.00743114 -0.000122723 0.0536605 0.0075066 0.998531 0.813166
0.998495 0.00565494 -0.0545579 -0.063464 -0.00613595 0.999944 -0.00865313 -0.0118645 0.0545059 0.00897487 0.998473 0.813032
0.998408 -1.60138e-005 -0.0564013 -0.0411497 -0.00046205 0.999964 -0.00846305 -0.0101004 0.0563995 0.00847564 0.998372 0.828106
0.998404 -0.000371489 -0.0564662 -0.0661249 -4.03783e-005 0.999973 -0.00729272 -0.0114519 0.0564674 0.00728337 0.998378 0.841709
0.998323 -0.000345832 -0.057886 -0.0500073 5.95225e-006 0.999983 -0.00587161 -0.0131909 0.057887 0.00586142 0.998306 0.822756
0.998306 0.000385163 -0.0581774 -0.059063 -0.00074912 0.99998 -0.00623429 -0.00678355 0.0581738 0.00626731 0.998287 0.807612
0.998233 0.000591404 -0.0594244 -0.0589185 -0.00103468 0.999972 -0.00742902 -0.00575241 0.0594183 0.00747737 0.998205 0.824127
0.998159 -0.00118151 -0.0606481 -0.0473254 0.000673718 0.999965 -0.00839253 -0.010829 0.0606558 0.00833622 0.998124 0.804787
0.998121 -0.000583938 -0.0612757 -0.0514603 0.000158693 0.999976 -0.0069445 -0.009408 0.0612783 0.00692172 0.998097 0.824592
0.998165 0.00173465 -0.0605289 -0.0637762 -0.00195847 0.999991 -0.00363865 -0.0106094 0.060522 0.00375052 0.99816 0.843777
0.998207 0.000901285 -0.0598527 -0.0547372 -0.000913871 1 -0.000182913 -0.00916356 0.0598525 0.000237283 0.998207 0.864471
0.99831 -0.00166447 -0.0580971 -0.0531861 0.00179763 0.999996 0.0022398 -0.00537292 0.0580931 -0.00234045 0.998308 0.884637
0.998266 -0.00187958 -0.0588308 -0.0332884 0.00207922 0.999992 0.00333241 -0.00920344 0.058824 -0.00344896 0.998262 0.905592
0.998399 -0.0029749 -0.0564921 -0.0531279 0.00299841 0.999995 0.000331429 0.000638407 0.0564908 -0.000500285 0.998403 0.889519
0.99841 0.000804976 -0.0563561 -0.049561 -0.00105023 0.99999 -0.0043224 -0.00879462 0.0563521 0.00437471 0.998401 0.909713
0.998487 0.00095547 -0.0549754 -0.058641 -0.00136896 0.999971 -0.00748412 -0.0108363 0.0549666 0.00754805 0.99846 0.90911
0.998481 -0.00383391 -0.0549617 -0.0366308 0.0034854 0.999973 -0.00643543 -0.0141041 0.0549849 0.00623409 0.998468 0.890198
0.998499 -0.00224772 -0.0547305 -0.0519825 0.00216246 0.999996 -0.00161694 -0.0111797 0.054734 0.00149616 0.9985 0.899004
0.99848 -0.00402678 -0.0549731 -0.0498569 0.00412909 0.99999 0.00174757 -0.0174292 0.0549655 -0.0019719 0.998486 0.898857
0.998453 -0.0059648 -0.0552801 -0.0493381 0.00602064 0.999982 0.000843682 -0.0122401 0.055274 -0.0011752 0.998471 0.899383
0.998407 -0.00267576 -0.0563573 -0.0494701 0.00247517 0.99999 -0.00362884 -0.00455722 0.0563664 0.00348357 0.998404 0.899542
0.998365 -0.000258722 -0.0571667 -0.0626247 -0.000178767 0.999971 -0.00764763 -0.0112488 0.057167 0.00764534 0.998335 0.878612
0.998284 0.00189466 -0.058527 -0.0566591 -0.00241481 0.999958 -0.00881803 -0.0140568 0.0585079 0.00894423 0.998247 0.858931
0.998187 -0.00127685 -0.0601722 -0.040676 0.000845414 0.999974 -0.0071949 -0.021039 0.0601798 0.00713099 0.998162 0.869918
0.998177 0.00416815 -0.0602121 -0.0692261 -0.00440997 0.999983 -0.00388387 -0.0219746 0.0601948 0.00414232 0.998178 0.869706
0.997994 -0.00103448 -0.0632941 -0.0372363 0.000885771 0.999997 -0.00237745 -0.0176224 0.0632963 0.00231662 0.997992 0.891783
0.998019 0.00186651 -0.0628798 -0.076797 -0.0018337 0.999998 0.000579511 -0.0122238 0.0628808 -0.000463061 0.998021 0.909415
0.998081 0.00143604 -0.061898 -0.0534544 -0.001211 0.999993 0.00367299 -0.0208277 0.0619028 -0.00359098 0.998076 0.890889
0.998096 0.00721287 -0.0612591 -0.0791807 -0.00684658 0.999957 0.0061872 -0.00349636 0.0613011 -0.00575601 0.998103 0.909286
0.998085 -0.0014859 -0.0618342 -0.0524658 0.00184837 0.999981 0.00580504 -0.0124634 0.0618245 -0.00590822 0.99807 0.931174
0.99811 0.00028643 -0.0614577 -0.0632913 -4.32447e-005 0.999992 0.00395824 3.10895e-005 0.0614583 -0.0039481 0.998102 0.950629
0.998047 0.0054178 -0.0622383 -0.0659428 -0.00532602 0.999984 0.00164044 -0.0159348 0.0622462 -0.00130575 0.99806 0.947285
0.998022 0.000503669 -0.0628698 -0.0662713 -0.000383435 0.999998 0.00192447 -0.0170558 0.0628706 -0.00189656 0.99802 0.942185
0.998079 0.00112904 -0.0619507 -0.0893307 -0.000930869 0.999994 0.00322759 -0.0140967 0.061954 -0.00316372 0.998074 0.943638
0.998009 0.00038625 -0.0630678 -0.0551541 -9.44654e-005 0.999989 0.00462943 -0.0193671 0.0630689 -0.00461426 0.997999 0.934244
0.998016 0.0026425 -0.0628979 -0.0792009 -0.00256788 0.999996 0.00126709 -0.0106178 0.062901 -0.00110306 0.998019 0.942595
0.998064 0.00277374 -0.0621309 -0.0877262 -0.00296162 0.999991 -0.00293211 -0.00820656 0.0621222 0.00311044 0.998064 0.921775
0.998065 0.000922747 -0.0621748 -0.0668146 -0.00117674 0.999991 -0.00404858 -0.0136008 0.0621705 0.00411391 0.998057 0.903407
0.998028 -0.00217825 -0.0627371 -0.0522506 0.00218142 0.999998 -1.79124e-005 -0.0209116 0.062737 -0.000118979 0.99803 0.888565
0.998005 -0.00233688 -0.0630914 -0.0545108 0.00250281 0.999994 0.00255099 -0.00892964 0.0630851 -0.0027038 0.998004 0.898638
0.997991 -0.0017118 -0.0633343 -0.057329 0.00190142 0.999994 0.00293376 -0.00964908 0.0633289 -0.00304829 0.997988 0.878413
0.997933 -0.00392282 -0.0641367 -0.0517207 0.00404969 0.99999 0.00184814 -0.0176789 0.0641288 -0.00210405 0.997939 0.898341
0.997913 -0.000428819 -0.0645659 -0.0642064 0.000477539 1 0.000739143 -0.0164323 0.0645655 -0.000768433 0.997913 0.904074
0.997941 -0.000568518 -0.0641411 -0.077915 0.000661277 0.999999 0.00142496 -0.00519228 0.0641402 -0.00146444 0.99794 0.884871
0.997786 -0.000739267 -0.0665027 -0.0554297 0.00111432 0.999984 0.00560269 -0.0133048 0.0664975 -0.00566439 0.997771 0.889404
0.997709 -0.0027119 -0.0676029 -0.0528016 0.00340573 0.999943 0.0101502 -0.00581034 0.0675715 -0.0103572 0.997661 0.896289
0.997617 0.00134904 -0.0689824 -0.058089 -0.000506137 0.999925 0.0122352 -0.00129707 0.0689938 -0.0121711 0.997543 0.912911
0.997506 0.00412946 -0.0704558 -0.076062 -0.00354094 0.999958 0.00847599 -0.00565611 0.0704878 -0.00820537 0.997479 0.926723
0.99743 0.00191421 -0.0716223 -0.0706104 -0.00186538 0.999998 0.000748653 -0.00708311 0.0716235 -0.000613126 0.997432 0.907084
0.99739 0.00255809 -0.0721583 -0.0733523 -0.00285322 0.999988 -0.00398725 -0.00919728 0.0721472 0.00418272 0.997385 0.88678
0.997179 0.00272615 -0.0750098 -0.0506849 -0.00294808 0.999992 -0.00284819 -0.0144946 0.0750014 0.00306129 0.997179 0.868257
0.997108 0.00309804 -0.0759305 -0.0737763 -0.00312998 0.999995 -0.000301622 -0.0165188 0.0759292 0.00053841 0.997113 0.856675
0.996944 0.00271229 -0.0780715 -0.0650234 -0.00257385 0.999995 0.00187386 -0.0225327 0.0780762 -0.00166719 0.996946 0.856089
0.996758 0.000587717 -0.0804515 -0.0598718 -0.000448953 0.999998 0.00174289 -0.0115587 0.0804524 -0.00170112 0.996757 0.836632
0.996698 0.00445462 -0.0810748 -0.0907092 -0.00424515 0.999987 0.00275587 -0.0142166 0.081086 -0.00240259 0.996704 0.833809
0.996554 0.00715264 -0.0826383 -0.0908213 -0.00680959 0.999967 0.00443239 -0.0297455 0.0826673 -0.00385438 0.99657 0.821628
0.996471 0.00136277 -0.0839321 -0.0783441 -0.00096106 0.999988 0.0048264 -0.00975694 0.0839377 -0.0047287 0.99646 0.826625
0.996313 -0.00100489 -0.0857818 -0.0621805 0.00155209 0.999979 0.00631257 -0.0161666 0.0857737 -0.00642244 0.996294 0.807836
0.996235 0.0023358 -0.0866635 -0.0751575 -0.00155492 0.999958 0.00907691 -0.0059084 0.0866811 -0.00890798 0.996196 0.786783
0.996142 0.000567256 -0.0877522 -0.0695345 0.000578475 0.999915 0.0130305 -0.00308258 0.0877521 -0.0130309 0.996057 0.767236
0.996069 0.00608324 -0.0883671 -0.0887079 -0.0047762 0.999876 0.014995 -0.00386278 0.0884473 -0.014514 0.995975 0.785383
0.996103 0.00457813 -0.0880795 -0.105514 -0.0036251 0.999933 0.010977 -0.00458179 0.0881239 -0.0106149 0.996053 0.803475
0.99594 0.000605664 -0.0900229 -0.0684678 -0.000255772 0.999992 0.00389818 -0.0126551 0.0900246 -0.00385933 0.995932 0.787314
0.995841 -0.00120662 -0.0911023 -0.0728563 0.00101716 0.999997 -0.00212609 -0.00940123 0.0911046 0.00202458 0.995839 0.766876
0.995808 0.00556581 -0.091301 -0.0912985 -0.00587506 0.999978 -0.00311875 -0.00258607 0.0912817 0.00364207 0.995818 0.744807
0.995728 0.00329865 -0.0922769 -0.0779063 -0.00325153 0.999994 0.00066096 -0.0109825 0.0922786 -0.000358096 0.995733 0.726137
0.995565 -0.000941507 -0.094076 -0.0635295 0.00119721 0.999996 0.0026616 -0.0125732 0.094073 -0.00276242 0.995561 0.707428
0.995551 -0.00177224 -0.0942055 -0.0780527 0.00168551 0.999998 -0.00100025 -0.0116728 0.0942071 0.00083702 0.995552 0.685861
0.995518 -0.00859225 -0.0941831 -0.0478921 0.00798657 0.999945 -0.00680599 -0.0178465 0.0942364 0.00602329 0.995532 0.668435
0.995734 -0.00352452 -0.0922063 -0.0722029 0.00242359 0.999924 -0.0120491 -0.0102715 0.0922418 0.0117742 0.995667 0.646285
0.995976 0.000513232 -0.0896238 -0.0472238 -0.00165142 0.999919 -0.0126259 -0.00500672 0.0896101 0.0127231 0.995896 0.628595
0.996324 0.00301559 -0.085608 -0.0574779 -0.00384738 0.999947 -0.00955295 -0.00907216 0.0855746 0.0098472 0.996283 0.607606
0.996721 -0.00152083 -0.0808952 -0.0487175 0.00101356 0.99998 -0.00631137 -0.016757 0.0809031 0.00620868 0.996703 0.588134
0.997195 -0.00295032 -0.0747859 -0.0393814 0.0027881 0.999994 -0.00227346 -0.0122272 0.0747921 0.00205858 0.997197 0.568894
0.99778 -0.00341935 -0.0665047 -0.0323667 0.00349497 0.999993 0.00102078 -0.0145151 0.0665008 -0.00125094 0.997786 0.549242
0.998439 0.00257177 -0.0557938 -0.0276788 -0.00251763 0.999996 0.00104069 -0.00684435 0.0557962 -0.000898601 0.998442 0.52962
0.999157 0.00582742 -0.0406478 -0.0262823 -0.00580055 0.999983 0.000778833 -0.00646122 0.0406516 -0.000542396 0.999173 0.509668
0.999718 0.00440943 -0.0233425 -0.000342834 -0.00437059 0.999989 0.00171486 -0.00901306 0.0233498 -0.00161235 0.999726 0.491605
0.999995 -0.00224854 -0.00216775 0.0258863 0.00225397 0.999994 0.0025034 -0.00578127 0.00216211 -0.00250828 0.999995 0.492782
0.99969 -0.00119696 0.0248741 0.0150692 0.00110207 0.999992 0.00382806 -0.00679484 -0.0248785 -0.00379946 0.999683 0.473207
0.998524 -0.000640159 0.0543154 0.0445124 0.000328352 0.999983 0.00574941 -0.00617295 -0.0543182 -0.00572308 0.998507 0.472227
0.996126 0.000650662 0.0879372 0.0530212 -0.00130866 0.999972 0.00742513 -0.0065225 -0.0879299 -0.00751144 0.996098 0.474216
0.992075 -0.000464504 0.125646 0.0793394 -0.000585754 0.999965 0.00832182 -0.00520141 -0.125645 -0.00832947 0.99204 0.47123
0.985915 -0.000635777 0.167246 0.100101 -0.000829618 0.999962 0.00869192 -0.00581981 -0.167245 -0.00870825 0.985877 0.446777
0.977478 -0.00199298 0.21103 0.138993 4.11529e-005 0.999957 0.00925307 -0.00551308 -0.211039 -0.00903598 0.977436 0.439305
0.966124 -0.00132565 0.258074 0.163931 -0.000631731 0.999972 0.00750154 -0.00798239 -0.258076 -0.00741045 0.966096 0.409108
0.949959 0.000726633 0.312374 0.147745 -0.00240175 0.999985 0.00497784 -0.00552414 -0.312365 -0.00547899 0.949946 0.394692
0.905895 -0.0016124 0.423499 0.207417 0.000643352 0.999997 0.00243113 -0.00168948 -0.423501 -0.00192989 0.905894 0.369126
0.905895 -0.0016124 0.423499 0.414834 0.000643352 0.999997 0.00243113 -0.00337895 -0.423501 -0.00192989 0.905894 0.738253
0.877048 -0.00137171 0.4804 0.235226 0.00065123 0.999998 0.00166642 -0.00355188 -0.480402 -0.00114868 0.877048 0.327717
0.843957 -0.00364001 0.536398 0.259887 0.00322361 0.999993 0.00171402 -0.000897059 -0.536401 0.00028258 0.843963 0.307882
0.808147 -0.00248649 0.588975 0.277219 0.00105359 0.999996 0.00277606 -0.0138507 -0.588979 -0.00162292 0.808146 0.268885
0.769352 -0.00269585 0.63882 0.284673 -0.000593011 0.999988 0.00493418 -0.0086613 -0.638825 -0.00417494 0.769341 0.248614
0.72708 -0.00126885 0.686551 0.30495 -0.0036622 0.999977 0.0057265 0.00479241 -0.686543 -0.00667791 0.727059 0.255788
0.682722 -0.00330334 0.730671 0.310901 -0.00249653 0.999973 0.00685356 -0.00541568 -0.730674 -0.00650322 0.682696 0.215022
0.637007 -0.00675933 0.770829 0.33264 0.000321536 0.999964 0.00850288 0.00114967 -0.770858 -0.00516854 0.636986 0.197585
0.59087 -0.0110185 0.806691 0.344682 0.0012996 0.999918 0.0127059 0.00448981 -0.806765 -0.00645915 0.590836 0.181108
0.544628 -0.00550555 0.83866 0.35495 -0.00636478 0.999923 0.0106975 -0.000318538 -0.838654 -0.011164 0.544551 0.179317
0.497326 -0.00224195 0.867561 0.36178 -0.00671606 0.999957 0.00643404 0.00539143 -0.867538 -0.0090264 0.497289 0.17272
0.45207 -0.00258068 0.891979 0.354927 -0.00286352 0.999986 0.00434445 -0.00442213 -0.891978 -0.0045182 0.452057 0.13826
0.410445 -0.0104166 0.911826 0.36106 0.00109514 0.99994 0.0109302 -0.000470396 -0.911885 -0.00348767 0.410431 0.106215
0.371407 -0.0229168 0.928187 0.370971 -0.0025543 0.999666 0.0257037 0.00849267 -0.928466 -0.0119174 0.371225 0.0880906
0.337154 -0.0230373 0.941168 0.384399 -0.0183004 0.999351 0.0310172 0.00408339 -0.941272 -0.0276814 0.336514 0.0905829
0.304858 -0.0209205 0.952168 0.402649 -0.0191971 0.999421 0.0281051 0.00509413 -0.952204 -0.0268469 0.304279 0.100149
0.273416 -0.00926244 0.961851 0.391338 -0.019897 0.999685 0.0152827 -0.00587612 -0.96169 -0.0233165 0.273145 0.116022
0.24519 -0.00687249 0.969451 0.403001 -0.00968005 0.999908 0.00953665 -0.00557154 -0.969427 -0.0117226 0.245101 0.0939641
0.219593 -0.00783761 0.97556 0.396023 -0.00530136 0.999943 0.0092268 -0.00384618 -0.975577 -0.00719793 0.219539 0.0692055
0.196311 -0.0144823 0.980435 0.391083 -0.00322225 0.999876 0.0154146 -0.000593735 -0.980536 -0.00618528 0.19624 0.0495149
0.176568 -0.0194186 0.984097 0.395967 -0.00403264 0.999783 0.0204517 0.0102273 -0.98428 -0.00757962 0.176451 0.0392107
0.1572 -0.019339 0.987377 0.407347 -0.00976575 0.999729 0.0211357 0.0183298 -0.987519 -0.012965 0.156968 0.052565
0.140023 -0.0157722 0.990023 0.395844 -0.0179885 0.999668 0.0184701 0.00949091 -0.989985 -0.0203953 0.139692 0.0455308
0.124578 -0.0140196 0.992111 0.388557 -0.0209674 0.99964 0.0167588 -0.000176471 -0.991988 -0.0228898 0.124239 0.045797
0.110058 -0.0155797 0.993803 0.40945 -0.0178019 0.999686 0.0176434 0.00183836 -0.993766 -0.0196334 0.109746 0.038355
0.0971274 -0.0184031 0.995102 0.430424 -0.0177736 0.999638 0.0202218 0.00276869 -0.995113 -0.0196506 0.0967651 0.0264897
0.0858887 -0.0227377 0.996045 0.450464 -0.0185922 0.999529 0.0244205 0.00607547 -0.996131 -0.0206161 0.0854255 0.025861
0.0757605 -0.0256673 0.996796 0.470199 -0.0212209 0.999401 0.0273472 0.0100142 -0.9969 -0.0232247 0.0751704 0.0297781
0.0676708 -0.0276573 0.997324 0.49024 -0.0246406 0.999264 0.029383 0.00945582 -0.997403 -0.026563 0.0669395 0.0299809
0.061661 -0.0298099 0.997652 0.510164 -0.0267724 0.999145 0.0315092 0.0135524 -0.997738 -0.0286524 0.0608102 0.0303705
0.0560139 -0.0308359 0.997954 0.530327 -0.0284248 0.999069 0.0324658 0.0130031 -0.998025 -0.0301852 0.0550852 0.0284274
0.0489746 -0.030215 0.998343 0.549794 -0.0302694 0.999038 0.031721 0.0161119 -0.998341 -0.0317728 0.048013 0.0366075
0.0442877 -0.0321807 0.9985 0.570547 -0.0305239 0.998971 0.0335497 0.0116723 -0.998552 -0.0319639 0.0432598 0.0257567
0.0402119 -0.0339222 0.998615 0.590242 -0.0320709 0.998865 0.0352221 0.0185329 -0.998676 -0.0334428 0.0390783 0.0290501
0.0372065 -0.0353008 0.998684 0.610684 -0.0343613 0.99874 0.0365829 0.0174949 -0.998717 -0.0356772 0.0359467 0.0195511
0.0355567 -0.0378514 0.998651 0.630714 -0.0354022 0.998608 0.0391103 0.0219212 -0.99874 -0.036745 0.0341672 0.013881
0.034675 -0.0414307 0.99854 0.644328 -0.0379587 0.998365 0.0427416 0.0199422 -0.998678 -0.0393854 0.0330457 0.0229305
0.0357679 -0.0423689 0.998462 0.664296 -0.0419487 0.998157 0.0438587 0.0206036 -0.998479 -0.0434529 0.0339246 0.023893
0.0384818 -0.043463 0.998314 0.683991 -0.0421797 0.998093 0.0450793 0.0279846 -0.998369 -0.0438433 0.0365751 0.025688
0.0427359 -0.0470771 0.997977 0.704046 -0.0430331 0.997875 0.0489151 0.0300565 -0.998159 -0.0450365 0.0406193 0.0224511
0.0481403 -0.0411059 0.997994 0.688282 -0.048294 0.997888 0.0434311 0.024629 -0.997672 -0.050288 0.0460534 0.044749
0.0528363 -0.0457836 0.997553 0.709399 -0.0430159 0.997917 0.0480786 0.0237537 -0.997676 -0.0454509 0.0507568 0.0231786
0.0574566 -0.0460186 0.997287 0.728535 -0.0475781 0.997676 0.0487776 0.0276854 -0.997214 -0.0502516 0.0551335 0.0403145
0.0613209 -0.0430732 0.997188 0.747742 -0.0485369 0.997758 0.0460826 0.0321839 -0.996937 -0.0512263 0.0590928 0.0510791
0.0657245 -0.0413914 0.996979 0.767591 -0.044511 0.998023 0.044369 0.0325415 -0.996845 -0.0472927 0.0637522 0.0539922
0.0704874 -0.0398036 0.996718 0.787852 -0.0410948 0.998239 0.0427705 0.0259983 -0.996666 -0.0439747 0.0687276 0.0546751
0.0767398 -0.0418997 0.99617 0.809265 -0.0359831 0.998349 0.0447633 0.0181763 -0.996402 -0.0392804 0.0751055 0.0338094
0.0782739 -0.0349081 0.996321 0.826124 -0.0367208 0.998608 0.0378731 0.0355885 -0.996255 -0.0395502 0.076883 0.0737767
0.0804316 -0.0339484 0.996182 0.808621 -0.0314213 0.998837 0.0365759 0.0388268 -0.996265 -0.0342432 0.0792713 0.0317466
0.0809199 -0.0285837 0.996311 0.798919 -0.0378246 0.998781 0.0317267 0.0107275 -0.996003 -0.0402524 0.0797401 0.065888
0.0809199 -0.0285837 0.996311 1.59784 -0.0378246 0.998781 0.0317267 0.021455 -0.996003 -0.0402524 0.0797401 0.131776
0.0808018 -0.027629 0.996347 0.204515 -0.0318226 0.999035 0.0302843 0.0031124 -0.996222 -0.0341534 0.0798446 0.0190684
0.0808018 -0.027629 0.996347 0.40903 -0.0318226 0.999035 0.0302843 0.0062248 -0.996222 -0.0341534 0.0798446 0.0381369
0.0814265 -0.0270747 0.996312 0.224842 -0.0280207 0.999174 0.0294426 0.00257569 -0.996285 -0.0303148 0.0806006 0.0160106
0.0824059 -0.0261877 0.996255 0.244609 -0.0270017 0.999229 0.0284994 0.00371146 -0.996233 -0.0292491 0.0816353 0.019658
0.0814498 -0.0232962 0.996405 0.264467 -0.0254019 0.999354 0.0254416 0.00327116 -0.996354 -0.0273828 0.0808054 0.0223022
0.0773086 -0.0172276 0.996858 0.283571 -0.0238625 0.999532 0.0191244 0.006136 -0.996722 -0.025266 0.0768613 0.0318963
0.0730878 -0.01368 0.997232 0.304129 -0.0192232 0.999701 0.0151228 0.00234914 -0.99714 -0.0202752 0.072803 0.0280108
0.0668389 -0.0131389 0.997677 0.324003 -0.0162263 0.999767 0.0142535 0.00262525 -0.997632 -0.0171413 0.0666101 0.0302791
0.0586477 -0.00768574 0.998249 0.343798 -0.0153864 0.999845 0.00860199 0.00140195 -0.99816 -0.015864 0.0585203 0.033468
0.050425 -0.00558841 0.998712 0.363905 -0.00782256 0.999951 0.00599031 -0.00250008 -0.998697 -0.00811455 0.0503788 0.0332073
0.0410996 -0.00522196 0.999141 0.384923 -0.00420928 0.999977 0.00539947 -0.0012938 -0.999146 -0.00442758 0.0410766 0.0196408
0.0320377 -0.00584251 0.99947 0.405354 -0.00453692 0.999972 0.00599087 -0.00281193 -0.999476 -0.00472645 0.0320103 0.00711288
0.0215148 -0.00537739 0.999754 0.425277 -0.00655931 0.999963 0.00551967 -0.00219031 -0.999747 -0.00667645 0.0214787 0.0110396
0.0105999 -0.00346834 0.999938 0.445357 -0.00595794 0.999976 0.00353163 -0.00191556 -0.999926 -0.005995 0.010579 0.00760197
-0.00130379 0.000478066 0.999999 0.465028 -0.00387535 0.999992 -0.000483115 0.000963439 -0.999992 -0.00387598 -0.00130193 0.0192046
-0.0122564 0.000435697 0.999925 0.485312 0.000797508 1 -0.000425955 -0.00666985 -0.999925 0.000792227 -0.0122567 -0.00809892
-0.0234377 0.00102131 0.999725 0.505223 0.00108209 0.999999 -0.000996224 -0.00714304 -0.999725 0.00105845 -0.0234387 -0.0124063
-0.0344066 0.0018674 0.999406 0.525285 0.00230045 0.999996 -0.0017893 -0.0060815 -0.999405 0.00223752 -0.0344107 -0.0105249
-0.0449516 0.00191516 0.998987 0.544884 0.00284498 0.999994 -0.00178907 -0.00894338 -0.998985 0.00276167 -0.0449568 -0.0226007
-0.0543045 0.00163546 0.998523 0.564199 0.00251511 0.999996 -0.00150109 -0.0103497 -0.998521 0.00242987 -0.0543084 -0.0357564
-0.0645188 0.00125594 0.997916 0.584713 0.0023551 0.999997 -0.00110629 -0.00318939 -0.997914 0.00227881 -0.0645216 -0.0287039
-0.0737614 0.000274122 0.997276 0.603683 0.00148402 0.999999 -0.000165108 -0.00880366 -0.997275 0.0014678 -0.0737617 -0.0450497
-0.0814419 -0.0041706 0.996669 0.619283 -0.00116705 0.999991 0.00408914 -0.0177756 -0.996677 -0.000830132 -0.081446 -0.0856155
-0.0872548 -0.00753618 0.996158 0.639834 -0.00573068 0.999959 0.00706298 -0.00698255 -0.99617 -0.00509238 -0.0872944 -0.0844892
-0.0939952 -0.0090647 0.995531 0.66413 -0.00927734 0.999923 0.00822875 0.00484124 -0.995529 -0.00846242 -0.0940721 -0.0412158
-0.0978028 -0.011769 0.995136 0.6823 -0.0106923 0.999885 0.0107744 -0.00103878 -0.995148 -0.00958652 -0.0979174 -0.0653767
-0.0982622 -0.0161361 0.99503 0.691997 -0.014159 0.99979 0.0148151 -0.0167017 -0.99506 -0.0126329 -0.09847 -0.103203
-0.098732 -0.017953 0.994952 0.708828 -0.017753 0.99971 0.0162772 -0.00467074 -0.994956 -0.0160563 -0.099022 -0.080824
-0.100719 -0.0169327 0.994771 0.69081 -0.017172 0.999736 0.0152786 0.00205605 -0.994767 -0.0155434 -0.100984 -0.0602524
-0.0986471 -0.0185007 0.99495 0.668947 -0.0167388 0.999717 0.0169297 -0.00859921 -0.994982 -0.0149842 -0.0989289 -0.0771505
-0.0901204 -0.0200768 0.995728 0.668639 -0.0169325 0.999683 0.018624 -0.00123426 -0.995787 -0.0151817 -0.0904318 -0.0640705
-0.0901204 -0.0200768 0.995728 1.33728 -0.0169325 0.999683 0.018624 -0.00246852 -0.995787 -0.0151817 -0.0904318 -0.128141
-0.0830009 -0.0200341 0.996348 0.650592 -0.0198081 0.999634 0.0184501 -0.0100085 -0.996353 -0.0182044 -0.0833673 -0.0366936
-0.0719366 -0.0185564 0.997237 0.630575 -0.0197882 0.999657 0.017174 0.00015063 -0.997213 -0.0184981 -0.0722791 -0.0377322
-0.0583999 -0.0182283 0.998127 0.611445 -0.0182169 0.999686 0.0171909 -0.00511186 -0.998127 -0.0171789 -0.0587137 -0.0170084
-0.0411401 -0.0179503 0.998992 0.5916 -0.0165351 0.999714 0.0172823 0.00342683 -0.999017 -0.0158075 -0.0414251 -0.0104432
-0.0196215 -0.0166362 0.999669 0.571694 -0.0151593 0.999752 0.01634 0.00278281 -0.999693 -0.0148336 -0.0198688 0.00127353
0.00481424 -0.0156417 0.999866 0.551066 -0.0135639 0.999785 0.0157057 -0.00144178 -0.999896 -0.0136377 0.00460105 0.026456
0.0333328 -0.0143987 0.999341 0.530466 -0.0136803 0.999796 0.0148615 0.00613169 -0.999351 -0.0141667 0.033129 0.0357244
0.06634 -0.0124573 0.997719 0.508629 -0.014777 0.9998 0.0134659 0.00597393 -0.997688 -0.0156366 0.0661426 0.055678
0.10414 -0.0122495 0.994487 0.486086 -0.0151587 0.999788 0.0139022 0.000256347 -0.994447 -0.0165229 0.103933 0.0741059
0.1457 -0.0106429 0.989272 0.492827 -0.016488 0.999777 0.0131843 0.00047103 -0.989191 -0.0182321 0.145492 0.102774
0.189883 -0.0079245 0.981775 0.501136 -0.015825 0.999813 0.0111308 0.00596202 -0.981679 -0.0176501 0.189722 0.137655
0.23614 -0.00464207 0.971708 0.490241 -0.0143047 0.999864 0.00825283 -0.00449716 -0.971614 -0.0158488 0.236042 0.172033
0.286052 -0.00126589 0.958213 0.469816 -0.00893563 0.999952 0.00398855 0.00426073 -0.958173 -0.00970317 0.286027 0.193362
0.338911 -0.00189844 0.940817 0.463601 -0.00326119 0.99999 0.00319263 -0.0044637 -0.940813 -0.0041502 0.338901 0.222313
0.395288 -0.00414058 0.918548 0.43691 0.000534243 0.999991 0.0042778 -0.00534439 -0.918557 -0.00120023 0.395286 0.237545
0.453375 -0.004722 0.891307 0.435117 0.00166866 0.999989 0.00444899 -0.0136098 -0.891318 -0.000529772 0.453378 0.279514
0.511794 -0.00529986 0.859092 0.401395 0.00284092 0.999986 0.00447661 -0.00997088 -0.859103 0.000149508 0.511802 0.293478
0.569497 -3.46676e-005 0.821993 0.365976 -0.000705103 1 0.000530688 0.000742684 -0.821993 -0.000881815 0.569497 0.306454
0.624091 0.00163504 0.78135 0.319789 0.00075854 0.999996 -0.00269845 0.00335629 -0.781351 0.00227676 0.624087 0.326929
0.677272 0.000290323 0.735733 0.301119 0.00315949 0.99999 -0.00330304 -0.00353017 -0.735726 0.0045616 0.677264 0.317144
0.72633 -0.00124151 0.687345 0.265574 0.00235724 0.999997 -0.000684701 -0.0145985 -0.687342 0.00211756 0.726331 0.321604
0.77111 -0.00196438 0.636699 0.225924 -0.00169312 0.999985 0.00513577 -0.00536341 -0.6367 -0.00503825 0.771095 0.326815
0.811806 -0.00150305 0.583926 0.202827 -0.0056431 0.99993 0.0104192 0.000902402 -0.5839 -0.0117535 0.81174 0.364736
0.848057 -0.00197044 0.529902 0.196223 -0.00703272 0.999863 0.0149732 0.00379271 -0.529859 -0.0164247 0.847927 0.39083
0.878967 -0.00287916 0.476875 0.182642 -0.00777134 0.999763 0.0203601 0.0100146 -0.47682 -0.0216018 0.878736 0.419167
0.904406 -7.85704e-005 0.426673 0.148595 -0.0107438 0.999679 0.0229574 -0.00190438 -0.426537 -0.0253469 0.904115 0.418997
0.924507 -0.000124964 0.381164 0.137831 -0.0097473 0.999665 0.0239697 0.00116203 -0.381039 -0.0258755 0.924197 0.443651
0.939787 0.00373087 0.34174 0.118968 -0.0123483 0.999658 0.0230444 0.00533284 -0.341538 -0.0258768 0.939512 0.464743
0.951741 0.000975662 0.306901 0.116735 -0.00738146 0.999778 0.0197125 0.0108188 -0.306814 -0.0210266 0.951537 0.484659
0.961188 -0.00216023 0.275885 0.11839 -0.00321566 0.999814 0.0190322 0.00785338 -0.275875 -0.0191806 0.961002 0.485466
0.967224 -0.00766549 0.253809 0.119751 0.00267059 0.999796 0.0200185 0.00375416 -0.25391 -0.0186846 0.967047 0.476512
0.97116 -0.00465734 0.238385 0.11145 -0.000341514 0.999781 0.0209241 0.000396115 -0.23843 -0.020402 0.970945 0.499049
0.974111 0.00299325 0.226052 0.109164 -0.00749447 0.99979 0.0190568 0.00921806 -0.225947 -0.0202576 0.973929 0.515307
0.976304 0.00312456 0.216382 0.0924873 -0.00719325 0.999812 0.0180182 0.0108828 -0.216285 -0.0191478 0.976143 0.498195
0.977474 0.00700231 0.21094 0.0872398 -0.0103561 0.999837 0.0147986 0.00585073 -0.210802 -0.0166498 0.977387 0.519517
0.977946 0.00490846 0.2088 0.0871987 -0.00710534 0.999927 0.00977269 0.000701299 -0.208737 -0.0110408 0.97791 0.539826
0.978216 0.00193977 0.207578 0.106654 -0.00339306 0.999972 0.00664533 -0.0042133 -0.20756 -0.0072049 0.978196 0.522987
0.977777 -0.0037631 0.209612 0.125778 0.00318513 0.99999 0.00309486 0.00595705 -0.209621 -0.00235845 0.97778 0.53219
0.976586 -0.00127993 0.215125 0.1085 0.00209226 0.999992 -0.0035484 0.00998732 -0.215119 0.00391542 0.97658 0.556314
0.974556 0.00551542 0.224078 0.116697 -0.00370814 0.999957 -0.00848542 -0.00298192 -0.224115 0.0074386 0.974534 0.541463
0.974556 0.00551542 0.224078 0.233393 -0.00370814 0.999957 -0.00848542 -0.00596384 -0.224115 0.0074386 0.974534 1.08293
0.973189 0.00591367 0.229931 0.120508 -0.00483017 0.999974 -0.00527488 -0.00768786 -0.229957 0.00402285 0.973193 0.561056
0.97174 0.00204622 0.236046 0.11801 -0.00188802 0.999998 -0.000896231 -0.0103061 -0.236047 0.000425243 0.971742 0.58197
0.970957 -0.00410698 0.23922 0.158907 0.00275061 0.999978 0.00600354 -0.00911603 -0.239239 -0.00517118 0.970947 0.59291
0.969329 -0.00666715 0.245675 0.149552 0.0037376 0.999916 0.0123888 0.00162524 -0.245737 -0.0110906 0.969273 0.599177
0.969329 -0.00666715 0.245675 0.299104 0.0037376 0.999916 0.0123888 0.00325048 -0.245737 -0.0110906 0.969273 1.19835
0.968664 -0.0049512 0.248325 0.132278 0.00249616 0.999945 0.0102003 0.00124581 -0.248362 -0.00926079 0.968623 0.623686
0.968651 -0.00383977 0.248398 0.164926 0.00283434 0.999986 0.00440517 -0.00529834 -0.248411 -0.00356303 0.968648 0.63652
0.969057 -0.00171208 0.246833 0.178209 0.00218736 0.999996 -0.00165133 -0.00541693 -0.246829 0.00214014 0.969057 0.644798
0.969772 2.40955e-005 0.244011 0.1677 0.00142163 0.999982 -0.00574872 0.00523224 -0.244007 0.00592185 0.969755 0.661419
0.971303 -0.00589167 0.237772 0.206257 0.0062777 0.99998 -0.000866377 0.00295761 -0.237762 0.00233418 0.971321 0.639618
0.972339 -0.00142268 0.233571 0.0388006 -0.00165906 0.999914 0.012997 -0.00283482 -0.233569 -0.013025 0.972253 0.168584
0.972339 -0.00142268 0.233571 0.0776011 -0.00165906 0.999914 0.012997 -0.00566965 -0.233569 -0.013025 0.972253 0.337167
0.972849 -0.00136247 0.231437 0.0455277 -0.00148323 0.999925 0.0121213 -0.000769337 -0.231436 -0.0121355 0.972774 0.187567
0.973125 0.00310588 0.230255 0.0445551 -0.00470757 0.999968 0.00640709 0.000280089 -0.230228 -0.00731884 0.973109 0.208302
0.973938 -0.000950858 0.226814 0.0508847 0.000723921 0.999999 0.00108372 0.000525303 -0.226815 -0.000891281 0.973938 0.22739
0.974732 -0.000897601 0.223378 0.053014 0.00135734 0.999997 -0.00190459 0.00031799 -0.223375 0.00215966 0.97473 0.247398
0.974924 0.00411594 0.2225 0.0426306 -0.00385677 0.999991 -0.00159932 -0.00521694 -0.222505 0.000701082 0.974931 0.269615
0.975975 -0.00293656 0.217861 0.0155046 0.00222893 0.999991 0.00349376 -0.0005584 -0.21787 -0.00292423 0.975973 0.0715918
0.975975 -0.00293656 0.217861 0.0310092 0.00222893 0.999991 0.00349376 -0.0011168 -0.21787 -0.00292423 0.975973 0.143184
0.976353 -0.00367119 0.21615 0.0208478 0.00232706 0.999976 0.00647269 -0.000373697 -0.216168 -0.00581664 0.976339 0.0908926
0.976024 -0.00364139 0.217631 0.0208188 0.00213097 0.999972 0.00717458 0.00175945 -0.217651 -0.0065388 0.976005 0.11131
0.976487 -0.000139137 0.215577 0.0325269 -0.00194041 0.999954 0.00943471 -0.0026758 -0.215569 -0.00963118 0.976441 0.129195
0.976053 0.00895539 0.217349 0.00749398 -0.00950662 0.999954 0.00149064 0.000192391 -0.217326 -0.0035212 0.976093 0.0375729
0.976053 0.00895539 0.217349 0.014988 -0.00950662 0.999954 0.00149064 0.000384783 -0.217326 -0.0035212 0.976093 0.0751457
0.975997 0.00743581 0.217659 0.0122066 -0.00739636 0.999972 -0.000995958 -0.000868049 -0.21766 -0.000637829 0.976024 0.0570149
0.975261 0.00622144 0.22097 0.0148555 -0.00597331 0.999981 -0.00179113 -0.000436658 -0.220977 0.00042689 0.975279 0.0768903
0.97443 0.003637 0.224663 0.019496 -0.00365833 0.999993 -0.000321331 -0.00160978 -0.224663 -0.000508778 0.974436 0.0963475
0.973731 0.000855293 0.227701 0.0248301 -0.000557724 0.999999 -0.00137118 -0.00092859 -0.227702 0.00120817 0.97373 0.115675
0.973261 -0.00173549 0.229695 0.0314473 0.00257375 0.999991 -0.0033499 -0.00201118 -0.229687 0.0038515 0.973257 0.134676
0.972989 -0.00577783 0.23078 0.0379486 0.00608238 0.999981 -0.000608257 -0.00169229 -0.230772 0.00199552 0.973006 0.153689
0.972945 -0.00783118 0.230903 0.0447923 0.00811419 0.999967 -0.000276052 -0.00246762 -0.230894 0.00214218 0.972977 0.172578
0.972393 -0.00193981 0.233339 0.0419878 0.00192413 0.999998 0.000294824 -0.00238476 -0.233339 0.000162291 0.972395 0.193803
0.971507 0.00450544 0.23697 0.0437276 -0.0049742 0.999987 0.00138029 0.000105977 -0.23696 -0.0025197 0.971516 0.213889
0.970984 0.00393077 0.239111 0.0499181 -0.00549446 0.999968 0.00587338 -0.00124617 -0.239081 -0.00701674 0.970974 0.233023
0.97101 0.00251387 0.239025 0.0632295 -0.00489528 0.999944 0.00936988 -0.00387658 -0.238988 -0.0102683 0.970968 0.250425
0.970568 -0.00332354 0.240804 0.0644066 0.00256859 0.999991 0.00344897 -0.00283212 -0.240813 -0.00272893 0.970568 0.270744
0.970408 -0.00750357 0.241356 0.071724 0.00987348 0.999914 -0.00861124 -0.00543855 -0.24127 0.0107394 0.970398 0.289512
0.97045 -0.00494345 0.241253 0.079769 0.00902535 0.999834 -0.0158175 -0.00467942 -0.241135 0.0175274 0.970333 0.308121
0.970697 0.000968226 0.240305 0.08155 0.000633508 0.999978 -0.00658809 -0.0037374 -0.240306 0.00654728 0.970675 0.328316
0.971066 -0.000996479 0.238808 0.0841984 -0.00244483 0.999897 0.0141137 -0.00493834 -0.238798 -0.0142892 0.970964 0.348245
0.97125 -0.00109658 0.238058 0.0849289 -0.00589241 0.999572 0.0286447 -0.00304821 -0.237988 -0.0292239 0.970828 0.368645
0.971142 0.000642844 0.238501 0.081497 -0.00584445 0.99976 0.0211031 0.00733989 -0.23843 -0.021888 0.970913 0.389818
0.971475 0.00190813 0.237134 0.0922998 -0.00312349 0.999984 0.00474958 -0.000891388 -0.237121 -0.00535479 0.971465 0.408003
0.970915 0.000734844 0.239423 0.0783051 0.000298304 0.999991 -0.00427888 0.00636648 -0.239424 0.00422585 0.970906 0.431215
0.970124 -0.00271997 0.242595 0.0815386 0.00434541 0.999972 -0.00616538 0.00145418 -0.242571 0.00703536 0.970108 0.450999
0.969371 0.000554311 0.245602 0.0859753 0.000836278 0.999984 -0.00555763 -0.00828189 -0.245602 0.00559279 0.969355 0.47045
0.969746 0.000361503 0.244115 0.104869 0.00170741 0.999964 -0.00826352 0.00188168 -0.244109 0.00843032 0.969711 0.48715
0.971364 0.00139661 0.237593 0.129672 0.000799791 0.999958 -0.00914773 -0.0141798 -0.237596 0.00907579 0.971322 0.50163
0.972004 0.0160614 0.234416 0.0269935 -0.0133225 0.999823 -0.0132631 -0.0034334 -0.234587 0.00976878 0.972046 0.131799
0.972004 0.0160614 0.234416 0.053987 -0.0133225 0.999823 -0.0132631 -0.00686681 -0.234587 0.00976878 0.972046 0.263597
0.972931 0.000566762 0.231094 0.0372414 0.00214286 0.999932 -0.011474 -0.00325348 -0.231085 0.0116586 0.972864 0.14999
0.973642 -0.00387051 0.228049 0.0437806 0.00537467 0.999968 -0.00597515 -0.00332061 -0.228019 0.00704335 0.973631 0.168967
0.974926 -0.0066953 0.222428 0.0523939 0.0078251 0.999961 -0.00419847 -0.00526784 -0.222391 0.00583371 0.97494 0.187318
0.975389 -0.00194465 0.220483 0.0457716 0.00352003 0.999971 -0.00675247 -0.00415801 -0.220464 0.00736239 0.975367 0.209599
0.976357 -0.00536038 0.216097 0.0510402 0.00751638 0.99993 -0.00915637 -0.00483553 -0.216033 0.0105642 0.976329 0.228907
0.978104 -0.00584183 0.208033 0.0559528 0.00783522 0.999931 -0.00875935 -0.00459906 -0.207967 0.0101975 0.978083 0.248311
0.979549 -0.00106841 0.201203 0.0544762 0.00166435 0.999995 -0.00279273 -0.0074566 -0.201199 0.00307048 0.979546 0.269017
0.980854 -0.00159864 0.194736 0.0575628 0.000560996 0.999985 0.00538348 -0.00262478 -0.194742 -0.00517116 0.980841 0.288888
0.981654 -0.00239929 0.190656 0.0575105 -0.000409856 0.999892 0.0146933 -0.00193059 -0.190671 -0.0145018 0.981547 0.309271
0.982581 0.00555466 0.185751 0.0614834 -0.00865674 0.999836 0.0158932 -0.00191345 -0.185633 -0.0172244 0.982468 0.328875
0.982777 0.00239432 0.184781 0.038028 -0.00423801 0.999945 0.00958337 0.00351008 -0.184748 -0.0102014 0.982733 0.352516
0.98508 -0.00520497 0.172018 0.015603 0.00623896 0.999966 -0.00547085 -0.000487213 -0.171984 0.00646244 0.985079 0.0923343
0.98508 -0.00520497 0.172018 0.031206 0.00623896 0.999966 -0.00547085 -0.000974426 -0.171984 0.00646244 0.985079 0.184669
0.986275 -0.00147398 0.165102 0.0179175 0.00235693 0.999984 -0.00515214 0.000443019 -0.165092 0.00547056 0.986263 0.112222
0.9876 0.00603009 0.156877 0.0197327 -0.00571971 0.999981 -0.00242986 -0.00316094 -0.156888 0.00150244 0.987615 0.132142
0.988621 0.0076825 0.150234 0.0155123 -0.00691201 0.99996 -0.00565009 -0.00210238 -0.150271 0.00454738 0.988634 0.152845
0.990085 0.00289087 0.140437 0.0232082 -0.00118811 0.999925 -0.0122071 -0.00324529 -0.140461 0.0119192 0.990014 0.172056
0.991158 0.000648051 0.132686 0.0219468 0.00134304 0.999888 -0.014916 -0.00351353 -0.132681 0.0149623 0.991046 0.192365
0.992322 -0.000277692 0.123678 0.028099 0.00179675 0.999924 -0.012171 -0.0043627 -0.123665 0.0122998 0.992248 0.211744
0.993319 0.00309544 0.115361 0.0266485 -0.00246723 0.999981 -0.00558798 -0.00527639 -0.115376 0.00526603 0.993308 0.23206
0.994245 0.00402141 0.107059 0.0224673 -0.00397562 0.999992 -0.000641107 -0.00405908 -0.10706 0.000211792 0.994253 0.252615
0.99498 0.00222541 0.100048 0.0202659 -0.00247316 0.999994 0.00235229 -0.00499041 -0.100042 -0.00258792 0.99498 0.272847
0.995613 -0.000148559 0.0935717 0.0255684 -0.000255262 0.999991 0.00430365 -0.00404456 -0.0935715 -0.00430865 0.995603 0.292501
0.996017 0.00110523 0.0891593 0.0265617 -0.00131816 0.999996 0.00232937 -0.00302794 -0.0891564 -0.00243762 0.996015 0.312503
0.996434 0.00423285 0.084272 0.0262533 -0.0039212 0.999985 -0.00386332 -0.00337984 -0.084287 0.00351909 0.996435 0.332593
0.99678 0.00413366 0.0800762 0.0254351 -0.00328972 0.999938 -0.0106683 -0.00784952 -0.0801153 0.0103705 0.996732 0.352641
0.996964 0.00361664 0.077784 0.0193074 -0.00262153 0.999913 -0.0128915 -0.00908934 -0.0778239 0.0126484 0.996887 0.373035
0.997269 0.00129967 0.0738502 0.0288251 -0.00074747 0.999972 -0.00750447 -0.00416275 -0.0738578 0.00742877 0.997241 0.392566
0.997426 0.0035428 0.0716181 0.0242028 -0.00374776 0.999989 0.00272769 -0.00745972 -0.0716077 -0.00298907 0.997428 0.412869
0.997654 0.00182852 0.0684379 0.0167443 -0.00250142 0.999949 0.00974783 -0.00601249 -0.0684167 -0.00989615 0.997608 0.433279
0.997953 -0.00357969 0.0638543 0.0288521 0.00317413 0.999974 0.00645157 -0.00560574 -0.0638758 -0.00623568 0.997938 0.452691
0.998219 -0.0124131 0.0583438 0.0383363 0.0126096 0.999916 -0.00300112 -0.00713436 -0.0583016 0.00373147 0.998292 0.472037
0.998659 -0.00110847 0.0517529 0.0271219 0.00152518 0.999967 -0.00801301 -0.00203075 -0.0517423 0.0080812 0.998628 0.492895
0.998989 0.00422706 0.0447534 0.0195165 -0.00391334 0.999967 -0.00709525 -0.00846259 -0.0447819 0.00691294 0.998973 0.513204
0.999317 -0.00219708 0.0368801 0.0127756 0.0022257 0.999997 -0.000735083 -0.00989318 -0.0368784 0.000816666 0.999319 0.5334
0.999544 -0.00516644 0.0297363 0.0111982 0.00509239 0.999984 0.00256561 -0.00620173 -0.0297491 -0.00241301 0.999554 0.553497
0.999679 -0.00860176 0.0238413 0.0175311 0.00843811 0.99994 0.00695638 -0.00583385 -0.0238997 -0.00675297 0.999692 0.573347
0.999817 -0.00472851 0.018512 0.00105783 0.00460625 0.999967 0.00664157 -0.00232139 -0.0185428 -0.00655509 0.999807 0.593639
0.999924 -0.00531951 0.0110984 0.0194867 0.00532669 0.999986 -0.000617587 -0.00792016 -0.011095 0.000676658 0.999938 0.613284
0.99995 -0.0093333 0.00356674 0.0117016 0.00937218 0.999895 -0.0110428 -0.00328861 -0.0034633 0.0110757 0.999933 0.633528
0.999939 -0.01066 -0.00281085 0.00559114 0.0106161 0.999828 -0.0152058 -0.00803934 0.00297246 0.015175 0.99988 0.653571
0.999952 0.00357561 -0.00917493 -0.0166906 -0.00364593 0.999964 -0.00765927 -0.0134357 0.00914722 0.00769235 0.999929 0.673304
0.999849 0.00983637 -0.0143182 -0.0259647 -0.00976002 0.999938 0.00539228 -0.00629741 0.0143704 -0.00525172 0.999883 0.69313
0.999805 0.00451974 -0.0192229 -0.0231778 -0.0042644 0.999902 0.0133035 -0.0134263 0.0192811 -0.0132189 0.999727 0.713142
0.999732 -0.000289261 -0.0231679 -0.0202414 0.000527969 0.999947 0.010298 -0.00700735 0.0231637 -0.0103074 0.999679 0.733332
0.999683 0.00145317 -0.0251453 -0.0262692 -0.00146841 0.999999 -0.000587654 -0.00362223 0.0251444 0.000624391 0.999684 0.753178
0.999548 0.0108027 -0.0280626 -0.0372158 -0.0110774 0.999892 -0.00965146 -0.00663333 0.0279553 0.00995795 0.99956 0.77272
0.999518 -0.000262366 -0.0310311 -0.0268725 -0.000166155 0.999905 -0.013806 -0.0130134 0.0310318 0.0138045 0.999423 0.763638
0.999429 -0.00555718 -0.0333342 -0.0199799 0.00524407 0.999941 -0.00947305 -0.0107834 0.0333849 0.00929283 0.999399 0.783893
0.999426 -0.00149631 -0.0338339 -0.0275443 0.00148183 0.999999 -0.000452944 -0.0195784 0.0338345 0.000402548 0.999427 0.803512
0.999503 0.00501235 -0.0311091 -0.066882 -0.00485406 0.999975 0.0051615 -0.0145854 0.0311342 -0.00500793 0.999503 0.821374
0.999385 -0.00411868 -0.0348297 -0.0077656 0.00394879 0.99998 -0.00494528 -0.00320295 0.0348494 0.0048047 0.999381 0.210888
0.999385 -0.00411868 -0.0348297 -0.0155312 0.00394879 0.99998 -0.00494528 -0.0064059 0.0348494 0.0048047 0.999381 0.421776
0.999264 -0.0105821 -0.0368749 -0.00451358 0.00996004 0.999806 -0.0170133 -0.00469041 0.0370477 0.0166335 0.999175 0.230964
0.999182 -0.00950608 -0.0392982 -0.00262142 0.00868829 0.999743 -0.0209287 -0.00795789 0.0394871 0.0205701 0.999008 0.250916
0.999234 0.00389764 -0.0389501 -0.017838 -0.00453168 0.999858 -0.0162031 -0.00644359 0.0388814 0.0163672 0.99911 0.270391
0.99918 0.00486721 -0.0401842 -0.0147873 -0.00508082 0.999973 -0.0052153 -0.00722316 0.0401578 0.00541519 0.999179 0.29059
0.999152 0.00156904 -0.0411403 -0.0155123 -0.00162921 0.999998 -0.00142913 -0.00859213 0.041138 0.00149494 0.999152 0.31055
0.999035 -0.0029259 -0.0438125 -0.006748 0.00267739 0.99998 -0.00572963 -0.00508721 0.0438284 0.0056068 0.999023 0.330948
0.99898 0.00679702 -0.0446323 -0.00464761 -0.00734584 0.999899 -0.012144 -0.00155017 0.0445453 0.0124594 0.99893 0.087627
0.99898 0.00679702 -0.0446323 -0.00929522 -0.00734584 0.999899 -0.012144 -0.00310034 0.0445453 0.0124594 0.99893 0.175254
0.998994 0.00337087 -0.0447102 -0.00634851 -0.00382099 0.999943 -0.00998596 -0.00139247 0.044674 0.0101468 0.99895 0.107568
0.998941 0.00291491 -0.045914 -0.00602265 -0.00323251 0.999971 -0.00684469 -0.00276432 0.0458927 0.00698586 0.998922 0.127592
0.998775 0.000837829 -0.0494673 -0.00212694 -0.00109823 0.999986 -0.00523719 -0.00105201 0.0494622 0.00528511 0.998762 0.147745
0.99864 0.00204505 -0.0521037 -0.00449266 -0.00237162 0.999978 -0.00620654 -0.00264965 0.0520898 0.00632167 0.998622 0.167683
0.998484 -0.00450873 -0.0548525 -0.00297388 0.00394072 0.999938 -0.0104591 -0.00510657 0.0548962 0.0102271 0.99844 0.187671
0.998374 0.00223093 -0.0569657 -0.0101604 -0.00308172 0.999885 -0.0148517 -0.00786863 0.056926 0.0150031 0.998266 0.207366
0.998285 0.00121364 -0.0585313 -0.0147382 -0.00205017 0.999897 -0.0142341 -0.00563553 0.0585079 0.0143297 0.998184 0.227217
0.998141 -0.00141101 -0.0609258 -0.0146249 0.0011335 0.999989 -0.00458927 -0.00496165 0.0609316 0.00451168 0.998132 0.247282
0.998035 -0.0025221 -0.0626002 -0.01739 0.00279436 0.999987 0.00426194 -0.00592638 0.0625886 -0.00442849 0.99803 0.267133
0.997997 -0.00854011 -0.0626839 -0.0136174 0.00891222 0.999944 0.00565905 -0.00517193 0.0626321 -0.00620637 0.998017 0.287395
0.998005 0.000483573 -0.0631312 -0.0214049 -0.000558808 0.999999 -0.00117407 -0.00416071 0.0631305 0.001207 0.998005 0.30699
0.998081 0.00203244 -0.0618829 -0.0301612 -0.0024349 0.999976 -0.00642885 -0.00144825 0.0618684 0.0065672 0.998063 0.32637
0.998156 -0.000731549 -0.0607044 -0.024407 -3.10462e-005 0.999921 -0.0125606 -0.00773344 0.0607088 0.0125393 0.998077 0.34682
0.998217 -0.00319767 -0.0596011 -0.02319 0.00221639 0.999861 -0.0165229 -0.0107964 0.0596457 0.0163614 0.998086 0.366873
0.998376 -0.00374458 -0.0568378 -0.0223947 0.00253598 0.999769 -0.0213213 -0.0120129 0.0569046 0.0211425 0.998156 0.38693
0.998643 -0.00189929 -0.0520378 -0.028473 0.000702561 0.999735 -0.023006 -0.0077537 0.0520677 0.0229382 0.99838 0.406695
0.998903 0.00124371 -0.04682 -0.0227716 -0.00208844 0.999836 -0.0179975 -0.0135525 0.0467899 0.0180755 0.998741 0.426942
0.999155 0.00312938 -0.0409935 -0.0186001 -0.00348658 0.999957 -0.00864489 -0.0132341 0.0409647 0.00878051 0.999122 0.447182
0.999367 0.00690543 -0.0349001 -0.0336657 -0.00704788 0.999967 -0.00396027 -0.0134867 0.0348716 0.00420373 0.999383 0.466356
0.999593 0.00330462 -0.0283502 -0.0280551 -0.00345368 0.99998 -0.00521063 -0.016384 0.0283324 0.00530642 0.999584 0.486681
0.999775 -0.00195157 -0.0211016 -0.00466354 0.00167892 0.999915 -0.0129306 -0.0168002 0.021125 0.0128923 0.999694 0.507464
0.999907 0.00114269 -0.0136033 -0.0143285 -0.00143816 0.999763 -0.0217303 -0.0135244 0.0135752 0.0217478 0.999671 0.527396
0.99997 0.00438799 -0.00641579 -0.0143883 -0.00455968 0.999625 -0.0269959 -0.011507 0.00629493 0.0270243 0.999615 0.547454
0.999999 -9.75074e-005 0.00125115 0.00247955 0.000129298 0.999676 -0.0254341 -0.0183176 -0.00124826 0.0254342 0.999676 0.548545
0.999965 -0.00362676 0.00753151 -0.00111308 0.00377724 0.999792 -0.0200627 -0.0170956 -0.00745718 0.0200904 0.99977 0.568598
0.999883 -0.00609902 0.0140462 0.0196379 0.00629765 0.99988 -0.0141404 -0.0226854 -0.0139583 0.0142272 0.999801 0.588091
0.99977 -0.00466374 0.0209196 0.00358952 0.00492225 0.999912 -0.0123231 -0.0231861 -0.0208603 0.0124232 0.999705 0.608404
0.999698 0.00180694 0.0244996 0.0118258 -0.00152264 0.999931 -0.0116179 -0.0129313 -0.0245189 0.0115771 0.999632 0.604028
0.999654 0.00354068 0.0260754 0.000507885 -0.00328041 0.999944 -0.0100173 -0.0123577 -0.0261094 0.0099283 0.99961 0.607923
0.999674 0.000166848 0.0255227 0.017378 4.27896e-005 0.999966 -0.008213 -0.0095048 -0.0255232 0.00821142 0.999641 0.622312
0.99961 0.00122091 0.0278899 -0.0180748 -0.00106963 0.999985 -0.00543833 -0.0164514 -0.0278961 0.00540638 0.999596 0.631458
0.999595 0.00233319 0.028368 0.00847151 -0.00223356 0.999991 -0.00354325 -0.0153029 -0.028376 0.00347845 0.999591 0.639867
0.999599 0.00739892 0.0273319 0.0132007 -0.00716693 0.999938 -0.00857607 -0.0143208 -0.0273937 0.00837675 0.99959 0.633575
0.999624 0.00542114 0.026867 -0.00153851 -0.00495366 0.999836 -0.017436 -0.0163634 -0.0269571 0.0172963 0.999487 0.631742
0.999697 -0.00285167 0.0244364 0.0169657 0.00348971 0.999653 -0.0261076 -0.016017 -0.0243535 0.0261849 0.99936 0.611511
0.999767 -0.00435748 0.0211257 0.0127865 0.00500645 0.999514 -0.0307643 -0.00965307 -0.0209814 0.0308629 0.999303 0.591739
0.999836 0.00324658 0.0178272 -0.00324571 -0.00279345 0.999674 -0.0253842 -0.0109757 -0.0179038 0.0253302 0.999519 0.581715
0.999875 0.00808466 0.0136124 -0.00771941 -0.00790427 0.999881 -0.0132542 -0.0167219 -0.0137179 0.0131449 0.999819 0.583872
0.999945 -0.00566052 0.0088685 0.00636623 0.00565227 0.999984 0.000955246 -0.0156424 -0.00887376 -0.000905066 0.99996 0.603926
0.999969 -0.00671748 0.00408231 0.0152999 0.00667535 0.999925 0.0102482 -0.00872596 -0.00415085 -0.0102206 0.999939 0.623914
0.999995 -0.00307349 0.000563747 0.012873 0.00306862 0.99996 0.00845595 -0.00935092 -0.000589714 -0.00845418 0.999964 0.643966
0.999991 0.0038354 -0.00154658 -0.0175775 -0.00383195 0.99999 0.00222864 -0.00817133 0.00155511 -0.00222269 0.999996 0.663879
0.999988 0.00050533 -0.00491156 -0.0188471 -0.000536625 0.99998 -0.00637251 -0.00714613 0.00490824 0.00637506 0.999968 0.683865
0.99994 -0.00886986 -0.00648368 0.00103157 0.00880009 0.999904 -0.0107121 -0.0109131 0.00657807 0.0106544 0.999922 0.674437
0.999946 -0.00763163 -0.00698485 -0.00134567 0.00759333 0.999956 -0.00549428 -0.0117126 0.00702647 0.00544095 0.999961 0.689551
0.999954 -0.00627747 -0.00723487 -0.0135702 0.00627036 0.99998 -0.00100532 -0.0172034 0.00724104 0.000959904 0.999973 0.709313
0.999953 -0.00513387 -0.00818207 -0.00419793 0.00513009 0.999987 -0.00048295 -0.00372229 0.00818444 0.000440953 0.999966 0.182327
0.999953 -0.00513387 -0.00818207 -0.00839587 0.00513009 0.999987 -0.00048295 -0.00744458 0.00818444 0.000440953 0.999966 0.364653
0.99995 -0.00459138 -0.00883971 -0.00196054 0.00454647 0.999977 -0.00509435 -0.00327081 0.00886289 0.00505391 0.999948 0.202377
0.999928 -0.00810246 -0.00888892 -0.0020868 0.00804792 0.999949 -0.00615501 -0.00354566 0.00893833 0.00608302 0.999942 0.222375
0.999953 -0.000660575 -0.00971982 -0.00202137 0.000625968 0.999993 -0.00356302 -0.00235325 0.00972211 0.00355676 0.999946 0.242393
0.999961 0.000184725 -0.00882382 -0.00832045 -0.000175569 0.999999 0.00103845 -0.00487465 0.008824 -0.00103686 0.999961 0.262236
0.99996 -0.000497143 -0.00889928 -0.00565917 0.000530892 0.999993 0.0037904 -0.00424028 0.00889733 -0.00379497 0.999953 0.282324
0.999955 -0.00171378 -0.00928399 -0.00143462 0.00172815 0.999997 0.00154021 -0.00729562 0.00928133 -0.00155618 0.999956 0.302321
0.999965 -0.00293875 -0.00782921 -0.00538747 0.00289558 0.999981 -0.00551954 -0.00554526 0.00784528 0.00549668 0.999954 0.32232
0.999962 -0.000876373 -0.00871516 0.00654216 0.000748009 0.999891 -0.0147211 -0.0106245 0.00872712 0.014714 0.999854 0.342185
0.999975 0.00471099 -0.00527217 -0.00575939 -0.00480949 0.999811 -0.0188297 -0.00210918 0.00518247 0.0188545 0.999809 0.0903954
0.999975 0.00471099 -0.00527217 -0.0115188 -0.00480949 0.999811 -0.0188297 -0.00421836 0.00518247 0.0188545 0.999809 0.180791
0.999968 -0.00518107 -0.00607493 -3.25014e-005 0.00515335 0.999976 -0.00456901 -0.000906571 0.00609846 0.00453756 0.999971 0.0276359
0.999968 -0.00518107 -0.00607493 -6.50027e-005 0.00515335 0.999976 -0.00456901 -0.00181314 0.00609846 0.00453756 0.999971 0.0552718
0.999982 0.000837837 -0.00586876 -0.000596528 -0.00083868 1 -0.000141125 -0.000980275 0.00586864 0.000146044 0.999983 0.047637
0.999973 0.00414108 -0.00602905 -0.000519388 -0.00412525 0.999988 0.00263448 -0.00108461 0.00603989 -0.00260954 0.999978 0.0676401
0.999867 -0.00957376 -0.0131912 0.00542299 0.00964018 0.999941 0.00498091 -0.000725735 0.0131428 -0.00510741 0.999901 0.0874799
0.99921 -0.0140885 -0.0371572 -0.000310334 0.0140581 0.999901 -0.00107781 -0.000268945 0.0371686 0.000554599 0.999309 0.0119541
0.99921 -0.0140885 -0.0371572 -0.000620668 0.0140581 0.999901 -0.00107781 -0.000537889 0.0371686 0.000554599 0.999309 0.0239083
0.99921 -0.0140885 -0.0371572 -0.000931002 0.0140581 0.999901 -0.00107781 -0.000806834 0.0371686 0.000554599 0.999309 0.0358624
0.99868 -0.000385183 -0.0513675 -0.00225504 0.000153202 0.99999 -0.00451996 -0.000465046 0.0513687 0.00450613 0.99867 0.0318782
0.997538 -0.00061299 -0.070124 -0.00525122 0.000167456 0.99998 -0.00635922 -0.0013216 0.0701265 0.00633182 0.997518 0.0516783
0.995678 -0.00753341 -0.0925613 -0.00712498 0.00705882 0.99996 -0.00545362 -0.000657278 0.0925987 0.00477668 0.995692 0.0716046
0.993149 0.00254081 -0.116829 -0.0149377 -0.00276931 0.999995 -0.00179353 -0.00273642 0.116824 0.00210478 0.99315 0.0906986
0.989416 -0.00128364 -0.145099 -0.018835 0.00150141 0.999998 0.00139129 -0.00177981 0.145097 -0.00159442 0.989416 0.110351
0.984139 -0.00154182 -0.177392 -0.0272991 0.00189056 0.999997 0.00179693 -0.00391947 0.177389 -0.0021038 0.984139 0.129047
0.976992 0.00299074 -0.213253 -0.0402933 -0.00302023 0.999995 0.000187496 -0.00243356 0.213253 0.000460892 0.976997 0.146502
0.967363 0.00499856 -0.253345 -0.0534579 -0.00560268 0.999983 -0.00166312 -0.00214032 0.253332 0.00302825 0.967375 0.163427
0.955155 0.00395252 -0.29608 -0.0735142 -0.0049745 0.999984 -0.00269849 -0.00137504 0.296064 0.00405032 0.955159 0.177321
0.939828 0.00415521 -0.341623 -0.084471 -0.00490546 0.999987 -0.00133226 -0.000405363 0.341613 0.00292792 0.939836 0.194402
0.921599 0.0111183 -0.387984 -0.113494 -0.0111179 0.999936 0.00224586 -0.00267338 0.387984 0.00224377 0.921663 0.202282
0.900055 0.0151447 -0.435512 -0.138345 -0.0129543 0.999884 0.0079983 -0.00290568 0.435583 -0.00155716 0.900147 0.210563
0.875063 0.0159509 -0.483745 -0.163422 -0.00961289 0.999832 0.0155791 -0.00311423 0.483913 -0.00898255 0.87507 0.217362
0.846564 0.0142745 -0.532096 -0.188657 -0.00321512 0.999759 0.0217052 0.00103465 0.532277 -0.0166641 0.846406 0.22282
0.813345 0.0127932 -0.581641 -0.203239 0.00338604 0.999637 0.0267219 0.00620414 0.581772 -0.0237036 0.813007 0.23659
0.778103 0.0172385 -0.6279 -0.232174 0.00699961 0.999323 0.0361097 0.00556755 0.628098 -0.0324921 0.777456 0.237197
0.741314 0.0223344 -0.670787 -0.264304 0.0145307 0.998678 0.0493104 0.0107518 0.671001 -0.0463015 0.740009 0.232173
0.702878 0.0281809 -0.710752 -0.293859 0.0216756 0.997902 0.0610017 0.0106783 0.71098 -0.0582827 0.700793 0.22779
0.662949 0.035743 -0.747811 -0.329608 0.0255049 0.997202 0.0702736 0.0117383 0.74823 -0.0656606 0.660182 0.211788
0.620429 0.0384238 -0.783321 -0.346027 0.0322116 0.996708 0.0744042 0.016087 0.783601 -0.0713945 0.617149 0.222977
0.576056 0.0425851 -0.8163 -0.385312 0.0360406 0.996348 0.0774114 0.0176659 0.816615 -0.0740133 0.572417 0.194456
0.530025 0.0421692 -0.846933 -0.421088 0.0402748 0.996384 0.0748151 0.0271961 0.847025 -0.073764 0.52641 0.161908
0.428353 0.0400412 -0.902724 -0.109519 0.0364762 0.997437 0.0615506 0.00993344 0.902875 -0.0592933 0.425794 0.0427617
0.428353 0.0400412 -0.902724 -0.219039 0.0364762 0.997437 0.0615506 0.0198669 0.902875 -0.0592933 0.425794 0.0855234
0.374781 0.0392466 -0.926282 -0.129514 0.0358518 0.997743 0.0567803 0.00726526 0.92642 -0.054489 0.372528 0.0470593
0.275522 0.046896 -0.96015 -0.0384146 0.0349451 0.997661 0.0587559 0.00156653 0.960659 -0.0497411 0.273239 0.00905123
0.275522 0.046896 -0.96015 -0.0768292 0.0349451 0.997661 0.0587559 0.00313306 0.960659 -0.0497411 0.273239 0.0181025
0.23073 0.0464127 -0.97191 -0.059213 0.0457105 0.997242 0.058474 0.000579285 0.971944 -0.0579182 0.227972 0.00578309
0.187935 0.0477267 -0.981021 -0.0788086 0.0457393 0.99731 0.0572814 0.00305598 0.981116 -0.0556364 0.185246 0.00998632
0.14823 0.050752 -0.98765 -0.0989807 0.0461355 0.99724 0.058169 0.00456209 0.987876 -0.0541881 0.145479 0.00904325
0.113593 0.05258 -0.992135 -0.119161 0.048667 0.997105 0.0584155 0.00512921 0.992335 -0.0549198 0.110705 0.00734704
0.0857649 0.0579845 -0.994627 -0.13926 0.0487304 0.996866 0.062317 0.00756658 0.995123 -0.0538131 0.0826705 0.00301431
0.0614245 0.0612632 -0.99623 -0.159207 0.0546226 0.996412 0.0646423 0.00957642 0.996616 -0.0583872 0.0578578 0.000964125
0.0397524 0.0661158 -0.99702 -0.17915 0.0594095 0.995887 0.0684094 0.0108934 0.997442 -0.0619519 0.035661 0.00246621
0.0218479 0.069391 -0.99735 -0.199145 0.0641806 0.995433 0.0706635 0.0115593 0.997699 -0.0655544 0.0172946 -0.00265378
0.00795794 0.0738821 -0.997235 -0.2191 0.0686007 0.994877 0.0742548 0.0124307 0.997612 -0.069002 0.0028488 -0.00443305
-0.00219507 0.0750456 -0.997178 -0.238986 0.0719471 0.994608 0.0746939 0.0154678 0.997406 -0.07158 -0.00758254 0.00231458
-0.00768749 0.0770842 -0.996995 -0.258747 0.0735334 0.994369 0.0763142 0.0166598 0.997263 -0.0727257 -0.0133125 -0.0105584
-0.0126571 0.0762352 -0.99701 -0.278814 0.0769003 0.994211 0.075045 0.0195375 0.996958 -0.0757205 -0.0184463 0.000425651
-0.0135406 0.07717 -0.996926 -0.298503 0.0764557 0.994178 0.0759189 0.02277 0.996981 -0.0751927 -0.0193618 -0.00874827
-0.014972 0.0757385 -0.997015 -0.318511 0.0771364 0.994243 0.0743695 0.0247946 0.996908 -0.0757927 -0.020728 -0.00386767
-0.0147181 0.0735089 -0.997186 -0.338711 0.076516 0.994452 0.072178 0.0220278 0.99696 -0.0752383 -0.0202611 -0.00696626
-0.0164019 0.0713692 -0.997315 -0.358134 0.0723789 0.994917 0.0700073 0.0309552 0.997242 -0.0710363 -0.0214842 0.00447527
-0.0156158 0.0686947 -0.997516 -0.378879 0.0698829 0.995273 0.0674462 0.019097 0.997433 -0.068656 -0.0203426 -0.0102153
