0.666749 0.860443
0.665117 0.859327
0.167249 0.860438
0.167249 0.85943
0.467033 0.860435
0.600239 0.859398
0.685995 0.860538
0.74329 0.859446
0.761376 0.860306
0.788272 0.860598
0.811544 0.859134
0.81722 0.860432
0.823035 0.860357
0.813433 0.859593
0.824971 0.855871
0.821856 0.863667
0.824265 0.870724
0.827433 0.881615
0.83299 0.891922
0.831662 0.901721
0.843673 0.906165
0.82632 0.913045
0.827589 0.9151
0.836712 0.918507
0.837782 0.928696
0.828876 0.936147
0.84989 0.937333
0.877845 0.944008
0.221264 0.946881
0.221264 0.949428
0.570287 0.953304
0.736063 0.960035
0.812014 0.96987
0.860009 0.97703
0.88136 0.98083
0.901704 0.980618
0.905807 0.98057
0.896463 0.985831
0.879974 1.01335
0.903558 1.06045
0.882184 1.04463
0.887022 1.04654
0.89926 1.03506
0.91404 1.03788
0.938838 1.02578
0.973746 1.02486
0.243899 1.01252
0.243899 1.00791
0.597657 1.00366
0.786732 1.0017
0.866573 0.997628
0.92361 0.989036
0.944924 0.980541
0.919643 0.984487
0.910006 0.983564
0.9126 0.979146
0.923306 0.972598
0.910878 0.965427
0.904746 0.96585
0.896289 0.961009
0.905179 0.964335
0.898158 0.964033
0.917439 0.954338
0.921174 0.943635
0.912822 0.927331
0.894108 0.917557
0.875358 0.913813
0.869841 0.901613
0.85318 0.885961
0.848318 0.8718
0.824846 0.858085
0.827058 0.846155
0.825307 0.831775
0.818497 0.819611
0.80522 0.807556
0.806658 0.79703
0.821807 0.77941
0.816265 0.756639
0.197274 0.733996
0.197274 0.715997
0.420513 0.698293
0.139534 0.680013
0.139534 0.659839
0.398893 0.633923
0.125134 0.614207
0.125134 0.596759
0.336577 0.584415
0.440601 0.572595
0.512937 0.557021
0.545319 0.54408
0.540307 0.53198
0.130143 0.512643
0.130143 0.502023
0.318392 0.488097
0.395507 0.474636
0.436662 0.460279
0.444364 0.455031
0.458843 0.450175
0.467806 0.437722
0.45603 0.438707
0.449625 0.431875
0.442678 0.413149
0.429743 0.416642
0.424111 0.396948
0.419277 0.403219
0.406452 0.396863
0.401845 0.378589
0.397604 0.387287
0.395305 0.373576
0.397499 0.388171
0.396871 0.383546
0.400512 0.376037
0.39263 0.38034
0.393867 0.370996
0.387509 0.380273
0.385146 0.381136
0.386709 0.376479
0.39852 0.388415
0.382132 0.385601
0.392069 0.385694
0.409841 0.388588
0.411836 0.39366
0.407028 0.404176
0.404131 0.411357
0.406741 0.424157
0.41115 0.42958
0.415076 0.450381
0.375355 0.468415
0.388823 0.475496
0.424634 0.487851
0.447449 0.498241
0.461053 0.515111
0.492507 0.530639
0.514162 0.546272
0.530463 0.564167
0.534715 0.584268
0.555729 0.60335
0.57814 0.619558
0.596247 0.639864
0.631154 0.655036
0.656979 0.674021
0.662202 0.686448
0.677575 0.70755
0.690242 0.723469
0.703502 0.739352
0.726752 0.759447
0.732111 0.772064
0.744297 0.788173
0.766252 0.795557
0.773148 0.803535
0.804483 0.805544
