1 -8.22789e-007 -0.00085052 -0.0332714 -8.22789e-007 0.999998 -0.00193479 -0.0106501 0.00085052 0.00193479 0.999998 0.665833
1 -1.71017e-006 -0.000963462 -0.102903 -1.71017e-006 0.999994 -0.00355004 -0.0155367 0.000963462 0.00355004 0.999993 1.32564
0.99995 -2.10532e-005 -0.00997822 -0.112149 -2.10532e-005 0.999991 -0.00421972 -0.0328396 0.00997822 0.00421972 0.999941 1.99822
0.99995 -2.10532e-005 -0.00997822 -0.121396 -2.10532e-005 0.999991 -0.00421972 -0.0501425 0.00997822 0.00421972 0.999941 2.67081
0.999898 -2.95819e-005 -0.0142756 -0.135179 -2.95819e-005 0.999991 -0.00414417 -0.0603854 0.0142756 0.00414417 0.99989 3.43743
0.999864 -4.49715e-005 -0.0164619 -0.179493 -4.49715e-005 0.999985 -0.00546328 -0.0665818 0.0164619 0.00546328 0.99985 4.16951
0.999772 -6.36651e-005 -0.0213636 -0.213697 -6.36651e-005 0.999982 -0.00595942 -0.0739049 0.0213636 0.00595942 0.999754 4.94047
0.999685 -5.12804e-005 -0.0250781 -0.246925 -5.12804e-005 0.999992 -0.00408901 -0.0848313 0.0250781 0.00408901 0.999677 5.74029
0.999581 -2.70582e-005 -0.0289337 -0.273502 -2.70582e-005 0.999998 -0.00186997 -0.0880903 0.0289337 0.00186997 0.99958 6.51929
0.999524 1.22319e-005 -0.0308623 -0.323036 1.22319e-005 1 0.000792484 -0.0974852 0.0308623 -0.000792484 0.999523 7.3329
0.999451 4.4038e-006 -0.0331204 -0.366243 4.4038e-006 1 0.000265854 -0.103711 0.0331204 -0.000265854 0.999451 8.16658
0.99946 4.08799e-006 -0.0328653 -0.435311 4.08799e-006 1 0.000248705 -0.110483 0.0328653 -0.000248705 0.99946 8.98654
0.999384 -6.03233e-006 -0.0350844 -0.459913 -6.03233e-006 1 -0.000343769 -0.117114 0.0350844 0.000343769 0.999384 9.815
0.999272 2.28656e-005 -0.0381511 -0.466319 2.28656e-005 0.999999 0.00119825 -0.133252 0.0381511 -0.00119825 0.999271 10.6186
0.999082 2.55762e-005 -0.0428368 -0.459382 2.55762e-005 0.999999 0.00119358 -0.145086 0.0428368 -0.00119358 0.999081 11.455
0.999042 -1.80446e-005 -0.0437698 -0.51483 -1.80446e-005 1 -0.000824126 -0.15422 0.0437698 0.000824126 0.999041 12.2718
0.999033 -7.38507e-005 -0.0439698 -0.56703 -7.38507e-005 0.999994 -0.00335752 -0.162943 0.0439698 0.00335752 0.999027 13.0968
0.999019 -0.000106422 -0.0442804 -0.632203 -0.000106422 0.999988 -0.00480433 -0.171046 0.0442804 0.00480433 0.999008 13.9248
0.998941 -8.37714e-005 -0.0460119 -0.667807 -8.37714e-005 0.999993 -0.00363935 -0.190998 0.0460119 0.00363935 0.998934 14.7624
0.99883 -6.52058e-005 -0.0483554 -0.688112 -6.52058e-005 0.999996 -0.00269536 -0.20031 0.0483554 0.00269536 0.998827 15.5924
0.998754 -2.80549e-005 -0.0498952 -0.73604 -2.80549e-005 0.999999 -0.00112385 -0.209193 0.0498952 0.00112385 0.998754 16.4467
0.998706 -2.56661e-005 -0.0508535 -0.755374 -2.56661e-005 0.999999 -0.00100876 -0.223667 0.0508535 0.00100876 0.998706 17.2553
0.998622 -4.44998e-005 -0.0524801 -0.801122 -4.44998e-005 0.999999 -0.0016947 -0.235315 0.0524801 0.0016947 0.998621 18.0828
0.998515 -6.79602e-005 -0.0544834 -0.834334 -6.79602e-005 0.999997 -0.00249286 -0.248185 0.0544834 0.00249286 0.998512 18.9279
0.99849 -4.45677e-005 -0.0549377 -0.882688 -4.45677e-005 0.999999 -0.00162126 -0.253279 0.0549377 0.00162126 0.998488 19.7654
0.998487 5.22866e-005 -0.0549839 -0.927196 5.22866e-005 0.999998 0.00190045 -0.265468 0.0549839 -0.00190045 0.998485 20.584
0.998402 0.000161316 -0.056513 -0.941034 0.000161316 0.999984 0.00570438 -0.290246 0.056513 -0.00570438 0.998386 21.4545
0.998554 0.000221709 -0.0537637 -1.00827 0.000221709 0.999966 0.00824144 -0.287182 0.0537637 -0.00824144 0.99852 22.3578
0.998765 0.000161 -0.0496889 -1.03569 0.000161 0.999979 0.00647624 -0.296325 0.0496889 -0.00647624 0.998744 23.2496
0.998765 0.000161 -0.0496889 -1.06312 0.000161 0.999979 0.00647624 -0.305467 0.0496889 -0.00647624 0.998744 24.1414
0.998923 3.56754e-005 -0.0463925 -1.14696 3.56754e-005 0.999999 0.00153715 -0.30197 0.0463925 -0.00153715 0.998922 25.0568
0.998996 -3.71412e-005 -0.0448076 -1.19135 -3.71412e-005 0.999999 -0.00165697 -0.304554 0.0448076 0.00165697 0.998994 25.9576
0.999022 -1.25099e-005 -0.0442078 -1.2261 -1.25099e-005 1 -0.000565685 -0.3201 0.0442078 0.000565685 0.999022 26.8447
0.998984 0.000100177 -0.0450647 -1.25863 0.000100177 0.99999 0.00444366 -0.330421 0.0450647 -0.00444366 0.998974 27.7521
0.998985 0.000172206 -0.0450382 -1.30422 0.000172206 0.999971 0.00764311 -0.337157 0.0450382 -0.00764311 0.998956 28.6536
0.998906 0.000157909 -0.046756 -1.3293 0.000157909 0.999977 0.00675084 -0.35 0.046756 -0.00675084 0.998884 29.5752
0.998835 6.7142e-005 -0.0482594 -1.37046 6.7142e-005 0.999996 0.00278092 -0.354125 0.0482594 -0.00278092 0.998831 30.4842
0.99873 -1.93395e-005 -0.0503889 -1.40884 -1.93395e-005 1 -0.000767122 -0.364332 0.0503889 0.000767122 0.998729 31.3704
0.998623 -4.09907e-005 -0.0524679 -1.45587 -4.09907e-005 0.999999 -0.00156143 -0.371223 0.0524679 0.00156143 0.998621 32.2326
0.998594 -1.25352e-005 -0.0530074 -1.53567 -1.25352e-005 1 -0.000472627 -0.370704 0.0530074 0.000472627 0.998594 33.1563
0.998523 7.29233e-005 -0.0543276 -1.5779 7.29233e-005 0.999996 0.00268259 -0.385154 0.0543276 -0.00268259 0.99852 34.016
0.998537 0.000115365 -0.0540739 -1.64341 0.000115365 0.999991 0.0042638 -0.396681 0.0540739 -0.0042638 0.998528 34.9053
0.998512 0.000182414 -0.0545309 -1.70146 0.000182414 0.999978 0.00668524 -0.398861 0.0545309 -0.00668524 0.99849 35.815
0.998525 0.000255954 -0.0542945 -1.75303 0.000255954 0.999956 0.00942121 -0.399858 0.0542945 -0.00942121 0.998481 36.7424
0.998414 0.000331455 -0.0563007 -1.80261 0.000331455 0.999931 0.0117647 -0.398443 0.0563007 -0.0117647 0.998345 37.7047
0.998568 0.000315277 -0.0534904 -1.91601 0.000315277 0.999931 0.0117793 -0.404324 0.0534904 -0.0117793 0.998499 38.707
0.998548 0.000219392 -0.0538719 -1.97383 0.000219392 0.999967 0.0081389 -0.408378 0.0538719 -0.0081389 0.998515 39.6827
0.998548 0.000219392 -0.0538719 -2.03166 0.000219392 0.999967 0.0081389 -0.412431 0.0538719 -0.0081389 0.998515 40.6584
0.998415 0.000225883 -0.0562779 -2.07581 0.000225883 0.999968 0.00802094 -0.414823 0.0562779 -0.00802094 0.998383 41.6088
0.998204 0.000268666 -0.0599138 -2.09533 0.000268666 0.99996 0.00896019 -0.418528 0.0599138 -0.00896019 0.998163 42.5844
0.998054 0.000318099 -0.0623557 -2.14247 0.000318099 0.999948 0.0101925 -0.42808 0.0623557 -0.0101925 0.998002 43.5296
0.998051 0.000208619 -0.0624054 -2.22234 0.000208619 0.999978 0.00667934 -0.433136 0.0624054 -0.00667934 0.998029 44.507
0.998046 7.51543e-005 -0.0624885 -2.31081 7.51543e-005 0.999997 0.00240303 -0.425215 0.0624885 -0.00240303 0.998043 45.4691
0.998029 3.9685e-005 -0.0627569 -2.37087 3.9685e-005 0.999999 0.00126347 -0.432442 0.0627569 -0.00126347 0.998028 46.3614
0.99795 0.000151631 -0.063996 -2.40857 0.000151631 0.999989 0.00473387 -0.443494 0.063996 -0.00473387 0.997939 47.261
0.997961 0.000248464 -0.063824 -2.47489 0.000248464 0.99997 0.00777784 -0.453274 0.063824 -0.00777784 0.997931 48.1737
0.997925 0.000274974 -0.0643855 -2.53229 0.000274974 0.999964 0.00853247 -0.461417 0.0643855 -0.00853247 0.997889 49.1059
0.997929 0.000246426 -0.0643318 -2.59091 0.000246426 0.999971 0.00765304 -0.475395 0.0643318 -0.00765304 0.997899 50.0023
0.997947 0.00019072 -0.0640505 -2.65544 0.00019072 0.999982 0.00594912 -0.482153 0.0640505 -0.00594912 0.997929 50.8986
0.997999 0.000205235 -0.063224 -2.7368 0.000205235 0.999979 0.00648574 -0.482165 0.063224 -0.00648574 0.997978 51.7827
0.998042 0.000310071 -0.0625391 -2.82628 0.000310071 0.999951 0.00990613 -0.482592 0.0625391 -0.00990613 0.997993 52.6924
0.997951 0.000457619 -0.0639738 -2.86775 0.000457619 0.999898 0.0142911 -0.484022 0.0639738 -0.0142911 0.997849 53.5825
0.997824 0.000533005 -0.0659277 -2.92013 0.000533005 0.999869 0.0161507 -0.481895 0.0659277 -0.0161507 0.997694 54.5178
0.99776 0.00040909 -0.0668918 -2.99628 0.00040909 0.999925 0.0122172 -0.48563 0.0668918 -0.0122172 0.997685 55.4396
0.997673 0.000169886 -0.068185 -3.06265 0.000169886 0.999988 0.00497726 -0.493539 0.068185 -0.00497726 0.99766 56.3416
0.997619 1.63604e-005 -0.0689658 -3.12715 1.63604e-005 1 0.000473885 -0.508008 0.0689658 -0.000473885 0.997619 57.2145
0.997546 5.48282e-005 -0.070016 -3.19265 5.48282e-005 0.999999 0.00156424 -0.511522 0.070016 -0.00156424 0.997545 58.0685
0.99747 0.000150164 -0.0710875 -3.26139 0.000150164 0.999991 0.00421939 -0.525337 0.0710875 -0.00421939 0.997461 58.93
0.997337 0.000204519 -0.0729288 -3.31238 0.000204519 0.999984 0.00560121 -0.536569 0.0729288 -0.00560121 0.997321 59.7649
0.997264 0.000211741 -0.0739212 -3.38872 0.000211741 0.999984 0.00572095 -0.545407 0.0739212 -0.00572095 0.997248 60.6049
0.997057 0.000278732 -0.076662 -3.46581 0.000278732 0.999974 0.00726091 -0.565637 0.076662 -0.00726091 0.997031 61.4023
0.99687 0.000301291 -0.0790591 -3.52398 0.000301291 0.999971 0.00760988 -0.571831 0.0790591 -0.00760988 0.996841 62.2295
0.996755 0.000330609 -0.0804995 -3.59352 0.000330609 0.999966 0.00820048 -0.582512 0.0804995 -0.00820048 0.996721 63.05
0.996714 0.000365894 -0.0809991 -3.67322 0.000365894 0.999959 0.00901948 -0.586513 0.0809991 -0.00901948 0.996673 63.8578
0.996578 0.000497861 -0.0826572 -3.73872 0.000497861 0.999928 0.0120254 -0.591203 0.0826572 -0.0120254 0.996505 64.647
0.996642 0.000654121 -0.0818833 -3.83532 0.000654121 0.999873 0.0159491 -0.589559 0.0818833 -0.0159491 0.996514 65.4493
0.996533 0.000734016 -0.0831948 -3.92659 0.000734016 0.999845 0.0176138 -0.581408 0.0831948 -0.0176138 0.996378 66.2812
0.996739 0.000544965 -0.0806908 -4.07201 0.000544965 0.999909 0.0134848 -0.579883 0.0806908 -0.0134848 0.996648 67.0788
0.996498 2.20949e-005 -0.0836156 -4.1305 2.20949e-005 1 0.000527563 -0.589307 0.0836156 -0.000527563 0.996498 67.8384
0.996498 2.20949e-005 -0.0836156 -4.189 2.20949e-005 1 0.000527563 -0.598732 0.0836156 -0.000527563 0.996498 68.598
0.996189 3.13363e-005 -0.0872251 -4.18721 3.13363e-005 1 0.000717147 -0.624008 0.0872251 -0.000717147 0.996188 69.2413
0.996005 0.00026641 -0.0892959 -4.26039 0.00026641 0.999982 0.00595493 -0.627522 0.0892959 -0.00595493 0.995987 69.9332
0.996005 0.00026641 -0.0892959 -4.33356 0.00026641 0.999982 0.00595493 -0.631036 0.0892959 -0.00595493 0.995987 70.6251
0.995975 0.000116679 -0.0896359 -4.40027 0.000116679 0.999997 0.00259816 -0.643715 0.0896359 -0.00259816 0.995971 71.2798
0.996044 -0.000359673 -0.0888599 -4.43815 -0.000359673 0.999967 -0.00807914 -0.657488 0.0888599 0.00807914 0.996011 71.8806
0.996044 -0.000359673 -0.0888599 -4.47603 -0.000359673 0.999967 -0.00807914 -0.671262 0.0888599 0.00807914 0.996011 72.4815
0.99624 -0.000358015 -0.0866409 -4.51657 -0.000358015 0.999966 -0.00824866 -0.679509 0.0866409 0.00824866 0.996205 73.0279
0.99645 -0.00019517 -0.084183 -4.55123 -0.00019517 0.999989 -0.00462854 -0.696706 0.084183 0.00462854 0.99644 73.5712
0.996953 -0.000103773 -0.0780025 -4.62209 -0.000103773 0.999996 -0.0026567 -0.689966 0.0780025 0.0026567 0.99695 74.1521
0.997503 4.52381e-005 -0.0706267 -4.69293 4.52381e-005 0.999999 0.00127945 -0.700635 0.0706267 -0.00127945 0.997502 74.7253
0.998058 0.000142876 -0.0622891 -4.72064 0.000142876 0.999989 0.00458303 -0.714299 0.0622891 -0.00458303 0.998048 75.2597
0.999339 7.9548e-005 -0.0363623 -4.7449 7.9548e-005 0.99999 0.00437383 -0.719733 0.0363623 -0.00437383 0.999329 75.7599
0.999339 7.9548e-005 -0.0363623 -4.76917 7.9548e-005 0.99999 0.00437383 -0.725167 0.0363623 -0.00437383 0.999329 76.2602
0.999843 4.61073e-005 -0.0177051 -4.78384 4.61073e-005 0.999986 0.00520791 -0.730351 0.0177051 -0.00520791 0.99983 76.7666
0.999989 -1.46356e-005 0.00478609 -4.77534 -1.46356e-005 0.999981 0.00611579 -0.733915 -0.00478609 -0.00611579 0.99997 77.2391
0.999521 -0.000117145 0.0309343 -4.74216 -0.000117145 0.999971 0.00757185 -0.742777 -0.0309343 -0.00757185 0.999493 77.7157
0.998161 -0.000289318 0.0606199 -4.70061 -0.000289318 0.999954 0.0095363 -0.748119 -0.0606199 -0.0095363 0.998115 78.1658
0.99567 -0.000536921 0.0929569 -4.62819 -0.000536921 0.999933 0.0115266 -0.755861 -0.0929569 -0.0115266 0.995603 78.6335
0.991446 -0.000819985 0.130513 -4.54414 -0.000819985 0.999921 0.0125113 -0.761576 -0.130513 -0.0125113 0.991368 79.1028
0.984866 -0.00109866 0.173314 -4.46389 -0.00109866 0.99992 0.0125818 -0.761084 -0.173314 -0.0125818 0.984786 79.5397
0.975709 -0.00141443 0.219065 -4.35419 -0.00141443 0.999918 0.0127559 -0.763031 -0.219065 -0.0127559 0.975627 79.9691
0.963649 -0.00148037 0.267168 -4.19615 -0.00148037 0.99994 0.0108802 -0.768824 -0.267168 -0.0108802 0.963589 80.3751
0.947461 -0.00144409 0.319869 -4.03317 -0.00144409 0.99996 0.00879192 -0.775966 -0.319869 -0.00879192 0.947421 80.7587
0.926969 -0.00138918 0.375136 -3.84596 -0.00138918 0.999974 0.00713571 -0.776874 -0.375136 -0.00713571 0.926942 81.133
0.902494 -0.00131422 0.4307 -3.6237 -0.00131422 0.999982 0.00580513 -0.773231 -0.4307 -0.00580513 0.902477 81.4828
0.873549 -0.00133338 0.486734 -3.38549 -0.00133338 0.999986 0.00513246 -0.773316 -0.486734 -0.00513246 0.873535 81.7961
0.839646 -0.00165757 0.543132 -3.13423 -0.00165757 0.999983 0.00561431 -0.778117 -0.543132 -0.00561431 0.839629 82.1038
0.802098 -0.00178938 0.597189 -2.86886 -0.00178938 0.999984 0.00539966 -0.785551 -0.597189 -0.00539966 0.802082 82.394
0.761471 -0.00236074 0.648194 -2.58739 -0.00236074 0.999977 0.00641524 -0.78794 -0.648194 -0.00641524 0.761448 82.6683
0.718689 -0.00289144 0.695326 -2.27756 -0.00289144 0.99997 0.00714687 -0.784661 -0.695326 -0.00714687 0.718659 82.9208
0.673412 -0.00368243 0.739258 -1.95403 -0.00368243 0.999958 0.00833548 -0.786914 -0.739258 -0.00833548 0.673371 83.1496
0.626226 -0.00462537 0.779628 -1.61362 -0.00462537 0.999943 0.00964772 -0.784792 -0.779628 -0.00964772 0.626169 83.3674
0.578836 -0.006791 0.815415 -1.27587 -0.006791 0.99989 0.0131481 -0.795092 -0.815415 -0.0131481 0.578727 83.5514
0.532068 -0.00637166 0.846678 -0.920668 -0.00637166 0.999913 0.0115289 -0.79855 -0.846678 -0.0115289 0.531981 83.7244
0.485185 -0.00522066 0.874396 -0.570929 -0.00522066 0.999947 0.00886712 -0.805707 -0.874396 -0.00886712 0.485132 83.8757
0.440487 -0.00510583 0.897744 -0.210191 -0.00510583 0.999953 0.00819236 -0.812517 -0.897744 -0.00819236 0.440441 84.0036
0.397836 -0.0092935 0.917409 0.160117 -0.0092935 0.999857 0.0141588 -0.810984 -0.917409 -0.0141588 0.397693 84.1203
0.358894 -0.0199066 0.933166 0.559247 -0.0199066 0.999382 0.0289752 -0.803593 -0.933166 -0.0289752 0.358276 84.2152
0.322724 -0.0228573 0.946217 0.91182 -0.0228573 0.999229 0.0319338 -0.790637 -0.946217 -0.0319338 0.321952 84.3116
0.290338 -0.0214686 0.956683 1.30454 -0.0214686 0.999351 0.0289414 -0.79237 -0.956683 -0.0289414 0.289689 84.3975
0.259068 -0.0132608 0.965768 1.71823 -0.0132608 0.999763 0.0172848 -0.78899 -0.965768 -0.0172848 0.258831 84.5057
0.231148 -0.00944959 0.972873 2.12458 -0.00944959 0.999884 0.0119571 -0.794682 -0.972873 -0.0119571 0.231032 84.5838
0.205793 -0.0099981 0.978545 2.5226 -0.0099981 0.999874 0.0123187 -0.800322 -0.978545 -0.0123187 0.205667 84.6415
0.181921 -0.014334 0.983209 2.91975 -0.014334 0.999749 0.0172273 -0.802131 -0.983209 -0.0172273 0.18167 84.6986
0.162337 -0.0194956 0.986543 3.32728 -0.0194956 0.999546 0.0229606 -0.789825 -0.986543 -0.0229606 0.161884 84.7351
0.143289 -0.0210096 0.989458 3.74045 -0.0210096 0.999485 0.024265 -0.773011 -0.989458 -0.024265 0.142774 84.7764
0.125604 -0.0188448 0.991901 4.15624 -0.0188448 0.999594 0.0213772 -0.761367 -0.991901 -0.0213772 0.125198 84.8267
0.110123 -0.0180951 0.993753 4.4901 -0.0180951 0.999632 0.0202074 -0.759547 -0.993753 -0.0202074 0.109755 84.8612
0.095548 -0.0181769 0.995259 4.89117 -0.0181769 0.999635 0.0200019 -0.756571 -0.995259 -0.0200019 0.0951827 84.8924
0.0823735 -0.0203455 0.996394 5.35113 -0.0203455 0.999549 0.0220919 -0.755525 -0.996394 -0.0220919 0.0819224 84.9134
0.0706028 -0.0233352 0.997232 5.82069 -0.0233352 0.999414 0.0250384 -0.752727 -0.997232 -0.0250384 0.0700169 84.939
0.0606731 -0.0261544 0.997815 6.29509 -0.0261544 0.999272 0.0277829 -0.745704 -0.997815 -0.0277829 0.0599449 84.9531
0.052212 -0.0276763 0.998252 6.81825 -0.0276763 0.999192 0.0291499 -0.737135 -0.998252 -0.0291499 0.0514038 84.9807
0.0444339 -0.0294956 0.998577 7.35248 -0.0294956 0.99909 0.0308232 -0.721908 -0.998577 -0.0308232 0.0435235 85.0189
0.0381826 -0.029056 0.998848 7.89841 -0.029056 0.999122 0.0301747 -0.705117 -0.998848 -0.0301747 0.0373049 85.0441
0.0333689 -0.0297615 0.999 8.43712 -0.0297615 0.999084 0.0307581 -0.690331 -0.999 -0.0307581 0.0324526 85.0515
0.0271893 -0.0287876 0.999216 9.01272 -0.0287876 0.999148 0.0295689 -0.679625 -0.999216 -0.0295689 0.0263374 85.0862
0.0237683 -0.0294508 0.999284 9.61283 -0.0294508 0.999112 0.0301462 -0.664024 -0.999284 -0.0301462 0.0228799 85.1031
0.020329 -0.0291475 0.999368 10.2268 -0.0291475 0.999133 0.0297336 -0.648417 -0.999368 -0.0297336 0.0194618 85.1195
0.0177983 -0.03793 0.999122 10.8927 -0.03793 0.998535 0.0385834 -0.637293 -0.999122 -0.0385834 0.0163335 85.1151
0.0188589 -0.0424859 0.998919 11.5747 -0.0424859 0.99816 0.0432557 -0.606008 -0.998919 -0.0432557 0.0170191 85.1031
0.01997 -0.0437758 0.998842 12.2415 -0.0437758 0.998045 0.0446161 -0.578394 -0.998842 -0.0446161 0.0180146 85.1145
0.0223768 -0.0437716 0.998791 12.9335 -0.0437716 0.99804 0.0447194 -0.54844 -0.998791 -0.0447194 0.020417 85.1347
0.0278634 -0.047941 0.998461 13.6359 -0.047941 0.997636 0.0492392 -0.52165 -0.998461 -0.0492392 0.0254992 85.1365
0.0340863 -0.0499564 0.99817 14.3516 -0.0499564 0.997416 0.0516247 -0.483051 -0.99817 -0.0516247 0.0315025 85.1375
0.037961 -0.0499974 0.998028 15.1 -0.0499974 0.997402 0.0518677 -0.446615 -0.998028 -0.0518677 0.0353626 85.1709
0.0402354 -0.048783 0.997999 15.8348 -0.048783 0.99752 0.0507263 -0.40669 -0.997999 -0.0507263 0.0377559 85.2183
0.0440959 -0.046275 0.997955 16.5896 -0.046275 0.99776 0.0483106 -0.372228 -0.997955 -0.0483106 0.0418558 85.2558
0.0477978 -0.0452345 0.997832 17.3756 -0.0452345 0.997851 0.0474022 -0.335714 -0.997832 -0.0474022 0.0456489 85.301
0.0518154 -0.0410499 0.997813 18.1536 -0.0410499 0.998223 0.0431985 -0.310582 -0.997813 -0.0431985 0.0500382 85.3524
0.0556616 -0.0377257 0.997737 18.9879 -0.0377257 0.998493 0.0398589 -0.295558 -0.997737 -0.0398589 0.0541544 85.4006
0.0566883 -0.0315986 0.997892 19.8261 -0.0315986 0.998942 0.0334269 -0.266274 -0.997892 -0.0334269 0.0556298 85.4602
0.056475 -0.0294448 0.99797 20.6386 -0.0294448 0.999081 0.0311439 -0.238229 -0.99797 -0.0311439 0.0555561 85.5143
0.0541248 -0.0269304 0.998171 21.4326 -0.0269304 0.999233 0.0284194 -0.221992 -0.998171 -0.0284194 0.0533581 85.6001
0.0554074 -0.0256293 0.998135 22.2407 -0.0256293 0.999305 0.027082 -0.21027 -0.998135 -0.027082 0.054712 85.6374
0.0545817 -0.0258521 0.998175 23.0652 -0.0258521 0.999293 0.0272947 -0.196335 -0.998175 -0.0272947 0.0538748 85.6942
0.054086 -0.0231438 0.998268 23.9033 -0.0231438 0.999434 0.0244247 -0.180312 -0.998268 -0.0244247 0.0535197 85.7703
0.0537794 -0.0219684 0.998311 24.7071 -0.0219684 0.99949 0.0231778 -0.176767 -0.998311 -0.0231778 0.0532694 85.8268
0.0537561 -0.0180218 0.998391 25.5419 -0.0180218 0.999657 0.019015 -0.170015 -0.998391 -0.019015 0.0534128 85.8834
0.0508098 -0.0100604 0.998658 26.2648 -0.0100604 0.999893 0.0105847 -0.176438 -0.998658 -0.0105847 0.0507031 85.9632
0.0481509 -0.00979495 0.998792 27.0486 -0.00979495 0.999899 0.010278 -0.172239 -0.998792 -0.010278 0.0480501 85.9926
0.0422497 -0.00785529 0.999076 27.8289 -0.00785529 0.999936 0.00819423 -0.165333 -0.999076 -0.00819423 0.0421853 86.0437
0.0359819 -0.00390688 0.999345 28.6676 -0.00390688 0.999984 0.00405005 -0.163555 -0.999345 -0.00405005 0.035966 86.1027
0.0293135 0.000305087 0.99957 29.4494 0.000305087 1 -0.000314165 -0.178397 -0.99957 0.000314165 0.0293134 86.134
0.021754 -0.000759936 0.999763 30.2767 -0.000759936 0.999999 0.000776652 -0.189546 -0.999763 -0.000776652 0.0217534 86.1518
0.0136731 -0.00039568 0.999906 31.0919 -0.00039568 1 0.000401127 -0.207945 -0.999906 -0.000401127 0.0136729 86.1477
0.00311453 0.000296921 0.999995 31.9417 0.000296921 1 -0.000297847 -0.208177 -0.999995 0.000297847 0.00311444 86.1687
-0.00768226 -0.000458175 0.99997 32.8063 -0.000458175 1 0.000454668 -0.218352 -0.99997 -0.000454668 -0.00768247 86.1762
-0.0182386 0.00201044 0.999832 33.5744 0.00201044 0.999996 -0.00197409 -0.238501 -0.999832 0.00197409 -0.0182426 86.1528
-0.0293463 0.000607674 0.999569 34.4137 0.000607674 1 -0.000590095 -0.252686 -0.999569 0.000590095 -0.0293467 86.1244
-0.0406197 0.000929883 0.999174 35.2685 0.000929883 0.999999 -0.000892848 -0.2643 -0.999174 0.000892848 -0.0406206 86.0925
-0.0516698 0.000905725 0.998664 36.0975 0.000905725 0.999999 -0.000860075 -0.277614 -0.998664 0.000860075 -0.0516706 86.0459
-0.0624358 0.00175674 0.998047 36.8562 0.00175674 0.999997 -0.00165027 -0.289466 -0.998047 0.00165027 -0.0624387 86.0013
-0.0728739 0.0012658 0.99734 37.6678 0.0012658 0.999999 -0.00117669 -0.303075 -0.99734 0.00117669 -0.0728754 85.9382
-0.082758 0.000440402 0.99657 38.4846 0.000440402 1 -0.000405346 -0.312372 -0.99657 0.000405346 -0.0827582 85.8792
-0.0922092 0.000397206 0.99574 39.256 0.000397206 1 -0.000362123 -0.32516 -0.99574 0.000362123 -0.0922094 85.7997
-0.101922 -0.000357575 0.994792 40.0151 -0.000357575 1 0.000322811 -0.333394 -0.994792 -0.000322811 -0.101922 85.7257
-0.111061 -0.0015999 0.993812 40.806 -0.0015999 0.999998 0.00143107 -0.335799 -0.993812 -0.00143107 -0.111063 85.6535
-0.123874 -0.00518619 0.992284 41.5664 -0.00518619 0.999976 0.00457896 -0.347823 -0.992284 -0.00457896 -0.123898 85.5603
-0.123874 -0.00518619 0.992284 42.3268 -0.00518619 0.999976 0.00457896 -0.359847 -0.992284 -0.00457896 -0.123898 85.4671
-0.123568 -0.0192199 0.99215 43.075 -0.0192199 0.999671 0.0169719 -0.324672 -0.99215 -0.0169719 -0.123896 85.3347
-0.126188 -0.0199789 0.991805 43.799 -0.0199789 0.999646 0.0175949 -0.329532 -0.991805 -0.0175949 -0.126543 85.2384
-0.128401 -0.0204511 0.991511 44.5226 -0.0204511 0.999629 0.0179701 -0.327562 -0.991511 -0.0179701 -0.128772 85.1539
-0.130376 -0.021074 0.991241 45.2147 -0.021074 0.999607 0.01848 -0.328043 -0.991241 -0.01848 -0.130769 85.0775
-0.123284 -0.0247207 0.992063 45.9504 -0.0247207 0.999456 0.0218328 -0.331751 -0.992063 -0.0218328 -0.123828 84.9575
-0.123284 -0.0247207 0.992063 46.6861 -0.0247207 0.999456 0.0218328 -0.335458 -0.992063 -0.0218328 -0.123828 84.8375
-0.115983 -0.0265396 0.992897 47.3105 -0.0265396 0.999369 0.0236124 -0.344183 -0.992897 -0.0236124 -0.116614 84.7445
-0.107099 -0.0266427 0.993891 47.9167 -0.0266427 0.999359 0.0239184 -0.339813 -0.993891 -0.0239184 -0.10774 84.6761
-0.0958415 -0.0260871 0.995055 48.5422 -0.0260871 0.999379 0.0236878 -0.336401 -0.995055 -0.0236878 -0.0964625 84.6225
-0.082517 -0.0246196 0.996286 49.1172 -0.0246196 0.99944 0.0226584 -0.344109 -0.996286 -0.0226584 -0.0830769 84.5932
-0.0649947 -0.0238339 0.997601 49.6945 -0.0238339 0.999467 0.0223256 -0.341586 -0.997601 -0.0223256 -0.0655281 84.5656
-0.0439471 -0.021677 0.998799 50.2405 -0.021677 0.99955 0.0207395 -0.347371 -0.998799 -0.0207395 -0.0443972 84.5625
-0.0187797 -0.0199071 0.999625 50.748 -0.0199071 0.999611 0.0195328 -0.349464 -0.999625 -0.0195328 -0.0191687 84.5605
0.00964101 -0.0167074 0.999814 51.2686 -0.0167074 0.999718 0.0168669 -0.344765 -0.999814 -0.0168669 0.00935915 84.579
0.0424997 -0.0151003 0.998982 51.761 -0.0151003 0.999762 0.0157545 -0.342266 -0.998982 -0.0157545 0.0422615 84.6228
0.0803471 -0.0148821 0.996656 52.2249 -0.0148821 0.999759 0.0161282 -0.339872 -0.996656 -0.0161282 0.0801063 84.6797
0.122409 -0.0137278 0.992385 52.6807 -0.0137278 0.999785 0.0155235 -0.334059 -0.992385 -0.0155235 0.122195 84.7613
0.167218 -0.0117808 0.985849 53.177 -0.0117808 0.999833 0.0139462 -0.335147 -0.985849 -0.0139462 0.167052 84.8781
0.21495 -0.00790362 0.976593 53.6668 -0.00790362 0.99992 0.00983201 -0.33562 -0.976593 -0.00983201 0.214871 85.029
0.266959 -0.00618593 0.963688 54.1588 -0.00618593 0.999948 0.0081323 -0.334259 -0.963688 -0.0081323 0.266907 85.1973
0.320638 4.71781e-005 0.947202 54.5799 4.71781e-005 1 -6.57781e-005 -0.332452 -0.947202 6.57781e-005 0.320638 85.4079
0.457432 -0.00696956 0.889217 55.1111 -0.00696956 0.99991 0.0114224 -0.319594 -0.889217 -0.0114224 0.457342 85.4847
0.457432 -0.00696956 0.889217 55.6423 -0.00696956 0.99991 0.0114224 -0.306735 -0.889217 -0.0114224 0.457342 85.5614
0.58467 -0.00914008 0.81122 56.0868 -0.00914008 0.999799 0.0178523 -0.252572 -0.81122 -0.0178523 0.584469 85.7992
0.58467 -0.00914008 0.81122 56.5314 -0.00914008 0.999799 0.0178523 -0.198409 -0.81122 -0.0178523 0.584469 86.0371
0.640077 -0.00780546 0.768271 56.8541 -0.00780546 0.999831 0.0166611 -0.191526 -0.768271 -0.0166611 0.639908 86.3529
0.691879 -0.00750309 0.721974 57.1663 -0.00750309 0.999817 0.0175809 -0.184237 -0.721974 -0.0175809 0.691696 86.6935
0.739033 -0.00754025 0.673627 57.4172 -0.00754025 0.999782 0.0194634 -0.177597 -0.673627 -0.0194634 0.738815 87.032
0.782743 -0.00842277 0.622288 57.6182 -0.00842277 0.999673 0.0241253 -0.17767 -0.622288 -0.0241253 0.782416 87.3442
0.822369 -0.00896107 0.568884 57.8186 -0.00896107 0.999548 0.0286989 -0.165572 -0.568884 -0.0286989 0.821917 87.722
0.85785 -0.00929638 0.513815 58.0024 -0.00929638 0.999392 0.0336028 -0.158763 -0.513815 -0.0336028 0.857242 88.0939
0.887523 -0.00936394 0.460669 58.1464 -0.00936394 0.99922 0.0383515 -0.15188 -0.460669 -0.0383515 0.886743 88.4811
0.912362 -0.00907371 0.409283 58.3102 -0.00907371 0.999061 0.0423758 -0.142369 -0.409283 -0.0423758 0.911423 88.9201
0.931682 -0.00829137 0.36318 58.4509 -0.00829137 0.998994 0.0440771 -0.1329 -0.36318 -0.0440771 0.930676 89.3824
0.946184 -0.00715431 0.32355 58.5652 -0.00715431 0.999049 0.0430128 -0.11885 -0.32355 -0.0430128 0.945233 89.8515
0.957432 -0.00588279 0.2886 58.6752 -0.00588279 0.999187 0.0398836 -0.0983141 -0.2886 -0.0398836 0.956619 90.3414
0.966185 -0.00509829 0.2578 58.769 -0.00509829 0.999231 0.0388684 -0.0832458 -0.2578 -0.0388684 0.965416 90.8106
0.971758 -0.00474703 0.235932 58.8567 -0.00474703 0.999202 0.0396564 -0.0724134 -0.235932 -0.0396564 0.97096 91.2489
0.975405 -0.00453405 0.220375 58.9557 -0.00453405 0.999164 0.0406252 -0.0615985 -0.220375 -0.0406252 0.974569 91.7429
0.978087 -0.00408682 0.208156 59.0383 -0.00408682 0.999238 0.0388217 -0.0376411 -0.208156 -0.0388217 0.977325 92.2523
0.980014 -0.00376098 0.198892 59.1252 -0.00376098 0.999292 0.0374281 -0.0151808 -0.198892 -0.0374281 0.979307 92.7323
0.981369 -0.00334846 0.192101 59.2271 -0.00334846 0.999398 0.0345261 0.00850481 -0.192101 -0.0345261 0.980768 93.2558
0.981867 -0.00291676 0.189547 59.3065 -0.00291676 0.999531 0.0304898 0.0173221 -0.189547 -0.0304898 0.981398 93.8008
0.981948 -0.0026673 0.189133 59.4049 -0.0026673 0.999606 0.0279455 0.0229645 -0.189133 -0.0279455 0.981554 94.3472
0.981583 -0.00238892 0.191019 59.5159 -0.00238892 0.99969 0.0247782 0.0340393 -0.191019 -0.0247782 0.981274 94.9012
0.980978 -0.00183811 0.194108 59.6429 -0.00183811 0.999822 0.0187572 0.0536319 -0.194108 -0.0187572 0.980801 95.4388
0.979746 -0.00133376 0.200241 59.7322 -0.00133376 0.999912 0.0131861 0.0751578 -0.200241 -0.0131861 0.979658 96.0017
0.97764 -0.00170658 0.21028 59.8269 -0.00170658 0.99987 0.0160489 0.0777038 -0.21028 -0.0160489 0.977509 96.4803
0.97764 -0.00170658 0.21028 59.9216 -0.00170658 0.99987 0.0160489 0.0802497 -0.21028 -0.0160489 0.977509 96.9589
0.97644 -0.00226979 0.215779 60.1106 -0.00226979 0.999781 0.020788 0.0894587 -0.215779 -0.020788 0.976221 97.9456
0.975693 -0.00306055 0.219119 60.34 -0.00306055 0.999615 0.0275902 0.094016 -0.219119 -0.0275902 0.975308 98.9364
0.974734 -0.00372715 0.223339 60.5351 -0.00372715 0.99945 0.0329458 0.103801 -0.223339 -0.0329458 0.974184 99.8323
0.974588 -0.00398203 0.223972 60.7472 -0.00398203 0.999376 0.0350954 0.122229 -0.223972 -0.0350954 0.973964 100.621
0.974595 -0.0030386 0.223953 60.9094 -0.0030386 0.999637 0.0267865 0.136085 -0.223953 -0.0267865 0.974232 101.319
0.974595 -0.0030386 0.223953 61.0716 -0.0030386 0.999637 0.0267865 0.149942 -0.223953 -0.0267865 0.974232 102.018
0.975133 -0.00230499 0.221609 61.234 -0.00230499 0.999786 0.0205414 0.162308 -0.221609 -0.0205414 0.974919 102.674
0.975551 -0.00175713 0.219765 61.3593 -0.00175713 0.999874 0.0157945 0.177348 -0.219765 -0.0157945 0.975425 103.318
0.976041 -0.00220559 0.217576 61.4951 -0.00220559 0.999797 0.0200292 0.190185 -0.217576 -0.0200292 0.975838 103.957
0.976353 -0.00303106 0.216163 61.6419 -0.00303106 0.999611 0.0277073 0.205669 -0.216163 -0.0277073 0.975964 104.619
0.977042 -0.00349968 0.213017 61.8052 -0.00349968 0.999467 0.0324723 0.222108 -0.213017 -0.0324723 0.976509 105.34
0.97781 -0.00338658 0.209464 61.9893 -0.00338658 0.999483 0.0319685 0.230893 -0.209464 -0.0319685 0.977294 106.107
0.97832 -0.0027723 0.207079 62.1405 -0.0027723 0.999645 0.0264804 0.248968 -0.207079 -0.0264804 0.977966 106.869
0.979367 -0.00222753 0.202076 62.3017 -0.00222753 0.99976 0.0218165 0.261564 -0.202076 -0.0218165 0.979127 107.616
0.980139 -0.00188756 0.1983 62.4324 -0.00188756 0.999821 0.0188466 0.275619 -0.1983 -0.0188466 0.97996 108.276
0.980982 -0.00207349 0.194088 62.5804 -0.00207349 0.999774 0.0211609 0.284261 -0.194088 -0.0211609 0.980756 108.975
0.981524 -0.00225952 0.191327 62.7174 -0.00225952 0.999724 0.023398 0.294843 -0.191327 -0.023398 0.981247 109.71
0.98165 -0.00247495 0.190673 62.8475 -0.00247495 0.999666 0.0257177 0.305016 -0.190673 -0.0257177 0.981317 110.461
0.982153 -0.00274984 0.188062 63.0108 -0.00274984 0.999576 0.0289768 0.31425 -0.188062 -0.0289768 0.98173 111.214
0.982268 -0.00292609 0.187461 63.1632 -0.00292609 0.999517 0.0309338 0.334796 -0.187461 -0.0309338 0.981785 112.007
0.983016 -0.00312068 0.183491 63.3297 -0.00312068 0.999427 0.0337159 0.336457 -0.183491 -0.0337159 0.982443 112.692
0.982689 -0.00245793 0.185248 63.4633 -0.00245793 0.999651 0.0263023 0.357418 -0.185248 -0.0263023 0.98234 113.487
0.982689 -0.00245793 0.185248 63.5968 -0.00245793 0.999651 0.0263023 0.378378 -0.185248 -0.0263023 0.98234 114.281
0.982312 -0.00214718 0.187238 63.7231 -0.00214718 0.999739 0.0227295 0.399002 -0.187238 -0.0227295 0.982052 115.075
0.981852 -0.00216267 0.189638 63.8721 -0.00216267 0.999742 0.0225985 0.406852 -0.189638 -0.0225985 0.981594 115.865
0.981055 -0.00220526 0.193719 64.0096 -0.00220526 0.999743 0.022549 0.43015 -0.193719 -0.022549 0.980798 116.682
0.981141 -0.00216066 0.193279 64.2027 -0.00216066 0.999752 0.0221443 0.437134 -0.193279 -0.0221443 0.980894 117.459
0.980539 -0.0022296 0.19631 64.3783 -0.0022296 0.999745 0.0224912 0.444218 -0.19631 -0.0224912 0.980284 118.331
0.980539 -0.0022296 0.19631 64.554 -0.0022296 0.999745 0.0224912 0.451301 -0.19631 -0.0224912 0.980284 119.202
0.980463 -0.00221059 0.196691 64.7216 -0.00221059 0.99975 0.0222555 0.470126 -0.196691 -0.0222555 0.980213 120.07
0.98005 -0.00220756 0.19874 64.8801 -0.00220756 0.999756 0.0219912 0.482194 -0.19874 -0.0219912 0.979805 120.9
0.979563 -0.0024098 0.201123 65.0341 -0.0024098 0.999716 0.0237152 0.500583 -0.201123 -0.0237152 0.979279 121.694
0.979493 -0.00298559 0.201454 65.2049 -0.00298559 0.999565 0.02933 0.509398 -0.201454 -0.02933 0.979059 122.508
0.979416 -0.00334636 0.201825 65.3828 -0.00334636 0.999456 0.0328107 0.516788 -0.201825 -0.0328107 0.978872 123.376
0.979157 -0.00149463 0.203097 65.5773 -0.00149463 0.999893 0.0145642 0.525286 -0.203097 -0.0145642 0.97905 124.307
0.979157 -0.00149463 0.203097 65.7717 -0.00149463 0.999893 0.0145642 0.533785 -0.203097 -0.0145642 0.97905 125.238
0.979125 -0.000670963 0.203257 65.9273 -0.000670963 0.999978 0.00653313 0.538356 -0.203257 -0.00653313 0.979104 126
0.979226 -0.00156584 0.202766 66.0755 -0.00156584 0.999882 0.0152834 0.546692 -0.202766 -0.0152834 0.979108 126.732
0.979499 -0.00367807 0.201416 66.2337 -0.00367807 0.99934 0.0361357 0.552029 -0.201416 -0.0361357 0.978839 127.526
0.97959 -0.00514542 0.200941 66.4035 -0.00514542 0.998703 0.0506575 0.558152 -0.200941 -0.0506575 0.978293 128.4
0.979598 -0.00449817 0.200917 66.5737 -0.00449817 0.999008 0.0442974 0.580288 -0.200917 -0.0442974 0.978606 129.32
0.979816 -0.00275365 0.199884 66.7333 -0.00275365 0.999624 0.0272692 0.607059 -0.199884 -0.0272692 0.97944 130.203
0.979455 -0.00196314 0.201651 66.8609 -0.00196314 0.999812 0.0192689 0.632469 -0.201651 -0.0192689 0.979268 131.021
0.979185 -0.00187216 0.202961 66.9906 -0.00187216 0.999832 0.018255 0.651902 -0.202961 -0.018255 0.979017 131.765
0.978602 -0.00186123 0.205752 67.0853 -0.00186123 0.999838 0.0178969 0.666257 -0.205752 -0.0178969 0.97844 132.473
0.978367 -0.00175341 0.20687 67.2029 -0.00175341 0.999858 0.0167672 0.663255 -0.20687 -0.0167672 0.978225 133.278
0.979639 -0.00158634 0.200762 67.368 -0.00158634 0.999876 0.0156413 0.66194 -0.200762 -0.0156413 0.979515 134.046
0.980402 -0.00127622 0.197002 67.5185 -0.00127622 0.999917 0.0128289 0.661456 -0.197002 -0.0128289 0.980319 134.89
0.980402 -0.00127622 0.197002 67.6691 -0.00127622 0.999917 0.0128289 0.660971 -0.197002 -0.0128289 0.980319 135.734
0.979965 -0.00167571 0.199163 67.7716 -0.00167571 0.99986 0.0166577 0.636819 -0.199163 -0.0166577 0.979825 136.496
0.980169 -0.00213465 0.19815 67.9311 -0.00213465 0.99977 0.0213296 0.643297 -0.19815 -0.0213296 0.97994 137.321
0.980713 -0.00214103 0.19544 68.1154 -0.00214103 0.999762 0.021696 0.650918 -0.19544 -0.021696 0.980476 138.187
0.981323 -0.00187579 0.192359 68.2823 -0.00187579 0.999812 0.019319 0.654639 -0.192359 -0.019319 0.981134 139.016
0.982086 -0.00153225 0.188425 68.4124 -0.00153225 0.999869 0.016117 0.665911 -0.188425 -0.016117 0.981955 139.774
0.983348 -0.00143663 0.181729 68.5516 -0.00143663 0.999876 0.015678 0.669353 -0.181729 -0.015678 0.983224 140.492
0.984643 -0.00194959 0.174567 68.6355 -0.00194959 0.999752 0.0221621 0.667399 -0.174567 -0.0221621 0.984396 141.104
0.985571 -0.0026 0.169242 68.7381 -0.0026 0.999531 0.0304963 0.670127 -0.169242 -0.0304963 0.985103 141.814
0.986117 -0.00332798 0.166021 68.8318 -0.00332798 0.999202 0.0397968 0.679863 -0.166021 -0.0397968 0.985319 142.517
0.986873 -0.00324937 0.161465 68.9587 -0.00324937 0.999196 0.0399681 0.712162 -0.161465 -0.0399681 0.986069 143.334
0.987479 -0.00276144 0.157724 69.0711 -0.00276144 0.999391 0.0347862 0.728402 -0.157724 -0.0347862 0.98687 144.178
0.98852 -0.00185637 0.151082 69.1819 -0.00185637 0.9997 0.0244296 0.744468 -0.151082 -0.0244296 0.988219 144.978
0.989267 -0.00149813 0.146113 69.2729 -0.00149813 0.999791 0.0203943 0.749577 -0.146113 -0.0203943 0.989058 145.735
0.989966 -0.00146894 0.141296 69.3448 -0.00146894 0.999785 0.0206858 0.765924 -0.141296 -0.0206858 0.989751 146.464
0.991004 -0.0015459 0.13382 69.4308 -0.0015459 0.999734 0.0229971 0.769434 -0.13382 -0.0229971 0.990739 147.211
0.991827 -0.00128678 0.127586 69.4904 -0.00128678 0.999797 0.0200867 0.77543 -0.127586 -0.0200867 0.991624 147.981
0.993046 -0.000812203 0.117723 69.5706 -0.000812203 0.999905 0.0137499 0.779128 -0.117723 -0.0137499 0.992951 148.731
0.993983 -0.000619993 0.109534 69.6443 -0.000619993 0.999936 0.0112861 0.785638 -0.109534 -0.0112861 0.993919 149.457
0.99483 -0.000703584 0.101556 69.7101 -0.000703584 0.999904 0.0138196 0.791714 -0.101556 -0.0138196 0.994734 150.195
0.995632 -0.000960335 0.0933558 69.7771 -0.000960335 0.999789 0.0205266 0.792626 -0.0933558 -0.0205266 0.995421 150.951
0.996345 -0.00109143 0.0854143 69.8258 -0.00109143 0.999674 0.0255054 0.797822 -0.0854143 -0.0255054 0.996019 151.754
0.996921 -0.00111882 0.078406 69.8744 -0.00111882 0.999593 0.0284895 0.807948 -0.078406 -0.0284895 0.996514 152.562
0.997432 -0.00108909 0.0716098 69.9319 -0.00108909 0.999538 0.0303713 0.819577 -0.0716098 -0.0303713 0.99697 153.382
0.997696 -0.000982936 0.0678426 69.972 -0.000982936 0.999581 0.0289375 0.822143 -0.0678426 -0.0289375 0.997276 154.17
0.998048 -0.000741225 0.0624402 70.0227 -0.000741225 0.999718 0.0237154 0.82583 -0.0624402 -0.0237154 0.997767 154.966
0.99824 -0.000485492 0.0593098 70.0531 -0.000485492 0.999866 0.0163559 0.838126 -0.0593098 -0.0163559 0.998106 155.765
0.998407 -0.000379301 0.0564265 70.0863 -0.000379301 0.99991 0.0134328 0.850209 -0.0564265 -0.0134328 0.998316 156.495
0.998589 -0.000495108 0.0530927 70.1222 -0.000495108 0.999826 0.0186359 0.862833 -0.0530927 -0.0186359 0.998416 157.278
0.998715 -0.000731617 0.0506715 70.1527 -0.000731617 0.999583 0.0288523 0.871219 -0.0506715 -0.0288523 0.998299 158.101
0.99889 -0.000842747 0.0471031 70.184 -0.000842747 0.99936 0.0357518 0.881216 -0.0471031 -0.0357518 0.99825 158.908
0.999072 -0.000697106 0.043071 70.2048 -0.000697106 0.999476 0.0323466 0.894363 -0.043071 -0.0323466 0.998548 159.811
0.999282 -0.000427746 0.0378963 70.2281 -0.000427746 0.999745 0.0225635 0.908288 -0.0378963 -0.0225635 0.999027 160.614
0.999539 -0.00026717 0.0303593 70.26 -0.00026717 0.999845 0.0175951 0.924918 -0.0303593 -0.0175951 0.999384 161.372
0.999738 -0.000219202 0.0228943 70.27 -0.000219202 0.999817 0.0191448 0.932326 -0.0228943 -0.0191448 0.999555 162.2
0.999884 -0.000193863 0.0152485 70.2734 -0.000193863 0.999677 0.0254215 0.936158 -0.0152485 -0.0254215 0.999561 163.02
0.999974 -9.74464e-005 0.00719057 70.2929 -9.74464e-005 0.999633 0.0270986 0.979489 -0.00719057 -0.0270986 0.999607 163.863
1 -1.45225e-005 0.000941387 70.3059 -1.45225e-005 0.999524 0.030846 0.999733 -0.000941387 -0.030846 0.999524 164.676
0.999991 6.19199e-005 -0.00417019 70.2839 6.19199e-005 0.999559 0.0296897 1.02659 0.00417019 -0.0296897 0.99955 165.543
0.999942 0.000122104 -0.010802 70.2775 0.000122104 0.999744 0.022604 1.03296 0.010802 -0.022604 0.999686 166.378
0.999838 0.000109852 -0.0179847 70.2631 0.000109852 0.999925 0.0122148 1.04229 0.0179847 -0.0122148 0.999764 167.187
0.999717 9.46916e-005 -0.0237789 70.2449 9.46916e-005 0.999968 0.00796309 1.04903 0.0237789 -0.00796309 0.999686 167.933
0.999542 0.000236104 -0.0302681 70.2405 0.000236104 0.999878 0.0155964 1.03569 0.0302681 -0.0155964 0.99942 168.637
0.999371 0.000514107 -0.0354556 70.198 0.000514107 0.99958 0.0289848 1.04534 0.0354556 -0.0289848 0.998951 169.425
0.999214 0.000730575 -0.0396278 70.1449 0.000730575 0.999321 0.0368448 1.05295 0.0396278 -0.0368448 0.998535 170.252
0.999036 0.000737666 -0.0438923 70.1092 0.000737666 0.999436 0.0335869 1.07078 0.0438923 -0.0335869 0.998472 171.177
0.998965 0.000518748 -0.0454896 70.0545 0.000518748 0.99974 0.0227926 1.08689 0.0454896 -0.0227926 0.998705 172.066
0.998871 0.000329475 -0.0474983 69.9807 0.000329475 0.999904 0.0138646 1.1002 0.0474983 -0.0138646 0.998775 172.92
0.998813 0.000251067 -0.0487145 69.9235 0.000251067 0.999947 0.0103013 1.10522 0.0487145 -0.0103013 0.99876 173.737
0.998688 0.000364138 -0.0512064 69.8905 0.000364138 0.999899 0.0142123 1.11671 0.0512064 -0.0142123 0.998587 174.536
0.998669 0.000594152 -0.0515729 69.8502 0.000594152 0.999735 0.0230229 1.12031 0.0515729 -0.0230229 0.998404 175.359
0.99864 0.000738573 -0.0521325 69.8083 0.000738573 0.999599 0.0283095 1.1334 0.0521325 -0.0283095 0.998239 176.215
0.998518 0.000735494 -0.0544091 69.767 0.000735494 0.999635 0.0270107 1.14982 0.0544091 -0.0270107 0.998153 177.087
0.998428 0.000491102 -0.0560415 69.7152 0.000491102 0.999847 0.0175113 1.16002 0.0560415 -0.0175113 0.998275 177.955
0.998309 0.000157415 -0.0581378 69.6813 0.000157415 0.999985 0.00541061 1.16261 0.0581378 -0.00541061 0.998294 178.725
0.997979 3.80622e-005 -0.0635524 69.6905 3.80622e-005 0.999999 0.00119661 1.16233 0.0635524 -0.00119661 0.997978 179.487
0.997842 0.000567021 -0.0656619 69.636 0.000567021 0.999851 0.017251 1.15871 0.0656619 -0.017251 0.997693 180.233
0.997842 0.000567021 -0.0656619 69.5814 0.000567021 0.999851 0.017251 1.15508 0.0656619 -0.017251 0.997693 180.979
0.997691 0.000693567 -0.0679191 69.5271 0.000693567 0.999792 0.0203976 1.15596 0.0679191 -0.0203976 0.997482 181.808
0.9978 0.000529259 -0.0663 69.4444 0.000529259 0.999873 0.015947 1.1633 0.0663 -0.015947 0.997672 182.652
0.997674 0.000319817 -0.0681715 69.3963 0.000319817 0.999956 0.00937158 1.17127 0.0681715 -0.00937158 0.99763 183.567
0.997685 0.000316453 -0.0680113 69.3257 0.000316453 0.999957 0.00929493 1.17258 0.0680113 -0.00929493 0.997641 184.425
0.99773 0.000428418 -0.0673425 69.2485 0.000428418 0.999919 0.0127086 1.17068 0.0673425 -0.0127086 0.997649 185.26
0.997723 0.000553373 -0.0674403 69.1763 0.000553373 0.999866 0.016391 1.16575 0.0674403 -0.016391 0.997589 186.099
0.997739 0.000664886 -0.0672116 69.1113 0.000664886 0.999805 0.0197606 1.16463 0.0672116 -0.0197606 0.997543 186.909
0.997703 0.000649705 -0.0677332 69.049 0.000649705 0.999816 0.0191604 1.16731 0.0677332 -0.0191604 0.997519 187.754
0.997612 0.000526979 -0.0690592 69.0114 0.000526979 0.999884 0.0152426 1.15851 0.0690592 -0.0152426 0.997496 188.526
0.997525 0.00034384 -0.0703145 68.9638 0.00034384 0.999952 0.00976773 1.15667 0.0703145 -0.00976773 0.997477 189.24
0.997404 0.000367786 -0.072004 68.9082 0.000367786 0.999948 0.0102022 1.15629 0.072004 -0.0102022 0.997352 189.988
0.997231 0.000736154 -0.0743581 68.8511 0.000736154 0.999804 0.0197709 1.16033 0.0743581 -0.0197709 0.997036 190.761
0.997079 0.00109032 -0.0763737 68.7919 0.00109032 0.999593 0.0285047 1.16137 0.0763737 -0.0285047 0.996672 191.571
0.997062 0.0011545 -0.0765934 68.7316 0.0011545 0.999546 0.0300951 1.1618 0.0765934 -0.0300951 0.996608 192.38
0.996917 0.000919656 -0.0784559 68.6848 0.000919656 0.999726 0.0234045 1.16746 0.0784559 -0.0234045 0.996643 193.16
0.997006 0.000716501 -0.0773219 68.6123 0.000716501 0.999829 0.0185036 1.17376 0.0773219 -0.0185036 0.996834 193.913
0.997066 0.0004881 -0.0765411 68.5505 0.0004881 0.999919 0.0127347 1.16986 0.0765411 -0.0127347 0.996985 194.627
0.997127 0.00034197 -0.0757419 68.5094 0.00034197 0.999959 0.00901673 1.1632 0.0757419 -0.00901673 0.997087 195.275
0.997628 8.49446e-005 -0.0688327 68.4623 8.49446e-005 0.999997 0.00246521 1.16404 0.0688327 -0.00246521 0.997625 195.944
0.997628 8.49446e-005 -0.0688327 68.4153 8.49446e-005 0.999997 0.00246521 1.16489 0.0688327 -0.00246521 0.997625 196.612
0.997976 0.00023697 -0.0635976 68.365 0.00023697 0.999972 0.00744453 1.16355 0.0635976 -0.00744453 0.997948 197.204
0.998357 0.000487232 -0.0573037 68.3348 0.000487232 0.999856 0.01699 1.1568 0.0573037 -0.01699 0.998212 197.788
0.998617 0.00057105 -0.0525805 68.3063 0.00057105 0.999764 0.0217034 1.15473 0.0525805 -0.0217034 0.998381 198.451
0.998919 0.000479779 -0.0464731 68.266 0.000479779 0.999787 0.0206343 1.14981 0.0464731 -0.0206343 0.998706 199.123
0.99924 0.00025127 -0.0389707 68.2334 0.00025127 0.999917 0.0128899 1.14916 0.0389707 -0.0128899 0.999157 199.696
0.999497 6.6405e-005 -0.0316991 68.218 6.6405e-005 0.999991 0.00418864 1.14596 0.0316991 -0.00418864 0.999489 200.306
0.999705 -1.04658e-005 -0.0242793 68.1956 -1.04658e-005 1 -0.000861988 1.14791 0.0242793 0.000861988 0.999705 200.885
0.999874 3.35662e-006 -0.0158822 68.1706 3.35662e-006 1 0.000422661 1.14631 0.0158822 -0.000422661 0.999874 201.419
0.999939 3.13984e-005 -0.011062 68.1788 3.13984e-005 0.999984 0.00567657 1.14263 0.011062 -0.00567657 0.999923 202.031
0.999989 2.74855e-005 -0.00466137 68.1779 2.74855e-005 0.99993 0.0117924 1.13345 0.00466137 -0.0117924 0.99992 202.651
1 -6.20072e-006 0.000939309 68.1847 -6.20072e-006 0.999913 0.0132022 1.12885 -0.000939309 -0.0132022 0.999912 203.256
0.999989 -3.40173e-005 0.00479196 68.1784 -3.40173e-005 0.999899 0.0141969 1.12912 -0.00479196 -0.0141969 0.999888 203.866
0.999978 -5.15218e-005 0.00670454 68.1659 -5.15218e-005 0.999882 0.0153681 1.13489 -0.00670454 -0.0153681 0.999859 204.468
0.999984 -4.91242e-005 0.00558662 68.1775 -4.91242e-005 0.999845 0.0175849 1.13594 -0.00558662 -0.0175849 0.99983 205.087
0.999994 -3.57225e-005 0.00351701 68.1895 -3.57225e-005 0.999794 0.020312 1.13766 -0.00351701 -0.020312 0.999788 205.722
0.999993 -3.92037e-005 0.00370237 68.1848 -3.92037e-005 0.999776 0.0211752 1.1519 -0.00370237 -0.0211752 0.999769 206.365
0.999993 -2.94252e-005 0.0036548 68.1691 -2.94252e-005 0.99987 0.0161011 1.1558 -0.0036548 -0.0161011 0.999864 207.009
0.999997 -9.20305e-006 0.0025735 68.1602 -9.20305e-006 0.999974 0.00715207 1.15913 -0.0025735 -0.00715207 0.999971 207.643
0.999999 8.77546e-007 0.00124098 68.1537 8.77546e-007 0.999999 -0.00141428 1.15627 -0.00124098 0.00141428 0.999998 208.23
0.999998 -7.00251e-006 -0.00219477 68.1577 -7.00251e-006 0.99998 -0.00638101 1.16125 0.00219477 0.00638101 0.999977 208.8
0.999985 -1.94557e-006 -0.00539851 68.1436 -1.94557e-006 1 -0.000720775 1.16151 0.00539851 0.000720775 0.999985 209.387
0.999957 5.33292e-005 -0.00925595 68.1209 5.33292e-005 0.999934 0.0115226 1.16035 0.00925595 -0.0115226 0.999891 209.974
0.999906 0.000175685 -0.0136748 68.1091 0.000175685 0.99967 0.0256893 1.16085 0.0136748 -0.0256893 0.999576 210.616
0.999831 0.000323184 -0.0183575 68.1091 0.000323184 0.99938 0.0351961 1.1607 0.0183575 -0.0351961 0.999212 211.313
0.999791 0.000339979 -0.0204186 68.0866 0.000339979 0.999446 0.0332882 1.16754 0.0204186 -0.0332882 0.999237 212.023
0.999738 0.000315736 -0.0228817 68.0609 0.000315736 0.999619 0.0275884 1.17247 0.0228817 -0.0275884 0.999357 212.75
0.999647 0.000251999 -0.0265494 68.028 0.000251999 0.99982 0.0189783 1.18334 0.0265494 -0.0189783 0.999467 213.436
0.999594 0.000195918 -0.028492 68.0134 0.000195918 0.999905 0.0137491 1.19765 0.028492 -0.0137491 0.999499 214.119
0.999591 0.00026132 -0.0285943 67.9918 0.00026132 0.999833 0.0182725 1.20847 0.0285943 -0.0182725 0.999424 214.811
0.999536 0.000336587 -0.0304523 67.9809 0.000336587 0.999756 0.0220981 1.21477 0.0304523 -0.0220981 0.999292 215.524
0.999471 0.000410451 -0.0325163 67.9637 0.000410451 0.999681 0.0252351 1.21162 0.0325163 -0.0252351 0.999153 216.248
0.999425 0.000365756 -0.033915 67.9508 0.000365756 0.999767 0.0215603 1.22259 0.033915 -0.0215603 0.999192 216.938
0.999424 0.000284995 -0.0339308 67.9214 0.000284995 0.999859 0.0167926 1.22671 0.0339308 -0.0167926 0.999283 217.633
0.99942 0.000260819 -0.034049 67.8975 0.000260819 0.999883 0.0153149 1.23272 0.034049 -0.0153149 0.999303 218.312
0.999409 0.000317584 -0.0343736 67.8698 0.000317584 0.999829 0.0184714 1.23611 0.0343736 -0.0184714 0.999238 218.979
0.999435 0.000387872 -0.0335969 67.8323 0.000387872 0.999734 0.0230801 1.23944 0.0335969 -0.0230801 0.999169 219.678
0.999468 0.00042248 -0.0326093 67.7853 0.00042248 0.999664 0.0259004 1.24515 0.0326093 -0.0259004 0.999133 220.43
0.999476 0.000384589 -0.0323656 67.7606 0.000384589 0.999718 0.0237557 1.24571 0.0323656 -0.0237557 0.999194 221.163
0.999519 0.000259134 -0.0310104 67.7292 0.000259134 0.99986 0.0167075 1.25207 0.0310104 -0.0167075 0.999379 221.911
0.999527 0.000111084 -0.0307533 67.7054 0.000111084 0.999974 0.00722243 1.25264 0.0307533 -0.00722243 0.999501 222.618
0.999538 2.94825e-005 -0.0303884 67.6784 2.94825e-005 0.999998 0.00193993 1.25371 0.0303884 -0.00193993 0.999536 223.241
0.999505 6.29014e-005 -0.0314747 67.6842 6.29014e-005 0.999992 0.00399594 1.24004 0.0314747 -0.00399594 0.999497 223.872
0.999481 0.000292933 -0.032228 67.6667 0.000292933 0.999835 0.0181726 1.23374 0.032228 -0.0181726 0.999315 224.42
0.999481 0.000292933 -0.032228 67.6491 0.000292933 0.999835 0.0181726 1.22744 0.032228 -0.0181726 0.999315 224.967
0.99937 0.000381001 -0.03549 67.6477 0.000381001 0.99977 0.0214617 1.25012 0.03549 -0.0214617 0.99914 225.642
0.999222 0.000480701 -0.0394282 67.6773 0.000480701 0.999703 0.0243705 1.24576 0.0394282 -0.0243705 0.998925 226.238
0.998803 0.000638059 -0.0489091 67.6639 0.000638059 0.99966 0.0260716 1.25091 0.0489091 -0.0260716 0.998463 226.905
0.998803 0.000638059 -0.0489091 67.6504 0.000638059 0.99966 0.0260716 1.25606 0.0489091 -0.0260716 0.998463 227.573
0.99834 0.000706501 -0.0575895 67.6276 0.000706501 0.999699 0.0245117 1.252 0.0575895 -0.0245117 0.998039 228.164
0.997648 0.00071232 -0.0685464 67.5889 0.00071232 0.999784 0.0207569 1.25307 0.0685464 -0.0207569 0.997432 228.67
0.996539 0.000723628 -0.0831267 67.5446 0.000723628 0.999849 0.0173788 1.25275 0.0831267 -0.0173788 0.996387 229.208
0.994819 0.000763434 -0.101657 67.465 0.000763434 0.999888 0.01498 1.26844 0.101657 -0.01498 0.994707 229.739
0.992308 0.000990047 -0.123789 67.3953 0.000990047 0.999873 0.0159332 1.26957 0.123789 -0.0159332 0.992181 230.231
0.988911 0.00145609 -0.148501 67.3287 0.00145609 0.999809 0.0194999 1.26836 0.148501 -0.0194999 0.98872 230.623
0.984374 0.00202627 -0.176079 67.2538 0.00202627 0.999737 0.0228325 1.27005 0.176079 -0.0228325 0.984111 230.949
0.978137 0.0024326 -0.207946 67.1472 0.0024326 0.999729 0.0231375 1.267 0.207946 -0.0231375 0.977867 231.371
0.969981 0.00264206 -0.243167 67.0065 0.00264206 0.999767 0.0214017 1.26927 0.243167 -0.0214017 0.969748 231.8
0.959158 0.00283942 -0.282858 66.8687 0.00283942 0.999803 0.0196647 1.27432 0.282858 -0.0196647 0.95896 232.191
0.945828 0.00320631 -0.324651 66.6997 0.00320631 0.99981 0.0192155 1.27647 0.324651 -0.0192155 0.945639 232.565
0.929316 0.00398351 -0.369264 66.5261 0.00398351 0.999776 0.0208104 1.28524 0.369264 -0.0208104 0.929091 232.924
0.909863 0.00542431 -0.414873 66.3294 0.00542431 0.999674 0.0249665 1.29132 0.414873 -0.0249665 0.909537 233.261
0.886792 0.00765053 -0.462106 66.1199 0.00765053 0.999483 0.0312288 1.29333 0.462106 -0.0312288 0.886275 233.572
0.860238 0.0106336 -0.509782 65.9003 0.0106336 0.999191 0.0387859 1.29785 0.509782 -0.0387859 0.859429 233.855
0.830406 0.0138375 -0.556986 65.6473 0.0138375 0.998871 0.0454458 1.3073 0.556986 -0.0454458 0.829277 234.135
0.796271 0.0171685 -0.604697 65.3919 0.0171685 0.998553 0.0509585 1.31723 0.604697 -0.0509585 0.794824 234.403
0.760468 0.0218483 -0.649007 65.1067 0.0218483 0.998007 0.0591976 1.33415 0.649007 -0.0591976 0.758476 234.655
0.722781 0.0280973 -0.690505 64.7856 0.0280973 0.997152 0.0699858 1.35294 0.690505 -0.0699858 0.719934 234.902
0.684284 0.035572 -0.728348 64.4383 0.035572 0.995992 0.0820636 1.37402 0.728348 -0.0820636 0.680276 235.134
0.643782 0.0425078 -0.764027 64.0691 0.0425078 0.994928 0.0911721 1.40103 0.764027 -0.0911721 0.63871 235.353
0.600521 0.0472372 -0.798212 63.6836 0.0472372 0.994414 0.0943863 1.43582 0.798212 -0.0943863 0.594935 235.573
0.555452 0.0521669 -0.829911 63.1995 0.0521669 0.993878 0.0973885 1.46998 0.829911 -0.0973885 0.54933 235.806
0.507724 0.0543697 -0.859803 62.7136 0.0543697 0.993995 0.0949614 1.50029 0.859803 -0.0949614 0.501719 236.018
0.457655 0.054811 -0.887439 62.2939 0.054811 0.994461 0.0896872 1.53798 0.887439 -0.0896872 0.452116 236.175
0.404693 0.0535344 -0.912884 61.8621 0.0535344 0.995186 0.0820932 1.57069 0.912884 -0.0820932 0.399878 236.33
0.351366 0.0544856 -0.934651 61.4113 0.0544856 0.995423 0.0785113 1.60046 0.934651 -0.0785113 0.346789 236.462
0.301555 0.0584363 -0.951656 60.9658 0.0584363 0.995111 0.0796215 1.62857 0.951656 -0.0796215 0.296666 236.549
0.253423 0.0637455 -0.965253 60.4924 0.0637455 0.994557 0.0824169 1.66529 0.965253 -0.0824169 0.24798 236.628
0.207606 0.0675751 -0.975876 60.0004 0.0675751 0.994237 0.0832224 1.69798 0.975876 -0.0832224 0.201843 236.695
0.166853 0.0736599 -0.983226 59.5677 0.0736599 0.993488 0.0869287 1.72733 0.983226 -0.0869287 0.160341 236.697
0.092441 0.0796473 -0.992528 59.0363 0.0796473 0.99301 0.0871042 1.76074 0.992528 -0.0871042 0.0854512 236.733
0.092441 0.0796473 -0.992528 58.5048 0.0796473 0.99301 0.0871042 1.79415 0.992528 -0.0871042 0.0854512 236.769
0.0645929 0.0842563 -0.994348 57.9244 0.0842563 0.992411 0.0895654 1.84155 0.994348 -0.0895654 0.0570035 236.774
0.0396838 0.0866484 -0.995448 57.4617 0.0866484 0.992182 0.0898183 1.88342 0.995448 -0.0898183 0.0318656 236.774
0.0179483 0.0902483 -0.995758 56.9387 0.0902483 0.991706 0.0915078 1.92606 0.995758 -0.0915078 0.00965469 236.761
0.000468528 0.0953224 -0.995446 56.4732 0.0953224 0.990909 0.0949328 1.9635 0.995446 -0.0949328 -0.00862209 236.739
-0.0122789 0.100746 -0.994836 56.1156 0.100746 0.989973 0.0990098 1.99544 0.994836 -0.0990098 -0.0223055 236.703
-0.0212436 0.105818 -0.994159 55.6398 0.105818 0.989035 0.103011 2.0398 0.994159 -0.103011 -0.0322081 236.67
-0.0267581 0.106449 -0.993958 55.0919 0.106449 0.988964 0.103049 2.09553 0.993958 -0.103049 -0.0377943 236.636
-0.0336453 0.105138 -0.993888 54.494 0.105138 0.989306 0.101094 2.14603 0.993888 -0.101094 -0.0443395 236.645
-0.0373902 0.103189 -0.993959 53.917 0.103189 0.989736 0.0988687 2.20947 0.993959 -0.0988687 -0.0476544 236.636
-0.0401672 0.103615 -0.993806 53.2953 0.103615 0.989678 0.0989971 2.2658 0.993806 -0.0989971 -0.0504888 236.626
-0.0443463 0.101136 -0.993884 52.643 0.101136 0.990206 0.0962491 2.33209 0.993884 -0.0962491 -0.0541405 236.637
-0.0435337 0.102559 -0.993774 52.0011 0.102559 0.98992 0.0976689 2.392 0.993774 -0.0976689 -0.0536133 236.595
-0.0442952 0.0966117 -0.994336 51.317 0.0966117 0.991062 0.0919897 2.45505 0.994336 -0.0919897 -0.0532332 236.577
-0.0448243 0.0909859 -0.994843 50.6208 0.0909859 0.992077 0.0866334 2.52116 0.994843 -0.0866334 -0.0527476 236.55
-0.0403917 0.092878 -0.994858 49.9722 0.092878 0.991709 0.0888131 2.58582 0.994858 -0.0888131 -0.0486831 236.482
-0.0386331 0.0937956 -0.994842 49.291 0.0937956 0.99153 0.089841 2.64237 0.994842 -0.089841 -0.0471035 236.44
-0.035283 0.093586 -0.994986 48.5447 0.093586 0.99154 0.0899432 2.71218 0.994986 -0.0899432 -0.0437429 236.402
-0.035283 0.093586 -0.994986 47.7985 0.093586 0.99154 0.0899432 2.782 0.994986 -0.0899432 -0.0437429 236.364
-0.0333069 0.0932274 -0.995088 47.0048 0.0932274 0.991589 0.0897792 2.85335 0.995088 -0.0897792 -0.041718 236.313
-0.0314542 0.0902525 -0.995422 46.1891 0.0902525 0.992103 0.0870997 2.93175 0.995422 -0.0870997 -0.0393513 236.278
-0.0307668 0.0872322 -0.995713 45.3947 0.0872322 0.992618 0.0842656 2.98853 0.995713 -0.0842656 -0.0381491 236.241
-0.0242379 0.0912553 -0.995533 44.5911 0.0912553 0.99187 0.0886978 3.05056 0.995533 -0.0886978 -0.0323683 236.159
-0.0252139 0.0880209 -0.995799 43.7267 0.0880209 0.992443 0.0854955 3.12445 0.995799 -0.0854955 -0.032771 236.139
-0.0253821 0.0856308 -0.996004 42.8613 0.0856308 0.992849 0.0831774 3.18897 0.996004 -0.0831774 -0.0325332 236.109
-0.0254721 0.0845129 -0.996097 41.9728 0.0845129 0.993035 0.0820919 3.24946 0.996097 -0.0820919 -0.0324371 236.08
-0.0271749 0.0816417 -0.996291 41.0382 0.0816417 0.993511 0.079187 3.30449 0.996291 -0.079187 -0.0336639 236.072
-0.0273953 0.084188 -0.996073 40.1792 0.084188 0.993101 0.0816213 3.36561 0.996073 -0.0816213 -0.0342939 236.024
-0.029258 0.0813811 -0.996254 39.2781 0.0813811 0.993565 0.0787715 3.43229 0.996254 -0.0787715 -0.0356927 236
-0.0311708 0.0800681 -0.996302 38.4337 0.0800681 0.993783 0.0773606 3.49363 0.996302 -0.0773606 -0.0373879 235.953
-0.0361064 0.0770886 -0.99637 37.5347 0.0770886 0.994264 0.0741322 3.5499 0.99637 -0.0741322 -0.041842 235.925
-0.0407043 0.0759274 -0.996282 36.6286 0.0759274 0.994461 0.0726864 3.6011 0.996282 -0.0726864 -0.0462438 235.908
-0.0414284 0.077708 -0.996115 35.6112 0.077708 0.994202 0.0743269 3.66201 0.996115 -0.0743269 -0.0472268 235.836
-0.0393051 0.078382 -0.996148 34.5109 0.078382 0.994089 0.0751272 3.72066 0.996148 -0.0751272 -0.0452165 235.708
-0.0405183 0.0771349 -0.996197 33.3139 0.0771349 0.994282 0.0738493 3.80446 0.996197 -0.0738493 -0.0462364 235.558
-0.0405183 0.0771349 -0.996197 32.117 0.0771349 0.994282 0.0738493 3.88826 0.996197 -0.0738493 -0.0462364 235.408
-0.0366602 0.0799903 -0.996121 31.0958 0.0799903 0.993828 0.0768623 3.94648 0.996121 -0.0768623 -0.0428324 235.279
-0.0323092 0.0845277 -0.995897 29.9713 0.0845277 0.993079 0.0815462 4.05013 0.995897 -0.0815462 -0.0392305 235.218
-0.0308669 0.0885499 -0.995593 28.7449 0.0885499 0.992394 0.08552 4.11967 0.995593 -0.08552 -0.0384732 235.137
-0.031839 0.0891501 -0.995509 27.4181 0.0891501 0.992297 0.0860113 4.21232 0.995509 -0.0860113 -0.0395415 235.088
-0.0353308 0.0881263 -0.995483 26.0475 0.0881263 0.992499 0.0847345 4.32142 0.995483 -0.0847345 -0.0428321 235.093
-0.0324427 0.0876246 -0.995625 24.6767 0.0876246 0.992563 0.0844998 4.41466 0.995625 -0.0844998 -0.0398795 235.039
-0.0324427 0.0876246 -0.995625 23.3059 0.0876246 0.992563 0.0844998 4.5079 0.995625 -0.0844998 -0.0398795 234.985
-0.029329 0.0826063 -0.996151 23.2895 0.0826063 0.993371 0.0799436 4.50909 0.996151 -0.0799436 -0.0359584 234.984
-0.029329 0.0826063 -0.996151 23.2731 0.0826063 0.993371 0.0799436 4.51028 0.996151 -0.0799436 -0.0359584 234.983
-0.0245661 0.0802103 -0.996475 22.2053 0.0802103 0.993721 0.0780111 4.57425 0.996475 -0.0780111 -0.0308456 234.958
-0.0218461 0.0786423 -0.996664 21.0385 0.0786423 0.993948 0.0767042 4.65319 0.996664 -0.0767042 -0.0278985 234.925
-0.0170632 0.0800399 -0.996646 19.975 0.0800399 0.993701 0.0784331 4.72041 0.996646 -0.0784331 -0.0233621 234.829
-0.0149588 0.0758471 -0.997007 19.007 0.0758471 0.994332 0.0745056 4.77682 0.997007 -0.0745056 -0.0206268 234.806
-0.0149588 0.0758471 -0.997007 18.039 0.0758471 0.994332 0.0745056 4.83323 0.997007 -0.0745056 -0.0206268 234.783
-0.0112631 0.0745462 -0.997154 17.2406 0.0745462 0.994505 0.0735061 4.88327 0.997154 -0.0735061 -0.0167584 234.695
-0.014632 0.0750124 -0.997075 16.3608 0.0750124 0.994454 0.0737144 4.93928 0.997075 -0.0737144 -0.0201777 234.67
-0.014632 0.0750124 -0.997075 15.4811 0.0750124 0.994454 0.0737144 4.99528 0.997075 -0.0737144 -0.0201777 234.645
-0.0245964 0.0674118 -0.997422 14.4696 0.0674118 0.995565 0.0656239 5.08759 0.997422 -0.0656239 -0.0290316 234.734
-0.0308189 0.0668504 -0.997287 13.5519 0.0668504 0.995665 0.0646758 5.1387 0.997287 -0.0646758 -0.0351543 234.709
-0.0308189 0.0668504 -0.997287 12.6341 0.0668504 0.995665 0.0646758 5.18981 0.997287 -0.0646758 -0.0351543 234.684
-0.0291126 0.0734221 -0.996876 11.8771 0.0734221 0.994762 0.0711222 5.21629 0.996876 -0.0711222 -0.034351 234.573
-0.040813 0.0705807 -0.996671 11.0219 0.0705807 0.995214 0.0675873 5.26743 0.996671 -0.0675873 -0.0455993 234.544
-0.040813 0.0705807 -0.996671 10.1667 0.0705807 0.995214 0.0675873 5.31857 0.996671 -0.0675873 -0.0455993 234.516
-0.0445416 0.072753 -0.996355 9.32697 0.072753 0.994933 0.0693967 5.36284 0.996355 -0.0693967 -0.0496089 234.443
-0.0474245 0.0761832 -0.995965 8.45614 0.0761832 0.994459 0.0724404 5.40786 0.995965 -0.0724404 -0.0529656 234.386
-0.0506701 0.0799435 -0.995511 7.49958 0.0799435 0.993917 0.0757465 5.46402 0.995511 -0.0757465 -0.0567528 234.336
-0.0529973 0.083632 -0.995086 6.56482 0.083632 0.993358 0.0790325 5.51386 0.995086 -0.0790325 -0.0596396 234.267
-0.0543443 0.0882928 -0.994611 5.64322 0.0882928 0.992606 0.0832906 5.58106 0.994611 -0.0832906 -0.0617381 234.207
-0.0557531 0.0915001 -0.994243 4.822 0.0915001 0.99207 0.0861691 5.64091 0.994243 -0.0861691 -0.0636832 234.142
-0.0501451 0.0961471 -0.994103 4.0225 0.0961471 0.991197 0.0910162 5.70695 0.994103 -0.0910162 -0.0589479 234.02
-0.0460794 0.103095 -0.993604 3.31773 0.103095 0.98984 0.0979237 5.74093 0.993604 -0.0979237 -0.0562399 233.929
-0.0460794 0.103095 -0.993604 2.61296 0.103095 0.98984 0.0979237 5.7749 0.993604 -0.0979237 -0.0562399 233.837
-0.0452925 0.105977 -0.993337 1.87636 0.105977 0.989256 0.100709 5.83567 0.993337 -0.100709 -0.0560369 233.79
-0.0412616 0.111601 -0.992896 1.21515 0.111601 0.988039 0.106417 5.88799 0.992896 -0.106417 -0.0532228 233.723
-0.0444961 0.108838 -0.993063 0.529058 0.108838 0.988659 0.103479 5.95632 0.993063 -0.103479 -0.0558371 233.712
-0.0411121 0.110129 -0.993067 -0.221395 0.110129 0.98835 0.105047 6.02846 0.993067 -0.105047 -0.0527617 233.708
-0.0411121 0.110129 -0.993067 -0.971848 0.110129 0.98835 0.105047 6.10059 0.993067 -0.105047 -0.0527617 233.704
-0.0379517 0.110312 -0.993172 -1.72664 0.110312 0.988276 0.105553 6.16521 0.993172 -0.105553 -0.0496754 233.662
-0.0328426 0.113108 -0.99304 -2.4801 0.113108 0.987613 0.108749 6.23177 0.99304 -0.108749 -0.0452292 233.612
-0.0289342 0.112446 -0.993236 -3.22651 0.112446 0.987711 0.108545 6.29357 0.993236 -0.108545 -0.0412228 233.562
-0.0204563 0.11334 -0.993346 -4.00848 0.11334 0.987412 0.110329 6.3656 0.993346 -0.110329 -0.0330448 233.518
-0.0204563 0.11334 -0.993346 -4.79045 0.11334 0.987412 0.110329 6.43764 0.993346 -0.110329 -0.0330448 233.473
-0.0161256 0.115714 -0.993152 -6.08109 0.115714 0.986823 0.113098 6.5652 0.993152 -0.113098 -0.0293028 233.443
-0.0142935 0.115176 -0.993242 -7.2709 0.115176 0.986921 0.112786 6.69265 0.993242 -0.112786 -0.0273722 233.482
-0.00519416 0.112877 -0.993595 -8.36318 0.112877 0.987325 0.111575 6.79399 0.993595 -0.111575 -0.0178695 233.457
-0.00519416 0.112877 -0.993595 -9.45546 0.112877 0.987325 0.111575 6.89532 0.993595 -0.111575 -0.0178695 233.432
0.00106131 0.112744 -0.993624 -9.47183 0.112744 0.987275 0.112144 6.89677 0.993624 -0.112144 -0.0116633 233.43
0.00931295 0.110014 -0.993886 -9.58781 0.110014 0.987783 0.110369 6.90728 0.993886 -0.110369 -0.00290385 233.427
0.00931295 0.110014 -0.993886 -9.70379 0.110014 0.987783 0.110369 6.91779 0.993886 -0.110369 -0.00290385 233.424
0.0118041 0.108081 -0.994072 -9.7202 0.108081 0.988179 0.108724 6.91935 0.994072 -0.108724 -1.69723e-005 233.425
0.0221463 0.107261 -0.993984 -9.83618 0.107261 0.988234 0.109031 6.93029 0.993984 -0.109031 0.0103808 233.426
0.0221463 0.107261 -0.993984 -9.95216 0.107261 0.988234 0.109031 6.94123 0.993984 -0.109031 0.0103808 233.426
0.0297006 0.103584 -0.994177 -9.96854 0.103584 0.988942 0.106133 6.94241 0.994177 -0.106133 0.0186426 233.425
0.0404677 0.098429 -0.994321 -10.0843 0.098429 0.989903 0.101998 6.95329 0.994321 -0.101998 0.0303709 233.431
0.0404677 0.098429 -0.994321 -10.2001 0.098429 0.989903 0.101998 6.96417 0.994321 -0.101998 0.0303709 233.438
0.0451233 0.101916 -0.993769 -10.5428 0.101916 0.989122 0.106067 6.968 0.993769 -0.106067 0.0342455 233.461
0.0546595 0.0991496 -0.99357 -10.8866 0.0991496 0.989601 0.104208 6.99856 0.99357 -0.104208 0.0442605 233.486
0.0546595 0.0991496 -0.99357 -11.2303 0.0991496 0.989601 0.104208 7.02911 0.99357 -0.104208 0.0442605 233.511
0.0593643 0.0980991 -0.993404 -11.558 0.0980991 0.989769 0.103602 7.06232 0.993404 -0.103602 0.0491336 233.531
0.0641277 0.0994406 -0.992975 -11.7869 0.0994406 0.989434 0.105508 7.08493 0.992975 -0.105508 0.0535617 233.535
0.0676431 0.0970522 -0.992978 -12.0522 0.0970522 0.989897 0.103362 7.10801 0.992978 -0.103362 0.0575406 233.554
0.0739223 0.093134 -0.992906 -12.2107 0.093134 0.990634 0.0998548 7.11806 0.992906 -0.0998548 0.0645559 233.566
0.0739223 0.093134 -0.992906 -12.3692 0.093134 0.990634 0.0998548 7.12811 0.992906 -0.0998548 0.0645559 233.579
0.078165 0.0928033 -0.992612 -12.5127 0.0928033 0.990657 0.0999286 7.143 0.992612 -0.0999286 0.0688222 233.586
0.078165 0.0928033 -0.992612 -12.6561 0.0928033 0.990657 0.0999286 7.15788 0.992612 -0.0999286 0.0688222 233.593
0.0812851 0.0918795 -0.992447 -12.6725 0.0918795 0.990811 0.0992534 7.1595 0.992447 -0.0992534 0.0720963 233.593
0.0812851 0.0918795 -0.992447 -12.689 0.0918795 0.990811 0.0992534 7.16113 0.992447 -0.0992534 0.0720963 233.593
0.091837 0.0975593 -0.990983 -12.7047 0.0975593 0.98952 0.106456 7.16427 0.990983 -0.106456 0.0813567 233.589
0.091837 0.0975593 -0.990983 -12.7204 0.0975593 0.98952 0.106456 7.16741 0.990983 -0.106456 0.0813567 233.585
0.091837 0.0975593 -0.990983 -12.7361 0.0975593 0.98952 0.106456 7.17055 0.990983 -0.106456 0.0813567 233.581
0.0941952 0.102126 -0.990302 -12.7525 0.102126 0.988486 0.111653 7.17244 0.990302 -0.111653 0.0826808 233.58
0.0941952 0.102126 -0.990302 -12.7688 0.102126 0.988486 0.111653 7.17434 0.990302 -0.111653 0.0826808 233.579
0.0941952 0.102126 -0.990302 -12.7852 0.102126 0.988486 0.111653 7.17624 0.990302 -0.111653 0.0826808 233.578
0.0941952 0.102126 -0.990302 -12.8016 0.102126 0.988486 0.111653 7.17813 0.990302 -0.111653 0.0826808 233.577
0.0941952 0.102126 -0.990302 -12.8179 0.102126 0.988486 0.111653 7.18003 0.990302 -0.111653 0.0826808 233.576
0.0941952 0.102126 -0.990302 -12.8343 0.102126 0.988486 0.111653 7.18193 0.990302 -0.111653 0.0826808 233.575
0.0941952 0.102126 -0.990302 -12.8506 0.102126 0.988486 0.111653 7.18382 0.990302 -0.111653 0.0826808 233.574
0.0941952 0.102126 -0.990302 -12.867 0.102126 0.988486 0.111653 7.18572 0.990302 -0.111653 0.0826808 233.572
0.0941952 0.102126 -0.990302 -12.8833 0.102126 0.988486 0.111653 7.18761 0.990302 -0.111653 0.0826808 233.571
0.0941952 0.102126 -0.990302 -12.8997 0.102126 0.988486 0.111653 7.18951 0.990302 -0.111653 0.0826808 233.57
0.0941952 0.102126 -0.990302 -12.916 0.102126 0.988486 0.111653 7.19141 0.990302 -0.111653 0.0826808 233.569
0.0941952 0.102126 -0.990302 -12.9324 0.102126 0.988486 0.111653 7.1933 0.990302 -0.111653 0.0826808 233.568
0.0941952 0.102126 -0.990302 -12.9487 0.102126 0.988486 0.111653 7.1952 0.990302 -0.111653 0.0826808 233.567
0.0941952 0.102126 -0.990302 -12.9651 0.102126 0.988486 0.111653 7.1971 0.990302 -0.111653 0.0826808 233.566
0.0941952 0.102126 -0.990302 -12.9815 0.102126 0.988486 0.111653 7.19899 0.990302 -0.111653 0.0826808 233.565
0.0947516 0.0938255 -0.99107 -13.0081 0.0938255 0.990275 0.102721 7.2026 0.99107 -0.102721 0.085027 233.572
0.0947516 0.0938255 -0.99107 -13.0348 0.0938255 0.990275 0.102721 7.20621 0.99107 -0.102721 0.085027 233.578
0.0947516 0.0938255 -0.99107 -13.0615 0.0938255 0.990275 0.102721 7.20981 0.99107 -0.102721 0.085027 233.585
0.0947516 0.0938255 -0.99107 -13.0882 0.0938255 0.990275 0.102721 7.21342 0.99107 -0.102721 0.085027 233.592
0.0985773 0.0926286 -0.990809 -13.1892 0.0926286 0.990482 0.101814 7.2272 0.990809 -0.101814 0.089059 233.6
0.0985773 0.0926286 -0.990809 -13.2901 0.0926286 0.990482 0.101814 7.24098 0.990809 -0.101814 0.089059 233.609
0.101912 0.0917702 -0.990551 -13.3065 0.0917702 0.990623 0.101218 7.242 0.990551 -0.101218 0.0925343 233.611
0.114801 0.0891575 -0.989379 -13.4166 0.0891575 0.99102 0.0996506 7.25224 0.989379 -0.0996506 0.105821 233.626
0.114801 0.0891575 -0.989379 -13.5268 0.0891575 0.99102 0.0996506 7.26248 0.989379 -0.0996506 0.105821 233.641
0.123835 0.0860275 -0.988567 -13.6085 0.0860275 0.991553 0.0970639 7.27323 0.988567 -0.0970639 0.115388 233.663
0.149471 0.084961 -0.985109 -13.7406 0.084961 0.991513 0.0984045 7.28891 0.985109 -0.0984045 0.140984 233.689
0.149471 0.084961 -0.985109 -13.8727 0.084961 0.991513 0.0984045 7.30459 0.985109 -0.0984045 0.140984 233.715
0.165556 0.0843782 -0.982584 -14.0409 0.0843782 0.991468 0.099358 7.32536 0.982584 -0.099358 0.157024 233.749
0.183168 0.0821069 -0.979647 -14.2005 0.0821069 0.991747 0.0984728 7.341 0.979647 -0.0984728 0.174914 233.799
0.227885 0.0788381 -0.970491 -14.3932 0.0788381 0.99195 0.0990936 7.3602 0.970491 -0.0990936 0.219835 233.857
0.227885 0.0788381 -0.970491 -14.5858 0.0788381 0.99195 0.0990936 7.3794 0.970491 -0.0990936 0.219835 233.915
0.253203 0.0748359 -0.964514 -14.7956 0.0748359 0.992501 0.0966532 7.40739 0.964514 -0.0966532 0.245704 233.994
0.283232 0.0716551 -0.956371 -15.0204 0.0716551 0.992837 0.0956081 7.43013 0.956371 -0.0956081 0.276069 234.07
0.315387 0.0663674 -0.94664 -15.2543 0.0663674 0.993566 0.0917687 7.45298 0.94664 -0.0917687 0.308953 234.166
0.34911 0.0606136 -0.93512 -15.4718 0.0606136 0.994355 0.0870822 7.47105 0.93512 -0.0870822 0.343465 234.283
0.386087 0.0566444 -0.920722 -15.7073 0.0566444 0.994774 0.0849529 7.49845 0.920722 -0.0849529 0.380861 234.428
0.427012 0.0565547 -0.902476 -15.957 0.0565547 0.994418 0.0890756 7.52086 0.902476 -0.0890756 0.42143 234.574
0.469321 0.0561265 -0.881242 -16.2045 0.0561265 0.994064 0.0932033 7.54839 0.881242 -0.0932033 0.463385 234.751
0.513217 0.0547302 -0.856512 -16.43 0.0547302 0.993847 0.0962998 7.5706 0.856512 -0.0962998 0.507064 234.941
0.558606 0.0517471 -0.827817 -16.7053 0.0517471 0.993933 0.0970498 7.60504 0.827817 -0.0970498 0.552539 235.165
0.6496 0.04302 -0.759058 -17.0343 0.04302 0.994718 0.0931925 7.64672 0.759058 -0.0931925 0.644318 235.492
0.6496 0.04302 -0.759058 -17.3633 0.04302 0.994718 0.0931925 7.68841 0.759058 -0.0931925 0.644318 235.819
0.694579 0.0377709 -0.718425 -17.6225 0.0377709 0.995329 0.0888463 7.72484 0.718425 -0.0888463 0.689908 236.102
0.780509 0.0290841 -0.624467 -17.9 0.0290841 0.996146 0.0827465 7.77073 0.624467 -0.0827465 0.776656 236.507
0.780509 0.0290841 -0.624467 -18.1776 0.0290841 0.996146 0.0827465 7.81662 0.624467 -0.0827465 0.776656 236.913
0.820313 0.0259834 -0.571325 -18.3699 0.0259834 0.996243 0.0826154 7.85278 0.571325 -0.0826154 0.816555 237.247
0.855857 0.0232202 -0.516691 -18.5517 0.0232202 0.996259 0.0832345 7.89198 0.516691 -0.0832345 0.852117 237.614
0.886141 0.0200143 -0.462984 -18.7152 0.0200143 0.996482 0.0813837 7.93307 0.462984 -0.0813837 0.882623 238.023
0.912539 0.0172281 -0.408626 -18.8667 0.0172281 0.996606 0.0804914 7.96927 0.408626 -0.0804914 0.909146 238.453
0.934745 0.014485 -0.355023 -18.991 0.014485 0.996785 0.0788068 8.00678 0.355023 -0.0788068 0.93153 238.872
0.952537 0.011817 -0.304195 -19.1061 0.011817 0.997058 0.0757354 8.044 0.304195 -0.0757354 0.949594 239.397
0.966772 0.0093626 -0.255469 -19.2144 0.0093626 0.997362 0.0719828 8.08452 0.255469 -0.0719828 0.964134 239.885
0.977893 0.00738838 -0.208975 -19.3124 0.00738838 0.997531 0.0698416 8.12659 0.208975 -0.0698416 0.975424 240.392
0.985857 0.00595504 -0.167485 -19.3399 0.00595504 0.997493 0.0705191 8.14563 0.167485 -0.0705191 0.983349 240.808
0.995107 0.00360781 -0.0987344 -19.3674 0.00360781 0.99734 0.0728051 8.17517 0.0987344 -0.0728051 0.992447 241.29
0.995107 0.00360781 -0.0987344 -19.3949 0.00360781 0.99734 0.0728051 8.2047 0.0987344 -0.0728051 0.992447 241.773
0.997345 0.00265299 -0.0727784 -19.4194 0.00265299 0.997349 0.0727125 8.24868 0.0727784 -0.0727125 0.994694 242.363
0.998679 0.00187237 -0.0513491 -19.4603 0.00187237 0.997346 0.0727823 8.28485 0.0513491 -0.0727823 0.996025 242.997
0.99941 0.00125878 -0.0343341 -19.4943 0.00125878 0.997316 0.0732054 8.32328 0.0343341 -0.0732054 0.996726 243.629
0.999756 0.000811675 -0.0220548 -19.4973 0.000811675 0.997295 0.0734968 8.36415 0.0220548 -0.0734968 0.997052 244.206
0.999912 0.000479446 -0.0132435 -19.4638 0.000479446 0.997382 0.0723067 8.40089 0.0132435 -0.0723067 0.997295 244.682
0.999999 -3.95127e-005 0.00113071 -19.4542 -3.95127e-005 0.997561 0.0698049 8.44207 -0.00113071 -0.0698049 0.99756 245.26
0.999999 -3.95127e-005 0.00113071 -19.4446 -3.95127e-005 0.997561 0.0698049 8.48324 -0.00113071 -0.0698049 0.99756 245.837
0.999979 -0.000223411 0.00642535 -19.4314 -0.000223411 0.997585 0.0694558 8.52504 -0.00642535 -0.0694558 0.997564 246.491
0.999979 -0.000223411 0.00642535 -19.4182 -0.000223411 0.997585 0.0694558 8.56683 -0.00642535 -0.0694558 0.997564 247.144
0.999956 -0.000330336 0.00933619 -19.4182 -0.000330336 0.997499 0.0706746 8.56787 -0.00933619 -0.0706746 0.997456 247.161
0.999938 -0.000422785 0.0111553 -19.4184 -0.000422785 0.997131 0.0756886 8.57575 -0.0111553 -0.0756886 0.997069 247.277
0.999938 -0.000422785 0.0111553 -19.4185 -0.000422785 0.997131 0.0756886 8.58363 -0.0111553 -0.0756886 0.997069 247.393
0.999956 -0.000356068 0.00938564 -19.4461 -0.000356068 0.997126 0.0757645 8.64288 -0.00938564 -0.0757645 0.997082 248.164
0.999951 -0.000365117 0.00987386 -19.4695 -0.000365117 0.997269 0.0738535 8.69895 -0.00987386 -0.0738535 0.99722 248.922
0.999966 -0.000290931 0.00824755 -19.4688 -0.000290931 0.997515 0.0704609 8.74063 -0.00824755 -0.0704609 0.99748 249.581
0.999954 -0.000307773 0.00959973 -19.5002 -0.000307773 0.997946 0.0640538 8.79876 -0.00959973 -0.0640538 0.9979 250.319
0.999955 -0.000286411 0.00947695 -19.5138 -0.000286411 0.998175 0.0603871 8.84719 -0.00947695 -0.0603871 0.99813 251.093
0.999955 -0.000286411 0.00947695 -19.5274 -0.000286411 0.998175 0.0603871 8.89561 -0.00947695 -0.0603871 0.99813 251.866
0.999947 -0.000346581 0.0103139 -19.5277 -0.000346581 0.997744 0.0671289 8.89654 -0.0103139 -0.0671289 0.997691 251.882
0.999947 -0.000396259 0.0103046 -19.5277 -0.000396259 0.997047 0.0767934 8.9041 -0.0103046 -0.0767934 0.996994 251.999
0.999932 -0.000476685 0.0116534 -19.5277 -0.000476685 0.996659 0.0816714 8.90523 -0.0116534 -0.0816714 0.996591 252.015
0.999957 -0.000366728 0.0092789 -19.5239 -0.000366728 0.996881 0.0789207 8.91405 -0.0092789 -0.0789207 0.996838 252.131
0.999978 -0.000239418 0.00669007 -19.5175 -0.000239418 0.997442 0.0714819 8.93053 -0.00669007 -0.0714819 0.997419 252.347
0.999961 -0.000281613 0.00883615 -19.5347 -0.000281613 0.997971 0.0636753 8.953 -0.00883615 -0.0636753 0.997932 252.662
0.999943 -0.000314563 0.0107165 -19.5455 -0.000314563 0.998278 0.0586543 8.9794 -0.0107165 -0.0586543 0.998221 253.078
0.999946 -0.000298944 0.0104339 -19.5439 -0.000298944 0.99836 0.0572537 9.00864 -0.0104339 -0.0572537 0.998305 253.593
0.999961 -0.000261119 0.00877158 -19.5407 -0.000261119 0.998229 0.0594837 9.03313 -0.00877158 -0.0594837 0.998191 254.209
0.999945 -0.000351169 0.010529 -19.5494 -0.000351169 0.997778 0.0666292 9.06837 -0.010529 -0.0666292 0.997722 254.925
0.999942 -0.0003959 0.0107586 -19.5441 -0.0003959 0.997295 0.0734952 9.11949 -0.0107586 -0.0734952 0.997238 255.74
0.999994 -0.000128625 0.00343287 -19.4614 -0.000128625 0.997196 0.0748321 9.19744 -0.00343287 -0.0748321 0.99719 256.66
0.999993 0.000131519 -0.00378786 -19.4224 0.000131519 0.997592 0.0693584 9.26485 0.00378786 -0.0693584 0.997585 257.594
0.999993 0.000131519 -0.00378786 -19.3834 0.000131519 0.997592 0.0693584 9.33225 0.00378786 -0.0693584 0.997585 258.529
0.999979 0.000211629 -0.00645881 -19.3645 0.000211629 0.997855 0.0654609 9.39643 0.00645881 -0.0654609 0.997834 259.489
0.999975 0.000223372 -0.00706925 -19.3788 0.000223372 0.998005 0.0631316 9.45676 0.00706925 -0.0631316 0.99798 260.439
0.999979 0.000205838 -0.00650268 -19.3999 0.000205838 0.997998 0.0632445 9.50746 0.00650268 -0.0632445 0.997977 261.367
0.999977 0.000226586 -0.00680382 -19.3424 0.000226586 0.997784 0.066531 9.55426 0.00680382 -0.066531 0.997761 262.194
