1 0 0 0 0 1 0 0 0 0 1 0
0.999998 0.00107552 0.00176497 -0.00860999 -0.00106785 0.99999 -0.00434116 -0.00748579 -0.00176962 0.00433927 0.999989 0.961861
0.999998 -0.00166109 0.0013684 0.00810601 0.00166886 0.999982 -0.00570095 0.000200891 -0.00135891 0.00570322 0.999983 1.92515
0.999991 -0.00219638 0.00367527 -0.00592576 0.0021994 0.999997 -0.000817429 -0.00584372 -0.00367347 0.000825505 0.999993 2.88883
0.999991 -0.00394252 0.00121854 0.00462007 0.00393725 0.999983 0.00429624 -0.00591656 -0.00123546 -0.00429141 0.99999 3.84972
0.99998 -0.0062329 0.0010617 -0.0102248 0.00622876 0.999973 0.00385994 0.00730075 -0.00108573 -0.00385325 0.999992 4.80826
0.999978 -0.00667281 0.000286985 -0.0347797 0.00667239 0.999977 0.00144073 0.00689895 -0.000296592 -0.00143878 0.999999 5.74052
0.99999 -0.00372119 -0.00237437 -0.00352525 0.00371763 0.999992 -0.00150372 0.00429778 0.00237995 0.00149488 0.999996 6.67802
1 -0.000259003 0.000363153 -0.0278577 0.000259907 0.999997 -0.00249029 0.00645663 -0.000362507 0.00249038 0.999997 7.60798
0.999999 -0.00112685 0.00029044 -0.0613419 0.00112644 0.999998 0.00140415 -0.0202656 -0.000292022 -0.00140382 0.999999 8.53595
0.999998 -0.00190586 -0.000743705 -0.0774463 0.00190746 0.999996 0.00215939 -0.00423995 0.000739586 -0.00216081 0.999997 9.46667
0.999996 0.000375006 -0.00276754 -0.0707364 -0.000363095 0.999991 0.00430313 -0.00297856 0.00276913 -0.00430211 0.999987 10.3897
0.999998 -0.000357938 -0.0018963 -0.0945346 0.000368083 0.999986 0.00535234 0.00570929 0.00189436 -0.00535302 0.999984 11.3403
0.999995 0.00100997 -0.00289648 -0.0961078 -0.000998758 0.999992 0.00387105 0.0198236 0.00290037 -0.00386813 0.999988 12.2243
0.999998 -0.00192375 -0.000875186 -0.127063 0.00192821 0.999985 0.00512554 0.00396346 0.000865313 -0.00512722 0.999986 13.1335
0.999972 -0.0017795 -0.00722106 -0.113025 0.00179154 0.999997 0.00166078 0.00952228 0.00721809 -0.00167367 0.999973 14.0424
0.999985 -0.00139973 -0.00534488 -0.131991 0.00140188 0.999999 0.000397847 0.00952215 0.00534432 -0.000405334 0.999986 14.9466
0.999979 -0.00245024 -0.00601507 -0.194607 0.00245237 0.999997 0.00034649 0.00506473 0.0060142 -0.000361234 0.999982 15.8453
0.999906 0.00314051 -0.0133667 -0.136872 -0.00316454 0.999993 -0.00177685 0.0164207 0.013361 0.00181898 0.999909 16.7431
0.999938 0.00293289 -0.010733 -0.163045 -0.00294573 0.999995 -0.00118005 0.0143224 0.0107295 0.00121159 0.999942 17.6346
0.999904 -0.000156464 -0.0138251 -0.176208 0.000152913 1 -0.000257885 0.0170611 0.0138251 0.000255746 0.999904 18.5267
0.999901 0.000334872 -0.0140586 -0.194173 -0.000323682 1 0.000798199 0.0184493 0.0140589 -0.00079357 0.999901 19.4141
0.999875 0.000242276 -0.0158103 -0.228114 -0.000227453 1 0.000939373 0.0152612 0.0158105 -0.00093566 0.999875 20.2943
0.999833 -0.00219771 -0.0181599 -0.258448 0.00222316 0.999997 0.00138167 0.0160913 0.0181568 -0.00142181 0.999834 21.1678
0.999842 -0.000550801 -0.0177799 -0.276891 0.000572876 0.999999 0.00123651 0.0202153 0.0177792 -0.0012465 0.999841 22.037
0.999848 0.00404455 -0.0169537 -0.290508 -0.00402388 0.999991 0.00125334 0.02359 0.0169586 -0.00118493 0.999855 22.9
0.999798 -0.000761415 -0.0200729 -0.331433 0.00084302 0.999991 0.00405723 0.0213156 0.0200696 -0.00407334 0.99979 23.756
0.999829 0.00258694 -0.0183239 -0.350512 -0.00248225 0.99998 0.00573392 0.0288855 0.0183384 -0.00568745 0.999816 24.6138
0.999823 -0.000256019 -0.0188159 -0.361062 0.00040696 0.999968 0.00801858 0.0265269 0.0188132 -0.00802482 0.999791 25.4405
0.999812 0.00185862 -0.0192925 -0.395644 -0.00173942 0.999979 0.00619377 0.0348374 0.0193036 -0.00615904 0.999795 26.2642
0.999769 0.00196835 -0.0213951 -0.415885 -0.00187982 0.99999 0.00415726 0.0352917 0.0214031 -0.00411608 0.999762 27.0784
0.999779 0.00245483 -0.0209003 -0.443478 -0.00241669 0.999995 0.00184971 0.0432406 0.0209048 -0.00179879 0.99978 27.8748
0.999734 0.00179796 -0.0229739 -0.45702 -0.00176405 0.999997 0.00149644 0.0429025 0.0229765 -0.00145551 0.999735 28.6677
0.99972 0.00142709 -0.0236207 -0.488957 -0.00139873 0.999998 0.00121709 0.0442605 0.0236224 -0.00118371 0.99972 29.4525
0.999692 0.000259987 -0.0248013 -0.523113 -0.000253684 1 0.000257305 0.0406864 0.0248014 -0.000250934 0.999692 30.2241
0.999565 0.00203004 -0.029416 -0.511368 -0.00206726 0.999997 -0.00123496 0.066788 0.0294134 0.00129524 0.999566 30.9912
0.999572 -0.000593086 -0.0292332 -0.552501 0.000626632 0.999999 0.00113839 0.0591338 0.0292325 -0.00115622 0.999572 31.7511
0.999429 -0.00149395 -0.0337604 -0.572415 0.00158955 0.999995 0.00280494 0.0609115 0.033756 -0.00285701 0.999426 32.4953
0.99943 0.00139575 -0.0337396 -0.600341 -0.00123861 0.999988 0.0046779 0.0545992 0.0337457 -0.00463344 0.99942 33.2329
0.99926 0.00379056 -0.0382671 -0.612618 -0.00360799 0.999982 0.0048389 0.0592727 0.0382847 -0.00469725 0.999256 33.9612
0.999229 0.00429481 -0.0390227 -0.651727 -0.00412743 0.999982 0.00436886 0.0575391 0.0390408 -0.00420443 0.999229 34.7027
0.999152 0.00461583 -0.0409087 -0.685824 -0.00446501 0.999983 0.00377736 0.0636445 0.0409254 -0.0035915 0.999156 35.3924
0.999075 0.0025171 -0.0429179 -0.725268 -0.00230418 0.999985 0.00500976 0.0664047 0.0429298 -0.00490624 0.999066 36.0849
0.998953 0.0014564 -0.0457285 -0.747611 -0.00114299 0.999976 0.00687898 0.0726015 0.0457374 -0.00681951 0.99893 36.7732
0.998949 0.00202922 -0.0457945 -0.778278 -0.00167559 0.999968 0.00775925 0.0725019 0.0458088 -0.00767436 0.998921 37.4495
0.998986 0.00660913 -0.0445442 -0.814929 -0.00637595 0.999965 0.00537491 0.072308 0.0445782 -0.00508544 0.998993 38.1116
0.999006 0.00668266 -0.0440668 -0.855329 -0.00658797 0.999976 0.00229361 0.0766159 0.0440811 -0.00200102 0.999026 38.7634
0.999155 0.00320128 -0.0409788 -0.878951 -0.00317723 0.999995 0.000651976 0.0816763 0.0409807 -0.000521226 0.99916 39.4007
0.999318 0.00291375 -0.0368045 -0.93286 -0.00286823 0.999995 0.00128961 0.0876824 0.0368081 -0.00118316 0.999322 40.0359
0.999389 0.00689659 -0.0342544 -0.952751 -0.0067641 0.999969 0.00398221 0.085713 0.0342808 -0.00374808 0.999405 40.6861
0.999575 0.0120019 -0.0265556 -0.999029 -0.0118193 0.999905 0.00702218 0.0915642 0.0266374 -0.00670533 0.999623 41.2902
0.999644 0.0109246 -0.0243227 -1.02137 -0.0107076 0.999902 0.0090309 0.0925045 0.024419 -0.00876725 0.999663 41.8892
0.999803 0.00845382 -0.0179622 -1.04513 -0.00828736 0.999922 0.00932149 0.0963734 0.0180396 -0.00917079 0.999795 42.4738
0.999894 0.00729654 -0.0125691 -1.05062 -0.00715156 0.999908 0.0115406 0.102313 0.0126522 -0.0114494 0.999854 43.0427
0.999949 0.00853858 -0.0054257 -1.06253 -0.00846813 0.999881 0.0128777 0.109249 0.00553502 -0.0128311 0.999902 43.5908
0.999963 0.00847943 0.00136636 -1.06567 -0.00849672 0.999877 0.0131893 0.109939 -0.00125435 -0.0132004 0.999912 44.1179
0.999946 0.00616605 0.00841717 -1.06306 -0.00627622 0.999894 0.0131257 0.115044 -0.00833535 -0.0131779 0.999878 44.6254
0.999841 0.00798082 0.0159412 -1.05977 -0.00818651 0.999884 0.0128798 0.11876 -0.0158366 -0.0130082 0.99979 45.1089
0.999687 0.00877456 0.0234297 -1.05336 -0.00903752 0.999897 0.0111411 0.109122 -0.0233296 -0.0113493 0.999663 45.5728
0.99959 -0.000125766 0.0286255 -1.01722 -8.19158e-005 0.999974 0.00725385 0.125353 -0.0286256 -0.00725322 0.999564 46.011
0.999224 0.00191526 0.0393293 -1.00549 -0.00224171 0.999963 0.00825796 0.123649 -0.0393121 -0.00833972 0.999192 46.4328
0.998939 -0.000446685 0.046056 -0.979402 2.68697e-006 0.999954 0.00964001 0.129464 -0.0460582 -0.00962966 0.998892 46.8296
0.9985 0.00123094 0.0547307 -0.966834 -0.00181371 0.999942 0.0105996 0.135278 -0.0547145 -0.0106829 0.998445 47.2017
0.998035 0.00509425 0.0624539 -0.921491 -0.00579876 0.999922 0.0111045 0.139596 -0.0623924 -0.0114448 0.997986 47.563
0.997359 0.00735122 0.0722558 -0.913868 -0.00814163 0.99991 0.0106506 0.141109 -0.072171 -0.0112108 0.997329 47.8746
0.996712 0.00918993 0.0805015 -0.892897 -0.0101098 0.999888 0.0110272 0.140766 -0.0803912 -0.0118048 0.996693 48.173
0.995917 0.00192096 0.0902514 -0.872401 -0.00302079 0.999923 0.0120513 0.141983 -0.0902213 -0.0122747 0.995846 48.4479
0.994904 -0.00231753 0.100804 -0.831566 0.00116545 0.999933 0.0114863 0.141738 -0.100823 -0.0113103 0.99484 48.713
0.993641 -0.00277572 0.112562 -0.790094 0.00190119 0.999967 0.00787592 0.138018 -0.112581 -0.00761183 0.993613 48.9713
0.992041 0.00021405 0.125918 -0.747664 -0.000806039 0.999989 0.00465045 0.139505 -0.125916 -0.00471493 0.99203 49.2276
0.990021 0.000512287 0.140918 -0.702314 -0.000977476 0.999994 0.00323195 0.148092 -0.140915 -0.00333744 0.990016 49.4814
0.987571 0.0033278 0.157141 -0.640666 -0.00381049 0.999989 0.00277054 0.142918 -0.15713 -0.00333489 0.987572 49.7415
0.984734 0.00247523 0.17405 -0.590455 -0.00293559 0.999993 0.00238764 0.141764 -0.174043 -0.00286213 0.984734 49.9779
0.981383 -4.33289e-005 0.192063 -0.521841 -0.000477444 0.999996 0.00266519 0.139719 -0.192062 -0.00270727 0.981379 50.2205
0.977384 -0.00195405 0.211464 -0.450835 0.00122633 0.999993 0.00357244 0.145801 -0.211469 -0.00323232 0.977379 50.4662
0.972746 -0.000302472 0.231873 -0.378957 -0.000550898 0.999993 0.00361558 0.14237 -0.231872 -0.00364478 0.972739 50.6945
0.967566 0.00130112 0.252615 -0.309674 -0.00194605 0.999995 0.00230319 0.145889 -0.252611 -0.00272009 0.967564 50.9338
0.961403 0.0021589 0.275135 -0.224469 -0.00272666 0.999995 0.0016811 0.147881 -0.27513 -0.00236641 0.961404 51.169
0.953927 0.0022631 0.300029 -0.135518 -0.00296437 0.999994 0.0018822 0.145507 -0.300023 -0.00268488 0.953928 51.4081
0.945543 0.00413204 0.325471 -0.040209 -0.0049217 0.999987 0.00160289 0.14682 -0.32546 -0.00311747 0.945551 51.6477
0.935727 0.00564622 0.35268 0.0736819 -0.00660552 0.999977 0.00151661 0.144743 -0.352663 -0.00374877 0.935743 51.886
0.924407 0.00335385 0.381393 0.194578 -0.00435705 0.999989 0.00176688 0.147749 -0.381383 -0.00329506 0.924411 52.1113
0.911512 -0.000596626 0.411274 0.328516 -0.000524031 0.999996 0.00261209 0.147218 -0.411274 -0.00259647 0.911508 52.3358
0.896377 -0.006163 0.44325 0.462948 0.00487095 0.99998 0.00405342 0.14383 -0.443266 -0.00147434 0.896389 52.5668
0.87866 -0.00548332 0.477416 0.615164 0.00478703 0.999985 0.00267495 0.152087 -0.477423 -6.49692e-005 0.878673 52.7869
0.858829 -0.000790395 0.512262 0.769792 0.00110002 0.999999 -0.000301277 0.156922 -0.512262 0.000822243 0.858829 53.0113
0.837003 0.00152116 0.547196 0.948112 -0.000344854 0.999997 -0.00225241 0.155277 -0.547198 0.00169657 0.837001 53.2378
0.812418 0.00326831 0.583066 1.1517 -0.000748997 0.999989 -0.0045617 0.159991 -0.583075 0.0032693 0.812412 53.4593
0.785655 0.00798297 0.618613 1.36369 -0.00435516 0.999963 -0.00737298 0.152919 -0.618649 0.00309846 0.785661 53.677
0.755451 0.0127941 0.65508 1.59556 -0.00727263 0.999911 -0.011142 0.161616 -0.655164 0.00365308 0.755477 53.9067
0.723702 0.00973752 0.690044 1.8631 -0.0029739 0.999935 -0.0109916 0.157433 -0.690106 0.00590251 0.723684 54.1219
0.685814 0.00765103 0.727737 2.14004 0.000128432 0.999943 -0.0106339 0.160362 -0.727777 0.00738634 0.685774 54.3504
0.64751 0.00788775 0.762016 2.4547 -1.58036e-005 0.999947 -0.0103372 0.164773 -0.762057 0.00668138 0.647475 54.5801
0.605096 0.0110304 0.796076 2.78833 -0.00234244 0.999924 -0.0120745 0.163644 -0.796149 0.00544147 0.605076 54.7993
0.558757 0.00657258 0.829305 3.14847 0.00294086 0.999947 -0.00990644 0.16622 -0.829326 0.00797416 0.558708 54.9958
0.510947 0.00657554 0.859587 3.53246 0.00408433 0.999941 -0.010077 0.162592 -0.859602 0.00865963 0.51089 55.1843
0.461612 0.00781013 0.887048 3.93425 0.00119055 0.999955 -0.00942379 0.166502 -0.887081 0.00540621 0.461582 55.3621
0.413067 0.0106148 0.910639 4.36328 -0.00272673 0.999942 -0.0104189 0.167056 -0.910697 0.00182065 0.413072 55.5215
0.363158 0.0159479 0.931591 4.80203 -0.00401115 0.999871 -0.0155532 0.17725 -0.931719 0.00191151 0.363175 55.6709
0.31451 0.0145602 0.949143 5.26153 0.00189495 0.999871 -0.0159663 0.179025 -0.949252 0.00682013 0.314442 55.7888
0.26675 0.00452693 0.963755 5.74275 0.0120285 0.999895 -0.00802596 0.178062 -0.963691 0.0137334 0.266668 55.8788
0.221849 -0.00494669 0.975068 6.24448 0.0120964 0.999924 0.00232058 0.17503 -0.975006 0.01128 0.221892 55.9497
0.179435 -0.00991 0.98372 6.76816 0.00631756 0.99994 0.00892105 0.185671 -0.98375 0.00461396 0.179487 56.0052
0.141004 -0.00970611 0.989961 7.28142 0.00161934 0.999953 0.00957342 0.197241 -0.990008 0.000253197 0.141013 56.0561
0.10785 -0.0156425 0.994044 7.81474 -0.0029376 0.999867 0.0160528 0.206285 -0.994163 -0.0046514 0.10779 56.0832
0.0783304 -0.0198211 0.99673 8.36767 -0.0064284 0.999772 0.0203868 0.213542 -0.996907 -0.00800429 0.0781851 56.1044
0.0538655 -0.0268069 0.998188 8.93413 -0.01605 0.999487 0.0277079 0.231055 -0.998419 -0.0175134 0.0534076 56.1152
0.0332935 -0.0284206 0.999041 9.51202 -0.0215901 0.999342 0.0291486 0.253227 -0.999212 -0.0225399 0.032658 56.123
0.0180934 -0.0315144 0.99934 10.0947 -0.0246245 0.999186 0.0319554 0.279732 -0.999533 -0.0251865 0.0173026 56.1201
0.00462213 -0.0315788 0.999491 10.7004 -0.0269846 0.999133 0.0316923 0.302316 -0.999625 -0.0271173 0.00376598 56.1172
-0.00716696 -0.0315402 0.999477 11.3016 -0.0299495 0.999061 0.0313123 0.330399 -0.999526 -0.0297094 -0.00810485 56.1145
-0.0163705 -0.0357541 0.999227 11.9214 -0.0271253 0.999009 0.0353019 0.352212 -0.999498 -0.0265264 -0.0173241 56.093
-0.0215865 -0.042741 0.998853 12.5512 -0.0264217 0.998761 0.0421661 0.387422 -0.999418 -0.0254811 -0.0226891 56.0593
-0.027429 -0.0397569 0.998833 13.1905 -0.0340723 0.998665 0.0388146 0.416972 -0.999043 -0.0329679 -0.028747 56.0473
-0.0286563 -0.0400607 0.998786 13.8436 -0.0443958 0.998262 0.0387659 0.459009 -0.998603 -0.043231 -0.030385 56.0246
-0.0327399 -0.0359223 0.998818 14.5056 -0.0497929 0.998172 0.0342669 0.489044 -0.998223 -0.0486122 -0.0344687 56.0039
-0.0339956 -0.0367004 0.998748 15.1868 -0.0503394 0.99812 0.0349639 0.521249 -0.998153 -0.0490878 -0.0357791 55.9844
-0.0347702 -0.038504 0.998653 15.8738 -0.0447411 0.998316 0.0369332 0.545662 -0.998393 -0.0433967 -0.0364344 55.96
-0.0342424 -0.0419756 0.998532 16.5646 -0.0376087 0.998464 0.0406831 0.575982 -0.998706 -0.0361604 -0.0357685 55.9313
-0.0348903 -0.0422014 0.9985 17.2618 -0.0291736 0.998725 0.0411916 0.605481 -0.998965 -0.0276927 -0.036077 55.9239
-0.0310422 -0.0458525 0.998466 17.964 -0.0261918 0.998641 0.0450463 0.640403 -0.999175 -0.0247533 -0.032201 55.8835
-0.0310757 -0.043513 0.998569 18.6847 -0.034004 0.99852 0.0424526 0.68514 -0.998938 -0.0326361 -0.0325093 55.8838
-0.0260753 -0.0464506 0.99858 19.4215 -0.0488594 0.997785 0.0451378 0.726541 -0.998465 -0.047613 -0.0282871 55.8414
-0.0254213 -0.0425444 0.998771 20.1589 -0.054536 0.997665 0.0411092 0.777871 -0.998188 -0.053424 -0.0276822 55.8424
-0.022356 -0.0411366 0.998903 20.8949 -0.0531016 0.997792 0.0399024 0.805937 -0.998339 -0.0521513 -0.0244911 55.832
-0.0203145 -0.0521409 0.998433 21.6213 -0.0407141 0.997854 0.0512822 0.842711 -0.998964 -0.0396085 -0.0223938 55.8166
-0.0159376 -0.0514815 0.998547 22.3508 -0.031009 0.998219 0.0509697 0.871353 -0.999392 -0.0301516 -0.0175056 55.784
-0.0127887 -0.0459424 0.998862 23.0871 -0.0450726 0.997955 0.0453236 0.922759 -0.998902 -0.0444417 -0.0148333 55.785
-0.0100335 -0.0408109 0.999117 23.8158 -0.054822 0.997686 0.0402019 0.972076 -0.998446 -0.0543702 -0.0122476 55.8181
-0.00473386 -0.0462086 0.998921 24.5596 -0.0540069 0.997486 0.0458863 0.997406 -0.998529 -0.0537314 -0.00721754 55.8024
-0.002467 -0.0507226 0.99871 25.2991 -0.0435524 0.997771 0.0505673 1.02918 -0.999048 -0.0433715 -0.00467059 55.7927
0.000308231 -0.0495 0.998774 26.0227 -0.0451952 0.997753 0.0494634 1.07533 -0.998978 -0.045155 -0.00192962 55.8052
0.00288941 -0.0467841 0.998901 26.756 -0.0448292 0.997895 0.0468666 1.11755 -0.99899 -0.0449153 0.000786031 55.8336
0.00816205 -0.0447954 0.998963 27.4941 -0.0495979 0.997748 0.0451462 1.15607 -0.998736 -0.0499149 0.00592192 55.8378
0.0103381 -0.0472771 0.998828 28.2346 -0.0497031 0.997623 0.0477345 1.19304 -0.998711 -0.0501383 0.0079637 55.8499
0.0135407 -0.0520937 0.99855 28.97 -0.0475863 0.997477 0.0526829 1.22881 -0.998775 -0.0482307 0.0110276 55.8556
0.0190048 -0.0591441 0.998069 29.7055 -0.047101 0.997088 0.0599828 1.26728 -0.998709 -0.0481499 0.0161637 55.867
0.0211713 -0.05702 0.998149 30.4397 -0.0525738 0.996927 0.0580654 1.31578 -0.998393 -0.0537058 0.0181085 55.8821
0.0254074 -0.0622476 0.997737 31.1796 -0.0583012 0.996268 0.0636406 1.35665 -0.997976 -0.0597862 0.0216835 55.8875
0.0285344 -0.0618689 0.997676 31.9208 -0.0582291 0.996285 0.0634481 1.39885 -0.997895 -0.0599043 0.0248258 55.8872
0.0392858 -0.0609629 0.997367 32.6581 -0.060566 0.996157 0.0632746 1.44162 -0.997391 -0.0628923 0.0354425 55.8354
0.0327832 -0.0552944 0.997932 33.3983 -0.0603109 0.996539 0.0571985 1.49801 -0.997641 -0.0620613 0.0293349 55.9358
0.0420198 -0.0595644 0.99734 34.1418 -0.0619347 0.996146 0.0621026 1.54196 -0.997195 -0.0643795 0.0381687 55.94
0.0428575 -0.0585844 0.997362 34.8892 -0.0581011 0.996444 0.0610271 1.59136 -0.99739 -0.0605633 0.0393012 55.9789
0.0450615 -0.0568354 0.997366 35.6323 -0.060328 0.996403 0.0595062 1.6466 -0.997161 -0.0628505 0.0414707 56.0165
0.0527803 -0.0559832 0.997036 36.3893 -0.058552 0.996536 0.0590547 1.68964 -0.996888 -0.0614953 0.0493195 56.0209
0.0499694 -0.0503484 0.997481 37.141 -0.0546828 0.997093 0.0530681 1.73937 -0.997253 -0.0571968 0.047071 56.0899
0.0577574 -0.0520276 0.996974 37.8955 -0.0501886 0.997227 0.0549484 1.78773 -0.997068 -0.0532104 0.0549861 56.1226
0.0591449 -0.0505817 0.996967 38.6565 -0.0461475 0.997509 0.0533469 1.83008 -0.997182 -0.0491627 0.0566634 56.1808
0.0632568 -0.0466867 0.996905 39.4217 -0.0472872 0.997643 0.0497218 1.88007 -0.996876 -0.0502861 0.0609001 56.2179
0.064703 -0.0394918 0.997123 40.1928 -0.0502058 0.997822 0.0427774 1.92988 -0.996641 -0.0528292 0.0625794 56.2894
0.0720476 -0.0460674 0.996337 40.9717 -0.0465924 0.997687 0.0494991 1.96556 -0.996312 -0.0499881 0.0697346 56.3117
0.0708087 -0.0432473 0.996552 41.7465 -0.03944 0.998157 0.0461193 2.00332 -0.99671 -0.0425696 0.0689725 56.4104
0.0782349 -0.0384947 0.996191 42.5299 -0.0432038 0.998185 0.0419647 2.05309 -0.995998 -0.0463224 0.0764297 56.48
0.0801882 -0.0368194 0.996099 43.3214 -0.0459437 0.998119 0.0405926 2.09149 -0.99572 -0.0490196 0.0783457 56.5475
0.0855384 -0.0393726 0.995557 44.1294 -0.0417176 0.998201 0.0430616 2.1302 -0.995461 -0.0452156 0.083742 56.6179
0.0906599 -0.0364703 0.995214 44.9052 -0.0360252 0.998555 0.0398744 2.16504 -0.99523 -0.0394678 0.0892151 56.7042
0.0965173 -0.0345331 0.994732 45.6951 -0.0283657 0.998897 0.03743 2.20581 -0.994927 -0.0318289 0.0954312 56.7953
0.103786 -0.0326602 0.994063 46.4989 -0.0233329 0.999106 0.0352619 2.24127 -0.994326 -0.0268541 0.102931 56.8865
0.111309 -0.0285596 0.993375 47.3145 -0.0267885 0.999138 0.0317269 2.28106 -0.993425 -0.0301426 0.110448 56.9888
0.118802 -0.0256241 0.992587 48.109 -0.0314243 0.999069 0.0295526 2.31345 -0.992421 -0.0347023 0.117887 57.0868
0.126349 -0.0252427 0.991665 48.9234 -0.0315956 0.999067 0.0294568 2.35054 -0.991483 -0.035054 0.125434 57.1954
0.13315 -0.0248529 0.990784 49.7375 -0.0312545 0.999083 0.0292614 2.37772 -0.990603 -0.0348626 0.132251 57.319
0.140862 -0.0241773 0.989734 50.5557 -0.0356286 0.99893 0.0294728 2.41397 -0.989388 -0.0394145 0.13985 57.4358
0.148321 -0.0235909 0.988658 51.3672 -0.0397195 0.998767 0.0297909 2.45003 -0.988141 -0.0436876 0.147201 57.5679
0.155455 -0.0229146 0.987577 52.1889 -0.0364407 0.998917 0.0289139 2.47501 -0.987171 -0.0404828 0.154452 57.7062
0.162767 -0.0255774 0.986333 52.9741 -0.0261009 0.999202 0.0302183 2.49859 -0.986319 -0.0306627 0.16197 57.8408
0.167807 -0.0258631 0.98548 53.7622 -0.0166742 0.999438 0.0290687 2.52448 -0.985679 -0.02131 0.167282 57.9826
0.172905 -0.0238228 0.98465 54.5425 -0.0152264 0.999523 0.0268564 2.55498 -0.984821 -0.0196363 0.17246 58.1371
0.178597 -0.0231334 0.98365 55.3083 -0.0189166 0.999458 0.0269398 2.582 -0.983741 -0.0234187 0.178062 58.2607
0.182682 -0.0184177 0.983 56.0726 -0.0218112 0.999503 0.0227803 2.59743 -0.98293 -0.0256019 0.18219 58.4247
0.190301 -0.0239057 0.981435 56.8493 -0.0239183 0.999294 0.0289785 2.62613 -0.981434 -0.0289888 0.189594 58.5651
0.194253 -0.0252671 0.980626 57.5933 -0.0270229 0.999151 0.0310975 2.6536 -0.980579 -0.0325401 0.193406 58.7139
0.197453 -0.0216014 0.980074 58.3425 -0.0370541 0.998878 0.029481 2.67906 -0.979612 -0.0421369 0.196431 58.8632
0.20173 -0.0219338 0.979196 59.0814 -0.0365705 0.998883 0.0299089 2.70587 -0.978758 -0.0418431 0.200702 59.025
0.204005 -0.0200139 0.978765 59.8018 -0.0302216 0.999186 0.0267306 2.72576 -0.978503 -0.035033 0.203234 59.1939
0.206763 -0.0208495 0.978169 60.5164 -0.0226759 0.999402 0.0260953 2.7445 -0.978128 -0.0275764 0.206166 59.3425
0.208236 -0.0161967 0.977945 61.2193 -0.0173095 0.999645 0.0202418 2.75926 -0.977925 -0.0211428 0.207882 59.4946
0.209691 -0.015345 0.977647 61.9088 -0.0139525 0.999728 0.0186842 2.77522 -0.977668 -0.0175585 0.209419 59.6606
0.212806 -0.0154063 0.976973 62.5866 -0.00811201 0.999813 0.0175335 2.78603 -0.977061 -0.0116564 0.212642 59.8136
0.212884 -0.0123964 0.976999 63.2603 -0.0082832 0.999861 0.0144913 2.80332 -0.977042 -0.0111777 0.212752 59.9692
0.21618 -0.0124759 0.976274 63.9265 -0.012495 0.999801 0.0155434 2.81878 -0.976274 -0.0155587 0.215981 60.124
0.216151 -0.0126796 0.976278 64.5893 -0.0164281 0.999727 0.0166214 2.82914 -0.976222 -0.0196311 0.215884 60.2625
0.216847 -0.0123749 0.976127 65.2411 -0.0159029 0.999742 0.0162071 2.83727 -0.976076 -0.0190377 0.216594 60.4101
0.216549 -0.0131633 0.976183 65.8815 -0.0166263 0.999714 0.0171689 2.85601 -0.97613 -0.0199482 0.216269 60.5428
0.217311 -0.0187058 0.975923 66.5108 -0.014918 0.999636 0.0224821 2.85326 -0.975988 -0.0194445 0.216953 60.6833
0.214957 -0.0130532 0.976536 67.1356 -0.014803 0.999752 0.016622 2.86729 -0.976511 -0.0180287 0.21471 60.8058
0.21451 -0.0140921 0.97662 67.7633 -0.0112578 0.999794 0.0168992 2.87854 -0.976657 -0.0146196 0.214307 60.9326
0.210115 -0.0119889 0.977603 68.3398 -0.00795747 0.999871 0.0139723 2.88094 -0.977644 -0.010715 0.209992 61.0566
0.211015 -0.0170162 0.977335 68.9459 -0.00861715 0.999777 0.0192675 2.89652 -0.977445 -0.0124876 0.210822 61.1823
0.2049 -0.00946475 0.978737 69.5261 -0.014528 0.999814 0.01271 2.91022 -0.978675 -0.0168234 0.204724 61.3027
0.205628 -0.0118501 0.978559 70.106 -0.0202263 0.999662 0.0163559 2.92576 -0.978421 -0.0231559 0.205318 61.4319
0.201367 -0.0152788 0.979397 70.6716 -0.0212541 0.999575 0.0199634 2.93652 -0.979285 -0.0248362 0.200956 61.5636
0.19992 -0.015907 0.979683 71.2234 -0.0175409 0.99965 0.0198107 2.94046 -0.979655 -0.0211451 0.19957 61.6776
0.196701 -0.0199933 0.98026 71.7694 -0.0120679 0.999667 0.0228107 2.94966 -0.980389 -0.0163165 0.196395 61.7845
0.192152 -0.0220447 0.981117 72.3131 -0.0103916 0.999646 0.0244962 2.95642 -0.98131 -0.0149023 0.191855 61.8828
0.191966 -0.0203131 0.981191 72.8502 -0.0131859 0.999642 0.0232749 2.97521 -0.981313 -0.0174059 0.19163 61.9927
0.189418 -0.0180144 0.981731 73.3896 -0.016611 0.99963 0.0215478 2.98384 -0.981756 -0.0203891 0.189049 62.0855
0.187143 -0.0165987 0.982192 73.9312 -0.0173895 0.999645 0.0202069 2.99386 -0.982179 -0.0208615 0.186788 62.2058
0.187646 -0.0247336 0.981925 74.4721 -0.0186505 0.999413 0.0287382 3.01021 -0.98206 -0.023706 0.187074 62.3095
0.192899 -0.0323458 0.980685 75.0158 -0.0159597 0.999221 0.0360964 3.04146 -0.981089 -0.0226144 0.192233 62.4145
0.19206 -0.0334711 0.980812 75.5666 -0.0219201 0.999023 0.0383849 3.05397 -0.981138 -0.0288718 0.191139 62.5103
0.197261 -0.0296539 0.979902 76.1183 -0.0285278 0.998945 0.035973 3.08145 -0.979936 -0.0350505 0.196207 62.631
0.199822 -0.0247512 0.97952 76.6611 -0.0289616 0.999095 0.0311541 3.1023 -0.979404 -0.0345937 0.198924 62.7714
0.207273 -0.0272516 0.977903 77.2225 -0.0283803 0.999024 0.0338556 3.1252 -0.977871 -0.0347705 0.206298 62.8853
0.214287 -0.0259704 0.976425 77.796 -0.0269283 0.999109 0.0324834 3.1599 -0.9764 -0.0332542 0.213397 63.0314
0.221746 -0.0246471 0.974793 78.358 -0.0288267 0.999078 0.0318187 3.17763 -0.974678 -0.0351557 0.220831 63.1614
0.229466 -0.020619 0.973098 78.9184 -0.0286219 0.9992 0.0279214 3.19808 -0.972896 -0.0342589 0.228692 63.3212
0.240376 -0.0201764 0.97047 79.508 -0.028261 0.999215 0.027774 3.21837 -0.970268 -0.0341027 0.239617 63.4897
0.249975 -0.016308 0.968115 80.0802 -0.0217889 0.99951 0.022463 3.23943 -0.968007 -0.0267094 0.249498 63.6303
0.259227 -0.0144267 0.965709 80.6782 -0.020381 0.999584 0.0204037 3.2672 -0.965601 -0.0249713 0.258826 63.824
0.270392 -0.0114321 0.962682 81.2741 -0.0162459 0.999733 0.0164351 3.29053 -0.962613 -0.0200836 0.270134 64.002
0.280613 -0.0107505 0.959761 81.8821 -0.0129095 0.999805 0.0149736 3.30658 -0.959734 -0.0165919 0.280419 64.1862
0.290887 -0.00991017 0.956706 82.4938 -0.0120619 0.999829 0.0140243 3.321 -0.956681 -0.0156191 0.290718 64.3868
0.301127 -0.00890128 0.953543 83.1199 -0.0118184 0.999845 0.0130657 3.33698 -0.953511 -0.0152038 0.300975 64.6072
0.311626 -0.00797543 0.950171 83.7598 -0.00900684 0.999895 0.0113467 3.36199 -0.950162 -0.012094 0.311522 64.8288
0.322222 -0.00923581 0.946619 84.4205 -0.0133068 0.999809 0.0142843 3.38141 -0.946571 -0.0171992 0.322037 65.0605
0.332856 -0.0154599 0.942851 85.0925 -0.0143897 0.999666 0.0214715 3.40664 -0.942868 -0.0207143 0.332523 65.2871
0.342958 -0.016335 0.939209 85.7678 -0.0164922 0.99959 0.0234074 3.41985 -0.939206 -0.0235174 0.342548 65.5478
0.353967 -0.0167282 0.935108 86.4551 -0.0203949 0.999464 0.0255995 3.44266 -0.935035 -0.0281328 0.353436 65.8106
0.362725 -0.0237409 0.931594 87.1548 -0.0172502 0.999333 0.0321837 3.47775 -0.931736 -0.027744 0.362074 66.0922
0.370506 -0.0295291 0.92836 87.8585 -0.015299 0.999165 0.037887 3.51059 -0.928704 -0.0282404 0.369745 66.367
0.377312 -0.0377293 0.925317 88.585 -0.0235027 0.998458 0.0502951 3.55366 -0.925788 -0.0407244 0.375844 66.6541
0.384527 -0.0411491 0.922196 89.3011 -0.0276324 0.998045 0.0560554 3.59566 -0.9227 -0.0470373 0.382638 66.956
0.391769 -0.0422726 0.919092 90.0145 -0.0315517 0.997739 0.059339 3.63785 -0.919523 -0.0522461 0.389549 67.2711
0.399835 -0.0428392 0.915585 90.7338 -0.0256137 0.997995 0.0578805 3.68218 -0.916229 -0.0465942 0.397936 67.5561
0.407629 -0.0406309 0.912243 91.4418 -0.0180607 0.998455 0.0525411 3.73133 -0.912969 -0.0378931 0.406266 67.8951
0.412978 -0.0376399 0.909963 92.147 -0.0277749 0.99816 0.0538935 3.78751 -0.910317 -0.047531 0.411173 68.2218
0.417567 -0.0264093 0.908262 92.8357 -0.0375773 0.998221 0.0463009 3.8282 -0.907869 -0.0534638 0.415832 68.5641
0.420578 -0.0200441 0.907035 93.523 -0.0386117 0.998455 0.039968 3.86569 -0.906434 -0.0518318 0.419154 68.8956
0.424983 -0.0235049 0.904896 94.2028 -0.0272842 0.998876 0.03876 3.89371 -0.90479 -0.0411617 0.423864 69.2181
0.427857 -0.0198335 0.903629 94.881 -0.0209682 0.999272 0.0318609 3.91783 -0.903603 -0.0325794 0.42713 69.5519
0.430927 -0.0161498 0.902242 95.5233 -0.0222644 0.999345 0.0285218 3.94714 -0.902112 -0.0323787 0.430286 69.887
0.435945 -0.0161532 0.899828 96.1853 -0.0218459 0.999354 0.0285237 3.97356 -0.899708 -0.0320923 0.43531 70.2093
0.439855 -0.0200606 0.897845 96.8347 -0.0215788 0.999226 0.0328973 3.99079 -0.897809 -0.0338444 0.439082 70.557
0.44276 -0.0192091 0.896434 97.4589 -0.022629 0.999213 0.0325882 4.01666 -0.896355 -0.0347141 0.441976 70.8844
0.445432 -0.0177437 0.89514 98.1142 -0.0246438 0.999182 0.0320691 4.04163 -0.894976 -0.0363442 0.44463 71.1925
0.447669 -0.0162387 0.894052 98.7079 -0.0211289 0.999364 0.0287312 4.06065 -0.89395 -0.0317524 0.447041 71.5049
0.451088 -0.0177068 0.892304 99.3063 -0.0189422 0.999388 0.0294077 4.08353 -0.892278 -0.0301676 0.450477 71.8227
0.452261 -0.0219089 0.891616 99.8941 -0.0174691 0.999289 0.0334156 4.09573 -0.891715 -0.0306883 0.451557 72.1519
0.454576 -0.0223926 0.890427 100.489 -0.0180966 0.999245 0.0343678 4.11733 -0.890524 -0.0317365 0.453827 72.4445
0.454304 -0.0237083 0.890531 101.058 -0.0187288 0.999171 0.0361551 4.14174 -0.89065 -0.033104 0.453483 72.767
0.458142 -0.0204883 0.888643 101.636 -0.0217261 0.999178 0.0342377 4.16407 -0.888614 -0.0349925 0.45732 73.0581
0.459371 -0.0221281 0.887969 102.198 -0.018211 0.999245 0.0343222 4.19857 -0.888058 -0.0319374 0.458621 73.346
0.463852 -0.0210742 0.885662 102.777 -0.0181914 0.99928 0.0333051 4.21746 -0.885726 -0.0315601 0.463135 73.5665
0.462448 -0.0226599 0.886357 103.278 -0.017893 0.999231 0.0348811 4.23924 -0.886466 -0.0319903 0.461687 73.944
0.469795 -0.0265901 0.882375 103.837 -0.018466 0.999032 0.0399372 4.26133 -0.882582 -0.0350562 0.468849 74.1807
0.468051 -0.0236406 0.883385 104.34 -0.0205154 0.999082 0.0376066 4.2842 -0.883463 -0.0357248 0.467137 74.5115
0.475158 -0.0261748 0.879511 104.873 -0.0221652 0.998884 0.0417023 4.30743 -0.879621 -0.0393098 0.474048 74.7646
0.475446 -0.0248198 0.879395 105.378 -0.0233794 0.998892 0.0408325 4.32961 -0.879434 -0.0399734 0.474339 75.0619
0.479662 -0.0276007 0.877019 105.886 -0.0220336 0.998811 0.0434843 4.35573 -0.877177 -0.0401817 0.478484 75.3402
0.483799 -0.0258942 0.874796 106.404 -0.0226671 0.998856 0.0421022 4.38662 -0.874886 -0.0401981 0.482658 75.5945
0.487461 -0.0219797 0.872868 106.913 -0.0251928 0.998913 0.0392228 4.41004 -0.872781 -0.0411096 0.486377 75.8732
0.493421 -0.0239748 0.86946 107.405 -0.0216871 0.99897 0.0398535 4.43097 -0.86952 -0.0385206 0.492393 76.1725
0.499063 -0.0169013 0.866401 107.884 -0.020973 0.999281 0.0315743 4.46025 -0.866312 -0.0339286 0.49835 76.4696
0.504372 -0.014004 0.863373 108.377 -0.0176703 0.999492 0.0265347 4.48008 -0.863305 -0.0286394 0.503869 76.7709
0.511209 -0.00868236 0.859413 108.859 -0.0162487 0.999673 0.0197647 4.50475 -0.859303 -0.0240683 0.5109 77.0738
0.517567 -0.00754594 0.85561 109.345 -0.0121463 0.999796 0.016165 4.52189 -0.855557 -0.0187589 0.517369 77.3859
0.524275 -0.00408995 0.851539 109.846 -0.0141872 0.999808 0.0135368 4.53836 -0.851431 -0.019178 0.524116 77.6941
0.530058 -0.000647483 0.847961 110.348 -0.0193319 0.999731 0.0128477 4.55865 -0.847741 -0.0232028 0.529902 78.0281
0.535377 0.00324601 0.844607 110.849 -0.0230341 0.999677 0.0107588 4.57461 -0.844299 -0.0252147 0.535279 78.3818
0.542049 0.0056008 0.840328 111.368 -0.023034 0.999701 0.00819493 4.58734 -0.840031 -0.0237982 0.542016 78.728
0.547925 0.0028767 0.836523 111.881 -0.0178706 0.999806 0.00826706 4.59724 -0.836337 -0.0194788 0.54787 79.0963
0.555234 0.00185923 0.831692 112.395 -0.0106839 0.999931 0.00489723 4.61597 -0.831625 -0.0116049 0.555216 79.461
0.560111 0.00462852 0.828405 112.916 -0.00630293 0.999979 -0.00132554 4.62046 -0.828394 -0.00447893 0.560129 79.8439
0.566855 0.00297442 0.823812 113.452 -0.00132915 0.999995 -0.00269597 4.6349 -0.823817 0.000433251 0.566856 80.2244
0.572876 0.00360959 0.819634 113.998 0.00109882 0.999986 -0.00517185 4.6394 -0.819641 0.00386346 0.572864 80.6274
0.57932 0.00420447 0.815089 114.549 0.000628772 0.999984 -0.00560511 4.64852 -0.8151 0.00375966 0.579308 81.0488
0.586724 0.0108239 0.809715 115.115 -0.00409621 0.999938 -0.0103986 4.65561 -0.809777 0.00278434 0.586731 81.4733
0.59296 0.00762942 0.805196 115.689 -0.00264334 0.999968 -0.00752834 4.65605 -0.805228 0.00233559 0.592961 81.9126
0.601201 0.00364351 0.79909 116.267 0.00227266 0.999978 -0.00626933 4.66024 -0.799095 0.00558519 0.601179 82.3637
0.608449 0.00347493 0.793586 116.851 0.00276207 0.999975 -0.00649636 4.65821 -0.793588 0.00614464 0.608424 82.8231
0.616182 0.00628482 0.787579 117.431 0.00151915 0.999957 -0.00916812 4.66348 -0.787603 0.00684568 0.616145 83.299
0.624304 0.00578802 0.78116 118.023 0.00238842 0.999954 -0.009318 4.66596 -0.781178 0.007683 0.624261 83.7879
0.631009 0.00608995 0.775752 118.626 0.0045686 0.999923 -0.0115659 4.67072 -0.775762 0.0108423 0.630932 84.2859
0.636519 0.0045421 0.771247 119.236 0.00358232 0.999954 -0.00884555 4.67091 -0.771252 0.00839321 0.636474 84.7975
0.63989 0.00293705 0.768461 119.849 0.00532941 0.999952 -0.00825957 4.67357 -0.768448 0.00938066 0.639844 85.3244
0.643691 -0.00253963 0.765281 120.501 0.00753254 0.999967 -0.0030173 4.67361 -0.765248 0.00770672 0.643689 85.8502
0.645521 -0.00641427 0.763715 121.105 0.00985635 0.999951 6.74094e-005 4.68157 -0.763679 0.00748393 0.645553 86.3885
0.649876 -0.0115418 0.759952 121.758 0.00892608 0.999932 0.00755337 4.68832 -0.759988 0.00187464 0.649935 86.9385
0.651358 -0.0128759 0.758661 122.405 0.0053853 0.999909 0.0123467 4.697 -0.758751 -0.00395652 0.651368 87.5035
0.655058 -0.0163683 0.755401 123.053 0.0022369 0.999803 0.0197243 4.72154 -0.755575 -0.0112308 0.654966 88.0557
0.65972 -0.0153802 0.751354 123.711 -0.00237815 0.999743 0.0225528 4.7419 -0.751508 -0.0166654 0.659513 88.6176
0.661855 -0.00899767 0.749578 124.346 -0.00806268 0.999785 0.0191202 4.76644 -0.749589 -0.0186984 0.661639 89.2051
0.666128 -0.00150602 0.745836 125.013 -0.0123209 0.999839 0.013023 4.7923 -0.745735 -0.0178643 0.666003 89.7998
0.668599 0.0024964 0.743619 125.669 -0.0151615 0.999832 0.0102754 4.81808 -0.743469 -0.0181445 0.668524 90.3693
0.672485 0.00074368 0.740111 126.312 -0.0138774 0.999836 0.0116047 4.83474 -0.739981 -0.0180748 0.672385 90.989
0.676634 -0.00151034 0.736318 126.971 -0.0134993 0.999804 0.0144559 4.85483 -0.736195 -0.0197212 0.676482 91.6024
0.679481 -0.00353258 0.733685 127.626 -0.0160356 0.999678 0.0196643 4.87852 -0.733518 -0.0251266 0.679206 92.2257
0.684493 -0.0106876 0.728941 128.285 -0.0104752 0.999645 0.0244931 4.9001 -0.728944 -0.0244011 0.684138 92.8394
0.688214 -0.0163596 0.725324 128.93 -0.00463267 0.999626 0.0269421 4.92603 -0.725493 -0.0219021 0.687881 93.4725
0.693465 -0.0269436 0.719986 129.587 0.00627481 0.999488 0.0313596 4.95233 -0.720463 -0.017229 0.69328 94.0826
0.697815 -0.0276797 0.715743 130.241 0.00922394 0.999517 0.0296611 4.97924 -0.716218 -0.014096 0.697734 94.7272
0.703782 -0.0233045 0.710034 130.879 0.00253144 0.999538 0.0302974 5.01653 -0.710411 -0.0195254 0.703516 95.3561
0.709409 -0.0188697 0.704545 131.531 -0.00690026 0.999408 0.0337149 5.05827 -0.704764 -0.0287792 0.708858 96.0072
0.715849 -0.0222286 0.697901 132.181 -0.00938043 0.999097 0.0414435 5.10093 -0.698192 -0.0362139 0.714994 96.6676
0.719951 -0.0230357 0.693642 132.813 -0.00850008 0.999081 0.0420018 5.12911 -0.693972 -0.0361353 0.719094 97.3437
0.724996 -0.0224268 0.688388 133.459 -0.0074052 0.999158 0.0403503 5.17995 -0.688713 -0.0343515 0.724219 98.0071
0.728812 -0.0189316 0.684452 134.082 -0.00955744 0.999239 0.0378153 5.2122 -0.684647 -0.0341019 0.728077 98.6962
0.732606 -0.0191311 0.680384 134.724 -0.0130886 0.999024 0.0421839 5.25974 -0.680527 -0.0398095 0.731641 99.3818
0.735509 -0.0227435 0.677134 135.378 -0.0121439 0.998833 0.0467394 5.31008 -0.677407 -0.0426003 0.734374 100.057
0.73562 -0.0214342 0.677055 136.017 -0.0169329 0.998605 0.0500114 5.35638 -0.677182 -0.0482539 0.734231 100.773
0.73625 -0.0228569 0.676324 136.637 -0.0188861 0.998346 0.0542995 5.40996 -0.676446 -0.0527511 0.7346 101.456
0.737302 -0.0259931 0.675063 137.273 -0.0180996 0.998141 0.0582015 5.46162 -0.675321 -0.0551304 0.735461 102.15
0.738627 -0.0272305 0.673564 137.905 -0.0185855 0.997981 0.0607265 5.52774 -0.673858 -0.0573728 0.73663 102.85
0.736462 -0.0197376 0.676191 138.551 -0.0237286 0.998205 0.0549806 5.58053 -0.676063 -0.0565362 0.734672 103.547
0.735124 -0.015539 0.677754 139.185 -0.0261912 0.99834 0.0512974 5.64004 -0.677426 -0.0554611 0.733497 104.273
0.734102 -0.0149194 0.678876 139.833 -0.0245258 0.998524 0.0484651 5.69849 -0.678596 -0.0522283 0.732652 104.93
0.731062 -0.0132251 0.682183 140.446 -0.0245662 0.998654 0.0456868 5.75138 -0.681868 -0.0501585 0.729753 105.637
0.72936 -0.0115962 0.684031 141.103 -0.0260262 0.998662 0.0446809 5.80325 -0.683634 -0.0503912 0.728083 106.326
0.726321 -0.0151057 0.68719 141.736 -0.022893 0.998672 0.0461493 5.85078 -0.686975 -0.049251 0.72501 107.019
0.723921 -0.0161356 0.689695 142.376 -0.0224372 0.998647 0.0469142 5.89971 -0.689518 -0.049437 0.722579 107.693
0.720875 -0.0211774 0.692742 143.015 -0.0201751 0.998468 0.051518 5.94234 -0.692772 -0.0511141 0.719343 108.373
0.718589 -0.0235761 0.695035 143.659 -0.0134927 0.998764 0.0478287 5.9882 -0.695304 -0.043747 0.717383 109.025
0.714477 -0.0141466 0.699516 144.278 -0.0160232 0.999203 0.0365731 6.0292 -0.699476 -0.0373391 0.71368 109.695
0.71128 -0.0103206 0.702833 144.916 -0.0149279 0.999445 0.0297834 6.0734 -0.70275 -0.0316762 0.710731 110.357
0.707802 -0.0113705 0.706319 145.575 -0.0155463 0.999378 0.0316672 6.11651 -0.706239 -0.0333948 0.707185 111.019
0.703499 -0.00646117 0.710667 146.208 -0.0235605 0.999197 0.0324072 6.14284 -0.710306 -0.0395421 0.702782 111.671
0.699985 -0.00747761 0.714118 146.86 -0.0245477 0.999102 0.0345236 6.18219 -0.713735 -0.0416959 0.699173 112.337
0.696761 -0.0108164 0.717222 147.499 -0.0191665 0.999249 0.0336894 6.21287 -0.717047 -0.0372201 0.69603 112.957
0.692921 -0.0162117 0.720832 148.139 -0.0137786 0.999267 0.0357189 6.24824 -0.720882 -0.0346824 0.692189 113.599
0.689836 -0.0189726 0.723717 148.801 -0.00965412 0.999327 0.0354 6.28109 -0.723902 -0.031407 0.689188 114.233
0.685864 -0.0224704 0.727383 149.466 -0.00653609 0.999293 0.0370332 6.32331 -0.7277 -0.030154 0.685232 114.834
0.68169 -0.0208908 0.731343 150.109 -0.00811183 0.999315 0.0361065 6.35681 -0.731596 -0.030546 0.681054 115.441
0.678442 -0.0179689 0.734435 150.781 -0.0127169 0.999264 0.0361957 6.39883 -0.734544 -0.0338964 0.677714 116.033
0.674565 -0.0136769 0.738089 151.442 -0.0177371 0.999239 0.0347265 6.43127 -0.738003 -0.0365168 0.673809 116.644
0.670812 -0.0146317 0.741483 152.108 -0.0170874 0.999235 0.0351767 6.47016 -0.741431 -0.036267 0.670049 117.257
0.664845 -0.0119058 0.746887 152.78 -0.0175485 0.999348 0.031551 6.49993 -0.746775 -0.0340832 0.664203 117.852
0.658085 -0.00843597 0.752896 153.452 -0.0156079 0.99957 0.0248423 6.53711 -0.752782 -0.0280995 0.65767 118.458
0.652564 -0.00725593 0.757699 154.134 -0.0114911 0.999744 0.0194704 6.56186 -0.757647 -0.0214125 0.652313 119.05
0.645755 -0.00801059 0.763502 154.833 -0.0076453 0.999827 0.0169563 6.59955 -0.763506 -0.0167868 0.645582 119.649
0.639498 -0.00763532 0.768755 155.536 -0.0136929 0.999679 0.0213195 6.62861 -0.768671 -0.0241602 0.639188 120.237
0.633175 -0.000778648 0.774008 156.252 -0.0271863 0.99936 0.0232451 6.65953 -0.773531 -0.0357606 0.632749 120.835
0.625952 -0.00387514 0.779852 156.98 -0.0269671 0.999282 0.0266107 6.68181 -0.779395 -0.0376873 0.625398 121.417
0.618452 -0.00585728 0.785801 157.703 -0.0213715 0.999477 0.0242701 6.71487 -0.785532 -0.0318036 0.618003 122.011
0.610222 -0.00791234 0.792191 158.446 -0.0164432 0.999608 0.0226501 6.74742 -0.79206 -0.0268477 0.609853 122.591
0.603017 -0.0180425 0.797524 159.203 -0.00246305 0.999697 0.0244787 6.77682 -0.797724 -0.0167254 0.60279 123.177
0.595953 -0.0164137 0.802851 159.934 0.00370615 0.999837 0.0176898 6.79859 -0.803011 -0.00756682 0.595917 123.732
0.588511 -0.015952 0.808331 160.693 0.00201056 0.999831 0.0182673 6.82435 -0.808486 -0.00912532 0.588444 124.267
0.581051 -0.0136639 0.813753 161.473 -0.00619281 0.999756 0.021209 6.85367 -0.813844 -0.0173629 0.580824 124.844
0.574155 -0.0153769 0.818602 162.241 -0.0133555 0.999515 0.0281426 6.87512 -0.818637 -0.027091 0.573671 125.37
0.566982 -0.0147604 0.823598 163.003 -0.0140726 0.99952 0.0276011 6.9035 -0.82361 -0.0272395 0.566502 125.887
0.559938 -0.0114985 0.828454 163.765 -0.0171163 0.99953 0.0254415 6.93497 -0.828357 -0.0284257 0.559478 126.412
0.554058 -0.015193 0.83234 164.522 -0.0149425 0.999491 0.0281907 6.96786 -0.832344 -0.0280565 0.553548 126.948
0.549383 -0.0248851 0.8352 165.298 -0.0116591 0.999231 0.0374417 7.00085 -0.835489 -0.0303075 0.54867 127.436
0.543498 -0.0216331 0.839132 166.047 -0.017712 0.99915 0.0372303 7.03581 -0.839224 -0.0350973 0.542652 127.941
0.539856 -0.0180041 0.841565 166.809 -0.0255602 0.99896 0.0377679 7.06545 -0.841369 -0.0418998 0.538834 128.414
0.535122 -0.0186045 0.84457 167.545 -0.0221323 0.999106 0.0360318 7.10198 -0.844485 -0.0379736 0.534232 128.896
0.531485 -0.0208936 0.84681 168.303 -0.0161951 0.999262 0.0348196 7.13533 -0.846913 -0.0322203 0.530754 129.37
0.527907 -0.0197928 0.849071 169.025 -0.0113234 0.999476 0.0303392 7.1644 -0.849227 -0.0256306 0.527406 129.817
0.524647 -0.0158029 0.851173 169.747 -0.0143195 0.999522 0.0273833 7.19543 -0.8512 -0.0265549 0.52417 130.254
0.521949 -0.0155964 0.852834 170.459 -0.0219869 0.999255 0.0317305 7.22551 -0.852694 -0.0353128 0.521217 130.717
0.520045 -0.0202315 0.853899 171.198 -0.0252331 0.998919 0.039035 7.24986 -0.853766 -0.0418465 0.518972 131.127
0.517301 -0.0273092 0.855368 171.897 -0.0221291 0.99873 0.0452693 7.29312 -0.855517 -0.0423463 0.51604 131.577
0.512588 -0.032592 0.858016 172.596 -0.0179107 0.998656 0.0486343 7.31618 -0.858448 -0.040297 0.511315 132.003
0.510785 -0.0305141 0.859167 173.293 -0.0175423 0.998792 0.0459021 7.35348 -0.859529 -0.0385179 0.509633 132.409
0.509266 -0.0244258 0.860263 173.959 -0.0197931 0.999 0.0400823 7.38544 -0.860382 -0.0374398 0.508273 132.843
0.508125 -0.023511 0.860963 174.654 -0.0146144 0.999248 0.0359124 7.41338 -0.86116 -0.0308304 0.507399 133.215
0.503779 -0.0238265 0.863504 175.331 -0.0117861 0.999337 0.0344507 7.44834 -0.863752 -0.0275328 0.503164 133.63
0.503413 -0.0230427 0.863739 175.994 -0.0225267 0.998955 0.0397792 7.49223 -0.863752 -0.0394825 0.502367 134.011
0.499388 -0.0128085 0.866283 176.664 -0.0426452 0.998315 0.0393445 7.52448 -0.865328 -0.056591 0.498001 134.415
0.496777 -0.00695523 0.86785 177.322 -0.0501233 0.998069 0.0366906 7.55385 -0.866429 -0.0617265 0.495469 134.81
0.494663 -0.0140771 0.868971 177.968 -0.0340161 0.998789 0.0355439 7.58236 -0.868419 -0.0471413 0.493586 135.191
0.491759 -0.0230136 0.870427 178.615 -0.0160339 0.999242 0.0354779 7.60927 -0.870584 -0.0314029 0.491017 135.549
0.489366 -0.0247045 0.871729 179.256 -0.0127256 0.99929 0.0354633 7.63873 -0.871986 -0.0284478 0.488704 135.908
0.486905 -0.0221013 0.873175 179.887 -0.0196466 0.99915 0.0362453 7.66622 -0.873234 -0.0348029 0.486057 136.265
0.484616 -0.0189298 0.874522 180.509 -0.0244248 0.999083 0.0351611 7.69216 -0.874386 -0.0383997 0.483709 136.62
0.482677 -0.0214594 0.875535 181.122 -0.0231113 0.99904 0.0372276 7.7105 -0.875493 -0.0382037 0.481718 136.96
0.479029 -0.0210259 0.877547 181.736 -0.0202873 0.999181 0.0350145 7.73044 -0.877564 -0.034576 0.47821 137.301
0.47481 -0.019886 0.879864 182.333 -0.0185363 0.999297 0.0325882 7.75562 -0.879893 -0.0317826 0.474108 137.638
0.468565 -0.0149145 0.883303 182.921 -0.0208584 0.999392 0.0279394 7.78062 -0.883183 -0.0315157 0.467969 137.969
0.465532 -0.0176175 0.884855 183.519 -0.0174274 0.999426 0.0290674 7.80279 -0.884859 -0.0289526 0.464958 138.265
0.459505 -0.0166727 0.888018 184.098 -0.0151448 0.999531 0.0266031 7.82162 -0.888046 -0.0256731 0.459038 138.582
0.455545 -0.0183214 0.890024 184.688 -0.0130147 0.999544 0.0272373 7.84524 -0.890118 -0.0239913 0.455099 138.873
0.448085 -0.0186109 0.893797 185.274 -0.0095586 0.999626 0.0256065 7.86237 -0.89394 -0.0200174 0.44774 139.167
0.441693 -0.0157193 0.897029 185.869 -0.0128614 0.999633 0.0238502 7.88698 -0.897074 -0.0220715 0.441328 139.467
0.435128 -0.0077525 0.900335 186.473 -0.0196206 0.999644 0.0180901 7.90949 -0.900155 -0.0255366 0.43482 139.753
0.429018 -0.00572117 0.903278 187.077 -0.0196407 0.999684 0.0156603 7.92535 -0.903082 -0.0244595 0.42877 140.059
0.422352 -0.00651031 0.906408 187.696 -0.0136424 0.999815 0.013538 7.94314 -0.906329 -0.0180834 0.422186 140.347
0.415724 -0.009586 0.90944 188.326 -0.00593429 0.999895 0.0132521 7.95613 -0.909471 -0.0109061 0.415624 140.625
0.407544 -0.00326294 0.91318 188.95 -0.00500516 0.999971 0.00580681 7.97427 -0.913172 -0.00693714 0.407516 140.925
0.400617 -0.000550443 0.916245 189.587 -0.00582348 0.999978 0.00314699 7.98646 -0.916227 -0.00659647 0.400605 141.212
0.393314 0.0013157 0.919403 190.23 -0.000854723 0.999999 -0.00106539 7.99575 -0.919404 -0.000366802 0.393315 141.502
0.385924 0.000799483 0.92253 190.888 0.00159896 0.999998 -0.00153552 7.99856 -0.922529 0.00206768 0.385922 141.788
0.377141 0.00316863 0.92615 191.569 0.00314958 0.999984 -0.00470379 8.00385 -0.926151 0.00469097 0.377125 142.05
0.369471 0.000902004 0.929242 192.249 0.00681163 0.99997 -0.00367899 8.00891 -0.929217 0.00768893 0.369454 142.326
0.36256 -0.000456991 0.93196 192.951 0.00555861 0.999983 -0.00167211 8.02039 -0.931944 0.00578664 0.362556 142.585
0.354345 -0.000560724 0.935115 193.658 0.000327269 1 0.000475618 8.0321 -0.935115 0.000137501 0.354345 142.866
0.347213 0.00317411 0.937781 194.379 -0.00729625 0.999973 -0.000683184 8.04468 -0.937758 -0.00660508 0.347226 143.14
0.340556 -0.00064009 0.940224 195.12 -0.00855356 0.999956 0.00377892 8.05924 -0.940185 -0.0093292 0.340536 143.401
0.334678 -0.00594133 0.942314 195.889 -0.00496572 0.999955 0.00806842 8.07019 -0.94232 -0.00737959 0.334633 143.664
0.328846 -0.00566934 0.944366 196.642 -0.0108579 0.999893 0.00978361 8.09035 -0.944321 -0.0134711 0.32875 143.937
0.323215 -0.0067987 0.946301 197.417 -0.0162827 0.999786 0.0127444 8.10559 -0.946185 -0.0195275 0.323036 144.21
0.317894 -0.0102923 0.94807 198.208 -0.00819287 0.999874 0.0136018 8.11695 -0.948091 -0.0120914 0.31777 144.466
0.312435 -0.0162338 0.949801 198.996 0.00446363 0.999868 0.0156213 8.13306 -0.949929 -0.000641067 0.312466 144.733
0.30848 -0.0176895 0.951066 199.775 0.0131316 0.999811 0.0143369 8.15314 -0.95114 0.00806641 0.308654 144.992
0.304641 -0.024276 0.952158 200.605 0.0136664 0.999684 0.0211151 8.15537 -0.952369 0.00658008 0.304876 145.182
0.299372 -0.0233656 0.95385 201.432 -0.000765661 0.999694 0.0247289 8.1923 -0.954136 -0.00813346 0.299263 145.463
0.295022 -0.0269624 0.95511 202.282 -0.0209046 0.99918 0.0346637 8.23069 -0.955262 -0.0301927 0.294217 145.731
0.290846 -0.0285391 0.956344 203.157 -0.0273711 0.998898 0.0381332 8.27744 -0.956378 -0.0372671 0.289745 145.986
0.28584 -0.0234696 0.95799 203.99 -0.0271845 0.999099 0.0325879 8.31983 -0.957892 -0.0353574 0.284945 146.272
0.282384 -0.0219262 0.959051 204.826 -0.017355 0.999458 0.0279601 8.36279 -0.959144 -0.0245398 0.281851 146.533
0.27674 -0.0156529 0.960817 205.722 -0.0167844 0.999636 0.0211197 8.39413 -0.960798 -0.0219714 0.276377 146.761
0.271967 -0.0136302 0.96221 206.578 -0.026021 0.99943 0.0215122 8.42905 -0.961955 -0.0308883 0.271457 147.025
0.268633 -0.0125287 0.963161 207.457 -0.0287867 0.999364 0.0210285 8.478 -0.962812 -0.0333751 0.268102 147.284
0.261654 -0.00998302 0.96511 208.334 -0.0208545 0.999655 0.0159943 8.49825 -0.964936 -0.0243118 0.261356 147.554
0.256862 -0.012218 0.966371 209.232 -0.0114475 0.999811 0.0156836 8.52343 -0.96638 -0.0150911 0.256674 147.767
0.251005 -0.0096235 0.967938 210.121 -0.00341135 0.999936 0.0108263 8.55752 -0.96798 -0.00601942 0.250956 148.045
0.247721 -0.0153869 0.968709 211.038 -0.00831581 0.999803 0.0180074 8.59169 -0.968796 -0.0125164 0.247545 148.248
0.24227 -0.0116555 0.970139 211.956 -0.00819564 0.999868 0.0140594 8.60777 -0.970174 -0.0113571 0.242142 148.484
0.239228 -0.0207158 0.970742 212.876 -0.0196262 0.999465 0.0261654 8.65196 -0.970765 -0.0253115 0.238693 148.727
0.236714 -0.0160948 0.971446 213.807 -0.0159155 0.999664 0.0204405 8.65934 -0.971449 -0.0202996 0.236378 148.929
0.232395 -0.0162491 0.972486 214.731 -0.0199364 0.999571 0.0214658 8.71327 -0.972417 -0.0243764 0.231971 149.188
0.230485 -0.0136583 0.97298 215.671 -0.0220331 0.999572 0.0192509 8.72013 -0.972826 -0.0258748 0.230085 149.396
0.223471 -0.0107932 0.974651 216.548 -0.0189808 0.999701 0.0154226 8.79721 -0.974526 -0.0219461 0.223199 149.783
0.227458 -0.0121779 0.973712 217.502 -0.0157444 0.999745 0.0161814 8.79964 -0.973661 -0.0190111 0.227208 149.94
0.222809 -0.010878 0.974801 218.425 -0.0118036 0.999834 0.0138553 8.82426 -0.974791 -0.0145933 0.222644 150.178
0.217762 -0.00977833 0.975953 219.352 -0.0115683 0.999854 0.012599 8.85232 -0.975933 -0.0140337 0.217617 150.418
0.220926 -0.0140066 0.97519 220.297 -0.0115349 0.999789 0.0169731 8.86363 -0.975222 -0.0149986 0.220717 150.606
0.21806 -0.0100258 0.975884 221.228 -0.0128068 0.999832 0.0131335 8.88484 -0.975851 -0.0153618 0.217895 150.817
0.217379 -0.0150306 0.975972 222.165 -0.0144821 0.999722 0.018622 8.89876 -0.97598 -0.0181821 0.217101 150.997
0.216503 -0.0129097 0.976197 223.099 -0.0111938 0.999814 0.0157046 8.91311 -0.976218 -0.0143275 0.216318 151.214
0.210267 -0.0128069 0.97756 224.018 -0.00962935 0.999839 0.01517 8.94109 -0.977596 -0.012603 0.21011 151.495
0.211945 -0.0126583 0.9772 224.944 -0.00295661 0.999903 0.0135937 8.96007 -0.977277 -0.00577032 0.211887 151.628
0.205479 -0.00132092 0.978661 225.855 -0.000683325 0.999999 0.0014932 8.96561 -0.978661 -0.000975563 0.205478 151.877
0.20629 -0.00894388 0.97845 226.813 -0.0153297 0.999806 0.0123711 8.98685 -0.978371 -0.0175514 0.206113 152.058
0.200491 -0.00307168 0.979691 227.709 -0.0159613 0.999852 0.00640132 9.00153 -0.979566 -0.0169205 0.200412 152.267
0.198292 -0.00736176 0.980115 228.654 -0.0163533 0.999808 0.0108182 9.01196 -0.980007 -0.0181732 0.198133 152.446
0.192921 -0.00389552 0.981207 229.56 -0.0104047 0.999928 0.00601559 9.02609 -0.981159 -0.0113697 0.192867 152.632
0.188827 -0.00647079 0.981989 230.479 -0.00721472 0.999942 0.00797641 9.03951 -0.981984 -0.00859094 0.188769 152.817
0.185823 -0.00890538 0.982543 231.404 -0.00510124 0.999937 0.0100278 9.0494 -0.98257 -0.00687558 0.185766 152.987
0.181566 -0.00672483 0.983356 232.33 -0.00739583 0.999939 0.0082038 9.0647 -0.983351 -0.00876226 0.181505 153.162
0.176986 -0.00642349 0.984192 233.264 -0.00948063 0.999921 0.00823103 9.07819 -0.984168 -0.0107875 0.176911 153.34
0.174217 -0.00703202 0.984682 234.196 -0.00891476 0.999922 0.00871812 9.08878 -0.984667 -0.010297 0.17414 153.502
0.170772 -0.00513744 0.985297 235.117 -0.00839606 0.999943 0.00666901 9.10293 -0.985275 -0.00941149 0.170719 153.661
0.167153 -0.00368274 0.985924 236.041 -0.00602982 0.999971 0.0047575 9.11809 -0.985913 -0.00674018 0.167126 153.822
0.163887 -0.00225993 0.986477 236.977 -0.00743602 0.999966 0.0035262 9.12084 -0.986451 -0.00791336 0.163865 153.966
0.157648 0.00393685 0.987488 237.888 -0.00538656 0.999981 -0.00312672 9.13284 -0.987481 -0.00482624 0.157666 154.145
0.157162 0.00627879 0.987553 238.804 8.23511e-005 0.99998 -0.0063709 9.1394 -0.987573 0.00108259 0.157158 154.297
0.152717 0.00947678 0.988225 239.711 0.00932915 0.999896 -0.0110304 9.13826 -0.988226 0.0109038 0.152613 154.466
0.149518 0.0115915 0.988691 240.631 0.0122539 0.999833 -0.0135753 9.13439 -0.988683 0.0141451 0.149351 154.601
0.145401 0.0123985 0.989295 241.553 0.01004 0.999851 -0.0140064 9.13372 -0.989322 0.0119691 0.145255 154.732
0.142461 0.0143598 0.989696 242.474 0.00618502 0.999862 -0.0153976 9.12698 -0.989781 0.00831484 0.142352 154.865
0.140499 0.00950963 0.990035 243.391 0.00552546 0.999931 -0.0103888 9.12321 -0.990065 0.00693001 0.140437 154.995
0.136752 0.00858515 0.990568 244.3 0.00716062 0.999928 -0.00965482 9.11633 -0.990579 0.0084134 0.136681 155.133
0.132248 0.0109117 0.991157 245.209 0.00984222 0.999876 -0.0123209 9.11468 -0.991168 0.0113846 0.132125 155.273
0.129251 0.00804601 0.991579 246.114 0.0109318 0.999895 -0.00953843 9.1043 -0.991552 0.0120726 0.12915 155.376
0.124262 0.0143825 0.992145 247.013 0.0179276 0.999699 -0.0167374 9.10581 -0.992087 0.0198666 0.123967 155.487
0.119595 0.00229433 0.99282 247.921 0.0122828 0.999917 -0.00379031 9.10394 -0.992747 0.0126479 0.119557 155.589
0.113791 0.00184176 0.993503 248.826 0.000841144 0.999998 -0.00195014 9.10206 -0.993504 0.00105759 0.113789 155.692
0.109204 0.00174183 0.994018 249.724 -0.00146132 0.999998 -0.00159177 9.10679 -0.994018 -0.00127875 0.109206 155.805
0.104271 0.00132223 0.994548 250.611 0.0156958 0.999872 -0.0029749 9.09471 -0.994425 0.0159204 0.104237 155.915
0.0983326 -0.000434941 0.995154 251.494 0.0260067 0.999659 -0.00213285 9.09826 -0.994814 0.0260903 0.0983105 156.001
0.0927177 0.00405672 0.995684 252.389 0.0186922 0.999808 -0.00581414 9.09457 -0.995517 0.0191506 0.0926241 156.098
0.0878986 0.00813963 0.996096 253.288 0.000671158 0.999966 -0.00823048 9.11587 -0.996129 0.00139199 0.0878902 156.186
0.0820497 0.0120338 0.996556 254.185 -0.00798451 0.999903 -0.0114168 9.11387 -0.996596 -0.00702026 0.0821378 156.265
0.0764824 0.011591 0.997004 255.079 -0.00502925 0.999924 -0.0112391 9.11683 -0.997058 -0.00415459 0.0765349 156.339
0.0708307 0.0168833 0.997345 255.963 0.00465176 0.99984 -0.0172559 9.10192 -0.997478 0.00586166 0.0707409 156.405
0.0637648 0.0211339 0.997741 256.846 0.00841146 0.999729 -0.0217135 9.10311 -0.99793 0.00977702 0.0635698 156.479
0.0571739 0.0260461 0.998024 257.73 0.00912674 0.999604 -0.0266102 9.08903 -0.998323 0.0106301 0.0569135 156.541
0.0501655 0.0278827 0.998352 258.611 0.0116584 0.999526 -0.0285013 9.06593 -0.998673 0.013069 0.0498167 156.59
0.043456 0.0244101 0.998757 259.485 0.0236093 0.999397 -0.025453 9.0524 -0.998776 0.024686 0.0428535 156.627
0.0373349 0.0229998 0.999038 260.357 0.0335233 0.999144 -0.024255 9.03267 -0.99874 0.0343966 0.0365319 156.646
0.0303006 0.0217554 0.999304 261.227 0.0312005 0.999255 -0.0227004 9.01992 -0.999054 0.0318666 0.0295993 156.679
0.0238745 0.0219051 0.999475 262.102 0.0233702 0.999474 -0.0224633 9.00644 -0.999442 0.0238943 0.02335 156.709
0.0178036 0.0245288 0.999541 262.977 0.0184214 0.999521 -0.0248565 9.00387 -0.999672 0.0188554 0.0173432 156.732
0.0115602 0.022011 0.999691 263.849 0.0190668 0.999571 -0.0222288 8.97843 -0.999751 0.0193179 0.0111355 156.747
0.00549965 0.0190415 0.999804 264.717 0.0227112 0.999558 -0.0191618 8.96634 -0.999727 0.0228121 0.00506477 156.747
0.00128873 0.0183157 0.999831 265.58 0.0273782 0.999457 -0.0183441 8.94858 -0.999624 0.0273972 0.000786582 156.758
-0.0026041 0.0173962 0.999845 266.447 0.0242957 0.999555 -0.0173278 8.94389 -0.999701 0.0242468 -0.00302559 156.753
-0.00472572 0.0151167 0.999875 267.315 0.0223702 0.999637 -0.0150074 8.92287 -0.999739 0.0222965 -0.00506217 156.731
-0.00695521 0.0105887 0.99992 268.183 0.0140242 0.999847 -0.0104904 8.92694 -0.999877 0.0139501 -0.00710264 156.735
-0.00830139 0.00667191 0.999943 269.047 0.00772107 0.999948 -0.00660784 8.91682 -0.999936 0.00766578 -0.00835248 156.71
-0.0139786 0.0116208 0.999835 269.912 0.00795266 0.999902 -0.0115104 8.91758 -0.999871 0.00779045 -0.0140697 156.739
-0.0138364 0.00560495 0.999889 270.772 0.00948776 0.99994 -0.00547395 8.90422 -0.999859 0.00941096 -0.0138887 156.719
-0.0154401 0.0074773 0.999853 271.629 0.0140899 0.999874 -0.00725988 8.89889 -0.999782 0.0139757 -0.0155435 156.711
-0.0106815 -0.00464528 0.999932 272.482 0.00932737 0.999945 0.00474498 8.8923 -0.999899 0.00937742 -0.0106376 156.668
-0.0161155 -2.93067e-005 0.99987 273.331 0.00816795 0.999967 0.000160958 8.89887 -0.999837 0.00816949 -0.0161148 156.7
-0.010971 -0.00308755 0.999935 274.184 -0.000144902 0.999995 0.00308614 8.89749 -0.99994 -0.000111035 -0.0109714 156.672
-0.0143938 -0.00149801 0.999895 274.991 -0.00057498 0.999999 0.00148989 8.91674 -0.999896 -0.000553475 -0.0143947 156.688
-0.00719065 -0.00792346 0.999943 275.811 -0.00458137 0.999958 0.00789064 8.91393 -0.999964 -0.00452437 -0.00722665 156.671
-0.00994817 -0.0021035 0.999948 276.62 -0.00517009 0.999985 0.00205214 8.93083 -0.999937 -0.00514941 -0.00995889 156.69
-0.00358878 -0.00730124 0.999967 277.428 -0.0110363 0.999913 0.00726124 8.93591 -0.999933 -0.0110098 -0.00366904 156.687
-0.000463839 -0.00540294 0.999985 278.214 -0.0106703 0.999929 0.00539768 8.94279 -0.999943 -0.0106676 -0.000521456 156.679
0.00189893 -0.00278042 0.999994 278.993 -0.0104932 0.999941 0.0028002 8.9343 -0.999943 -0.0104985 0.00186964 156.679
0.00637236 0.00157293 0.999978 279.759 -0.00705638 0.999974 -0.00152795 8.94373 -0.999955 -0.00704649 0.00638329 156.693
0.0119291 0.000554165 0.999929 280.514 -0.00439549 0.99999 -0.000501761 8.94754 -0.999919 -0.00438919 0.0119314 156.713
0.0158155 0.000176353 0.999875 281.259 -0.000332662 1 -0.000171113 8.95497 -0.999875 -0.000329914 0.0158156 156.727
0.0202587 7.6314e-005 0.999795 282.002 -0.00108718 0.999999 -5.43002e-005 8.95506 -0.999794 -0.00108586 0.0202588 156.745
0.0229858 0.00270616 0.999732 282.723 -0.00493207 0.999984 -0.00259345 8.95412 -0.999724 -0.00487114 0.0229988 156.772
0.0265613 0.005733 0.999631 283.44 -0.00430854 0.999975 -0.00562049 8.95082 -0.999638 -0.00415767 0.0265853 156.804
0.0312874 0.00528039 0.999496 284.129 0.00135772 0.999985 -0.00532547 8.95101 -0.99951 0.00152366 0.0312797 156.839
0.0352786 0.00227367 0.999375 284.806 0.007481 0.999969 -0.00253911 8.93954 -0.99935 0.0075659 0.0352605 156.859
0.0384744 0.00421286 0.999251 285.473 0.00837875 0.999955 -0.00453844 8.94347 -0.999224 0.00854709 0.0384374 156.882
0.0411437 0.00437231 0.999144 286.127 0.00876877 0.99995 -0.00473693 8.93401 -0.999115 0.00895616 0.0411034 156.934
0.0447598 0.00974711 0.99895 286.77 0.00766371 0.99992 -0.0101 8.92788 -0.998968 0.00810773 0.0446815 156.953
0.0477342 0.0130948 0.998774 287.398 0.00955393 0.999862 -0.0135657 8.92313 -0.998814 0.0101898 0.0476026 157.008
0.0536061 0.01465 0.998455 288.016 0.00908973 0.999844 -0.0151584 8.91735 -0.998521 0.00988826 0.0534646 157.047
0.0554952 0.0154867 0.998339 288.62 0.0119175 0.999798 -0.0161718 8.89825 -0.998388 0.0127951 0.0552995 157.089
0.0587885 0.00954393 0.998225 289.224 0.017455 0.999792 -0.0105869 8.89429 -0.998118 0.0180464 0.0586096 157.111
0.0621075 0.0307085 0.997597 289.787 0.0200511 0.999286 -0.0320088 8.88137 -0.997868 0.0219909 0.0614475 157.195
0.0642052 0.0277917 0.99755 290.363 0.0141026 0.999487 -0.0287534 8.8711 -0.997837 0.0159141 0.0637804 157.253
0.0685409 0.02994 0.997199 290.926 0.0250672 0.999182 -0.0317225 8.85094 -0.997333 0.0271712 0.0677343 157.293
0.0719164 0.0312161 0.996922 291.479 0.0299234 0.998993 -0.0334396 8.83292 -0.996962 0.0322361 0.0709099 157.333
0.0758291 0.0368302 0.99644 292.019 0.0319273 0.998716 -0.0393439 8.81704 -0.99661 0.034797 0.0745559 157.38
0.0787157 0.0526779 0.995504 292.545 0.0340713 0.997877 -0.0554975 8.79377 -0.996315 0.0382867 0.0767538 157.463
0.0815959 0.037975 0.995942 293.067 0.035548 0.998527 -0.0409859 8.77037 -0.996031 0.0387481 0.0801257 157.506
0.0833473 0.0486439 0.995333 293.577 0.0450919 0.997601 -0.0525306 8.74011 -0.9955 0.0492597 0.0809539 157.564
0.085907 0.0361303 0.995648 294.08 0.0471026 0.998077 -0.0402826 8.71799 -0.995189 0.0503582 0.08404 157.591
0.0866963 0.045562 0.995192 294.574 0.0474906 0.997629 -0.0498107 8.69262 -0.995102 0.0515806 0.0843269 157.647
0.0892945 0.0388881 0.995246 295.062 0.044554 0.998081 -0.0429964 8.67408 -0.995008 0.0481815 0.0873906 157.681
0.0896515 0.0424973 0.995066 295.551 0.0461266 0.99784 -0.0467716 8.65117 -0.994904 0.0500921 0.0874976 157.728
0.0897052 0.0458378 0.994913 296.036 0.0424939 0.997855 -0.0498047 8.63139 -0.995061 0.0467455 0.087565 157.794
0.0899804 0.0393322 0.995167 296.531 0.0420763 0.998178 -0.0432556 8.60633 -0.995054 0.0457651 0.0881615 157.832
0.0881446 0.0476779 0.994966 297.031 0.0430852 0.997737 -0.0516276 8.59225 -0.995175 0.047419 0.0858908 157.879
0.088253 0.0388791 0.995339 297.537 0.0444688 0.998088 -0.0429294 8.57692 -0.995105 0.0480502 0.0863553 157.901
0.0848659 0.0489276 0.99519 298.042 0.0448107 0.997596 -0.0528671 8.55939 -0.995384 0.0490818 0.0824693 157.988
0.0834369 0.0343605 0.995921 298.561 0.0445232 0.998279 -0.0381719 8.53907 -0.995518 0.0475265 0.0817634 157.976
0.0812795 0.0267599 0.996332 299.085 0.0405695 0.998722 -0.0301337 8.52135 -0.995865 0.04287 0.08009 157.995
0.0783386 0.0275338 0.996547 299.614 0.045321 0.998487 -0.0311501 8.50879 -0.995896 0.0476048 0.0769722 158.041
0.0758594 0.0233205 0.996846 300.159 0.0362434 0.999001 -0.026129 8.50489 -0.99646 0.0381112 0.0749385 158.089
0.0710985 0.03533 0.996843 300.714 0.0315324 0.998793 -0.0376481 8.50568 -0.996971 0.0341096 0.0698987 158.159
0.0729979 0.0149858 0.99722 301.287 0.0287472 0.99944 -0.0171235 8.50062 -0.996918 0.0299172 0.0725262 158.142
0.068892 0.0148049 0.997514 301.87 0.0273117 0.999487 -0.0167204 8.4835 -0.99725 0.0283957 0.0684523 158.187
0.070233 -0.0058045 0.997514 302.461 0.0186356 0.999816 0.0045058 8.48832 -0.997357 0.0182728 0.0703283 158.174
0.0587962 0.0294281 0.997836 303.049 0.0174339 0.999383 -0.030501 8.48179 -0.998118 0.0191895 0.0582469 158.29
0.0635669 0.0100952 0.997927 303.656 0.00924115 0.9999 -0.0107038 8.4906 -0.997935 0.0099024 0.0634672 158.291
0.0670882 0.00459194 0.997736 304.277 0.0145928 0.999878 -0.00558302 8.47532 -0.99764 0.0149343 0.067013 158.333
0.0565239 0.0143259 0.998298 304.904 0.00890981 0.99985 -0.0148526 8.47696 -0.998361 0.00973418 0.0563878 158.432
0.0505093 0.00227459 0.998721 305.55 0.01234 0.99992 -0.0029014 8.48343 -0.998647 0.0124707 0.0504771 158.482
0.0554117 0.011546 0.998397 306.2 0.0137582 0.999829 -0.0123262 8.47834 -0.998369 0.0144192 0.0552434 158.546
0.0543589 0.00114846 0.998521 306.865 0.00815872 0.999965 -0.00159427 8.48937 -0.998488 0.00823331 0.0543476 158.557
0.0458985 0.014227 0.998845 307.546 0.0190875 0.999704 -0.0151164 8.49113 -0.998764 0.0197593 0.0456133 158.586
0.0458985 0.014227 0.998845 308.228 0.0190875 0.999704 -0.0151164 8.49289 -0.998764 0.0197593 0.0456133 158.615
0.0466462 0.0110107 0.998851 308.931 0.0124059 0.999856 -0.0116011 8.48772 -0.998834 0.0129328 0.0465029 158.638
0.0485527 0.00940915 0.998776 309.636 0.00892893 0.999912 -0.0098539 8.50518 -0.998781 0.00939643 0.0484644 158.642
0.0419909 0.0143204 0.999015 310.349 0.0112853 0.999827 -0.0148064 8.49615 -0.999054 0.0118959 0.041822 158.695
0.0410172 0.016674 0.999019 311.07 0.0167524 0.999709 -0.0173733 8.49066 -0.999018 0.0174486 0.0407259 158.736
0.0395682 0.00831011 0.999182 311.799 0.0267083 0.999599 -0.00937125 8.48215 -0.99886 0.0270573 0.0393304 158.746
0.0369213 0.0118991 0.999247 312.539 0.0216458 0.999685 -0.0127041 8.49357 -0.999084 0.0220985 0.0366521 158.773
0.0399175 0.00402094 0.999195 313.292 0.0110305 0.999929 -0.00446457 8.49899 -0.999142 0.0111999 0.0398704 158.75
0.0355154 0.00175434 0.999368 314.056 0.00113615 0.999998 -0.00179582 8.51074 -0.999368 0.00119921 0.0355133 158.829
0.0388714 -0.007426 0.999217 314.827 -0.00712143 0.999945 0.00770845 8.51726 -0.999219 -0.00741549 0.0388164 158.834
0.0345713 -0.0200457 0.999201 315.584 0.00563111 0.999787 0.0198626 8.54038 -0.999386 0.00493993 0.0346768 158.68
0.0315663 -0.00481873 0.99949 316.373 -0.000958643 0.999988 0.00485141 8.54448 -0.999501 -0.00111129 0.0315612 158.814
0.0318242 -0.0124011 0.999417 317.154 -0.00937481 0.999875 0.0127053 8.57367 -0.99945 -0.00977367 0.031704 158.791
0.0283895 -0.0181322 0.999432 317.956 -0.00902497 0.99979 0.018395 8.58635 -0.999556 -0.00954207 0.0282199 159.007
0.0356202 -0.0179742 0.999204 318.769 -0.00947735 0.999787 0.0183226 8.60611 -0.99932 -0.0101225 0.0354422 158.995
0.0356202 -0.0179742 0.999204 319.582 -0.00947735 0.999787 0.0183226 8.62587 -0.99932 -0.0101225 0.0354422 158.982
0.0337976 -0.0390817 0.998664 320.413 -0.0200464 0.999008 0.0397735 8.65427 -0.999228 -0.0213639 0.0329806 158.964
0.033572 -0.00807727 0.999404 321.234 -0.0170589 0.999817 0.00865365 8.69308 -0.999291 -0.0173393 0.033428 159.14
0.0378521 -0.0294978 0.998848 322.082 -0.0359162 0.998878 0.0308598 8.7265 -0.998638 -0.0370429 0.0367502 159.062
0.0356841 -0.0183273 0.999195 322.928 -0.01055 0.999769 0.0187146 8.7458 -0.999307 -0.0112093 0.0354826 159.161
0.0656155 -0.0503175 0.996576 323.775 -0.0258141 0.998308 0.0521046 8.78982 -0.997511 -0.0291445 0.0642056 158.975
0.0367558 -0.0188468 0.999147 324.634 -0.0249489 0.999493 0.0197711 8.833 -0.999013 -0.0256544 0.0362669 159.197
0.0560394 -0.0310321 0.997946 325.501 -0.0378006 0.998734 0.0331793 8.87461 -0.997713 -0.0395823 0.0547955 159.211
0.0485948 -0.0209704 0.998598 326.383 -0.0269593 0.999388 0.0222989 8.91797 -0.998455 -0.0280052 0.0479997 159.302
0.0606082 -0.0286712 0.99775 327.267 -0.0288862 0.999118 0.0304652 8.95373 -0.997744 -0.0306677 0.0597266 159.309
0.055351 -0.0277487 0.998081 328.148 -0.0244496 0.999276 0.0291378 8.99595 -0.998168 -0.0260155 0.0546325 159.449
0.0642271 -0.0383765 0.997197 329.059 -0.0232014 0.998933 0.0399377 9.03297 -0.997666 -0.0257014 0.0632682 159.358
0.0685686 -0.0326124 0.997113 329.957 -0.0365993 0.998711 0.0351815 9.0779 -0.996975 -0.038906 0.0672866 159.43
0.0719792 -0.0351697 0.996786 330.862 -0.0346932 0.998685 0.037742 9.12411 -0.996803 -0.0372983 0.0706644 159.491
0.0742043 -0.0232376 0.996972 331.766 -0.0313779 0.999179 0.0256245 9.16804 -0.996749 -0.0331844 0.0734142 159.583
0.0750463 -0.0282048 0.996781 332.678 -0.0323878 0.999004 0.0307061 9.20174 -0.996654 -0.0345879 0.074058 159.672
0.078961 -0.024787 0.996569 333.595 -0.0276368 0.999252 0.0270435 9.23662 -0.996495 -0.0296774 0.0782169 159.73
0.0790599 -0.0187461 0.996694 334.51 -0.0294355 0.999343 0.0211308 9.27141 -0.996435 -0.0310088 0.0784562 159.822
0.0806652 -0.0272769 0.996368 335.431 -0.0309903 0.999074 0.0298599 9.30433 -0.996259 -0.0332863 0.0797452 159.889
0.0816906 -0.0296174 0.996218 336.351 -0.0246049 0.999194 0.0317235 9.33501 -0.996354 -0.0271033 0.080896 159.968
0.0798126 -0.024595 0.996506 337.264 -0.0229263 0.999386 0.0265023 9.37061 -0.996546 -0.0249615 0.0791997 160.091
0.0837551 -0.0250316 0.996172 338.19 -0.0238225 0.999348 0.0271143 9.40836 -0.996202 -0.0260023 0.0831042 160.128
0.0816464 -0.00359031 0.996655 339.104 -0.0258753 0.999649 0.00572081 9.42524 -0.996325 -0.0262558 0.0815248 160.256
0.0802416 -0.0179252 0.996614 340.013 -0.0271996 0.999427 0.0201657 9.45305 -0.996404 -0.0287256 0.079708 160.387
0.0846724 -0.00483706 0.996397 340.929 -0.0146598 0.999874 0.00609971 9.4637 -0.996301 -0.0151235 0.0845908 160.461
0.079545 -0.0174297 0.996679 341.837 -0.0123892 0.999753 0.0184723 9.48932 -0.996754 -0.0138174 0.0793094 160.495
0.0816703 -0.0275072 0.99628 342.75 -0.00241435 0.999611 0.0277971 9.4855 -0.996656 -0.00467557 0.0815721 160.573
0.0837142 -0.0261402 0.996147 343.66 -0.0251856 0.999281 0.028339 9.51299 -0.996171 -0.0274609 0.0829957 160.635
0.0870562 -0.0733704 0.993498 344.572 -0.0149582 0.997075 0.0749454 9.56089 -0.996091 -0.0213854 0.0857042 160.627
0.0875442 -0.0329424 0.995616 345.479 -0.0255131 0.999051 0.0352995 9.59017 -0.995834 -0.0284915 0.0866206 160.735
0.0886562 -0.0532828 0.994636 346.387 -0.0487464 0.99714 0.0577619 9.64199 -0.994869 -0.0536059 0.0858052 160.795
0.0872659 -0.0370425 0.995496 347.285 -0.0408169 0.998336 0.0407262 9.68886 -0.995349 -0.0441871 0.0856087 160.909
0.0904384 -0.0477878 0.994755 348.185 -0.0424525 0.997755 0.0517915 9.72809 -0.994997 -0.0469138 0.0882066 160.96
0.0882414 -0.0412286 0.995246 349.082 -0.0325209 0.998491 0.0442465 9.78058 -0.995568 -0.0362706 0.0867675 161.045
0.089839 -0.0437183 0.994996 349.982 -0.0428037 0.997944 0.0477125 9.84011 -0.995036 -0.0468759 0.0877829 161.131
0.092921 -0.0477431 0.994528 350.885 -0.0485937 0.997442 0.0524232 9.88739 -0.994487 -0.053199 0.0903633 161.218
0.094519 -0.0505284 0.99424 351.78 -0.0452433 0.997461 0.0549932 9.94062 -0.994494 -0.0501806 0.091993 161.298
0.0970851 -0.0566151 0.993665 352.676 -0.0375503 0.997462 0.0605002 9.99041 -0.994567 -0.0431861 0.0947128 161.389
0.102137 -0.0600624 0.992955 353.573 -0.0401664 0.997113 0.0644454 10.0536 -0.993959 -0.0464657 0.0994298 161.438
0.103596 -0.059712 0.992825 354.472 -0.0526094 0.99647 0.0654207 10.1056 -0.993227 -0.0590092 0.100088 161.541
0.110672 -0.0644134 0.991767 355.371 -0.0590691 0.995707 0.0712608 10.1733 -0.9921 -0.0664694 0.106392 161.617
0.111253 -0.0617098 0.991874 356.263 -0.0588235 0.995911 0.0685589 10.2386 -0.99205 -0.0659729 0.107169 161.761
0.122138 -0.0667661 0.990265 357.167 -0.0639186 0.995135 0.0749781 10.306 -0.990453 -0.0724541 0.117277 161.79
0.120492 -0.0617835 0.99079 358.065 -0.0643276 0.995478 0.0698988 10.3769 -0.990628 -0.0721574 0.115973 161.931
0.126384 -0.0620601 0.990038 358.962 -0.0755521 0.99454 0.071987 10.4532 -0.9891 -0.0838975 0.121005 162.056
0.132134 -0.0627365 0.989244 359.857 -0.0714043 0.9948 0.0726263 10.5388 -0.988657 -0.0802327 0.126968 162.2
0.134907 -0.0588539 0.989109 360.763 -0.0652796 0.995538 0.0681401 10.5952 -0.988706 -0.0737612 0.130463 162.298
0.137669 -0.0550894 0.988945 361.672 -0.061337 0.996062 0.0640245 10.6498 -0.988577 -0.0694731 0.133748 162.399
0.145001 -0.0557764 0.987858 362.576 -0.0602015 0.996063 0.0650763 10.6752 -0.987598 -0.0689067 0.141073 162.503
0.153246 -0.0526378 0.986785 363.474 -0.056413 0.996486 0.061916 10.7988 -0.986577 -0.0651559 0.149738 162.66
0.162799 -0.05187 0.985295 364.374 -0.0533478 0.996694 0.0612847 10.8223 -0.985216 -0.0625404 0.159493 162.796
0.169646 -0.0483076 0.98432 365.268 -0.0523229 0.996948 0.057945 10.9041 -0.984115 -0.0613326 0.1666 162.963
0.181002 -0.0494755 0.982238 366.164 -0.0505946 0.996943 0.0595395 10.9507 -0.982181 -0.0604727 0.177945 163.123
0.189669 -0.0469901 0.980723 367.06 -0.0495836 0.997121 0.0573651 11.0049 -0.980595 -0.0595081 0.186793 163.28
0.199094 -0.0468544 0.97886 367.944 -0.0496075 0.997094 0.057817 11.0605 -0.978724 -0.0600698 0.196191 163.485
0.208215 -0.0456198 0.977019 368.829 -0.0484492 0.997204 0.0568875 11.1334 -0.976882 -0.0591806 0.205423 163.691
0.21664 -0.0454947 0.975191 369.71 -0.0479347 0.997213 0.0571708 11.1773 -0.975074 -0.059131 0.213855 163.876
0.222825 -0.0422184 0.973944 370.585 -0.0465406 0.997462 0.0538857 11.2518 -0.973747 -0.057335 0.220294 164.104
0.22854 -0.0410568 0.972669 371.466 -0.0463783 0.997517 0.0530027 11.2959 -0.972429 -0.0572239 0.226068 164.296
0.233344 -0.0404014 0.971555 372.338 -0.0435913 0.997697 0.0519582 11.3571 -0.971417 -0.0544755 0.231046 164.526
0.238711 -0.0407461 0.970235 373.216 -0.043287 0.99768 0.0525487 11.4116 -0.970125 -0.0545426 0.236393 164.742
0.242813 -0.0389799 0.96929 374.093 -0.0415172 0.997859 0.0505291 11.4607 -0.969184 -0.0525113 0.240675 164.958
0.246767 -0.0395541 0.968267 374.973 -0.040379 0.997879 0.0510545 11.5131 -0.968233 -0.0516963 0.244646 165.189
0.251436 -0.0391798 0.967081 375.855 -0.0394828 0.997933 0.0506951 11.5673 -0.967068 -0.0509296 0.249369 165.417
0.25614 -0.038371 0.965878 376.737 -0.04056 0.997905 0.0503995 11.6171 -0.965788 -0.0520853 0.254048 165.659
0.259853 -0.0430117 0.96469 377.617 -0.0422082 0.997547 0.0558461 11.6679 -0.964725 -0.0552296 0.2574 165.909
0.264861 -0.040265 0.963446 378.505 -0.0430367 0.997639 0.0535252 11.7234 -0.963326 -0.0556403 0.262502 166.14
0.268755 -0.0403862 0.962361 379.381 -0.0449421 0.997507 0.0544119 11.7799 -0.962159 -0.057874 0.26627 166.396
0.273994 -0.043485 0.960748 380.255 -0.0467746 0.997193 0.0584741 11.837 -0.960593 -0.0609601 0.27119 166.643
0.277711 -0.0417429 0.959757 381.113 -0.0461271 0.997324 0.0567239 11.8999 -0.959557 -0.0600236 0.275042 166.901
0.282158 -0.0389779 0.958576 381.971 -0.0456913 0.997494 0.0540098 11.9578 -0.958279 -0.0590378 0.27967 167.163
0.286582 -0.0402224 0.957211 382.82 -0.0392083 0.997789 0.0536662 12.0067 -0.957253 -0.0529104 0.284372 167.427
0.287417 -0.0316064 0.957284 383.623 -0.0317432 0.998592 0.0425009 12.1131 -0.957279 -0.0426027 0.286009 167.781
0.295145 -0.0348268 0.954818 384.489 -0.0360233 0.998219 0.0475451 12.1342 -0.954773 -0.0484283 0.293365 167.997
0.296067 -0.0302606 0.954688 385.325 -0.038613 0.998302 0.0436176 12.1946 -0.954386 -0.0497771 0.294396 168.289
0.299917 -0.028116 0.953551 386.168 -0.0433397 0.998132 0.0430619 12.2376 -0.95298 -0.0542416 0.298138 168.544
0.299847 -0.0256018 0.953644 386.996 -0.0387363 0.998489 0.0389853 12.2764 -0.953201 -0.0486302 0.298402 168.826
0.302032 -0.019255 0.953103 387.815 -0.0292425 0.999138 0.0294518 12.3179 -0.952849 -0.0367665 0.301209 169.102
0.305006 -0.0192909 0.952155 388.647 -0.0232475 0.999346 0.0276939 12.3417 -0.952067 -0.030582 0.304358 169.341
0.304191 -0.0214802 0.952369 389.46 -0.0174575 0.999452 0.0281182 12.3795 -0.952451 -0.0251793 0.30365 169.633
0.304777 -0.0159448 0.95229 390.28 -0.0260337 0.999347 0.0250647 12.4008 -0.952068 -0.0324308 0.304162 169.89
0.304571 -0.0133009 0.952397 391.096 -0.0277485 0.999354 0.0228306 12.4223 -0.952085 -0.0333811 0.304006 170.16
0.303838 -0.0121436 0.952646 391.894 -0.0267688 0.999415 0.0212775 12.4477 -0.952348 -0.0319661 0.303335 170.434
0.30245 -0.0143262 0.953058 392.687 -0.0223311 0.999506 0.0221111 12.477 -0.952904 -0.0279703 0.301981 170.711
0.301412 -0.0175752 0.953332 393.484 -0.0140986 0.999639 0.0228864 12.4967 -0.95339 -0.0203389 0.301056 170.965
0.301011 -0.016283 0.953482 394.278 -0.0125554 0.9997 0.021036 12.5173 -0.953538 -0.0183034 0.300716 171.224
0.301767 -0.0176489 0.953218 395.089 -0.0146747 0.999624 0.0231538 12.5324 -0.953269 -0.0209753 0.301394 171.466
0.303658 -0.0232723 0.952497 395.907 -0.0149111 0.999463 0.0291735 12.5495 -0.952664 -0.0230616 0.303148 171.669
0.297138 -0.0175877 0.954673 396.686 -0.0163844 0.999589 0.0235148 12.5739 -0.954694 -0.0226288 0.296728 171.981
0.305374 -0.0275333 0.951834 397.498 -0.00986321 0.999437 0.0320747 12.5991 -0.952181 -0.0191829 0.304931 172.16
0.298892 -0.0209244 0.954058 398.284 -0.0061785 0.999696 0.0238609 12.6342 -0.954267 -0.0130265 0.298672 172.439
0.301148 -0.0225869 0.95331 399.098 -0.0179121 0.999409 0.0293376 12.6634 -0.953409 -0.0259108 0.300566 172.682
0.298475 -0.0155293 0.954291 399.903 -0.0247526 0.999405 0.0240054 12.6932 -0.954096 -0.0307862 0.297913 172.966
0.300138 -0.0170607 0.953743 400.719 -0.0238639 0.999393 0.0253871 12.7228 -0.953597 -0.0303797 0.299548 173.227
0.299421 -0.0125922 0.954038 401.534 -0.0171137 0.999681 0.0185657 12.7618 -0.953967 -0.0218861 0.29911 173.502
0.301855 -0.0241803 0.953047 402.384 -0.0110599 0.999522 0.0288624 12.7805 -0.95329 -0.0192528 0.301444 173.747
0.287979 -0.0159033 0.957505 403.158 -0.0108491 0.999744 0.0198678 12.8225 -0.957575 -0.0161096 0.287733 174.131
0.301915 -0.0184104 0.953157 404.06 -0.0172875 0.999543 0.0247822 12.8425 -0.953178 -0.0239598 0.301459 174.343
0.295216 -0.0153241 0.955308 404.875 -0.0162137 0.999647 0.0210458 12.8698 -0.955293 -0.0217021 0.294864 174.622
0.296151 -0.0170449 0.954989 405.727 -0.018514 0.99955 0.0235817 12.9049 -0.954962 -0.0246644 0.295703 174.905
0.295475 -0.0290236 0.95491 406.587 -0.0139102 0.999302 0.034677 12.9319 -0.955249 -0.0235292 0.294865 175.176
0.297388 -0.0276782 0.954355 407.457 -0.01377 0.999351 0.0332741 12.9653 -0.954657 -0.0230369 0.296814 175.446
0.29936 -0.0315676 0.953618 408.325 -0.0194817 0.999042 0.0391869 12.9987 -0.953941 -0.0303091 0.298458 175.694
0.298016 -0.0330518 0.953988 409.186 -0.0230764 0.998859 0.0418152 13.0399 -0.954282 -0.0344763 0.296914 175.978
0.300759 -0.0380896 0.952939 410.057 -0.0251614 0.998537 0.0478535 13.0791 -0.953368 -0.0383696 0.299361 176.225
0.300807 -0.0351029 0.953039 410.922 -0.0338858 0.998298 0.0474653 13.1309 -0.953083 -0.0465723 0.299105 176.501
0.301292 -0.0303299 0.953049 411.789 -0.0469843 0.997808 0.0466077 13.1961 -0.952374 -0.0588209 0.299207 176.78
0.303415 -0.0331525 0.952282 412.654 -0.0458687 0.997728 0.0493492 13.2566 -0.951754 -0.0586532 0.301204 177.045
0.304143 -0.036576 0.951924 413.516 -0.037819 0.998011 0.0504301 13.2893 -0.951876 -0.0513387 0.302154 177.321
0.299052 -0.0261378 0.953879 414.352 -0.0329681 0.998745 0.0377031 13.341 -0.953667 -0.0427227 0.297815 177.646
0.305308 -0.0394507 0.951436 415.224 -0.0316028 0.998171 0.0515296 13.3776 -0.951729 -0.0458004 0.303503 177.884
0.303336 -0.0344955 0.952259 416.084 -0.0292763 0.998535 0.0454977 13.4183 -0.952434 -0.0416797 0.301882 178.154
0.305851 -0.039793 0.951247 416.938 -0.0370989 0.997869 0.0536716 13.4726 -0.951356 -0.0517058 0.303723 178.4
0.307125 -0.0392077 0.950861 417.77 -0.0424755 0.997591 0.054854 13.5241 -0.950721 -0.0572353 0.30472 178.705
0.309561 -0.0423772 0.949935 418.614 -0.0442745 0.997281 0.0589174 13.5815 -0.949848 -0.0602964 0.306843 178.928
0.305038 -0.0378995 0.951586 419.428 -0.0411662 0.997749 0.0529342 13.6298 -0.95145 -0.0553201 0.302792 179.223
0.309352 -0.0430069 0.949975 420.256 -0.0442966 0.997241 0.0595715 13.6848 -0.949915 -0.0605092 0.306594 179.436
0.307889 -0.0462711 0.950296 421.065 -0.0426478 0.997142 0.0623697 13.7508 -0.950466 -0.059731 0.305036 179.708
0.307795 -0.0446697 0.950404 421.856 -0.0480196 0.996895 0.0624063 13.7962 -0.95024 -0.0648464 0.304694 179.97
0.302376 -0.039481 0.952371 422.631 -0.0457319 0.99739 0.0558672 13.848 -0.952091 -0.0604466 0.299782 180.252
0.302524 -0.0444219 0.952106 423.418 -0.042658 0.997281 0.0600839 13.896 -0.952187 -0.0587917 0.299807 180.456
0.297923 -0.0406296 0.953725 424.175 -0.0345947 0.997978 0.0533214 13.9426 -0.953963 -0.0488795 0.295915 180.726
0.30077 -0.0428234 0.952735 424.932 -0.0361348 0.997762 0.0562547 14.0006 -0.953012 -0.0513467 0.29855 180.951
0.297991 -0.0374881 0.953832 425.69 -0.0335782 0.998198 0.0497221 14.0403 -0.953978 -0.0468448 0.296196 181.184
0.298711 -0.0393008 0.953534 426.434 -0.0345451 0.998052 0.0519575 14.1031 -0.953718 -0.0484602 0.296771 181.43
0.294468 -0.0366827 0.954957 427.174 -0.0419435 0.997804 0.0512621 14.1418 -0.95474 -0.0551493 0.292283 181.688
0.29305 -0.0327761 0.955535 427.918 -0.0438183 0.997902 0.0476678 14.1942 -0.955093 -0.055839 0.290999 181.926
0.294042 -0.0397259 0.954967 428.662 -0.0410637 0.997688 0.0541469 14.2337 -0.95491 -0.0551359 0.291731 182.134
0.29382 -0.0427481 0.954904 429.397 -0.0344237 0.997878 0.055264 14.2683 -0.955241 -0.049109 0.291725 182.333
0.293076 -0.041883 0.955171 430.122 -0.0356221 0.997868 0.0546851 14.3043 -0.955425 -0.0500521 0.290959 182.561
0.296293 -0.0449735 0.954038 430.856 -0.0370354 0.997598 0.058529 14.3552 -0.954379 -0.052675 0.293916 182.763
0.294104 -0.0451038 0.954709 431.584 -0.0381589 0.997535 0.0588822 14.3977 -0.955011 -0.0537481 0.291658 182.981
0.293905 -0.0408096 0.954963 432.3 -0.0411518 0.997622 0.0552977 14.4429 -0.954948 -0.0555507 0.291527 183.215
0.292964 -0.0430157 0.955155 433.036 -0.04305 0.997381 0.0581216 14.4902 -0.955154 -0.058147 0.290345 183.456
0.295769 -0.0422759 0.954324 433.746 -0.0379289 0.997713 0.0559531 14.5503 -0.954506 -0.0527456 0.293489 183.681
0.294348 -0.0426004 0.954748 434.475 -0.0411723 0.997513 0.057202 14.5973 -0.954811 -0.0561465 0.291862 183.905
0.295491 -0.0411903 0.954457 435.213 -0.0404433 0.997635 0.0555745 14.6422 -0.954489 -0.0550231 0.293127 184.122
0.29668 -0.0433609 0.953992 435.953 -0.0421237 0.997402 0.058434 14.692 -0.954047 -0.0575219 0.294083 184.338
0.302262 -0.0491315 0.951958 436.702 -0.038423 0.997231 0.0636681 14.7496 -0.95245 -0.0558215 0.299537 184.52
0.297892 -0.0421031 0.953671 437.414 -0.0471561 0.997158 0.0587528 14.7899 -0.953434 -0.0624734 0.29506 184.775
0.302369 -0.0431035 0.952216 438.115 -0.0506017 0.996843 0.0611917 14.8453 -0.951847 -0.0666862 0.299233 185
0.307225 -0.0459929 0.950525 438.826 -0.0444275 0.997049 0.0626038 14.8985 -0.950599 -0.0614629 0.304275 185.214
0.305819 -0.0460781 0.950974 439.528 -0.046484 0.996914 0.0632526 14.9482 -0.950954 -0.0635489 0.302733 185.427
0.308748 -0.04237 0.9502 440.2 -0.0447851 0.997252 0.0590201 14.9935 -0.950089 -0.0607771 0.306001 185.66
0.311786 -0.0436984 0.949147 440.867 -0.045929 0.997081 0.0609925 15.046 -0.949042 -0.0626099 0.308869 185.875
0.314814 -0.0444223 0.948113 441.519 -0.0459462 0.99702 0.0619699 15.0945 -0.948041 -0.0630712 0.311834 186.119
0.31367 -0.0412012 0.948638 442.186 -0.0466777 0.997181 0.0587437 15.1487 -0.948384 -0.0627063 0.310863 186.315
0.314471 -0.0410784 0.948378 442.815 -0.0431131 0.997414 0.0574982 15.1935 -0.948287 -0.058969 0.311887 186.532
0.315715 -0.0423169 0.94791 443.448 -0.0427692 0.997355 0.0587691 15.2345 -0.94789 -0.0590956 0.31307 186.745
0.316772 -0.0401261 0.947653 444.088 -0.0410855 0.997587 0.0559741 15.2789 -0.947611 -0.0566658 0.314359 186.95
0.317051 -0.0432189 0.947423 444.674 -0.0419567 0.997344 0.0595368 15.3011 -0.94748 -0.058627 0.314396 187.164
0.319237 -0.0424327 0.946724 445.279 -0.0409981 0.997443 0.0585306 15.371 -0.946788 -0.0574991 0.316682 187.341
0.321137 -0.041971 0.946102 445.884 -0.0413529 0.997443 0.0582851 15.4027 -0.94613 -0.0578415 0.31858 187.546
0.326503 -0.0455734 0.944097 446.45 -0.0412371 0.997199 0.0623981 15.4447 -0.944296 -0.059305 0.32371 187.726
0.32897 -0.041732 0.943418 447.039 -0.0390298 0.997569 0.0577371 15.5008 -0.943533 -0.0558152 0.326542 187.883
0.325201 -0.0420868 0.944708 447.562 -0.0431264 0.99731 0.0592758 15.5232 -0.944661 -0.0600184 0.322511 188.113
0.329883 -0.0408509 0.943138 448.113 -0.0408691 0.997509 0.0575008 15.5729 -0.943137 -0.0575137 0.327392 188.28
0.333033 -0.043059 0.941931 448.645 -0.0400842 0.997407 0.0597673 15.6046 -0.942063 -0.0576611 0.330444 188.463
0.330617 -0.0409874 0.942875 449.166 -0.0432848 0.997347 0.0585331 15.6229 -0.942772 -0.0601642 0.327965 188.657
0.329779 -0.039318 0.943239 449.669 -0.0452399 0.997326 0.0573895 15.6345 -0.942974 -0.0615979 0.327118 188.868
0.334666 -0.0435048 0.941332 450.18 -0.0414173 0.997289 0.0608158 15.6874 -0.941426 -0.0593404 0.331957 189.014
0.330014 -0.041239 0.943075 450.665 -0.0403355 0.997517 0.0577345 15.6923 -0.943114 -0.0570926 0.327531 189.216
0.33096 -0.0421197 0.942704 451.126 -0.0369177 0.997661 0.057536 15.7327 -0.942922 -0.0538446 0.328631 189.405
0.335023 -0.0377765 0.941453 451.602 -0.0361102 0.997947 0.0528935 15.7476 -0.941518 -0.0517166 0.332971 189.55
0.333482 -0.0382719 0.941979 452.056 -0.0360668 0.997926 0.0533135 15.7869 -0.942066 -0.0517532 0.33141 189.734
0.337401 -0.041071 0.940464 452.522 -0.0326508 0.997936 0.0552946 15.8278 -0.940794 -0.0493634 0.335364 189.822
0.344587 -0.0395685 0.93792 452.967 -0.033121 0.997977 0.0542707 15.8672 -0.93817 -0.0497658 0.34258 189.933
0.340748 -0.0402397 0.939293 453.394 -0.0382101 0.997665 0.0566018 15.9004 -0.939378 -0.0551775 0.338414 190.082
0.338902 -0.0353998 0.940155 453.804 -0.0428352 0.997675 0.0530066 15.9173 -0.939846 -0.0582358 0.336598 190.24
0.341373 -0.0407282 0.939045 454.224 -0.0420225 0.9974 0.0585357 15.9464 -0.938988 -0.0594436 0.338774 190.348
0.339581 -0.0418189 0.939647 454.603 -0.0394341 0.9975 0.0586448 15.972 -0.93975 -0.0569688 0.337083 190.486
0.339212 -0.0405573 0.939835 454.977 -0.0424956 0.99739 0.0583788 15.9985 -0.93975 -0.0597417 0.336603 190.617
0.335584 -0.0439619 0.940984 455.331 -0.0439151 0.997094 0.0622448 16.0232 -0.940986 -0.0622117 0.332678 190.77
0.340773 -0.0414515 0.939231 455.7 -0.0413254 0.997401 0.0590125 16.0531 -0.939237 -0.058924 0.338175 190.83
0.333781 -0.0441153 0.941618 456.043 -0.0424573 0.997187 0.0617688 16.0533 -0.941694 -0.0605958 0.330969 190.953
0.340476 -0.0427243 0.939282 456.381 -0.0419388 0.997283 0.0605647 16.0964 -0.939317 -0.0600132 0.33776 191.065
0.337709 -0.0419218 0.940317 456.694 -0.0428039 0.99729 0.0598345 16.1248 -0.940277 -0.0604559 0.334999 191.194
0.337609 -0.0371599 0.940553 457.004 -0.0457713 0.99739 0.055835 16.1399 -0.940173 -0.0619007 0.335027 191.289
0.337609 -0.0371599 0.940553 457.314 -0.0457713 0.99739 0.055835 16.155 -0.940173 -0.0619007 0.335027 191.384
0.335537 -0.0426016 0.941063 457.606 -0.0420528 0.997304 0.0601415 16.1705 -0.941088 -0.0597541 0.332841 191.478
0.336241 -0.042068 0.940836 457.891 -0.0382046 0.99757 0.0582585 16.1905 -0.941001 -0.0555331 0.333817 191.571
0.339855 -0.0429216 0.939498 458.18 -0.0397219 0.997412 0.0599366 16.196 -0.939638 -0.0576884 0.337271 191.629
0.335853 -0.0445252 0.940862 458.452 -0.0382589 0.997413 0.0608584 16.2083 -0.941137 -0.0564358 0.33328 191.731
0.342467 -0.042906 0.938549 458.739 -0.0406417 0.997345 0.0604236 16.2524 -0.93865 -0.0588374 0.339814 191.779
0.34212 -0.040959 0.938763 459.001 -0.04394 0.997259 0.0595246 16.2639 -0.938628 -0.0616138 0.339382 191.894
0.34212 -0.040959 0.938763 459.264 -0.04394 0.997259 0.0595246 16.2754 -0.938628 -0.0616138 0.339382 192.009
0.340556 -0.0395182 0.939393 459.488 -0.0458789 0.997228 0.0585835 16.2778 -0.939104 -0.0630493 0.337799 192.185
0.350973 -0.016332 0.936243 459.748 -0.048981 0.998159 0.0357737 16.3243 -0.935104 -0.0584137 0.349527 192.278
0.345905 -0.040879 0.937379 460.016 -0.0411796 0.997426 0.0586935 16.3146 -0.937365 -0.0589033 0.343332 192.37
0.355468 -0.0247365 0.934361 460.255 -0.0238576 0.999084 0.0355264 16.3652 -0.934384 -0.0349202 0.354552 192.514
0.355999 -0.0416321 0.933558 460.529 -0.0404386 0.997385 0.0598991 16.3665 -0.933611 -0.0590759 0.353385 192.597
0.368468 -0.0239027 0.929333 460.786 -0.024833 0.99906 0.0355421 16.3871 -0.929309 -0.0361743 0.367528 192.715
0.376094 -0.0308263 0.926069 461.075 -0.0327248 0.998381 0.0465236 16.3962 -0.926003 -0.0478027 0.374476 192.799
0.386421 -0.0248624 0.921987 461.336 -0.0276822 0.998874 0.0385378 16.4072 -0.921907 -0.0404145 0.385297 192.939
0.398652 -0.0314087 0.916564 461.621 -0.0293776 0.998463 0.0469928 16.4262 -0.916632 -0.0456602 0.397116 193.033
0.410089 -0.0267841 0.911652 461.87 -0.0281672 0.99872 0.0420126 16.4271 -0.911611 -0.0429075 0.408809 193.237
0.425529 -0.023895 0.904629 462.151 -0.0271856 0.998863 0.0391719 16.4433 -0.904536 -0.0412617 0.424396 193.389
0.443998 -0.0230745 0.89573 462.444 -0.0265967 0.998888 0.0389154 16.4686 -0.895633 -0.0411018 0.442891 193.524
0.461842 -0.0217077 0.886696 462.71 -0.0230564 0.999069 0.0364679 16.468 -0.886662 -0.0372865 0.460912 193.697
0.480617 -0.0228671 0.876632 462.989 -0.0191013 0.99915 0.0365353 16.476 -0.876723 -0.0343043 0.479772 193.861
0.499411 -0.0213018 0.866103 463.259 -0.0177577 0.999236 0.0348156 16.4927 -0.866183 -0.0327673 0.498651 194.037
0.518602 -0.0170691 0.854846 463.507 -0.0211028 0.999241 0.0327545 16.5054 -0.854756 -0.0350262 0.517848 194.221
0.531284 -0.0106402 0.847127 463.746 -0.0218851 0.999415 0.0262784 16.5214 -0.846911 -0.0325007 0.530741 194.417
0.539833 -0.00882533 0.841726 464.007 -0.0185193 0.999578 0.0223576 16.538 -0.841568 -0.0276576 0.539442 194.574
0.536551 -0.00561822 0.843849 464.255 -0.0166672 0.999712 0.0172536 16.553 -0.843703 -0.023322 0.536303 194.722
0.537918 -0.0120601 0.842911 464.517 -0.0104133 0.999726 0.0209492 16.5618 -0.842933 -0.0200465 0.537645 194.844
0.52861 -0.00960858 0.84881 464.746 -0.0121882 0.999747 0.0189076 16.5711 -0.848777 -0.0203402 0.528359 194.988
0.517313 -0.0145937 0.855672 464.988 -0.00906861 0.999705 0.0225328 16.5845 -0.855748 -0.0194163 0.517028 195.105
0.500743 -0.0154935 0.865458 465.189 -0.00776874 0.999719 0.022392 16.5829 -0.865561 -0.0179361 0.500481 195.221
0.484779 -0.0196156 0.874417 465.457 -0.00873364 0.99959 0.0272655 16.5839 -0.874593 -0.0208546 0.484409 195.334
0.464257 -0.0183678 0.88551 465.699 -0.0110872 0.999586 0.0265468 16.5974 -0.885631 -0.0221423 0.463861 195.45
0.442895 -0.0158229 0.896434 465.949 -0.0166515 0.999527 0.0258694 16.6031 -0.896419 -0.0263844 0.442422 195.555
0.423158 -0.0152183 0.905928 466.197 -0.0177754 0.999527 0.0250935 16.6153 -0.905881 -0.0267218 0.422688 195.65
0.402634 -0.0151085 0.915236 466.462 -0.0188651 0.999514 0.024799 16.6197 -0.915167 -0.0272509 0.402154 195.752
0.384913 -0.0199049 0.922738 466.733 -0.0160115 0.999473 0.0282393 16.6259 -0.922814 -0.025644 0.384391 195.842
0.367408 -0.0235174 0.929763 466.996 -0.0140422 0.999426 0.0308284 16.6346 -0.929954 -0.0243825 0.366867 195.928
0.352223 -0.0255236 0.935568 467.269 -0.0163545 0.999308 0.0334196 16.64 -0.935773 -0.0270719 0.351561 196.018
0.338503 -0.0227319 0.940691 467.54 -0.02181 0.99925 0.0319952 16.656 -0.940712 -0.031347 0.337753 196.113
0.328878 -0.022816 0.944097 467.801 -0.0261504 0.999105 0.0332549 16.6615 -0.94401 -0.0356253 0.327987 196.191
0.319309 -0.02351 0.947359 468.063 -0.0270329 0.999059 0.0339045 16.6735 -0.947265 -0.0364359 0.318373 196.276
0.31279 -0.0250268 0.949493 468.304 -0.0267482 0.999024 0.035144 16.6847 -0.949446 -0.0363899 0.311815 196.343
0.309987 -0.0268397 0.950362 468.542 -0.0256121 0.999003 0.0365676 16.6957 -0.950396 -0.0356762 0.308991 196.417
0.311776 -0.0271826 0.949767 468.78 -0.0257981 0.99898 0.0370597 16.7005 -0.949805 -0.0360565 0.310757 196.491
0.318899 -0.028512 0.94736 468.995 -0.0268352 0.998875 0.0390957 16.7123 -0.947409 -0.0378902 0.317775 196.57
0.329834 -0.0313491 0.943518 469.202 -0.0275521 0.998703 0.0428142 16.7198 -0.943637 -0.0401175 0.328542 196.64
0.341273 -0.029196 0.939511 469.401 -0.0293953 0.998697 0.0417129 16.7307 -0.939505 -0.0418527 0.33997 196.733
0.355507 -0.0237214 0.934373 469.582 -0.0329091 0.99874 0.0378767 16.7394 -0.934094 -0.0442148 0.354279 196.816
0.367546 -0.0191759 0.929808 469.738 -0.031129 0.998974 0.0329074 16.7477 -0.929484 -0.041039 0.366572 196.906
0.382859 -0.0187759 0.923616 469.9 -0.0273225 0.999126 0.0316367 16.7543 -0.923403 -0.0373479 0.382011 196.985
0.396741 -0.0193228 0.917727 470.054 -0.0258627 0.999146 0.0322177 16.7667 -0.917566 -0.036517 0.395903 197.073
0.411873 -0.0229834 0.910951 470.185 -0.023082 0.999098 0.0356435 16.7664 -0.910949 -0.0357072 0.410971 197.137
0.425541 -0.0339945 0.9043 470.314 -0.0131877 0.998955 0.0437585 16.7723 -0.904843 -0.0305467 0.424648 197.202
0.441012 -0.0368187 0.896746 470.429 -0.00767902 0.998967 0.0447921 16.7729 -0.897469 -0.02664 0.440273 197.264
0.457188 -0.0314168 0.888815 470.533 -0.0182265 0.998835 0.044681 16.7813 -0.889183 -0.0366276 0.456082 197.336
0.471213 -0.0190425 0.881814 470.627 -0.0309765 0.998793 0.0381215 16.7896 -0.881475 -0.0452788 0.470054 197.414
0.484503 -0.0134488 0.874686 470.723 -0.0360348 0.998726 0.0353162 16.8 -0.874047 -0.04863 0.483401 197.497
0.497044 -0.0149284 0.867597 470.805 -0.0296762 0.998975 0.0341904 16.8062 -0.867218 -0.0427411 0.496091 197.566
0.508463 -0.0185423 0.860884 470.886 -0.0231381 0.999113 0.0351856 16.8108 -0.860773 -0.0378098 0.507583 197.625
0.519892 -0.0195549 0.854008 470.966 -0.0200486 0.999183 0.0350839 16.8171 -0.853997 -0.0353615 0.519075 197.686
0.531412 -0.0204153 0.846868 471.043 -0.0196587 0.999143 0.036422 16.8234 -0.846886 -0.0360034 0.530555 197.742
0.541937 -0.0211723 0.840152 471.116 -0.0193471 0.999103 0.0376577 16.8317 -0.840196 -0.0366626 0.541042 197.793
0.55185 -0.0224104 0.833642 471.182 -0.0201672 0.998988 0.0402055 16.8372 -0.833699 -0.0389996 0.55084 197.844
0.558781 -0.0189853 0.829098 471.237 -0.0229445 0.999001 0.0383397 16.8394 -0.828998 -0.0404467 0.557788 197.897
0.566565 -0.013604 0.823905 471.28 -0.0248813 0.999125 0.033607 16.8398 -0.823641 -0.0395404 0.565731 197.946
0.574858 -0.00329666 0.818247 471.311 -0.0263083 0.9994 0.0225094 16.8375 -0.81783 -0.0344664 0.574427 198.004
0.582089 -0.00213197 0.813122 471.35 -0.0222774 0.999579 0.0185686 16.8399 -0.81282 -0.0289228 0.581797 198.045
0.592257 -0.0118286 0.805663 471.391 -0.0129834 0.999622 0.0242206 16.8416 -0.805645 -0.0248051 0.591879 198.08
0.592257 -0.0118286 0.805663 471.432 -0.0129834 0.999622 0.0242206 16.8434 -0.805645 -0.0248051 0.591879 198.116
0.597847 -0.0202515 0.801354 471.487 -0.00743429 0.999498 0.0308052 16.847 -0.801576 -0.0243743 0.597396 198.136
0.600902 -0.0182684 0.799114 471.516 -0.0115389 0.999436 0.0315247 16.8513 -0.799239 -0.0281642 0.600353 198.176
0.61117 -0.00685618 0.791469 471.544 -0.0216763 0.999442 0.0253961 16.8518 -0.791202 -0.0326775 0.610681 198.208
0.61117 -0.00685618 0.791469 471.572 -0.0216763 0.999442 0.0253961 16.8522 -0.791202 -0.0326775 0.610681 198.24
0.613791 -0.00272908 0.789464 471.586 -0.0230047 0.999508 0.0213409 16.8557 -0.789133 -0.0312602 0.613426 198.279
