0.999997 -3.97994e-006 0.00236058 -0.0749595 -3.97994e-006 0.999994 0.00337199 -0.0323496 -0.00236058 -0.00337199 0.999992 1.52717
0.999995 -6.78638e-006 0.00315708 -0.126263 -6.78638e-006 0.999991 0.00429912 -0.0583851 -0.00315708 -0.00429912 0.999986 3.1702
0.999999 -2.58836e-006 0.00127448 -0.17116 -2.58836e-006 0.999992 0.00406182 -0.066159 -0.00127448 -0.00406182 0.999991 5.11494
0.999999 -2.29604e-006 0.00116708 -0.228597 -2.29604e-006 0.999992 0.00393466 -0.0782753 -0.00116708 -0.00393466 0.999992 6.77719
1 1.55495e-006 -0.00067137 -0.217208 1.55495e-006 0.999989 0.00463215 -0.0981442 0.00067137 -0.00463215 0.999989 8.42704
0.999999 3.77994e-006 -0.00147169 -0.264029 3.77994e-006 0.999987 0.00513683 -0.118045 0.00147169 -0.00513683 0.999986 10.1473
0.999992 9.26849e-006 -0.0040232 -0.273708 9.26849e-006 0.999989 0.00460747 -0.138889 0.0040232 -0.00460747 0.999981 11.8208
0.999977 1.68765e-005 -0.00674006 -0.274449 1.68765e-005 0.999987 0.00500771 -0.163656 0.00674006 -0.00500771 0.999965 13.5026
0.99998 1.44251e-005 -0.00634161 -0.324523 1.44251e-005 0.99999 0.00454927 -0.173314 0.00634161 -0.00454927 0.99997 15.1871
0.999974 1.7064e-005 -0.00726959 -0.345386 1.7064e-005 0.999989 0.00469455 -0.195528 0.00726959 -0.00469455 0.999963 16.789
0.999996 8.03709e-006 -0.00298821 -0.433111 8.03709e-006 0.999986 0.00537915 -0.208794 0.00298821 -0.00537915 0.999981 18.4232
0.999995 8.76475e-006 -0.00307085 -0.457053 8.76475e-006 0.999984 0.0057083 -0.214716 0.00307085 -0.0057083 0.999979 19.9589
0.999987 1.61559e-005 -0.00508636 -0.444592 1.61559e-005 0.99998 0.00635252 -0.22283 0.00508636 -0.00635252 0.999967 21.499
0.999991 1.20145e-005 -0.00418282 -0.491336 1.20145e-005 0.999983 0.00574463 -0.225786 0.00418282 -0.00574463 0.999975 23.0821
0.999994 9.65743e-006 -0.00344221 -0.534283 9.65743e-006 0.999984 0.00561113 -0.2352 0.00344221 -0.00561113 0.999978 24.6366
1 2.18074e-006 -0.00073591 -0.66073 2.18074e-006 0.999982 0.0059266 -0.230387 0.00073591 -0.0059266 0.999982 26.011
1 5.62922e-007 -0.000196157 -0.674141 5.62922e-007 0.999984 0.00573945 -0.243349 0.000196157 -0.00573945 0.999984 27.6743
1 5.62922e-007 -0.000196157 -0.687551 5.62922e-007 0.999984 0.00573945 -0.256311 0.000196157 -0.00573945 0.999984 29.3376
0.999999 2.12271e-006 -0.00129456 -0.670755 2.12271e-006 0.999995 0.00327942 -0.261607 0.00129456 -0.00327942 0.999994 30.7866
0.999988 -1.14084e-005 0.00494772 -0.815552 -1.14084e-005 0.999989 0.00461154 -0.260263 -0.00494772 -0.00461154 0.999977 32.3374
0.999988 -1.14084e-005 0.00494772 -0.960349 -1.14084e-005 0.999989 0.00461154 -0.258919 -0.00494772 -0.00461154 0.999977 33.8883
0.999996 -8.73556e-006 0.00299624 -0.949211 -8.73556e-006 0.999983 0.00583095 -0.289594 -0.00299624 -0.00583095 0.999979 35.5048
0.999996 -8.73556e-006 0.00299624 -0.938073 -8.73556e-006 0.999983 0.00583095 -0.320269 -0.00299624 -0.00583095 0.999979 37.1214
0.999991 -9.19021e-006 0.00429707 -0.954326 -9.19021e-006 0.999991 0.00427739 -0.342505 -0.00429707 -0.00427739 0.999982 38.6037
0.999996 -5.66245e-006 0.00281409 -0.923295 -5.66245e-006 0.999992 0.00402433 -0.366847 -0.00281409 -0.00402433 0.999988 40.0727
0.999995 -4.79801e-006 0.00300441 -0.920065 -4.79801e-006 0.999995 0.00319397 -0.38838 -0.00300441 -0.00319397 0.99999 41.5339
0.999988 -1.06099e-005 0.00486854 -0.921651 -1.06099e-005 0.999991 0.00435852 -0.413336 -0.00486854 -0.00435852 0.999979 42.954
0.999975 -2.36123e-005 0.00704346 -0.929005 -2.36123e-005 0.999978 0.00670458 -0.435794 -0.00704346 -0.00670458 0.999953 44.3451
0.999965 -3.27332e-005 0.00835662 -0.918804 -3.27332e-005 0.999969 0.00783381 -0.452462 -0.00835662 -0.00783381 0.999934 45.7548
0.999936 -4.77553e-005 0.0113314 -0.935131 -4.77553e-005 0.999964 0.0084284 -0.46541 -0.0113314 -0.0084284 0.9999 47.1815
0.999892 -5.7667e-005 0.0146627 -0.921746 -5.7667e-005 0.999969 0.00786526 -0.479311 -0.0146627 -0.00786526 0.999862 48.4766
0.999828 -5.5359e-005 0.0185484 -0.907868 -5.5359e-005 0.999982 0.00596858 -0.491563 -0.0185484 -0.00596858 0.99981 49.82
0.999746 -4.56983e-005 0.0225155 -0.885367 -4.56983e-005 0.999992 0.00405875 -0.507596 -0.0225155 -0.00405875 0.999738 51.1539
0.999642 -6.16781e-005 0.0267631 -0.872273 -6.16781e-005 0.999989 0.00460833 -0.518907 -0.0267631 -0.00460833 0.999631 52.4446
0.999459 -6.79983e-005 0.0328975 -0.862822 -6.79983e-005 0.999991 0.00413281 -0.528019 -0.0328975 -0.00413281 0.99945 53.7098
0.999152 -7.72852e-006 0.0411791 -0.909052 -7.72852e-006 1 0.000375202 -0.538621 -0.0411791 -0.000375202 0.999152 54.631
0.998382 -4.60896e-005 0.0568627 -0.85699 -4.60896e-005 0.999999 0.00161977 -0.562093 -0.0568627 -0.00161977 0.998381 55.852
0.998382 -4.60896e-005 0.0568627 -0.804929 -4.60896e-005 0.999999 0.00161977 -0.585565 -0.0568627 -0.00161977 0.998381 57.073
0.997782 -7.18849e-005 0.0665722 -0.767298 -7.18849e-005 0.999998 0.00215721 -0.59299 -0.0665722 -0.00215721 0.997779 57.6377
0.996794 -7.38839e-005 0.080005 -0.73689 -7.38839e-005 0.999998 0.00184402 -0.598975 -0.080005 -0.00184402 0.996793 58.1648
0.995499 -9.88654e-005 0.094777 -0.684556 -9.88654e-005 0.999998 0.00208158 -0.607342 -0.094777 -0.00208158 0.995496 58.7838
0.993873 -0.000190573 0.110528 -0.583407 -0.000190573 0.999994 0.00343784 -0.622826 -0.110528 -0.00343784 0.993867 59.6994
0.991772 -0.000296397 0.128019 -0.444067 -0.000296397 0.999989 0.00461145 -0.647106 -0.128019 -0.00461145 0.991761 60.8466
0.989129 -0.000280325 0.147052 -0.284533 -0.000280325 0.999993 0.00379185 -0.658345 -0.147052 -0.00379185 0.989121 61.9823
0.98592 -0.00027941 0.16722 -0.0971134 -0.00027941 0.999994 0.00331828 -0.671723 -0.16722 -0.00331828 0.985914 63.1363
0.982227 -0.000382672 0.187698 0.112038 -0.000382672 0.999992 0.00404128 -0.685223 -0.187698 -0.00404128 0.982218 64.2327
0.977826 -0.000765831 0.209416 0.351012 -0.000765831 0.999974 0.00723279 -0.701048 -0.209416 -0.00723279 0.9778 65.3442
0.972624 -0.00115738 0.232383 0.615023 -0.00115738 0.999951 0.00982441 -0.714172 -0.232383 -0.00982441 0.972575 66.4445
0.966685 -0.00138932 0.255967 0.897429 -0.00138932 0.999942 0.0106743 -0.723104 -0.255967 -0.0106743 0.966627 67.505
0.959824 -0.00152953 0.280597 1.21403 -0.00152953 0.999942 0.0106827 -0.733541 -0.280597 -0.0106827 0.959766 68.5605
0.951684 -0.00188677 0.307074 1.53395 -0.00188677 0.999926 0.0119913 -0.742924 -0.307074 -0.0119913 0.95161 69.5768
0.942757 -0.0025289 0.333472 1.89885 -0.0025289 0.999888 0.0147321 -0.742312 -0.333472 -0.0147321 0.942645 70.5878
0.932843 -0.00342689 0.360268 2.31593 -0.00342689 0.999825 0.0183837 -0.735213 -0.360268 -0.0183837 0.932668 71.6067
0.921713 -0.00386952 0.387854 2.74722 -0.00386952 0.999809 0.0191705 -0.733948 -0.387854 -0.0191705 0.921521 72.597
0.908972 -0.00332002 0.416844 3.18596 -0.00332002 0.999879 0.0152033 -0.741622 -0.416844 -0.0152033 0.908851 73.5621
0.895717 -0.00272965 0.444616 3.66899 -0.00272965 0.999929 0.011638 -0.738905 -0.444616 -0.011638 0.895646 74.5041
0.881063 -0.00264253 0.472992 4.1167 -0.00264253 0.999941 0.0105088 -0.743613 -0.472992 -0.0105088 0.881004 75.3354
0.864857 -0.00334353 0.502008 4.60918 -0.00334353 0.999917 0.01242 -0.74545 -0.502008 -0.01242 0.864774 76.1894
0.846329 -0.00414792 0.532644 5.12652 -0.00414792 0.999888 0.0143773 -0.749215 -0.532644 -0.0143773 0.846217 77.0294
0.82605 -0.00485542 0.563576 5.70028 -0.00485542 0.999864 0.0157309 -0.751164 -0.563576 -0.0157309 0.825914 77.8774
0.80406 -0.00278585 0.594542 6.32307 -0.00278585 0.99996 0.0084531 -0.75448 -0.594542 -0.0084531 0.80402 78.736
0.781521 -0.000186591 0.623879 6.93931 -0.000186591 1 0.000532822 -0.760374 -0.623879 -0.000532822 0.781521 79.5212
0.759142 0.000390149 0.650925 7.55154 0.000390149 0.999999 -0.00105439 -0.765057 -0.650925 0.00105439 0.759141 80.2101
0.735357 -0.000551354 0.67768 8.19922 -0.000551354 0.999999 0.00141187 -0.776265 -0.67768 -0.00141187 0.735356 80.91
0.710714 -0.000600826 0.703481 8.87835 -0.000600826 0.999999 0.00146108 -0.790979 -0.703481 -0.00146108 0.710713 81.5723
0.684886 0.000199074 0.72865 9.56447 0.000199074 1 -0.000460326 -0.806689 -0.72865 0.000460326 0.684886 82.2173
0.658648 0.000996403 0.75245 10.3344 0.000996403 0.999997 -0.0021964 -0.822412 -0.75245 0.0021964 0.658646 82.8771
0.631297 0.00234327 0.775538 11.0424 0.00234327 0.999985 -0.00492888 -0.833327 -0.775538 0.00492888 0.631282 83.4511
0.603368 0.00273671 0.797459 11.7769 0.00273671 0.999981 -0.00550235 -0.84779 -0.797459 0.00550235 0.603349 83.999
0.575184 0.00564917 0.818005 12.5695 0.00564917 0.999925 -0.0108778 -0.872047 -0.818005 0.0108778 0.575109 84.5249
0.54518 0.00912388 0.838269 13.3625 0.00912388 0.999817 -0.016816 -0.891481 -0.838269 0.016816 0.544997 85.0493
0.514002 0.012937 0.857692 14.1836 0.012937 0.999656 -0.0228313 -0.891015 -0.857692 0.0228313 0.513657 85.5551
0.48227 0.0162255 0.875872 14.9602 0.0162255 0.999491 -0.0274496 -0.912054 -0.875872 0.0274496 0.481762 85.983
0.4499 0.0177242 0.892903 15.7408 0.0177242 0.999429 -0.0287694 -0.942464 -0.892903 0.0287694 0.449329 86.3803
0.416349 0.0207048 0.908969 16.5605 0.0207048 0.999266 -0.0322453 -0.975758 -0.908969 0.0322453 0.415615 86.7828
0.382837 0.0237641 0.92351 17.4526 0.0237641 0.999085 -0.0355602 -1.01564 -0.92351 0.0355602 0.381922 87.1503
0.34822 0.0296713 0.936943 18.3594 0.0296713 0.998649 -0.0426528 -1.05887 -0.936943 0.0426528 0.346869 87.5009
0.312582 0.0349233 0.949249 19.2293 0.0349233 0.998226 -0.0482252 -1.11412 -0.949249 0.0482252 0.310808 87.8039
0.277411 0.0382185 0.959991 20.179 0.0382185 0.997979 -0.0507749 -1.16571 -0.959991 0.0507749 0.275389 88.071
0.241006 0.0405678 0.969675 21.1078 0.0405678 0.997832 -0.0518286 -1.22156 -0.969675 0.0518286 0.238838 88.3137
0.204961 0.0420149 0.977868 22.0493 0.0420149 0.99778 -0.0516768 -1.28027 -0.977868 0.0516768 0.202741 88.5193
0.169797 0.0423844 0.984567 23.0174 0.0423844 0.997836 -0.0502651 -1.33627 -0.984567 0.0502651 0.167633 88.6785
0.134278 0.0375025 0.990234 23.9037 0.0375025 0.998375 -0.0428963 -1.39019 -0.990234 0.0428963 0.132653 88.7965
0.100357 0.0382066 0.994218 24.9226 0.0382066 0.998377 -0.0422231 -1.4433 -0.994218 0.0422231 0.0987345 88.8914
0.0673208 0.0408318 0.996896 25.8896 0.0408318 0.998212 -0.0436431 -1.48862 -0.996896 0.0436431 0.0655332 88.9607
0.0374234 0.0371098 0.99861 26.8962 0.0371098 0.998569 -0.038499 -1.53343 -0.99861 0.038499 0.0359927 88.985
0.0116647 0.0375204 0.999228 27.8852 0.0375204 0.998576 -0.0379339 -1.57601 -0.999228 0.0379339 0.0102403 89.0034
-0.0106331 0.0384595 0.999204 28.9361 0.0384595 0.998536 -0.0380246 -1.62206 -0.999204 0.0380246 -0.0120967 88.9884
-0.0289833 0.0376198 0.998872 30.0292 0.0376198 0.998625 -0.0365189 -1.66694 -0.998872 0.0365189 -0.0303587 88.9599
-0.0455437 0.0367662 0.998286 31.2161 0.0367662 0.998707 -0.0351044 -1.72669 -0.998286 0.0351044 -0.0468366 88.8977
-0.0604683 0.0342059 0.997584 32.2996 0.0342059 0.998897 -0.0321776 -1.76723 -0.997584 0.0321776 -0.0615716 88.831
-0.0731771 0.0312131 0.99683 33.4233 0.0312131 0.999092 -0.0289925 -1.80841 -0.99683 0.0289925 -0.0740849 88.7427
-0.0829165 0.0254532 0.996231 34.4742 0.0254532 0.999402 -0.0234157 -1.85796 -0.996231 0.0234157 -0.0835148 88.6694
-0.0882535 0.0198473 0.9959 35.4872 0.0198473 0.999638 -0.018163 -1.89287 -0.9959 0.018163 -0.0886155 88.5644
-0.0910109 0.0163892 0.995715 36.5688 0.0163892 0.999754 -0.0149577 -1.91822 -0.995715 0.0149577 -0.0912571 88.4499
-0.0945542 0.0148158 0.995409 37.5436 0.0148158 0.999799 -0.0134738 -1.9439 -0.995409 0.0134738 -0.0947547 88.3667
-0.0967306 0.0122535 0.995235 38.5654 0.0122535 0.999863 -0.0111195 -1.96586 -0.995235 0.0111195 -0.0968675 88.2546
-0.0985672 0.0092191 0.995088 39.5958 0.0092191 0.999923 -0.00835071 -1.97928 -0.995088 0.00835071 -0.0986446 88.1419
-0.100472 0.00510116 0.994927 40.6498 0.00510116 0.999976 -0.00461191 -1.98679 -0.994927 0.00461191 -0.100496 88.0219
-0.102857 0.00330819 0.994691 41.6576 0.00330819 0.99999 -0.00298373 -1.99886 -0.994691 0.00298373 -0.102867 87.9183
-0.10493 0.000671634 0.994479 42.7089 0.000671634 1 -0.000604497 -2.01174 -0.994479 0.000604497 -0.10493 87.8048
-0.108932 -0.0013309 0.994048 43.7204 -0.0013309 0.999998 0.00119302 -2.03266 -0.994048 -0.00119302 -0.108934 87.7489
-0.114175 0.000304741 0.993461 44.9277 0.000304741 1 -0.000271724 -2.03633 -0.993461 0.000271724 -0.114175 87.6263
-0.114175 0.000304741 0.993461 46.1349 0.000304741 1 -0.000271724 -2.03999 -0.993461 0.000271724 -0.114175 87.5037
-0.116432 0.00184047 0.993197 47.3356 0.00184047 0.999997 -0.00163732 -2.05037 -0.993197 0.00163732 -0.116435 87.3608
-0.119159 0.00322375 0.99287 48.3811 0.00322375 0.999991 -0.00285998 -2.05902 -0.99287 0.00285998 -0.119168 87.2565
-0.121364 0.00851501 0.992571 49.3942 0.00851501 0.999935 -0.00753703 -2.06795 -0.992571 0.00753703 -0.121429 87.1441
-0.12266 0.00788643 0.992417 50.3766 0.00788643 0.999945 -0.00697151 -2.08293 -0.992417 0.00697151 -0.122715 87.0152
-0.124765 0.0106397 0.992129 51.3355 0.0106397 0.999899 -0.00938506 -2.09196 -0.992129 0.00938506 -0.124865 86.8928
-0.129411 0.0162365 0.991458 52.1476 0.0162365 0.999767 -0.0142533 -2.10895 -0.991458 0.0142533 -0.129645 86.7782
-0.129411 0.0162365 0.991458 52.9597 0.0162365 0.999767 -0.0142533 -2.12594 -0.991458 0.0142533 -0.129645 86.6637
-0.13159 0.0185311 0.991131 54.0074 0.0185311 0.999697 -0.0162309 -2.14737 -0.991131 0.0162309 -0.131894 86.537
-0.132278 0.0150366 0.991099 55.0331 0.0150366 0.9998 -0.0131617 -2.16513 -0.991099 0.0131617 -0.132478 86.3868
-0.133834 0.0143724 0.9909 56.021 0.0143724 0.999818 -0.0125606 -2.18538 -0.9909 0.0125606 -0.134016 86.273
-0.133723 0.013512 0.990927 57.0101 0.013512 0.999839 -0.0118101 -2.19674 -0.990927 0.0118101 -0.133884 86.134
-0.132771 0.0174184 0.990994 58.0245 0.0174184 0.999732 -0.0152383 -2.21929 -0.990994 0.0152383 -0.133038 85.9942
-0.134194 0.0241691 0.99066 59.0041 0.0241691 0.999485 -0.0211104 -2.24632 -0.99066 0.0211104 -0.134709 85.9005
-0.134352 0.0288492 0.990514 60.0052 0.0288492 0.999266 -0.0251911 -2.27688 -0.990514 0.0251911 -0.135086 85.7763
-0.134821 0.0352913 0.990241 61.0189 0.0352913 0.998902 -0.030795 -2.31354 -0.990241 0.030795 -0.135919 85.6635
-0.133969 0.0399594 0.99018 62.0502 0.0399594 0.998592 -0.0348925 -2.34565 -0.99018 0.0348925 -0.135377 85.5215
-0.133333 0.0395891 0.99028 63.0825 0.0395891 0.998617 -0.034592 -2.38087 -0.99028 0.034592 -0.134716 85.3644
-0.13382 0.0367012 0.990326 64.16 0.0367012 0.998812 -0.0320563 -2.42318 -0.990326 0.0320563 -0.135008 85.2172
-0.134425 0.0316582 0.990418 65.2867 0.0316582 0.999117 -0.0276394 -2.4664 -0.990418 0.0276394 -0.135309 85.0649
-0.133667 0.0201814 0.990821 66.4427 0.0201814 0.999641 -0.0176385 -2.50671 -0.990821 0.0176385 -0.134026 84.8816
-0.133033 0.0125826 0.991032 67.6157 0.0125826 0.99986 -0.0110057 -2.53287 -0.991032 0.0110057 -0.133173 84.7151
-0.131035 0.00568372 0.991361 68.7246 0.00568372 0.999971 -0.00498182 -2.5441 -0.991361 0.00498182 -0.131064 84.5389
-0.129539 0.0028711 0.99157 69.7908 0.0028711 0.999993 -0.00252041 -2.54922 -0.99157 0.00252041 -0.129546 84.3832
-0.128622 0.00585822 0.991676 70.834 0.00585822 0.99997 -0.00514739 -2.54952 -0.991676 0.00514739 -0.128653 84.2445
-0.127282 0.0067224 0.991844 71.9772 0.0067224 0.99996 -0.00591473 -2.55322 -0.991844 0.00591473 -0.127322 84.0863
-0.128263 0.0122098 0.991665 73.1535 0.0122098 0.999868 -0.0107315 -2.56482 -0.991665 0.0107315 -0.128395 83.9548
-0.127244 0.0124391 0.991793 74.3289 0.0124391 0.999863 -0.0109444 -2.57523 -0.991793 0.0109444 -0.127381 83.7964
-0.127437 0.0118579 0.991776 75.429 0.0118579 0.999875 -0.0104311 -2.58972 -0.991776 0.0104311 -0.127562 83.6616
-0.127624 0.0125009 0.991744 76.425 0.0125009 0.999861 -0.0109945 -2.60342 -0.991744 0.0109945 -0.127763 83.5429
-0.126518 0.0114665 0.991898 77.4493 0.0114665 0.999883 -0.0100962 -2.60547 -0.991898 0.0100962 -0.126635 83.4037
-0.125751 0.00998344 0.992012 78.433 0.00998344 0.999911 -0.00879741 -2.61952 -0.992012 0.00879741 -0.125839 83.273
-0.127492 0.0129607 0.991755 79.4871 0.0129607 0.999851 -0.0114004 -2.64876 -0.991755 0.0114004 -0.127641 83.1631
-0.128195 0.0141132 0.991649 80.6076 0.0141132 0.999823 -0.0124051 -2.66727 -0.991649 0.0124051 -0.128371 83.0445
-0.128726 0.0148621 0.991569 81.7107 0.0148621 0.999804 -0.0130561 -2.69296 -0.991569 0.0130561 -0.128921 82.9221
-0.128668 0.0160337 0.991558 82.786 0.0160337 0.999772 -0.0140859 -2.71761 -0.991558 0.0140859 -0.128896 82.7886
-0.128961 0.017575 0.991494 83.8485 0.017575 0.999726 -0.015435 -2.74214 -0.991494 0.015435 -0.129235 82.6633
-0.129292 0.018518 0.991434 84.9659 0.018518 0.999696 -0.0162574 -2.77598 -0.991434 0.0162574 -0.129596 82.5333
-0.12854 0.0172568 0.991554 86.1052 0.0172568 0.999736 -0.0151621 -2.80647 -0.991554 0.0151621 -0.128804 82.3863
-0.128529 0.0151674 0.99159 87.2306 0.0151674 0.999796 -0.013327 -2.83239 -0.99159 0.013327 -0.128733 82.2503
-0.127045 0.0150744 0.991782 88.3425 0.0150744 0.999798 -0.0132653 -2.85487 -0.991782 0.0132653 -0.127247 82.1073
-0.12677 0.0164529 0.991796 89.4358 0.0164529 0.99976 -0.0144821 -2.87642 -0.991796 0.0144821 -0.12701 81.9814
-0.126463 0.018302 0.991802 90.5628 0.018302 0.999703 -0.0161141 -2.89711 -0.991802 0.0161141 -0.126761 81.8538
-0.123949 0.0167904 0.992147 91.6931 0.0167904 0.999749 -0.0148214 -2.91541 -0.992147 0.0148214 -0.124199 81.6951
-0.123736 0.0161153 0.992184 92.8544 0.0161153 0.999769 -0.0142287 -2.94015 -0.992184 0.0142287 -0.123968 81.5765
-0.122242 0.0172638 0.99235 94.0313 0.0172638 0.999734 -0.0152657 -2.96178 -0.99235 0.0152657 -0.122508 81.4394
-0.120758 0.0164804 0.992545 95.2266 0.0164804 0.999758 -0.0145951 -2.98147 -0.992545 0.0145951 -0.121 81.2921
-0.120773 0.0209953 0.992458 96.4514 0.0209953 0.999607 -0.0185916 -3.01526 -0.992458 0.0185916 -0.121166 81.1726
-0.120104 0.0236139 0.99248 97.6692 0.0236139 0.999502 -0.0209233 -3.06194 -0.99248 0.0209233 -0.120602 81.0543
-0.121055 0.0282435 0.992244 98.8678 0.0282435 0.999288 -0.0249983 -3.08739 -0.992244 0.0249983 -0.121767 80.9327
-0.122028 0.0328484 0.991983 100.043 0.0328484 0.999038 -0.0290412 -3.1217 -0.991983 0.0290412 -0.122989 80.8062
-0.121948 0.0343785 0.991941 101.2 0.0343785 0.998947 -0.0303949 -3.17372 -0.991941 0.0303949 -0.123001 80.6629
-0.12243 0.0363005 0.991813 102.455 0.0363005 0.998826 -0.0320762 -3.21965 -0.991813 0.0320762 -0.123604 80.5101
-0.124455 0.039635 0.991433 103.717 0.039635 0.998603 -0.0349462 -3.2711 -0.991433 0.0349462 -0.125852 80.3742
-0.126321 0.0403077 0.99117 104.984 0.0403077 0.998558 -0.035471 -3.32471 -0.99117 0.035471 -0.127764 80.221
-0.129622 0.0427352 0.990642 106.256 0.0427352 0.998383 -0.0374774 -3.3756 -0.990642 0.0374774 -0.131238 80.0802
-0.13205 0.047237 0.990117 107.506 0.047237 0.998029 -0.0413146 -3.45407 -0.990117 0.0413146 -0.134021 79.9179
-0.134979 0.0471389 0.989726 108.78 0.0471389 0.998042 -0.0411061 -3.53309 -0.989726 0.0411061 -0.136937 79.7277
-0.139843 0.0515844 0.988829 110.079 0.0515844 0.997666 -0.0447502 -3.60147 -0.988829 0.0447502 -0.142177 79.5534
-0.145746 0.0488643 0.988115 111.217 0.0488643 0.997916 -0.0421416 -3.66017 -0.988115 0.0421416 -0.14783 79.3687
-0.154712 0.0483879 0.986774 112.447 0.0483879 0.997972 -0.0413505 -3.70739 -0.986774 0.0413505 -0.15674 79.1741
-0.16563 0.0474704 0.985045 113.674 0.0474704 0.998067 -0.040116 -3.77633 -0.985045 0.040116 -0.167564 78.966
-0.178576 0.0495267 0.982679 114.976 0.0495267 0.997919 -0.0412946 -3.83869 -0.982679 0.0412946 -0.180657 78.7461
-0.19323 0.0496423 0.979897 116.152 0.0496423 0.997935 -0.0407669 -3.89411 -0.979897 0.0407669 -0.195296 78.5232
-0.20748 0.050765 0.976921 117.439 0.050765 0.997866 -0.0410718 -3.96557 -0.976921 0.0410718 -0.209614 78.2572
-0.223038 0.0473289 0.97366 118.707 0.0473289 0.998168 -0.0376785 -4.02762 -0.97366 0.0376785 -0.22487 77.9498
-0.238096 0.0506958 0.969918 119.93 0.0506958 0.997924 -0.0397148 -4.08195 -0.969918 0.0397148 -0.240172 77.6382
-0.253469 0.0510707 0.965995 121.174 0.0510707 0.997919 -0.039358 -4.14112 -0.965995 0.039358 -0.255549 77.3272
-0.268545 0.0561366 0.96163 122.369 0.0561366 0.997516 -0.0425548 -4.19458 -0.96163 0.0425548 -0.271029 77.0176
-0.282717 0.0675822 0.95682 123.51 0.0675822 0.996439 -0.0504117 -4.25408 -0.95682 0.0504117 -0.286278 76.6878
-0.296887 0.0769735 0.951805 124.721 0.0769735 0.995431 -0.056492 -4.32358 -0.951805 0.056492 -0.301455 76.3207
-0.311631 0.0817589 0.946679 125.95 0.0817589 0.994904 -0.0590101 -4.40706 -0.946679 0.0590101 -0.316728 75.9307
-0.325838 0.0837752 0.941707 127.16 0.0837752 0.994707 -0.0595032 -4.48804 -0.941707 0.0595032 -0.331131 75.5197
-0.340256 0.0826503 0.936694 128.344 0.0826503 0.994903 -0.0577636 -4.56943 -0.936694 0.0577636 -0.345353 75.1038
-0.353956 0.0818276 0.931676 129.494 0.0818276 0.995055 -0.0563067 -4.64289 -0.931676 0.0563067 -0.358901 74.6529
-0.366996 0.0854885 0.926286 130.65 0.0854885 0.994654 -0.0579276 -4.7201 -0.926286 0.0579276 -0.372342 74.1914
-0.380925 0.0883463 0.920376 131.812 0.0883463 0.994348 -0.0588821 -4.80333 -0.920376 0.0588821 -0.386577 73.7189
-0.395121 0.08989 0.914221 132.965 0.08989 0.994208 -0.0589048 -4.88959 -0.914221 0.0589048 -0.400913 73.2338
-0.410109 0.0899027 0.907595 134.136 0.0899027 0.994268 -0.0578645 -4.97357 -0.907595 0.0578645 -0.415841 72.7077
-0.4249 0.0904359 0.900712 135.262 0.0904359 0.99426 -0.0571666 -5.05876 -0.900712 0.0571666 -0.430639 72.1803
-0.440188 0.0894158 0.893443 136.374 0.0894158 0.994449 -0.0554704 -5.14473 -0.893443 0.0554704 -0.445739 71.6387
-0.455136 0.0889754 0.885965 137.421 0.0889754 0.99456 -0.054173 -5.21408 -0.885965 0.054173 -0.460576 71.1058
-0.470152 0.0878563 0.878202 138.445 0.0878563 0.99475 -0.0524814 -5.27644 -0.878202 0.0524814 -0.475402 70.5573
-0.484454 0.0943973 0.869709 139.359 0.0943973 0.993997 -0.0553053 -5.3228 -0.869709 0.0553053 -0.490457 70.0508
-0.497764 0.104245 0.861025 140.317 0.104245 0.992744 -0.0599278 -5.38751 -0.861025 0.0599278 -0.50502 69.4753
-0.512323 0.105961 0.852231 141.303 0.105961 0.992576 -0.0597115 -5.45192 -0.852231 0.0597115 -0.519747 68.8489
-0.527541 0.114812 0.841736 142.308 0.114812 0.991371 -0.0632661 -5.53041 -0.841736 0.0632661 -0.53617 68.231
-0.542122 0.120885 0.831559 143.288 0.120885 0.990524 -0.065185 -5.60711 -0.831559 0.065185 -0.551598 67.578
-0.556623 0.129319 0.820639 144.248 0.129319 0.989257 -0.068176 -5.69128 -0.820639 0.068176 -0.567366 66.9261
-0.571018 0.134564 0.809834 145.204 0.134564 0.988474 -0.0693657 -5.77625 -0.809834 0.0693657 -0.582544 66.2594
-0.584176 0.142028 0.799104 146.084 0.142028 0.987267 -0.0716429 -5.85503 -0.799104 0.0716429 -0.596909 65.5994
-0.597077 0.149046 0.788216 147.056 0.149046 0.98609 -0.0735596 -5.94471 -0.788216 0.0735596 -0.610986 64.8525
-0.610757 0.154369 0.776625 147.979 0.154369 0.985206 -0.0744291 -6.02774 -0.776625 0.0744291 -0.625551 64.1164
-0.623909 0.162709 0.764371 148.949 0.162709 0.983697 -0.0765867 -6.1263 -0.764371 0.0765867 -0.640212 63.3275
-0.638297 0.165466 0.751796 149.918 0.165466 0.983288 -0.0759307 -6.2385 -0.751796 0.0759307 -0.655009 62.509
-0.652099 0.174409 0.7378 150.815 0.174409 0.981588 -0.0778881 -6.35127 -0.7378 0.0778881 -0.670511 61.7371
-0.665209 0.185465 0.723256 151.722 0.185465 0.979344 -0.0805536 -6.45055 -0.723256 0.0805536 -0.685866 60.9034
-0.67502 0.208808 0.707635 152.571 0.208808 0.97397 -0.0882137 -6.5508 -0.707635 0.0882137 -0.70105 60.088
-0.688264 0.223118 0.690297 153.489 0.223118 0.970513 -0.0912284 -6.67696 -0.690297 0.0912284 -0.717751 59.1746
-0.701571 0.23862 0.67146 154.401 0.23862 0.966537 -0.0941623 -6.79713 -0.67146 0.0941623 -0.735034 58.2169
-0.713733 0.255024 0.652341 155.173 0.255024 0.962049 -0.0970763 -6.90488 -0.652341 0.0970763 -0.751683 57.3544
-0.72577 0.269059 0.633139 155.932 0.269059 0.958052 -0.0987106 -7.02201 -0.633139 0.0987106 -0.767718 56.4579
-0.740736 0.273709 0.613509 156.711 0.273709 0.956963 -0.0964666 -7.1506 -0.613509 0.0964666 -0.783774 55.4893
-0.750864 0.289055 0.593844 157.458 0.289055 0.952279 -0.0980395 -7.27029 -0.593844 0.0980395 -0.798585 54.5154
-0.761193 0.301298 0.574287 158.209 0.301298 0.948455 -0.0982468 -7.40014 -0.574287 0.0982468 -0.812737 53.4565
-0.772936 0.309119 0.55409 158.947 0.309119 0.946104 -0.0966081 -7.53245 -0.55409 0.0966081 -0.826832 52.369
-0.785488 0.313501 0.533597 159.432 0.313501 0.944955 -0.0936905 -7.62161 -0.533597 0.0936905 -0.840533 51.6129
-0.793481 0.326981 0.513295 160.013 0.326981 0.940386 -0.0935821 -7.72388 -0.513295 0.0935821 -0.853095 50.6708
-0.79473 0.353615 0.493316 160.466 0.353615 0.930328 -0.0971977 -7.80732 -0.493316 0.0971977 -0.864403 49.886
-0.800986 0.364975 0.474568 161.009 0.364975 0.926037 -0.0961725 -7.92211 -0.474568 0.0961725 -0.874949 48.9096
-0.81189 0.362297 0.457794 161.555 0.362297 0.927557 -0.0915384 -8.03718 -0.457794 0.0915384 -0.884333 47.8802
-0.81381 0.37911 0.440442 162.031 0.37911 0.920761 -0.0920581 -8.1367 -0.440442 0.0920581 -0.893049 46.932
-0.811483 0.40346 0.422748 162.487 0.40346 0.91014 -0.0941559 -8.2294 -0.422748 0.0941559 -0.901343 46.0568
-0.810356 0.420524 0.408023 162.919 0.420524 0.902317 -0.0947788 -8.32268 -0.408023 0.0947788 -0.908039 45.094
-0.808483 0.436859 0.394347 163.291 0.436859 0.894472 -0.0952589 -8.40549 -0.394347 0.0952589 -0.914011 44.2156
-0.803244 0.458128 0.380681 163.706 0.458128 0.883609 -0.0967148 -8.5123 -0.380681 0.0967148 -0.919635 43.2195
-0.786654 0.496365 0.367147 164.131 0.496365 0.862101 -0.102 -8.63627 -0.367147 0.102 -0.924553 42.1848
-0.771296 0.5284 0.354817 164.55 0.5284 0.842372 -0.105846 -8.76312 -0.354817 0.105846 -0.928925 41.1144
-0.75877 0.553336 0.343638 164.981 0.553336 0.825912 -0.108114 -8.88841 -0.343638 0.108114 -0.932858 39.9798
-0.761851 0.554285 0.335187 165.369 0.554285 0.82562 -0.105451 -9.0241 -0.335187 0.105451 -0.936232 38.904
-0.765542 0.553277 0.328374 165.781 0.553277 0.826617 -0.102904 -9.1628 -0.328374 0.102904 -0.938926 37.7419
-0.772606 0.546548 0.323057 166.176 0.546548 0.831483 -0.0996082 -9.28934 -0.323057 0.0996082 -0.941123 36.5927
-0.76339 0.562374 0.317759 166.545 0.562374 0.82065 -0.101339 -9.41072 -0.317759 0.101339 -0.94274 35.5075
-0.739034 0.596646 0.312797 166.923 0.596646 0.795296 -0.107318 -9.54045 -0.312797 0.107318 -0.943738 34.3722
-0.722738 0.61884 0.307711 167.315 0.61884 0.777701 -0.110536 -9.68617 -0.307711 0.110536 -0.945037 33.1914
-0.718302 0.625762 0.30408 167.709 0.625762 0.772113 -0.110738 -9.83396 -0.30408 0.110738 -0.946188 31.9688
-0.720048 0.625483 0.300503 168.119 0.625483 0.772548 -0.109276 -10.0015 -0.300503 0.109276 -0.9475 30.6703
-0.722817 0.624027 0.296859 168.537 0.624027 0.773969 -0.107526 -10.1695 -0.296859 0.107526 -0.948848 29.3998
-0.725395 0.621384 0.296115 168.917 0.621384 0.776214 -0.106643 -10.3272 -0.296115 0.106643 -0.94918 28.1539
-0.730967 0.614592 0.296586 169.304 0.614592 0.781785 -0.105305 -10.4792 -0.296586 0.105305 -0.949182 26.8897
-0.73527 0.608819 0.297854 169.678 0.608819 0.786396 -0.104502 -10.6328 -0.297854 0.104502 -0.948874 25.6611
-0.743414 0.598603 0.298345 170.074 0.598603 0.794469 -0.102437 -10.7854 -0.298345 0.102437 -0.948945 24.4314
-0.746939 0.592903 0.300912 170.442 0.592903 0.798772 -0.102128 -10.9125 -0.300912 0.102128 -0.948168 23.2348
-0.749252 0.588456 0.303875 170.808 0.588456 0.802041 -0.102225 -11.0371 -0.303875 0.102225 -0.947212 22.0672
-0.745782 0.591806 0.305902 171.213 0.591806 0.799383 -0.103698 -11.2056 -0.305902 0.103698 -0.946399 20.862
-0.737479 0.600476 0.309117 171.621 0.600476 0.792474 -0.106831 -11.3679 -0.309117 0.106831 -0.945005 19.6566
-0.729497 0.607791 0.313726 172.024 0.607791 0.786406 -0.110251 -11.5321 -0.313726 0.110251 -0.943091 18.4787
-0.726568 0.607305 0.321373 172.443 0.607305 0.786386 -0.11304 -11.6826 -0.321373 0.11304 -0.940181 17.2245
-0.736418 0.590771 0.329663 172.87 0.590771 0.799006 -0.112159 -11.842 -0.329663 0.112159 -0.937413 15.947
-0.743605 0.576864 0.338051 173.286 0.576864 0.809147 -0.111843 -11.9934 -0.338051 0.111843 -0.934458 14.7958
-0.759061 0.55037 0.347733 173.743 0.55037 0.827802 -0.108798 -12.1591 -0.347733 0.108798 -0.93126 13.5549
-0.764744 0.535459 0.3584 174.201 0.535459 0.837531 -0.108746 -12.3063 -0.3584 0.108746 -0.927213 12.3503
-0.776561 0.5097 0.37035 174.64 0.5097 0.853765 -0.106255 -12.4516 -0.37035 0.106255 -0.922795 11.2529
-0.789145 0.479302 0.384082 175.104 0.479302 0.871598 -0.102893 -12.5826 -0.384082 0.102893 -0.917548 10.1287
-0.796023 0.455963 0.398051 175.589 0.455963 0.884243 -0.101055 -12.7197 -0.398051 0.101055 -0.91178 8.99176
-0.792783 0.449657 0.411466 176.082 0.449657 0.887219 -0.103202 -12.8513 -0.411466 0.103202 -0.905563 7.89856
-0.796983 0.429294 0.424882 176.578 0.429294 0.897443 -0.101503 -12.984 -0.424882 0.101503 -0.89954 6.83497
-0.797215 0.416636 0.436879 177.122 0.416636 0.903414 -0.101279 -13.1206 -0.436879 0.101279 -0.893801 5.76526
-0.795249 0.405136 0.451046 177.673 0.405136 0.908572 -0.101788 -13.2663 -0.451046 0.101788 -0.886677 4.65727
-0.793116 0.392452 0.465777 178.265 0.392452 0.914105 -0.101943 -13.4073 -0.465777 0.101943 -0.87901 3.53606
-0.790805 0.379881 0.479915 178.853 0.379881 0.919416 -0.101804 -13.5665 -0.479915 0.101804 -0.871388 2.45388
-0.787727 0.365697 0.495734 179.383 0.365697 0.925193 -0.101407 -13.7035 -0.495734 0.101407 -0.862534 1.47371
-0.785842 0.342876 0.514673 179.991 0.342876 0.934169 -0.0988156 -13.8289 -0.514673 0.0988156 -0.851673 0.402691
-0.779002 0.331303 0.532348 180.546 0.331303 0.938301 -0.0991391 -13.9753 -0.532348 0.0991391 -0.8407 -0.540701
-0.773445 0.315511 0.54976 181.205 0.315511 0.943868 -0.0978071 -14.1098 -0.54976 0.0978071 -0.829577 -1.5675
-0.766817 0.301055 0.566883 181.891 0.301055 0.948702 -0.0965936 -14.2512 -0.566883 0.0965936 -0.818115 -2.57859
-0.757874 0.293932 0.582435 182.628 0.293932 0.950852 -0.0973884 -14.4101 -0.582435 0.0973884 -0.807022 -3.56235
-0.748246 0.277992 0.602369 183.304 0.277992 0.955796 -0.0957839 -14.5286 -0.602369 0.0957839 -0.79245 -4.50839
-0.734162 0.275986 0.620353 183.998 0.275986 0.956078 -0.0987272 -14.6825 -0.620353 0.0987272 -0.778084 -5.42723
-0.725068 0.244532 0.643801 184.741 0.244532 0.965337 -0.0912603 -14.8028 -0.643801 0.0912603 -0.759731 -6.37174
-0.713023 0.226807 0.663443 185.506 0.226807 0.96997 -0.087841 -14.9212 -0.663443 0.087841 -0.743053 -7.24185
-0.697429 0.218309 0.682594 186.235 0.218309 0.971923 -0.0877894 -15.0431 -0.682594 0.0877894 -0.725506 -8.03501
-0.680588 0.208273 0.70244 187.003 0.208273 0.974189 -0.0870525 -15.1568 -0.70244 0.0870525 -0.706399 -8.82568
-0.661983 0.205819 0.720707 187.813 0.205819 0.974512 -0.0892517 -15.2866 -0.720707 0.0892517 -0.687471 -9.58783
-0.643185 0.194672 0.740552 188.617 0.194672 0.976937 -0.0877347 -15.398 -0.740552 0.0877347 -0.666248 -10.3483
-0.624119 0.184279 0.759287 189.468 0.184279 0.979091 -0.0861519 -15.4962 -0.759287 0.0861519 -0.645028 -11.0862
-0.604671 0.17781 0.776374 190.341 0.17781 0.980297 -0.0860283 -15.6071 -0.776374 0.0860283 -0.624373 -11.7848
-0.583778 0.171987 0.793488 191.234 0.171987 0.981324 -0.086167 -15.721 -0.793488 0.086167 -0.602454 -12.4639
-0.56109 0.163743 0.811398 192.171 0.163743 0.982825 -0.0851077 -15.8416 -0.811398 0.0851077 -0.578265 -13.15
-0.539078 0.150162 0.828762 193.152 0.150162 0.985349 -0.0808591 -15.9565 -0.828762 0.0808591 -0.553729 -13.8019
-0.513755 0.143346 0.845877 194.088 0.143346 0.986426 -0.0801008 -16.0551 -0.845877 0.0801008 -0.527329 -14.3964
-0.489562 0.139973 0.860661 195.323 0.139973 0.986847 -0.0808758 -16.1787 -0.860661 0.0808758 -0.502715 -15.0702
-0.464985 0.138049 0.874489 196.895 0.138049 0.986991 -0.0824054 -16.3591 -0.874489 0.0824054 -0.477994 -15.8511
-0.439535 0.128156 0.889036 198.748 0.128156 0.988591 -0.0791475 -16.5911 -0.889036 0.0791475 -0.450944 -16.7311
-0.382605 0.110482 0.917282 198.777 0.110482 0.991172 -0.0732989 -16.594 -0.917282 0.0732989 -0.391434 -16.746
-0.382605 0.110482 0.917282 198.807 0.110482 0.991172 -0.0732989 -16.597 -0.917282 0.0732989 -0.391434 -16.7609
-0.32027 0.101958 0.941824 198.837 0.101958 0.992126 -0.0727321 -16.5999 -0.941824 0.0727321 -0.328143 -16.7724
-0.32027 0.101958 0.941824 198.868 0.101958 0.992126 -0.0727321 -16.6028 -0.941824 0.0727321 -0.328143 -16.7839
-0.287607 0.0961879 0.952906 199.89 0.0961879 0.992814 -0.0711848 -16.6927 -0.952906 0.0711848 -0.294793 -17.1082
-0.253313 0.0913283 0.963064 201.02 0.0913283 0.993345 -0.070178 -16.7785 -0.963064 0.070178 -0.259968 -17.4311
-0.219119 0.0859534 0.971905 202.101 0.0859534 0.99394 -0.0685237 -16.8712 -0.971905 0.0685237 -0.225179 -17.6944
-0.183242 0.0789571 0.979892 203.18 0.0789571 0.994731 -0.0653877 -16.9627 -0.979892 0.0653877 -0.18851 -17.9415
-0.148443 0.0727146 0.986244 204.297 0.0727146 0.995396 -0.0624448 -17.0493 -0.986244 0.0624448 -0.153047 -18.1291
-0.113956 0.0670595 0.99122 205.408 0.0670595 0.995963 -0.0596709 -17.1312 -0.99122 0.0596709 -0.117993 -18.2609
-0.0798616 0.0627551 0.994829 206.502 0.0627551 0.996353 -0.0578135 -17.2143 -0.994829 0.0578135 -0.0835085 -18.343
-0.0460859 0.0608811 0.997081 207.622 0.0608811 0.996457 -0.0580291 -17.2836 -0.997081 0.0580291 -0.0496291 -18.4033
-0.0127453 0.0567517 0.998307 208.784 0.0567517 0.99682 -0.0559426 -17.3692 -0.998307 0.0559426 -0.0159255 -18.4223
0.0204763 0.0530618 0.998381 210.011 0.0530618 0.997126 -0.0540833 -17.4712 -0.998381 0.0540833 0.0176019 -18.4133
0.0494016 0.0538234 0.997328 211.153 0.0538234 0.996952 -0.0564692 -17.5395 -0.997328 0.0564692 0.0463541 -18.3123
0.0819811 0.0500083 0.995378 212.375 0.0500083 0.997276 -0.0542224 -17.6217 -0.995378 0.0542224 0.0792569 -18.2418
0.109338 0.04513 0.99298 213.572 0.04513 0.997713 -0.0503144 -17.714 -0.99298 0.0503144 0.107051 -18.0524
0.138546 0.0425987 0.989439 214.759 0.0425987 0.997894 -0.0489276 -17.7794 -0.989439 0.0489276 0.13644 -17.8862
0.168044 0.038897 0.985012 215.946 0.038897 0.998181 -0.0460529 -17.8469 -0.985012 0.0460529 0.166226 -17.6848
0.195214 0.0337342 0.98018 217.134 0.0337342 0.998586 -0.0410862 -17.9248 -0.98018 0.0410862 0.1938 -17.4105
0.225354 0.0254242 0.973945 218.347 0.0254242 0.999166 -0.0319652 -17.9872 -0.973945 0.0319652 0.224519 -17.1547
0.253762 0.0226691 0.967001 219.503 0.0226691 0.999311 -0.0293754 -18.0392 -0.967001 0.0293754 0.253073 -16.8347
0.282702 0.018599 0.959027 220.679 0.018599 0.999518 -0.0248669 -18.1 -0.959027 0.0248669 0.28222 -16.4716
0.312157 0.0184222 0.949852 221.753 0.0184222 0.999507 -0.0254394 -18.1488 -0.949852 0.0254394 0.311664 -16.1522
0.341375 0.0155195 0.939799 222.834 0.0155195 0.999634 -0.0221449 -18.1881 -0.939799 0.0221449 0.341009 -15.7836
0.371269 0.0137484 0.928424 223.893 0.0137484 0.999699 -0.0203017 -18.232 -0.928424 0.0203017 0.370968 -15.4135
0.39878 0.0123341 0.916963 224.966 0.0123341 0.999747 -0.0188116 -18.2509 -0.916963 0.0188116 0.398527 -14.922
0.42789 0.011483 0.903758 226.033 0.011483 0.99977 -0.0181395 -18.2821 -0.903758 0.0181395 0.427659 -14.4497
0.45332 0.00957485 0.891296 227.003 0.00957485 0.999832 -0.0156107 -18.3098 -0.891296 0.0156107 0.453153 -13.8989
0.479588 0.0075385 0.877461 228.165 0.0075385 0.999891 -0.0127106 -18.3571 -0.877461 0.0127106 0.479479 -13.2501
0.505065 0.00661065 0.863056 229.184 0.00661065 0.999912 -0.0115275 -18.3812 -0.863056 0.0115275 0.504977 -12.6581
0.528991 0.00638946 0.848603 230.175 0.00638946 0.999913 -0.0115117 -18.4061 -0.848603 0.0115117 0.528904 -12.0564
0.5509 0.00663111 0.834545 231.131 0.00663111 0.999902 -0.0123223 -18.4226 -0.834545 0.0123223 0.550802 -11.4629
0.571102 0.00661592 0.820852 232.06 0.00661592 0.999898 -0.012662 -18.4342 -0.820852 0.012662 0.571 -10.8493
0.590233 0.00480391 0.807219 233.004 0.00480391 0.999944 -0.00946343 -18.4549 -0.807219 0.00946343 0.590176 -10.1669
0.607285 0.00259382 0.79448 233.942 0.00259382 0.999983 -0.00524742 -18.4768 -0.79448 0.00524742 0.607268 -9.42598
0.624655 0.000717917 0.7809 234.877 0.000717917 0.999999 -0.00149362 -18.4968 -0.7809 0.00149362 0.624654 -8.70698
0.642273 -0.000386439 0.766476 235.917 -0.000386439 1 0.000827995 -18.5019 -0.766476 -0.000827995 0.642273 -7.91669
0.657616 -0.00141488 0.753352 236.792 -0.00141488 0.999994 0.00311317 -18.5212 -0.753352 -0.00311317 0.65761 -7.13183
0.672364 -0.00120738 0.74022 237.647 -0.00120738 0.999996 0.00272781 -18.5199 -0.74022 -0.00272781 0.672359 -6.34561
0.686519 -0.0016461 0.72711 238.484 -0.0016461 0.999991 0.00381809 -18.5216 -0.72711 -0.00381809 0.68651 -5.52662
0.700963 -0.00320602 0.71319 239.358 -0.00320602 0.999966 0.00764621 -18.5381 -0.71319 -0.00764621 0.700929 -4.65198
0.715455 -0.00365491 0.698649 240.206 -0.00365491 0.999953 0.00897397 -18.536 -0.698649 -0.00897397 0.715408 -3.7872
0.729517 -0.00329113 0.683955 241.028 -0.00329113 0.99996 0.00832209 -18.5432 -0.683955 -0.00832209 0.729476 -2.94263
0.742337 -0.00323742 0.670019 241.817 -0.00323742 0.999959 0.00841849 -18.54 -0.670019 -0.00841849 0.742297 -2.07436
0.754531 -0.00271218 0.656258 242.61 -0.00271218 0.99997 0.00725099 -18.5292 -0.656258 -0.00725099 0.754501 -1.18556
0.76505 -0.00364289 0.64396 243.394 -0.00364289 0.999944 0.0099846 -18.508 -0.64396 -0.0099846 0.764994 -0.198201
0.776441 -0.00376162 0.630179 244.166 -0.00376162 0.999937 0.0106034 -18.4951 -0.630179 -0.0106034 0.776377 0.680029
0.786643 -0.00344366 0.617398 244.946 -0.00344366 0.999944 0.00996505 -18.4947 -0.617398 -0.00996505 0.786588 1.66884
0.796195 -0.00359912 0.605029 245.685 -0.00359912 0.999936 0.0106846 -18.4909 -0.605029 -0.0106846 0.796132 2.61793
0.805187 -0.00440365 0.593005 246.395 -0.00440365 0.9999 0.0134046 -18.4796 -0.593005 -0.0134046 0.805087 3.59376
0.813464 -0.00521633 0.581592 247.037 -0.00521633 0.999854 0.0162638 -18.4693 -0.581592 -0.0162638 0.813318 4.48438
0.821121 -0.00513964 0.570731 247.75 -0.00513964 0.999852 0.0163985 -18.4575 -0.570731 -0.0163985 0.820973 5.46024
0.827036 -0.0060132 0.562117 248.441 -0.0060132 0.999791 0.0195423 -18.4327 -0.562117 -0.0195423 0.826827 6.52322
0.830084 -0.00607267 0.557606 249.079 -0.00607267 0.999783 0.0199284 -18.4195 -0.557606 -0.0199284 0.829867 7.52734
0.832956 -0.00673509 0.553298 249.732 -0.00673509 0.999728 0.0223086 -18.4125 -0.553298 -0.0223086 0.832685 8.55411
0.836919 -0.00680233 0.547284 250.451 -0.00680233 0.999716 0.022828 -18.4022 -0.547284 -0.022828 0.836635 9.55579
0.840562 -0.0072586 0.541667 251.169 -0.0072586 0.99967 0.02466 -18.3862 -0.541667 -0.02466 0.840231 10.6033
0.843098 -0.00790172 0.537702 251.874 -0.00790172 0.999602 0.0270791 -18.3739 -0.537702 -0.0270791 0.8427 11.6998
0.846085 -0.00807336 0.532986 252.586 -0.00807336 0.999577 0.027957 -18.352 -0.532986 -0.027957 0.845662 12.7696
0.847871 -0.00773807 0.530146 253.262 -0.00773807 0.999606 0.026966 -18.3178 -0.530146 -0.026966 0.847478 13.8704
0.849042 -0.00812574 0.528263 253.974 -0.00812574 0.999563 0.0284352 -18.2907 -0.528263 -0.0284352 0.848604 15.1197
0.851136 -0.00843054 0.524878 254.679 -0.00843054 0.999523 0.0297251 -18.2604 -0.524878 -0.0297251 0.850658 16.3044
0.854527 -0.00891033 0.51933 255.389 -0.00891033 0.999454 0.0318094 -18.2341 -0.51933 -0.0318094 0.853981 17.4192
0.856347 -0.00901999 0.516322 256.081 -0.00901999 0.999434 0.0324199 -18.1903 -0.516322 -0.0324199 0.85578 18.6152
0.857468 -0.00893184 0.51446 256.816 -0.00893184 0.99944 0.0322388 -18.1621 -0.51446 -0.0322388 0.856908 19.8619
0.857464 -0.00796044 0.514482 257.465 -0.00796044 0.999555 0.0287332 -18.1212 -0.514482 -0.0287332 0.85702 20.9958
0.856005 -0.00684142 0.516923 257.971 -0.00684142 0.999675 0.0245597 -18.0882 -0.516923 -0.0245597 0.85568 21.9143
0.855181 -0.00517062 0.518304 258.529 -0.00517062 0.999815 0.0185055 -18.0577 -0.518304 -0.0185055 0.854996 22.8425
0.85832 -0.00378549 0.513101 259.277 -0.00378549 0.999899 0.0137093 -18.0222 -0.513101 -0.0137093 0.858219 23.8522
0.858558 -0.00292384 0.512708 259.696 -0.00292384 0.99994 0.0105985 -18.0144 -0.512708 -0.0105985 0.858498 24.5697
0.858558 -0.00292384 0.512708 260.115 -0.00292384 0.99994 0.0105985 -18.0066 -0.512708 -0.0105985 0.858498 25.2873
0.858036 -0.00282924 0.513582 260.737 -0.00282924 0.999944 0.0102353 -18.0085 -0.513582 -0.0102353 0.857979 26.3846
0.856671 -0.00328847 0.515853 261.351 -0.00328847 0.999925 0.0118355 -18.0021 -0.515853 -0.0118355 0.856595 27.4907
0.855446 -0.00393012 0.517877 261.993 -0.00393012 0.999893 0.01408 -17.9882 -0.517877 -0.01408 0.855339 28.6487
0.853733 -0.00417431 0.520694 262.619 -0.00417431 0.999881 0.0148601 -17.9737 -0.520694 -0.0148601 0.853614 29.8576
0.853461 -0.0032589 0.521147 263.228 -0.0032589 0.999928 0.0115898 -17.9662 -0.521147 -0.0115898 0.853388 30.8628
0.853461 -0.0032589 0.521147 263.838 -0.0032589 0.999928 0.0115898 -17.9587 -0.521147 -0.0115898 0.853388 31.868
0.853044 -0.0032252 0.521829 264.466 -0.0032252 0.999929 0.0114524 -17.9504 -0.521829 -0.0114524 0.852973 32.9561
0.852329 -0.00368778 0.522992 265.097 -0.00368778 0.999908 0.0130607 -17.9503 -0.522992 -0.0130607 0.852237 34.0504
0.851845 -0.00411084 0.523778 265.746 -0.00411084 0.999886 0.0145332 -17.9486 -0.523778 -0.0145332 0.851731 35.1471
0.852175 -0.00414375 0.523241 266.447 -0.00414375 0.999884 0.0146672 -17.9405 -0.523241 -0.0146672 0.852059 36.2498
0.851559 -0.00381519 0.524244 267.106 -0.00381519 0.999902 0.013474 -17.9301 -0.524244 -0.013474 0.851461 37.3531
0.851569 -0.00357113 0.52423 267.78 -0.00357113 0.999914 0.0126126 -17.9231 -0.52423 -0.0126126 0.851483 38.4571
0.851014 -0.00303399 0.525135 268.441 -0.00303399 0.999938 0.0106939 -17.9092 -0.525135 -0.0106939 0.850952 39.5671
0.851357 -0.00280629 0.52458 269.119 -0.00280629 0.999947 0.00990372 -17.9137 -0.52458 -0.00990372 0.851304 40.6572
0.850795 -0.0024118 0.525492 269.781 -0.0024118 0.999961 0.00849424 -17.9015 -0.525492 -0.00849424 0.850756 41.7951
0.851133 -0.00359148 0.524937 270.477 -0.00359148 0.999913 0.0126644 -17.9024 -0.524937 -0.0126644 0.851047 42.9153
0.851288 -0.00483954 0.524676 271.152 -0.00483954 0.999843 0.0170746 -17.8926 -0.524676 -0.0170746 0.85113 44.0207
0.852574 -0.00547353 0.522579 271.851 -0.00547353 0.999797 0.0194019 -17.8925 -0.522579 -0.0194019 0.85237 45.0865
0.852993 -0.005601 0.521892 272.612 -0.005601 0.999787 0.0198842 -17.8856 -0.521892 -0.0198842 0.85278 46.3732
0.852993 -0.005601 0.521892 273.372 -0.005601 0.999787 0.0198842 -17.8787 -0.521892 -0.0198842 0.85278 47.6599
0.853365 -0.00599244 0.521279 274.054 -0.00599244 0.999755 0.0213028 -17.8607 -0.521279 -0.0213028 0.85312 48.787
0.853541 -0.00655334 0.520984 274.786 -0.00655334 0.999707 0.0233116 -17.8545 -0.520984 -0.0233116 0.853248 50.0146
0.854824 -0.00664259 0.518875 275.521 -0.00664259 0.999696 0.0237414 -17.8295 -0.518875 -0.0237414 0.85452 51.1538
0.854393 -0.0059794 0.519593 276.186 -0.0059794 0.999754 0.0213373 -17.8084 -0.519593 -0.0213373 0.854148 52.332
0.856484 -0.00603037 0.516138 276.873 -0.00603037 0.999747 0.0216875 -17.7889 -0.516138 -0.0216875 0.856231 53.4493
0.858495 -0.0062835 0.512783 277.54 -0.0062835 0.999721 0.0227701 -17.772 -0.512783 -0.0227701 0.858216 54.5563
0.8608 -0.00712635 0.508893 278.37 -0.00712635 0.999635 0.0260529 -17.7492 -0.508893 -0.0260529 0.860436 55.9508
0.862405 -0.00775656 0.506159 279.032 -0.00775656 0.999563 0.0285335 -17.7292 -0.506159 -0.0285335 0.861968 57.0847
0.863583 -0.00854738 0.504135 279.68 -0.00854738 0.999464 0.0315871 -17.7021 -0.504135 -0.0315871 0.863047 58.2117
0.866596 -0.00881688 0.498932 280.389 -0.00881688 0.999417 0.0329753 -17.6544 -0.498932 -0.0329753 0.866014 59.3916
0.868681 -0.00841502 0.495301 281.027 -0.00841502 0.999461 0.0317392 -17.625 -0.495301 -0.0317392 0.868141 60.4774
0.869962 -0.00810257 0.493052 281.659 -0.00810257 0.999495 0.0307217 -17.6063 -0.493052 -0.0307217 0.869457 61.6656
0.87152 -0.00832125 0.490289 282.236 -0.00832125 0.999461 0.0317545 -17.5976 -0.490289 -0.0317545 0.870981 62.7355
0.87152 -0.00832125 0.490289 282.813 -0.00832125 0.999461 0.0317545 -17.589 -0.490289 -0.0317545 0.870981 63.8054
0.872463 -0.0075473 0.488622 283.449 -0.0075473 0.999553 0.0289153 -17.5705 -0.488622 -0.0289153 0.872016 64.9039
0.871054 -0.00633741 0.491146 283.999 -0.00633741 0.999689 0.0241388 -17.5556 -0.491146 -0.0241388 0.870742 65.9959
0.869949 -0.00509255 0.493116 284.539 -0.00509255 0.999801 0.0193094 -17.5199 -0.493116 -0.0193094 0.869749 67.1336
0.867449 -0.00417422 0.497509 285.153 -0.00417422 0.999869 0.0156672 -17.5115 -0.497509 -0.0156672 0.867317 68.2086
0.867449 -0.00417422 0.497509 285.767 -0.00417422 0.999869 0.0156672 -17.5031 -0.497509 -0.0156672 0.867317 69.2836
0.864188 -0.00321056 0.503158 286.37 -0.00321056 0.999924 0.0118946 -17.4993 -0.503158 -0.0118946 0.864112 70.3554
0.860161 -0.00275354 0.510016 287.011 -0.00275354 0.999946 0.0100426 -17.5003 -0.510016 -0.0100426 0.860107 71.4519
0.855425 -0.00259594 0.51792 287.653 -0.00259594 0.999953 0.00929959 -17.5039 -0.51792 -0.00929959 0.855378 72.5202
0.85001 -0.002466 0.526761 288.28 -0.002466 0.999959 0.00866053 -17.5059 -0.526761 -0.00866053 0.849969 73.5401
0.843781 -0.00273056 0.53668 288.918 -0.00273056 0.999952 0.00938068 -17.5145 -0.53668 -0.00938068 0.843733 74.5437
0.836231 -0.00321222 0.548369 289.565 -0.00321222 0.999937 0.0107559 -17.51 -0.548369 -0.0107559 0.836168 75.5777
0.827889 -0.00313604 0.560883 290.262 -0.00313604 0.999943 0.0102199 -17.5076 -0.560883 -0.0102199 0.827832 76.6425
0.818722 -0.00302444 0.574182 290.965 -0.00302444 0.99995 0.00957964 -17.5181 -0.574182 -0.00957964 0.818672 77.6724
0.809059 -0.00256972 0.587722 291.706 -0.00256972 0.999965 0.00790965 -17.5042 -0.587722 -0.00790965 0.809024 78.6997
0.797116 -0.00101099 0.603826 292.454 -0.00101099 0.999995 0.0030089 -17.5146 -0.603826 -0.0030089 0.797111 79.7336
0.784928 -2.31804e-005 0.619588 293.244 -2.31804e-005 1 6.67787e-005 -17.5184 -0.619588 -6.67787e-005 0.784928 80.7256
0.771089 0.000768565 0.636726 294.03 0.000768565 0.999997 -0.0021378 -17.5332 -0.636726 0.0021378 0.771087 81.7049
0.755532 0.0009525 0.655111 294.836 0.0009525 0.999996 -0.00255246 -17.5518 -0.655111 0.00255246 0.755529 82.6803
0.740017 0.00141753 0.672586 295.68 0.00141753 0.999992 -0.0036672 -17.5672 -0.672586 0.0036672 0.74001 83.6094
0.723121 0.00223009 0.690718 296.543 0.00223009 0.999982 -0.0055633 -17.5879 -0.690718 0.0055633 0.723103 84.5329
0.704865 0.00341733 0.709334 297.414 0.00341733 0.99996 -0.00821328 -17.6139 -0.709334 0.00821328 0.704825 85.4198
0.68576 0.00447715 0.727814 298.315 0.00447715 0.999936 -0.0103696 -17.6387 -0.727814 0.0103696 0.685696 86.2785
0.664713 0.00610178 0.747074 299.235 0.00610178 0.999889 -0.0135958 -17.663 -0.747074 0.0135958 0.664602 87.122
0.64182 0.00741393 0.76682 300.141 0.00741393 0.999847 -0.0158723 -17.6991 -0.76682 0.0158723 0.641666 87.91
0.616706 0.00868314 0.787146 301.037 0.00868314 0.999803 -0.017832 -17.7332 -0.787146 0.017832 0.616509 88.6519
0.590384 0.00953437 0.807067 302.011 0.00953437 0.999778 -0.0187856 -17.7678 -0.807067 0.0187856 0.590162 89.3913
0.562945 0.00998227 0.826434 303.015 0.00998227 0.999772 -0.0188756 -17.802 -0.826434 0.0188756 0.562717 90.0879
0.534149 0.0112912 0.845315 304.023 0.0112912 0.999726 -0.0204886 -17.8484 -0.845315 0.0204886 0.533875 90.7517
0.505944 0.0124758 0.862476 305.051 0.0124758 0.999685 -0.021779 -17.8882 -0.862476 0.021779 0.505629 91.3303
0.475586 0.0140575 0.879557 306.086 0.0140575 0.999623 -0.0235774 -17.9245 -0.879557 0.0235774 0.475209 91.9225
0.444484 0.0155489 0.895652 307.113 0.0155489 0.999565 -0.0250694 -17.9697 -0.895652 0.0250694 0.444049 92.4564
0.413606 0.0162232 0.910311 308.179 0.0162232 0.999551 -0.0251847 -18.0099 -0.910311 0.0251847 0.413158 92.9514
0.382494 0.0170609 0.923801 309.269 0.0170609 0.999529 -0.0255234 -18.0488 -0.923801 0.0255234 0.382022 93.3936
0.350053 0.020124 0.936514 310.37 0.020124 0.999377 -0.0289969 -18.0948 -0.936514 0.0289969 0.34943 93.8202
0.316762 0.0219457 0.948251 311.477 0.0219457 0.999295 -0.030458 -18.1466 -0.948251 0.030458 0.316057 94.2081
0.28281 0.024857 0.958854 312.574 0.024857 0.999138 -0.0332327 -18.1974 -0.958854 0.0332327 0.281948 94.5555
0.249223 0.0268922 0.968073 313.634 0.0268922 0.999037 -0.0346756 -18.2431 -0.968073 0.0346756 0.24826 94.8344
0.21616 0.0311775 0.97586 314.768 0.0311775 0.99876 -0.0388151 -18.2839 -0.97586 0.0388151 0.214919 95.059
0.181172 0.033504 0.98288 315.886 0.033504 0.998629 -0.0402166 -18.3397 -0.98288 0.0402166 0.179801 95.2844
0.146024 0.038218 0.988543 317.019 0.038218 0.99829 -0.0442402 -18.3988 -0.988543 0.0442402 0.144313 95.4813
0.11075 0.0405219 0.993022 318.181 0.0405219 0.998153 -0.0452507 -18.4646 -0.993022 0.0452507 0.108904 95.6201
0.0757751 0.0464494 0.996042 319.301 0.0464494 0.997666 -0.0500588 -18.536 -0.996042 0.0500588 0.0734406 95.7227
0.0405031 0.0512173 0.997866 320.304 0.0512173 0.997266 -0.0532654 -18.6058 -0.997866 0.0532654 0.0377692 95.7784
0.00171014 0.0637806 0.997962 321.273 0.0637806 0.995925 -0.0637597 -18.6845 -0.997962 0.0637597 -0.00236479 95.8919
-0.0680117 0.0751258 0.994852 322.343 0.0751258 0.994716 -0.0699797 -18.7651 -0.994852 0.0699797 -0.0732962 95.8512
-0.0680117 0.0751258 0.994852 323.413 0.0751258 0.994716 -0.0699797 -18.8458 -0.994852 0.0699797 -0.0732962 95.8104
-0.102695 0.0814781 0.99137 324.51 0.0814781 0.99398 -0.0732523 -18.936 -0.99137 0.0732523 -0.108715 95.7087
-0.138763 0.085645 0.986615 325.607 0.085645 0.993559 -0.0742022 -19.0447 -0.986615 0.0742022 -0.145204 95.5537
-0.174269 0.0892035 0.980649 326.654 0.0892035 0.993224 -0.0744951 -19.1227 -0.980649 0.0744951 -0.181045 95.3601
-0.20908 0.0971247 0.973063 327.616 0.0971247 0.992198 -0.0781656 -19.1781 -0.973063 0.0781656 -0.216882 95.1597
-0.2429 0.10542 0.964306 328.51 0.10542 0.991059 -0.0817899 -19.2507 -0.964306 0.0817899 -0.251842 94.9288
-0.276933 0.113303 0.954186 329.527 0.113303 0.989947 -0.0846654 -19.3415 -0.954186 0.0846654 -0.286986 94.6322
-0.310467 0.123467 0.942532 330.499 0.123467 0.988367 -0.0888015 -19.4422 -0.942532 0.0888015 -0.3221 94.3231
-0.342985 0.133233 0.929844 331.479 0.133233 0.986782 -0.0922466 -19.5435 -0.929844 0.0922466 -0.356202 93.9528
-0.374492 0.142426 0.916226 332.464 0.142426 0.985242 -0.0949405 -19.6428 -0.916226 0.0949405 -0.38925 93.541
-0.406076 0.150812 0.901309 333.444 0.150812 0.983824 -0.0966718 -19.7526 -0.901309 0.0966718 -0.422251 93.0913
-0.437186 0.161645 0.884725 334.406 0.161645 0.981819 -0.0995082 -19.8598 -0.884725 0.0995082 -0.455367 92.6234
-0.467201 0.172611 0.867138 335.321 0.172611 0.979693 -0.102016 -19.973 -0.867138 0.102016 -0.487508 92.1235
-0.497232 0.179425 0.848862 336.243 0.179425 0.978498 -0.101726 -20.0857 -0.848862 0.101726 -0.518734 91.5649
-0.524948 0.192538 0.829071 337.111 0.192538 0.97569 -0.104678 -20.1918 -0.829071 0.104678 -0.549257 91.0013
-0.552848 0.206522 0.807284 337.993 0.206522 0.972534 -0.107365 -20.3067 -0.807284 0.107365 -0.580314 90.3947
-0.58081 0.215648 0.784956 338.849 0.215648 0.970582 -0.10708 -20.4183 -0.784956 0.10708 -0.610228 89.7319
-0.607916 0.22838 0.760448 339.694 0.22838 0.967562 -0.10801 -20.5424 -0.760448 0.10801 -0.640354 89.0409
-0.632576 0.244157 0.735007 340.506 0.244157 0.963485 -0.109923 -20.6575 -0.735007 0.109923 -0.669091 88.3176
-0.656716 0.260338 0.707777 341.327 0.260338 0.95909 -0.111221 -20.7534 -0.707777 0.111221 -0.697626 87.5574
-0.677736 0.279929 0.679937 342.074 0.279929 0.953294 -0.113447 -20.8782 -0.679937 0.113447 -0.724442 86.7771
-0.697773 0.298343 0.651233 342.797 0.298343 0.947573 -0.114439 -21.0039 -0.651233 0.114439 -0.750199 85.9619
-0.715432 0.319428 0.621388 343.492 0.319428 0.94052 -0.115708 -21.1275 -0.621388 0.115708 -0.774912 85.1141
-0.731196 0.341719 0.590407 344.083 0.341719 0.932548 -0.11654 -21.2407 -0.590407 0.11654 -0.798648 84.343
-0.743492 0.365807 0.559825 344.661 0.365807 0.923249 -0.117459 -21.354 -0.559825 0.117459 -0.820243 83.5147
-0.751567 0.395187 0.52818 345.187 0.395187 0.910838 -0.119167 -21.46 -0.52818 0.119167 -0.840729 82.7068
-0.758143 0.423612 0.495753 345.649 0.423612 0.897934 -0.119448 -21.5648 -0.495753 0.119448 -0.86021 81.9162
-0.758855 0.458963 0.462051 346.163 0.458963 0.880236 -0.12057 -21.6911 -0.462051 0.12057 -0.878619 80.9723
-0.748809 0.50585 0.428253 346.667 0.50585 0.853681 -0.123874 -21.8278 -0.428253 0.123874 -0.895128 79.9415
-0.730082 0.557915 0.394603 347.123 0.557915 0.820084 -0.127251 -21.9633 -0.394603 0.127251 -0.909998 78.896
-0.69521 0.621324 0.36144 347.534 0.621324 0.772274 -0.132474 -22.0999 -0.36144 0.132474 -0.922936 77.8871
-0.658076 0.677466 0.328597 347.927 0.677466 0.723197 -0.13426 -22.2539 -0.328597 0.13426 -0.934879 76.8033
-0.63186 0.716221 0.296277 348.27 0.716221 0.685652 -0.130036 -22.3905 -0.296277 0.130036 -0.946208 75.713
-0.592297 0.760707 0.265536 348.574 0.760707 0.636579 -0.126858 -22.5322 -0.265536 0.126858 -0.955718 74.6572
-0.542865 0.805155 0.238796 348.833 0.805155 0.579824 -0.124617 -22.6507 -0.238796 0.124617 -0.963041 73.6442
-0.473829 0.854098 0.214484 349.063 0.854098 0.505042 -0.124295 -22.7604 -0.214484 0.124295 -0.968787 72.6105
-0.380955 0.904334 0.192494 349.26 0.904334 0.407787 -0.126056 -22.868 -0.192494 0.126056 -0.973168 71.6014
-0.289723 0.941139 0.174121 349.448 0.941139 0.31323 -0.12706 -22.9796 -0.174121 0.12706 -0.976492 70.564
-0.209527 0.964695 0.15957 349.624 0.964695 0.230578 -0.12727 -23.1005 -0.15957 0.12727 -0.978948 69.4931
-0.143316 0.978572 0.147842 349.784 0.978572 0.162433 -0.126539 -23.2284 -0.147842 0.126539 -0.980882 68.4238
-0.083931 0.986923 0.137616 349.9 0.986923 0.101403 -0.1253 -23.3323 -0.137616 0.1253 -0.982528 67.6044
-0.0251957 0.991284 0.129311 350.037 0.991284 0.0415062 -0.125034 -23.4567 -0.129311 0.125034 -0.98369 66.5466
0.0350592 0.991876 0.122279 350.167 0.991876 -0.0195639 -0.125692 -23.5752 -0.122279 0.125692 -0.984505 65.4719
0.111604 0.987251 0.113492 350.285 0.987251 -0.0971051 -0.126121 -23.7004 -0.113492 0.126121 -0.985501 64.3965
0.176277 0.978672 0.105487 350.405 0.978672 -0.162769 -0.12533 -23.8295 -0.105487 0.12533 -0.986491 63.3139
0.2536 0.962438 0.0969576 350.516 0.962438 -0.241005 -0.125021 -23.9586 -0.0969576 0.125021 -0.987405 62.2255
0.331274 0.939319 0.0890964 350.616 0.939319 -0.319403 -0.125148 -24.0838 -0.0890964 0.125148 -0.988129 61.1349
0.411704 0.907684 0.0812976 350.71 0.907684 -0.400469 -0.125434 -24.2125 -0.0812976 0.125434 -0.988765 60.0363
0.498688 0.863667 0.0734058 350.797 0.863667 -0.48794 -0.126465 -24.3445 -0.0734058 0.126465 -0.989251 58.9137
0.579029 0.812648 0.0657883 350.874 0.812648 -0.568748 -0.126999 -24.4638 -0.0657883 0.126999 -0.989719 57.8251
0.630462 0.773858 0.0605073 350.94 0.773858 -0.620555 -0.12671 -24.5915 -0.0605073 0.12671 -0.990093 56.7153
0.678032 0.732905 0.0558928 350.991 0.732905 -0.668329 -0.12723 -24.717 -0.0558928 0.12723 -0.990297 55.6375
0.695099 0.716824 0.054781 351.049 0.716824 -0.685257 -0.12879 -24.8325 -0.054781 0.12879 -0.990158 54.5596
0.710857 0.701244 0.0542056 351.084 0.701244 -0.700695 -0.131462 -24.9583 -0.0542056 0.131462 -0.989838 53.4844
0.681365 0.729673 0.0576154 351.154 0.729673 -0.670947 -0.131939 -25.0703 -0.0576154 0.131939 -0.989582 52.3489
0.658663 0.75007 0.0596485 351.205 0.75007 -0.64824 -0.131075 -25.2156 -0.0596485 0.131075 -0.989576 51.2574
0.603359 0.794849 0.0645912 351.253 0.794849 -0.592841 -0.129438 -25.355 -0.0645912 0.129438 -0.989482 50.1763
0.478896 0.874639 0.075271 351.341 0.874639 -0.468024 -0.126337 -25.4669 -0.075271 0.126337 -0.989127 49.1361
0.369361 0.925333 0.0856194 351.402 0.925333 -0.357736 -0.125629 -25.602 -0.0856194 0.125629 -0.988376 48.1458
0.274427 0.956644 0.0975849 351.461 0.956644 -0.261303 -0.128662 -25.7363 -0.0975849 0.128662 -0.986875 47.182
0.185321 0.976395 0.110949 351.539 0.976395 -0.170212 -0.132972 -25.8887 -0.110949 0.132972 -0.98489 46.1447
0.0567397 0.990314 0.126727 351.63 0.990314 -0.039714 -0.133048 -26.0584 -0.126727 0.133048 -0.982974 45.181
-0.0894167 0.985177 0.146395 351.721 0.985177 0.109089 -0.132388 -26.2133 -0.146395 0.132388 -0.980327 44.2866
-0.231076 0.957905 0.17036 351.813 0.957905 0.254651 -0.132558 -26.3282 -0.17036 0.132558 -0.976425 43.5984
-0.346583 0.917223 0.196425 351.95 0.917223 0.375235 -0.133795 -26.4801 -0.196425 0.133795 -0.971348 42.7921
-0.456089 0.860697 0.226236 352.104 0.860697 0.49124 -0.133729 -26.612 -0.226236 0.133729 -0.964849 42.0529
-0.554736 0.790172 0.260569 352.273 0.790172 0.598407 -0.13243 -26.7367 -0.260569 0.13243 -0.956329 41.3727
-0.630079 0.716487 0.299411 352.451 0.716487 0.685074 -0.131603 -26.8472 -0.299411 0.131603 -0.945005 40.7676
-0.675449 0.65295 0.342675 352.651 0.65295 0.745535 -0.133546 -26.9612 -0.342675 0.133546 -0.929914 40.1821
-0.700016 0.599484 0.388067 352.897 0.599484 0.788601 -0.136846 -27.0837 -0.388067 0.136846 -0.911415 39.622
-0.706857 0.558533 0.434044 353.175 0.558533 0.817232 -0.142032 -27.2117 -0.434044 0.142032 -0.889625 39.1013
-0.702295 0.523436 0.48249 353.465 0.523436 0.83905 -0.14836 -27.3395 -0.48249 0.14836 -0.863246 38.596
-0.688832 0.492929 0.531537 353.796 0.492929 0.856126 -0.155143 -27.4615 -0.531537 0.155143 -0.832706 38.0968
-0.666754 0.468241 0.579819 354.156 0.468241 0.868457 -0.162888 -27.5977 -0.579819 0.162888 -0.798297 37.6293
-0.639545 0.444944 0.626902 354.555 0.444944 0.87925 -0.17013 -27.7352 -0.626902 0.17013 -0.760295 37.1878
-0.607746 0.422599 0.67235 355.006 0.422599 0.888919 -0.176728 -27.883 -0.67235 0.176728 -0.718827 36.7396
-0.570097 0.403382 0.715732 355.48 0.403382 0.896365 -0.183882 -28.0359 -0.715732 0.183882 -0.673732 36.3194
-0.534303 0.3784 0.755866 355.997 0.3784 0.906676 -0.186417 -28.2124 -0.755866 0.186417 -0.627627 35.9344
-0.495809 0.348749 0.795329 356.519 0.348749 0.918689 -0.185432 -28.3588 -0.795329 0.185432 -0.57712 35.5742
-0.452833 0.319921 0.832222 357.108 0.319921 0.929552 -0.183259 -28.4943 -0.832222 0.183259 -0.523281 35.2185
-0.403277 0.3007 0.864261 357.712 0.3007 0.935565 -0.185198 -28.6494 -0.864261 0.185198 -0.467712 34.9234
-0.349972 0.284367 0.892555 358.354 0.284367 0.940099 -0.188013 -28.7969 -0.892555 0.188013 -0.409873 34.6531
-0.294981 0.275285 0.914989 359.066 0.275285 0.941481 -0.194507 -28.959 -0.914989 0.194507 -0.353501 34.4301
-0.242705 0.25881 0.934939 359.86 0.25881 0.9461 -0.194713 -29.1431 -0.934939 0.194713 -0.296606 34.1865
-0.193995 0.242206 0.950633 360.704 0.242206 0.950868 -0.192839 -29.3371 -0.950633 0.192839 -0.243127 33.9849
-0.148111 0.22661 0.962658 361.587 0.22661 0.955273 -0.190006 -29.5296 -0.962658 0.190006 -0.192839 33.8182
-0.105372 0.214293 0.971069 362.529 0.214293 0.958456 -0.188257 -29.7393 -0.971069 0.188257 -0.146916 33.6962
-0.0664856 0.202466 0.97703 363.422 0.202466 0.961563 -0.185483 -29.9299 -0.97703 0.185483 -0.104923 33.6128
-0.0310203 0.191298 0.981042 364.329 0.191298 0.964506 -0.182025 -30.1054 -0.981042 0.182025 -0.0665143 33.5507
0.00283087 0.18222 0.983254 365.223 0.18222 0.966701 -0.179677 -30.2775 -0.983254 0.179677 -0.0304677 33.5274
0.0363158 0.17502 0.983895 366.15 0.17502 0.968214 -0.178691 -30.4514 -0.983895 0.178691 0.00452934 33.5392
0.0687909 0.168109 0.983365 367.062 0.168109 0.969652 -0.177525 -30.6322 -0.983365 0.177525 0.0384425 33.5822
0.100072 0.161692 0.981754 368.015 0.161692 0.970948 -0.176394 -30.8149 -0.981754 0.176394 0.0710205 33.6537
0.12995 0.158637 0.978748 368.947 0.158637 0.971076 -0.178456 -30.9959 -0.978748 0.178456 0.101026 33.7645
0.158844 0.154051 0.975211 369.886 0.154051 0.971787 -0.178603 -31.1807 -0.975211 0.178603 0.130631 33.8967
0.189024 0.14935 0.970549 370.804 0.14935 0.972496 -0.178737 -31.3629 -0.970549 0.178737 0.161519 34.0444
0.218181 0.145043 0.96507 371.757 0.145043 0.973092 -0.179039 -31.5564 -0.96507 0.179039 0.191273 34.246
0.246931 0.140435 0.958803 372.667 0.140435 0.973811 -0.178801 -31.7376 -0.958803 0.178801 0.220742 34.4627
0.274157 0.13717 0.951852 373.606 0.13717 0.974078 -0.179881 -31.9326 -0.951852 0.179881 0.248235 34.7335
0.302038 0.133092 0.943959 374.531 0.133092 0.974621 -0.180001 -32.1259 -0.943959 0.180001 0.276659 35.0015
0.331382 0.129424 0.934578 375.436 0.129424 0.974948 -0.180905 -32.3053 -0.934578 0.180905 0.306329 35.2808
0.358396 0.124253 0.925264 376.37 0.124253 0.975937 -0.179187 -32.511 -0.925264 0.179187 0.334333 35.6575
0.388324 0.118724 0.913843 377.335 0.118724 0.976956 -0.177374 -32.7278 -0.913843 0.177374 0.36528 36.0522
0.420286 0.112275 0.900419 378.276 0.112275 0.978255 -0.174387 -32.9044 -0.900419 0.174387 0.398541 36.4349
0.452091 0.108285 0.885375 379.194 0.108285 0.978599 -0.174979 -33.1119 -0.885375 0.174979 0.43069 36.8784
0.485831 0.102584 0.868012 380.101 0.102584 0.979533 -0.173181 -33.2958 -0.868012 0.173181 0.465364 37.3395
0.518688 0.0984239 0.84928 380.99 0.0984239 0.979873 -0.17367 -33.5086 -0.84928 0.17367 0.498561 37.8739
0.549628 0.0938953 0.830116 381.806 0.0938953 0.980424 -0.173066 -33.7189 -0.830116 0.173066 0.530052 38.4377
0.581502 0.0901474 0.808535 382.644 0.0901474 0.980582 -0.174164 -33.9082 -0.808535 0.174164 0.562084 39.0197
0.611863 0.0865124 0.786218 383.495 0.0865124 0.980717 -0.175241 -34.1007 -0.786218 0.175241 0.59258 39.662
0.640674 0.0826632 0.763351 384.291 0.0826632 0.980983 -0.175609 -34.3033 -0.763351 0.175609 0.621657 40.3167
0.666814 0.0795667 0.740964 385.277 0.0795667 0.980999 -0.176946 -34.5667 -0.740964 0.176946 0.647813 41.2097
0.690728 0.0775333 0.718946 386.068 0.0775333 0.980563 -0.180237 -34.7835 -0.718946 0.180237 0.671291 41.9703
0.712009 0.0748755 0.698167 386.827 0.0748755 0.980533 -0.181518 -35.0006 -0.698167 0.181518 0.692542 42.7303
0.730679 0.0731364 0.678793 387.556 0.0731364 0.980139 -0.184332 -35.2131 -0.678793 0.184332 0.710818 43.4819
0.745886 0.0717102 0.662203 388.253 0.0717102 0.979764 -0.186871 -35.43 -0.662203 0.186871 0.725649 44.2847
0.760003 0.0704572 0.646089 388.949 0.0704572 0.979316 -0.189676 -35.655 -0.646089 0.189676 0.739318 45.0877
0.773148 0.0683458 0.630532 389.66 0.0683458 0.979409 -0.189966 -35.8589 -0.630532 0.189966 0.752557 45.9226
0.785495 0.0649223 0.615453 390.314 0.0649223 0.980351 -0.186274 -36.0771 -0.615453 0.186274 0.765846 46.7364
0.797873 0.0617143 0.599658 390.989 0.0617143 0.981157 -0.18309 -36.2912 -0.599658 0.18309 0.77903 47.5984
0.809663 0.0590492 0.583917 391.626 0.0590492 0.981681 -0.181151 -36.479 -0.583917 0.181151 0.791344 48.4426
0.821091 0.0567313 0.567971 392.235 0.0567313 0.982011 -0.180101 -36.6862 -0.567971 0.180101 0.803102 49.3105
0.832148 0.0545948 0.551859 392.821 0.0545948 0.982243 -0.179496 -36.9003 -0.551859 0.179496 0.814391 50.2272
0.842122 0.0524547 0.53673 393.331 0.0524547 0.982572 -0.178328 -37.1127 -0.53673 0.178328 0.824694 51.0981
0.852933 0.0503354 0.519589 393.835 0.0503354 0.982772 -0.177835 -37.2966 -0.519589 0.177835 0.835705 51.913
0.863316 0.047886 0.502387 394.33 0.047886 0.983224 -0.176006 -37.4851 -0.502387 0.176006 0.846539 52.7604
0.873571 0.0451288 0.4846 394.828 0.0451288 0.983891 -0.172978 -37.6798 -0.4846 0.172978 0.857462 53.6431
0.883455 0.0426318 0.466573 395.299 0.0426318 0.984405 -0.170671 -37.8694 -0.466573 0.170671 0.86786 54.5288
0.8929 0.0403735 0.448441 395.733 0.0403735 0.98478 -0.169049 -38.056 -0.448441 0.169049 0.87768 55.4099
0.903242 0.0380016 0.427446 396.152 0.0380016 0.985075 -0.167879 -38.2443 -0.427446 0.167879 0.888317 56.2684
0.913795 0.035472 0.404623 396.539 0.035472 0.985404 -0.166497 -38.4162 -0.404623 0.166497 0.899199 57.1275
0.924201 0.0328392 0.380492 396.898 0.0328392 0.985773 -0.164844 -38.5887 -0.380492 0.164844 0.909974 57.9999
0.934296 0.0302712 0.35521 397.237 0.0302712 0.986053 -0.163653 -38.7523 -0.35521 0.163653 0.92035 58.9029
0.943832 0.0275937 0.329272 397.558 0.0275937 0.986444 -0.161761 -38.9307 -0.329272 0.161761 0.930276 59.8328
0.95287 0.0251684 0.302332 397.848 0.0251684 0.986559 -0.161453 -39.1026 -0.302332 0.161453 0.93943 60.77
0.961062 0.0226629 0.275404 398.116 0.0226629 0.98681 -0.16029 -39.2709 -0.275404 0.16029 0.947871 61.7256
0.968462 0.0201607 0.248342 398.361 0.0201607 0.987112 -0.158755 -39.4397 -0.248342 0.158755 0.955575 62.7001
0.975055 0.0177206 0.221253 398.572 0.0177206 0.987411 -0.157178 -39.6046 -0.221253 0.157178 0.962467 63.6357
0.980869 0.0155486 0.194047 398.762 0.0155486 0.987363 -0.157711 -39.7725 -0.194047 0.157711 0.968232 64.6273
0.985678 0.0135004 0.168097 398.919 0.0135004 0.987274 -0.158454 -39.9273 -0.168097 0.158454 0.972952 65.5592
0.989555 0.0115673 0.143692 399.078 0.0115673 0.98719 -0.159128 -40.1024 -0.143692 0.159128 0.976745 66.5675
0.992383 0.0098424 0.122794 399.197 0.0098424 0.987281 -0.158678 -40.2674 -0.122794 0.158678 0.979665 67.5565
0.994503 0.00822832 0.104383 399.268 0.00822832 0.987683 -0.156252 -40.3877 -0.104383 0.156252 0.982186 68.2843
0.996027 0.00705349 0.0887696 399.356 0.00705349 0.987477 -0.157606 -40.5499 -0.0887696 0.157606 0.983504 69.3026
0.997056 0.00617447 0.0764272 399.44 0.00617447 0.98705 -0.160294 -40.7226 -0.0764272 0.160294 0.984106 70.3534
0.997974 0.0051772 0.0634108 399.582 0.0051772 0.98677 -0.162045 -40.8909 -0.0634108 0.162045 0.984744 71.3277
0.998703 0.00408831 0.0507423 399.632 0.00408831 0.987109 -0.159997 -41.0744 -0.0507423 0.159997 0.985812 72.4118
0.998703 0.00408831 0.0507423 399.681 0.00408831 0.987109 -0.159997 -41.2579 -0.0507423 0.159997 0.985812 73.4959
0.998912 0.00374387 0.0464774 399.731 0.00374387 0.987113 -0.159979 -41.4429 -0.0464774 0.159979 0.986026 74.5898
0.999111 0.00341696 0.0420242 399.783 0.00341696 0.98687 -0.161479 -41.6342 -0.0420242 0.161479 0.985981 75.7073
0.999267 0.00313705 0.0381427 399.823 0.00313705 0.986567 -0.163325 -41.8068 -0.0381427 0.163325 0.985835 76.7197
0.99938 0.00289941 0.0350797 399.864 0.00289941 0.986434 -0.164132 -41.9934 -0.0350797 0.164132 0.985814 77.841
0.99943 0.00276417 0.0336571 399.872 0.00276417 0.986604 -0.163108 -42.1694 -0.0336571 0.163108 0.986034 78.8679
0.999525 0.00249767 0.0307105 399.906 0.00249767 0.986861 -0.161552 -42.3579 -0.0307105 0.161552 0.986386 79.9599
0.999629 0.00219917 0.027139 399.95 0.00219917 0.986955 -0.16098 -42.5581 -0.027139 0.16098 0.986584 81.1315
0.999679 0.00204736 0.0252631 399.956 0.00204736 0.986952 -0.161 -42.7531 -0.0252631 0.161 0.986631 82.258
0.999747 0.00183275 0.0224352 399.979 0.00183275 0.986743 -0.162278 -42.9522 -0.0224352 0.162278 0.98649 83.4354
0.999818 0.00155606 0.0190238 400.012 0.00155606 0.986709 -0.162489 -43.1506 -0.0190238 0.162489 0.986527 84.5917
0.999867 0.00133522 0.016253 400.034 0.00133522 0.986593 -0.163192 -43.3428 -0.016253 0.163192 0.98646 85.7287
0.999906 0.00112829 0.0136891 400.055 0.00112829 0.986506 -0.163724 -43.5419 -0.0136891 0.163724 0.986411 86.886
0.999936 0.000923608 0.0112325 400.079 0.000923608 0.986569 -0.163344 -43.7419 -0.0112325 0.163344 0.986505 88.0294
0.999956 0.000766161 0.00936692 400.104 0.000766161 0.986709 -0.162498 -43.9317 -0.00936692 0.162498 0.986664 89.1614
0.999967 0.000662024 0.00813514 400.113 0.000662024 0.986842 -0.161683 -44.1312 -0.00813514 0.161683 0.986809 90.3355
0.999987 0.000415692 0.00514008 400.149 0.000415692 0.987004 -0.160693 -44.3307 -0.00514008 0.160693 0.986991 91.5143
0.999992 0.000321785 0.00396853 400.144 0.000321785 0.986937 -0.161109 -44.5388 -0.00396853 0.161109 0.986929 92.7379
1 6.96102e-005 0.000856439 400.16 6.96102e-005 0.986874 -0.16149 -44.7392 -0.000856439 0.16149 0.986874 93.9366
1 -5.32963e-005 -0.000652293 400.146 -5.32963e-005 0.986737 -0.162329 -44.945 0.000652293 0.162329 0.986737 95.154
0.999999 -0.000127854 -0.00156063 400.118 -0.000127854 0.986666 -0.162757 -45.1498 0.00156063 0.162757 0.986665 96.3863
0.999995 -0.000254664 -0.00309646 400.101 -0.000254664 0.986563 -0.163382 -45.3603 0.00309646 0.163382 0.986558 97.6081
0.999989 -0.0003906 -0.0047308 400.084 -0.0003906 0.986458 -0.164012 -45.5725 0.0047308 0.164012 0.986447 98.8667
0.999973 -0.00060123 -0.00726496 400.077 -0.00060123 0.986396 -0.164387 -45.7879 0.00726496 0.164387 0.986369 100.131
0.999949 -0.000835046 -0.0100741 400.052 -0.000835046 0.986352 -0.164646 -46.0078 0.0100741 0.164646 0.986301 101.396
0.999915 -0.00107778 -0.0129825 400.036 -0.00107778 0.986311 -0.164891 -46.2286 0.0129825 0.164891 0.986226 102.638
0.99986 -0.00140523 -0.0166633 400.009 -0.00140523 0.985878 -0.16746 -46.4483 0.0166633 0.16746 0.985738 103.857
0.999796 -0.00173623 -0.0201188 399.979 -0.00173623 0.985217 -0.171304 -46.6608 0.0201188 0.171304 0.985013 105.026
0.99971 -0.00210274 -0.0239964 399.951 -0.00210274 0.984762 -0.173894 -46.8648 0.0239964 0.173894 0.984472 106.156
0.999623 -0.00238153 -0.0273447 399.918 -0.00238153 0.984947 -0.172842 -47.0527 0.0273447 0.172842 0.98457 107.185
0.999488 -0.00272668 -0.031892 399.888 -0.00272668 0.98549 -0.16971 -47.2514 0.031892 0.16971 0.984978 108.256
0.999361 -0.00303145 -0.0356227 399.839 -0.00303145 0.985625 -0.16892 -47.4645 0.0356227 0.16892 0.984986 109.446
0.99924 -0.00322434 -0.0388516 399.784 -0.00322434 0.986324 -0.164785 -47.6845 0.0388516 0.164785 0.985564 110.637
0.999071 -0.00352592 -0.0429481 399.73 -0.00352592 0.986617 -0.16302 -47.8987 0.0429481 0.16302 0.985688 111.852
0.998914 -0.00381024 -0.0464455 399.673 -0.00381024 0.986637 -0.162888 -48.1174 0.0464455 0.162888 0.985551 113.077
0.998761 -0.00410825 -0.0495973 399.598 -0.00410825 0.98638 -0.164434 -48.3279 0.0495973 0.164434 0.98514 114.287
0.998618 -0.00439153 -0.0523771 399.509 -0.00439153 0.986048 -0.166403 -48.55 0.0523771 0.166403 0.984666 115.53
0.998439 -0.00471745 -0.0556604 399.43 -0.00471745 0.985747 -0.168168 -48.7701 0.0556604 0.168168 0.984186 116.779
0.998317 -0.00494921 -0.0577804 399.334 -0.00494921 0.985445 -0.16992 -49.0063 0.0577804 0.16992 0.983762 118.073
0.998116 -0.00524441 -0.0611333 399.243 -0.00524441 0.985403 -0.170159 -49.2298 0.0611333 0.170159 0.983519 119.354
0.997985 -0.00543637 -0.0632234 399.151 -0.00543637 0.985336 -0.170539 -49.4593 0.0632234 0.170539 0.983321 120.622
0.997957 -0.00558001 -0.0636379 399.057 -0.00558001 0.984756 -0.173852 -49.6989 0.0636379 0.173852 0.982713 121.929
0.99793 -0.00573271 -0.0640509 398.965 -0.00573271 0.984122 -0.177398 -49.9417 0.0640509 0.177398 0.982053 123.202
0.997995 -0.00570208 -0.0630354 398.877 -0.00570208 0.983784 -0.179269 -50.1567 0.0630354 0.179269 0.981779 124.347
0.998022 -0.00564865 -0.0626093 398.806 -0.00564865 0.983868 -0.178807 -50.3883 0.0626093 0.178807 0.98189 125.559
0.998039 -0.00562424 -0.0623494 398.735 -0.00562424 0.983873 -0.178779 -50.6234 0.0623494 0.178779 0.981912 126.776
0.99807 -0.00557959 -0.0618507 398.651 -0.00557959 0.983871 -0.178792 -50.8491 0.0618507 0.178792 0.981941 127.932
0.998085 -0.00559175 -0.0616022 398.567 -0.00559175 0.983671 -0.179888 -51.072 0.0616022 0.179888 0.981756 129.097
0.998184 -0.00547437 -0.0599898 398.471 -0.00547437 0.983498 -0.180838 -51.2861 0.0599898 0.180838 0.981682 130.21
0.998206 -0.00544007 -0.0596308 398.4 -0.00544007 0.983507 -0.18079 -51.5067 0.0596308 0.18079 0.981712 131.374
0.998342 -0.00520189 -0.0573294 398.315 -0.00520189 0.983682 -0.179843 -51.7241 0.0573294 0.179843 0.982023 132.471
0.998492 -0.00500404 -0.0546735 398.233 -0.00500404 0.983398 -0.181394 -51.9421 0.0546735 0.181394 0.981889 133.635
0.998623 -0.00480865 -0.0522459 398.168 -0.00480865 0.983212 -0.182406 -52.1506 0.0522459 0.182406 0.981834 134.734
0.998662 -0.00473404 -0.051502 398.121 -0.00473404 0.983254 -0.182177 -52.3675 0.051502 0.182177 0.981916 135.85
0.998753 -0.00453694 -0.0497135 398.062 -0.00453694 0.98349 -0.180903 -52.5906 0.0497135 0.180903 0.982244 136.975
0.998822 -0.00435161 -0.048322 397.999 -0.00435161 0.98392 -0.178555 -52.811 0.048322 0.178555 0.982743 138.107
0.998903 -0.00420695 -0.0466342 397.929 -0.00420695 0.983864 -0.178869 -53.0295 0.0466342 0.178869 0.982767 139.256
0.998957 -0.00416008 -0.0454737 397.874 -0.00416008 0.983409 -0.181353 -53.2407 0.0454737 0.181353 0.982366 140.402
0.998965 -0.00421076 -0.0452962 397.829 -0.00421076 0.982874 -0.184233 -53.4586 0.0452962 0.184233 0.981838 141.511
0.999036 -0.00411716 -0.0437045 397.758 -0.00411716 0.982416 -0.186662 -53.6949 0.0437045 0.186662 0.981452 142.71
0.999042 -0.00410393 -0.0435755 397.717 -0.00410393 0.982425 -0.186614 -53.9251 0.0435755 0.186614 0.981466 143.879
0.999072 -0.00398829 -0.0428759 397.66 -0.00398829 0.982851 -0.184358 -54.1432 0.0428759 0.184358 0.981924 144.971
0.999122 -0.00385053 -0.0417186 397.611 -0.00385053 0.983114 -0.182956 -54.3582 0.0417186 0.182956 0.982236 146.076
0.999135 -0.00380569 -0.041409 397.558 -0.00380569 0.983256 -0.182192 -54.585 0.041409 0.182192 0.982391 147.237
0.999172 -0.00372994 -0.040506 397.499 -0.00372994 0.983191 -0.182543 -54.8116 0.040506 0.182543 0.982363 148.389
0.999263 -0.00356162 -0.0382219 397.411 -0.00356162 0.98279 -0.184693 -55.0464 0.0382219 0.184693 0.982053 149.628
0.999261 -0.00360912 -0.0382724 397.372 -0.00360912 0.982378 -0.18687 -55.2896 0.0382724 0.18687 0.981639 150.857
0.999246 -0.00365644 -0.0386414 397.329 -0.00365644 0.982258 -0.187499 -55.5132 0.0386414 0.187499 0.981504 151.997
0.999251 -0.00368149 -0.0385104 397.282 -0.00368149 0.981895 -0.189392 -55.7507 0.0385104 0.189392 0.981146 153.178
0.999227 -0.00373726 -0.0391405 397.246 -0.00373726 0.981938 -0.189168 -55.984 0.0391405 0.189168 0.981164 154.325
0.999241 -0.00366943 -0.0387695 397.191 -0.00366943 0.98225 -0.187543 -56.2176 0.0387695 0.187543 0.981491 155.484
0.999254 -0.00360743 -0.0384375 397.144 -0.00360743 0.982544 -0.185996 -56.454 0.0384375 0.185996 0.981798 156.665
0.999208 -0.00371486 -0.0396186 397.119 -0.00371486 0.982576 -0.185823 -56.6944 0.0396186 0.185823 0.981784 157.864
0.999197 -0.00374194 -0.0398803 397.078 -0.00374194 0.982553 -0.185946 -56.9329 0.0398803 0.185946 0.98175 159.099
0.999228 -0.0036513 -0.0391038 397.018 -0.0036513 0.98272 -0.185064 -57.1773 0.0391038 0.185064 0.981948 160.32
0.999257 -0.00360086 -0.0383705 396.955 -0.00360086 0.982547 -0.185981 -57.4183 0.0383705 0.185981 0.981804 161.571
0.999294 -0.00355462 -0.0374047 396.891 -0.00355462 0.982106 -0.188295 -57.671 0.0374047 0.188295 0.9814 162.841
0.999309 -0.00358092 -0.0369854 396.844 -0.00358092 0.981432 -0.191775 -57.9247 0.0369854 0.191775 0.980742 164.083
0.999288 -0.00367062 -0.0375381 396.816 -0.00367062 0.981064 -0.193647 -58.1512 0.0375381 0.193647 0.980353 165.216
0.999353 -0.00345689 -0.0357868 396.755 -0.00345689 0.981517 -0.191346 -58.3926 0.0357868 0.191346 0.98087 166.426
0.999362 -0.00338091 -0.0355538 396.718 -0.00338091 0.982082 -0.188421 -58.6398 0.0355538 0.188421 0.981445 167.66
0.999398 -0.00324481 -0.0345419 396.663 -0.00324481 0.982511 -0.186177 -58.8942 0.0345419 0.186177 0.981909 168.942
0.999377 -0.00331314 -0.0351414 396.622 -0.00331314 0.982385 -0.186841 -59.1509 0.0351414 0.186841 0.981761 170.237
0.999439 -0.00315455 -0.0333311 396.573 -0.00315455 0.982249 -0.187553 -59.3993 0.0333311 0.187553 0.981689 171.497
0.999502 -0.00300347 -0.0314067 396.503 -0.00300347 0.98188 -0.189482 -59.6509 0.0314067 0.189482 0.981382 172.73
0.999615 -0.00267137 -0.0276035 396.45 -0.00267137 0.981446 -0.19172 -59.8974 0.0276035 0.19172 0.981061 173.94
0.999695 -0.00239713 -0.0245765 396.41 -0.00239713 0.981155 -0.193207 -60.1368 0.0245765 0.193207 0.98085 175.142
0.99979 -0.00199487 -0.0203788 396.383 -0.00199487 0.981019 -0.193901 -60.3849 0.0203788 0.193901 0.980809 176.34
0.999878 -0.00152243 -0.0155361 396.358 -0.00152243 0.980979 -0.19411 -60.6316 0.0155361 0.19411 0.980857 177.529
0.999945 -0.00101337 -0.010437 396.338 -0.00101337 0.981322 -0.19237 -60.8701 0.010437 0.19237 0.981267 178.709
0.999992 -0.000382828 -0.00403932 396.324 -0.000382828 0.982195 -0.187863 -61.1128 0.00403932 0.187863 0.982187 179.892
0.999999 0.000134988 0.00143778 396.327 0.000134988 0.982525 -0.186132 -61.3509 -0.00143778 0.186132 0.982524 181.095
0.99997 0.00072656 0.00777214 396.322 0.00072656 0.982674 -0.185343 -61.5956 -0.00777214 0.185343 0.982643 182.298
0.999909 0.00126279 0.0134561 396.331 0.00126279 0.982541 -0.186043 -61.8369 -0.0134561 0.186043 0.982449 183.539
0.999806 0.00185854 0.0196003 396.346 0.00185854 0.982179 -0.187937 -62.0791 -0.0196003 0.187937 0.981986 184.773
0.999687 0.00236952 0.024907 396.37 0.00236952 0.982064 -0.188533 -62.3281 -0.024907 0.188533 0.981751 186.028
0.999561 0.0028448 0.0294749 396.4 0.0028448 0.981545 -0.191209 -62.5763 -0.0294749 0.191209 0.981107 187.257
0.999368 0.00343431 0.035386 396.438 0.00343431 0.981343 -0.192234 -62.8238 -0.035386 0.192234 0.980711 188.484
0.999195 0.00390825 0.0399274 396.476 0.00390825 0.981027 -0.193832 -63.0695 -0.0399274 0.193832 0.980222 189.689
0.999013 0.00431313 0.0442167 396.542 0.00431313 0.981159 -0.193156 -63.3092 -0.0442167 0.193156 0.980171 190.878
0.998737 0.00484774 0.0500004 396.575 0.00484774 0.981387 -0.191981 -63.5451 -0.0500004 0.191981 0.980124 192.088
0.998544 0.005065 0.0536972 396.659 0.005065 0.982375 -0.186851 -63.7891 -0.0536972 0.186851 0.98092 193.335
0.998251 0.00553277 0.0588543 396.725 0.00553277 0.982495 -0.186206 -64.0549 -0.0588543 0.186206 0.980746 194.643
0.997958 0.0061275 0.0635807 396.808 0.0061275 0.981614 -0.190778 -64.3152 -0.0635807 0.190778 0.979572 195.917
0.997561 0.00694445 0.06945 396.881 0.00694445 0.980225 -0.197763 -64.569 -0.06945 0.197763 0.977787 197.162
0.997176 0.0075798 0.0747142 396.985 0.0075798 0.979654 -0.200551 -64.8309 -0.0747142 0.200551 0.97683 198.413
0.996177 0.00858027 0.0869411 397.064 0.00858027 0.980745 -0.195104 -65.0306 -0.0869411 0.195104 0.976922 199.355
0.996177 0.00858027 0.0869411 397.143 0.00858027 0.980745 -0.195104 -65.2302 -0.0869411 0.195104 0.976922 200.297
0.995718 0.00902386 0.0920043 397.263 0.00902386 0.980984 -0.193877 -65.4751 -0.0920043 0.193877 0.976702 201.481
0.9952 0.00955341 0.0973911 397.385 0.00955341 0.980985 -0.19385 -65.7218 -0.0973911 0.19385 0.976185 202.664
0.994774 0.0099825 0.101614 397.519 0.0099825 0.980933 -0.194092 -65.9673 -0.101614 0.194092 0.975706 203.844
0.994258 0.0104737 0.106497 397.646 0.0104737 0.980896 -0.194252 -66.2112 -0.106497 0.194252 0.975154 205.021
0.993728 0.0109222 0.111287 397.767 0.0109222 0.980979 -0.193807 -66.4576 -0.111287 0.193807 0.974707 206.218
0.993324 0.0112908 0.114803 397.899 0.0112908 0.980904 -0.194165 -66.7076 -0.114803 0.194165 0.974228 207.424
0.992715 0.0119864 0.119888 398.017 0.0119864 0.980278 -0.19726 -66.9359 -0.119888 0.19726 0.972993 208.534
0.992078 0.0126041 0.124987 398.141 0.0126041 0.979946 -0.198866 -67.1578 -0.124987 0.198866 0.972024 209.616
0.991313 0.0129901 0.130881 398.288 0.0129901 0.980575 -0.195711 -67.3976 -0.130881 0.195711 0.971888 210.75
0.990533 0.0134074 0.136621 398.447 0.0134074 0.981013 -0.19348 -67.6476 -0.136621 0.19348 0.971545 211.923
0.989504 0.0141743 0.143809 398.596 0.0141743 0.980858 -0.194206 -67.8957 -0.143809 0.194206 0.970362 213.158
0.988675 0.0147824 0.149344 398.783 0.0147824 0.980705 -0.194934 -68.1487 -0.149344 0.194934 0.96938 214.391
0.987743 0.0152835 0.155337 398.969 0.0152835 0.980942 -0.193698 -68.3959 -0.155337 0.193698 0.968685 215.581
0.986757 0.0158332 0.161431 399.16 0.0158332 0.98107 -0.193005 -68.6351 -0.161431 0.193005 0.967827 216.773
0.985597 0.0164604 0.168309 399.344 0.0164604 0.981188 -0.19235 -68.8722 -0.168309 0.19235 0.966785 217.911
0.984522 0.0170653 0.174429 399.563 0.0170653 0.981185 -0.192315 -69.1405 -0.174429 0.192315 0.965707 219.169
0.983448 0.0176424 0.180327 399.794 0.0176424 0.981195 -0.192211 -69.3845 -0.180327 0.192211 0.964643 220.377
0.982316 0.0183236 0.186331 400.012 0.0183236 0.981013 -0.193073 -69.619 -0.186331 0.193073 0.96333 221.531
0.981295 0.0188918 0.191579 400.242 0.0188918 0.980919 -0.193496 -69.8707 -0.191579 0.193496 0.962214 222.74
0.980298 0.0193295 0.196577 400.49 0.0193295 0.981036 -0.192859 -70.1318 -0.196577 0.192859 0.961334 223.975
0.979177 0.0196512 0.202054 400.742 0.0196512 0.981455 -0.190685 -70.3854 -0.202054 0.190685 0.960632 225.211
0.977997 0.0200148 0.207655 400.991 0.0200148 0.981794 -0.188894 -70.6503 -0.207655 0.188894 0.959791 226.459
0.976925 0.0204615 0.212601 401.262 0.0204615 0.981856 -0.18852 -70.907 -0.212601 0.18852 0.958781 227.711
0.975759 0.021035 0.217836 401.528 0.021035 0.981747 -0.189023 -71.1581 -0.217836 0.189023 0.957506 228.947
0.974879 0.0212764 0.221717 401.82 0.0212764 0.98198 -0.187784 -71.4178 -0.221717 0.187784 0.956859 230.188
0.973996 0.02135 0.225557 402.132 0.02135 0.982471 -0.185189 -71.6811 -0.225557 0.185189 0.956467 231.438
0.972633 0.0218468 0.231316 402.425 0.0218468 0.98256 -0.18466 -71.9442 -0.231316 0.18466 0.955193 232.704
0.970888 0.0233446 0.238393 402.665 0.0233446 0.98128 -0.191166 -72.1697 -0.238393 0.191166 0.952168 233.831
0.969112 0.024223 0.245427 402.896 0.024223 0.981004 -0.192471 -72.3615 -0.245427 0.192471 0.950116 234.786
0.967461 0.0244009 0.251842 403.196 0.0244009 0.981702 -0.188854 -72.5871 -0.251842 0.188854 0.949163 235.869
0.966027 0.0244053 0.257287 403.522 0.0244053 0.982468 -0.184827 -72.8219 -0.257287 0.184827 0.948495 237.006
0.964287 0.0251835 0.263658 403.818 0.0251835 0.982241 -0.185924 -73.0232 -0.263658 0.185924 0.946529 238.034
0.962217 0.0261719 0.271024 404.084 0.0261719 0.981871 -0.187734 -73.2271 -0.271024 0.187734 0.944088 239.01
0.959906 0.0271524 0.279005 404.416 0.0271524 0.981612 -0.188946 -73.4589 -0.279005 0.188946 0.941518 240.174
0.957504 0.0277676 0.287081 404.726 0.0277676 0.981856 -0.187582 -73.6738 -0.287081 0.187582 0.93936 241.178
0.954791 0.0283286 0.295924 405.036 0.0283286 0.982249 -0.185431 -73.8761 -0.295924 0.185431 0.93704 242.167
0.952257 0.028646 0.303951 405.413 0.028646 0.982812 -0.182372 -74.1095 -0.303951 0.182372 0.935069 243.32
0.949384 0.0290881 0.312768 405.804 0.0290881 0.983284 -0.179742 -74.3553 -0.312768 0.179742 0.932668 244.512
0.946569 0.0295588 0.321143 406.205 0.0295588 0.983648 -0.177662 -74.5899 -0.321143 0.177662 0.930217 245.681
0.944951 0.0299002 0.325843 406.666 0.0299002 0.98376 -0.176983 -74.8339 -0.325843 0.176983 0.928711 246.804
0.942673 0.0303351 0.332338 407.074 0.0303351 0.983948 -0.175858 -75.0553 -0.332338 0.175858 0.926621 247.93
0.940589 0.0305494 0.33817 407.507 0.0305494 0.984291 -0.173888 -75.2952 -0.33817 0.173888 0.92488 249.109
0.937502 0.0315371 0.346548 407.83 0.0315371 0.984086 -0.174872 -75.4716 -0.346548 0.174872 0.921588 250.052
0.935522 0.0317612 0.351837 408.289 0.0317612 0.984355 -0.173312 -75.703 -0.351837 0.173312 0.919877 251.316
0.933352 0.0319538 0.357537 408.768 0.0319538 0.98468 -0.171419 -75.9497 -0.357537 0.171419 0.918032 252.55
0.931028 0.0322739 0.363518 409.249 0.0322739 0.984898 -0.1701 -76.1918 -0.363518 0.1701 0.915926 253.773
0.928617 0.0326486 0.3696 409.739 0.0326486 0.985067 -0.169045 -76.4354 -0.3696 0.169045 0.913685 255.025
0.926193 0.0335375 0.375556 410.238 0.0335375 0.984761 -0.17065 -76.6851 -0.375556 0.17065 0.910954 256.285
0.923861 0.0340557 0.381211 410.736 0.0340557 0.984768 -0.170508 -76.9306 -0.381211 0.170508 0.908628 257.509
0.921625 0.0344024 0.386555 411.245 0.0344024 0.984899 -0.169676 -77.1793 -0.386555 0.169676 0.906524 258.736
0.919288 0.0348237 0.392043 411.739 0.0348237 0.984975 -0.169148 -77.4103 -0.392043 0.169148 0.904263 259.925
0.917288 0.0353882 0.39665 412.268 0.0353882 0.984859 -0.169705 -77.6494 -0.39665 0.169705 0.902147 261.168
0.914955 0.03605 0.401943 412.758 0.03605 0.984719 -0.17038 -77.8838 -0.401943 0.17038 0.899673 262.337
0.913074 0.0374057 0.406075 413.272 0.0374057 0.983904 -0.17474 -78.1193 -0.406075 0.17474 0.896978 263.516
0.911153 0.0382601 0.410288 413.79 0.0382601 0.983524 -0.176682 -78.3518 -0.410288 0.176682 0.894677 264.655
0.909585 0.0389078 0.413693 414.325 0.0389078 0.983257 -0.178022 -78.5912 -0.413693 0.178022 0.892842 265.81
0.907881 0.0385095 0.417455 414.847 0.0385095 0.983901 -0.174514 -78.8393 -0.417455 0.174514 0.891783 266.937
0.906379 0.0384721 0.420709 415.389 0.0384721 0.98419 -0.172885 -79.0782 -0.420709 0.172885 0.89057 268.095
0.90533 0.0382135 0.422986 415.94 0.0382135 0.984575 -0.170738 -79.3013 -0.422986 0.170738 0.889905 269.219
0.903856 0.037779 0.426166 416.468 0.037779 0.985155 -0.167458 -79.5248 -0.426166 0.167458 0.889011 270.334
0.90251 0.0375138 0.429032 417.027 0.0375138 0.985565 -0.16509 -79.7576 -0.429032 0.16509 0.888075 271.524
0.901673 0.0376417 0.430776 417.603 0.0376417 0.98559 -0.164911 -79.9956 -0.430776 0.164911 0.887263 272.7
0.90125 0.0382682 0.431605 418.187 0.0382682 0.98517 -0.167259 -80.2382 -0.431605 0.167259 0.88642 273.912
0.899974 0.038912 0.434202 418.722 0.038912 0.984862 -0.168914 -80.4724 -0.434202 0.168914 0.884837 275.089
0.899329 0.0388781 0.435541 419.274 0.0388781 0.984986 -0.168201 -80.7071 -0.435541 0.168201 0.884315 276.225
0.898934 0.038605 0.43638 419.842 0.038605 0.985254 -0.166687 -80.9471 -0.43638 0.166687 0.884187 277.386
0.898165 0.0382744 0.437989 420.367 0.0382744 0.985615 -0.164617 -81.1723 -0.437989 0.164617 0.88378 278.468
0.898119 0.0377807 0.438126 420.945 0.0377807 0.98599 -0.162471 -81.4047 -0.438126 0.162471 0.884109 279.59
0.897488 0.037591 0.439435 421.48 0.037591 0.986216 -0.161139 -81.6214 -0.439435 0.161139 0.883703 280.678
0.896416 0.0379402 0.441586 422.022 0.0379402 0.986103 -0.161742 -81.8504 -0.441586 0.161742 0.88252 281.815
0.89533 0.0384744 0.443738 422.56 0.0384744 0.985858 -0.163109 -82.066 -0.443738 0.163109 0.881188 282.929
0.895344 0.039078 0.443658 423.118 0.039078 0.985409 -0.165659 -82.2851 -0.443658 0.165659 0.880752 284.039
0.895487 0.0398196 0.443304 423.669 0.0398196 0.984829 -0.168898 -82.5099 -0.443304 0.168898 0.880315 285.137
0.89496 0.0402109 0.44433 424.191 0.0402109 0.984607 -0.170097 -82.736 -0.44433 0.170097 0.879567 286.217
0.894117 0.0404469 0.446003 424.709 0.0404469 0.984549 -0.170372 -82.9594 -0.446003 0.170372 0.878667 287.312
0.893881 0.0403683 0.446483 425.258 0.0403683 0.984644 -0.169845 -83.1978 -0.446483 0.169845 0.878525 288.4
0.893809 0.0404146 0.446623 425.803 0.0404146 0.984619 -0.169978 -83.4272 -0.446623 0.169978 0.878428 289.459
0.893572 0.0407515 0.447066 426.336 0.0407515 0.984396 -0.171183 -83.6434 -0.447066 0.171183 0.877968 290.532
0.893926 0.0404443 0.446386 426.867 0.0404443 0.984579 -0.1702 -83.8536 -0.446386 0.1702 0.878505 291.548
0.893524 0.0401782 0.447215 427.403 0.0401782 0.984839 -0.168754 -84.0769 -0.447215 0.168754 0.878363 292.626
0.893557 0.0403403 0.447133 427.932 0.0403403 0.984712 -0.169457 -84.2949 -0.447133 0.169457 0.878269 293.688
0.893806 0.0406762 0.446606 428.433 0.0406762 0.98442 -0.171066 -84.4975 -0.446606 0.171066 0.878225 294.683
0.894242 0.0405407 0.445744 428.94 0.0405407 0.984459 -0.170869 -84.7029 -0.445744 0.170869 0.878701 295.692
0.894684 0.0398565 0.444919 429.431 0.0398565 0.984917 -0.168377 -84.9106 -0.444919 0.168377 0.8796 296.691
0.894883 0.0394598 0.444553 429.96 0.0394598 0.985187 -0.16688 -85.1291 -0.444553 0.16688 0.88007 297.767
0.894735 0.0394538 0.44485 430.44 0.0394538 0.985212 -0.166733 -85.327 -0.44485 0.166733 0.879948 298.768
0.894617 0.0394991 0.445085 430.985 0.0394991 0.985195 -0.166824 -85.5369 -0.445085 0.166824 0.879812 299.852
0.893637 0.0396563 0.447035 431.482 0.0396563 0.985215 -0.166672 -85.7362 -0.447035 0.166672 0.878852 300.813
0.892132 0.0401645 0.449987 431.998 0.0401645 0.985045 -0.167551 -85.9371 -0.449987 0.167551 0.877177 301.807
0.890395 0.040475 0.453385 432.559 0.040475 0.985053 -0.167427 -86.1457 -0.453385 0.167427 0.875448 302.882
0.887367 0.0408903 0.459247 433.107 0.0408903 0.985155 -0.166725 -86.364 -0.459247 0.166725 0.872522 303.946
0.883687 0.0420461 0.466186 433.515 0.0420461 0.984801 -0.168522 -86.5177 -0.466186 0.168522 0.868488 304.726
0.879785 0.0430871 0.473414 434.072 0.0430871 0.984557 -0.16968 -86.733 -0.473414 0.16968 0.864342 305.76
0.875089 0.0435815 0.481995 434.619 0.0435815 0.984794 -0.168169 -86.9375 -0.481995 0.168169 0.859884 306.784
0.870767 0.0436091 0.489757 435.206 0.0436091 0.985284 -0.165267 -87.1554 -0.489757 0.165267 0.856052 307.79
0.866221 0.0436025 0.497755 435.791 0.0436025 0.985789 -0.162233 -87.3633 -0.497755 0.162233 0.85201 308.766
0.862194 0.0453411 0.504544 436.432 0.0453411 0.985082 -0.166006 -87.5832 -0.504544 0.166006 0.847276 309.899
0.857894 0.0479213 0.511587 436.893 0.0479213 0.98384 -0.172519 -87.7506 -0.511587 0.172519 0.841734 310.682
0.853715 0.0503937 0.518296 437.196 0.0503937 0.98264 -0.178548 -87.8563 -0.518296 0.178548 0.836355 311.187
0.84937 0.051199 0.525309 437.604 0.051199 0.982598 -0.178552 -88.0007 -0.525309 0.178552 0.831967 311.871
0.844748 0.0499159 0.532832 438.102 0.0499159 0.983951 -0.171313 -88.1745 -0.532832 0.171313 0.828699 312.66
0.841017 0.0490878 0.538777 438.71 0.0490878 0.984844 -0.166353 -88.3789 -0.538777 0.166353 0.825861 313.592
0.837571 0.049177 0.54411 439.441 0.049177 0.985111 -0.164735 -88.6125 -0.54411 0.164735 0.822682 314.681
0.834196 0.0499064 0.549206 440.135 0.0499064 0.984978 -0.165309 -88.8358 -0.549206 0.165309 0.819174 315.74
0.830896 0.0499158 0.554184 440.6 0.0499158 0.985266 -0.163583 -88.9849 -0.554184 0.163583 0.816162 316.425
0.827614 0.0490174 0.559154 441.224 0.0490174 0.986062 -0.158993 -89.1818 -0.559154 0.158993 0.813676 317.361
0.824047 0.0492933 0.564373 441.917 0.0492933 0.98619 -0.158109 -89.3919 -0.564373 0.158109 0.810238 318.397
0.821002 0.0486072 0.568853 442.681 0.0486072 0.986801 -0.154473 -89.6122 -0.568853 0.154473 0.807802 319.457
0.817645 0.0485065 0.573675 443.406 0.0485065 0.987097 -0.152598 -89.8218 -0.573675 0.152598 0.804742 320.485
0.814822 0.0483171 0.577695 444.159 0.0483171 0.987393 -0.150733 -90.0358 -0.577695 0.150733 0.802215 321.533
0.811576 0.0481701 0.582258 444.873 0.0481701 0.987685 -0.148853 -90.2423 -0.582258 0.148853 0.799261 322.529
0.808888 0.0468807 0.586091 445.573 0.0468807 0.9885 -0.143771 -90.4371 -0.586091 0.143771 0.797388 323.501
0.806522 0.0459176 0.589418 446.262 0.0459176 0.989102 -0.139885 -90.6307 -0.589418 0.139885 0.795625 324.451
0.806162 0.0452085 0.589966 447.03 0.0452085 0.989456 -0.137596 -90.8241 -0.589966 0.137596 0.795618 325.437
0.805803 0.0450884 0.590465 447.781 0.0450884 0.989531 -0.137093 -91.0119 -0.590465 0.137093 0.795334 326.417
0.804974 0.0448246 0.591615 448.533 0.0448246 0.989698 -0.135976 -91.2003 -0.591615 0.135976 0.794671 327.42
0.804104 0.0452112 0.592767 449.229 0.0452112 0.989566 -0.136806 -91.3764 -0.592767 0.136806 0.79367 328.347
0.803004 0.0459585 0.594199 449.979 0.0459585 0.989278 -0.138624 -91.5645 -0.594199 0.138624 0.792282 329.358
0.801263 0.0455441 0.596576 450.695 0.0455441 0.989563 -0.136716 -91.744 -0.596576 0.136716 0.790826 330.347
0.799565 0.0444573 0.598932 451.423 0.0444573 0.990139 -0.132846 -91.9286 -0.598932 0.132846 0.789704 331.341
0.798826 0.0432649 0.600004 452.185 0.0432649 0.990695 -0.129038 -92.1094 -0.600004 0.129038 0.789522 332.36
0.798677 0.0433114 0.600199 452.967 0.0433114 0.990682 -0.129123 -92.2873 -0.600199 0.129123 0.789359 333.396
0.799643 0.044712 0.598808 453.732 0.044712 0.990022 -0.133631 -92.4718 -0.598808 0.133631 0.789665 334.42
0.799904 0.0456755 0.598388 454.51 0.0456755 0.989574 -0.136593 -92.6604 -0.598388 0.136593 0.789477 335.433
0.801572 0.0467738 0.596065 455.264 0.0467738 0.988974 -0.140506 -92.8393 -0.596065 0.140506 0.790547 336.397
0.804105 0.0425236 0.592964 456.047 0.0425236 0.990769 -0.128717 -93.0246 -0.592964 0.128717 0.794874 337.358
0.804539 0.0390012 0.592618 456.824 0.0390012 0.992218 -0.118248 -93.2009 -0.592618 0.118248 0.796757 338.393
0.804257 0.0388797 0.593008 457.59 0.0388797 0.992277 -0.117787 -93.3771 -0.593008 0.117787 0.796534 339.444
0.804897 0.0395302 0.592097 458.358 0.0395302 0.991991 -0.119966 -93.5468 -0.592097 0.119966 0.796887 340.496
0.804885 0.040211 0.592066 459.057 0.040211 0.991713 -0.122019 -93.7058 -0.592066 0.122019 0.796598 341.489
0.804688 0.0401766 0.592337 459.732 0.0401766 0.991735 -0.121847 -93.8652 -0.592337 0.121847 0.796424 342.423
0.804683 0.0391054 0.592415 460.427 0.0391054 0.992171 -0.11861 -94.0258 -0.592415 0.11861 0.796854 343.373
0.805185 0.0373846 0.591844 461.169 0.0373846 0.992826 -0.113573 -94.1858 -0.591844 0.113573 0.798011 344.367
0.805966 0.0360902 0.590861 461.886 0.0360902 0.993287 -0.109899 -94.3354 -0.590861 0.109899 0.799253 345.319
0.806019 0.0359417 0.590797 462.608 0.0359417 0.993341 -0.109466 -94.4951 -0.590797 0.109466 0.79936 346.307
0.806028 0.0363492 0.59076 463.318 0.0363492 0.993188 -0.110705 -94.6469 -0.59076 0.110705 0.799217 347.274
0.805253 0.0352422 0.591884 463.998 0.0352422 0.993622 -0.10711 -94.7924 -0.591884 0.10711 0.798875 348.217
0.805288 0.0352575 0.591834 464.743 0.0352575 0.993616 -0.107167 -94.9486 -0.591834 0.107167 0.798904 349.244
0.804752 0.0357166 0.592535 465.474 0.0357166 0.993466 -0.108392 -95.0997 -0.592535 0.108392 0.798219 350.264
0.803885 0.0366514 0.593654 466.196 0.0366514 0.99315 -0.110947 -95.2574 -0.593654 0.110947 0.797036 351.257
0.802713 0.0367527 0.595232 466.93 0.0367527 0.993153 -0.110886 -95.4145 -0.595232 0.110886 0.795866 352.305
0.801963 0.0372634 0.59621 467.685 0.0372634 0.992988 -0.112185 -95.5726 -0.59621 0.112185 0.794952 353.325
0.80121 0.0374483 0.597211 468.417 0.0374483 0.992945 -0.112503 -95.7277 -0.597211 0.112503 0.794155 354.301
0.800427 0.0366007 0.598312 469.187 0.0366007 0.993288 -0.109727 -95.8992 -0.598312 0.109727 0.793714 355.315
0.797248 0.0374231 0.602491 469.878 0.0374231 0.993093 -0.111205 -96.0501 -0.602491 0.111205 0.790341 356.332
0.794824 0.0372366 0.605696 470.643 0.0372366 0.993242 -0.109926 -96.2103 -0.605696 0.109926 0.788066 357.343
0.794824 0.0372366 0.605696 471.408 0.0372366 0.993242 -0.109926 -96.3706 -0.605696 0.109926 0.788066 358.354
0.793812 0.0373055 0.607018 472.158 0.0373055 0.99325 -0.109828 -96.5244 -0.607018 0.109828 0.787063 359.326
0.789471 0.0383363 0.612589 472.863 0.0383363 0.993019 -0.11155 -96.6955 -0.612589 0.11155 0.782491 360.352
0.787499 0.0385774 0.615108 473.68 0.0385774 0.992997 -0.111666 -96.8545 -0.615108 0.111666 0.780496 361.404
0.787499 0.0385774 0.615108 474.498 0.0385774 0.992997 -0.111666 -97.0134 -0.615108 0.111666 0.780496 362.455
0.785012 0.0397685 0.618203 475.264 0.0397685 0.992644 -0.114355 -97.1651 -0.618203 0.114355 0.777655 363.451
0.78274 0.0404383 0.621034 476.049 0.0404383 0.992473 -0.115592 -97.3272 -0.621034 0.115592 0.775213 364.431
0.78074 0.041227 0.623494 476.847 0.041227 0.992248 -0.117235 -97.4916 -0.623494 0.117235 0.772989 365.428
0.778121 0.0426204 0.626667 477.642 0.0426204 0.991813 -0.120375 -97.6617 -0.626667 0.120375 0.769934 366.426
0.775817 0.0443349 0.629398 478.432 0.0443349 0.991232 -0.124471 -97.8387 -0.629398 0.124471 0.76705 367.405
0.773616 0.0439696 0.632128 479.196 0.0439696 0.99146 -0.122775 -98.0051 -0.632128 0.122775 0.765076 368.334
0.771838 0.0421105 0.634424 479.998 0.0421105 0.992228 -0.117092 -98.1805 -0.634424 0.117092 0.764066 369.297
0.77045 0.0410524 0.636177 480.836 0.0410524 0.992658 -0.113773 -98.3383 -0.636177 0.113773 0.763109 370.252
0.769096 0.0425732 0.637713 481.644 0.0425732 0.992151 -0.117579 -98.5183 -0.637713 0.117579 0.761247 371.256
0.767133 0.0435217 0.64001 482.519 0.0435217 0.991866 -0.119615 -98.7071 -0.64001 0.119615 0.758999 372.305
0.765695 0.0464027 0.641528 483.38 0.0464027 0.99081 -0.127051 -98.9061 -0.641528 0.127051 0.756505 373.345
0.763251 0.047251 0.644372 484.237 0.047251 0.99057 -0.128606 -99.096 -0.644372 0.128606 0.75382 374.368
