1 -8.22789e-007 -0.00085052 -0.0332714 -8.22789e-007 0.999998 -0.00193479 -0.0106501 0.00085052 0.00193479 0.999998 0.665833
1 -1.71017e-006 -0.000963462 -0.102903 -1.71017e-006 0.999994 -0.00355004 -0.0155367 0.000963462 0.00355004 0.999993 1.32564
0.99995 -2.10532e-005 -0.00997822 -0.112149 -2.10532e-005 0.999991 -0.00421972 -0.0328396 0.00997822 0.00421972 0.999941 1.99822
0.99995 -2.10532e-005 -0.00997822 -0.121396 -2.10532e-005 0.999991 -0.00421972 -0.0501425 0.00997822 0.00421972 0.999941 2.67081
0.999898 -2.95819e-005 -0.0142756 -0.135179 -2.95819e-005 0.999991 -0.00414417 -0.0603854 0.0142756 0.00414417 0.99989 3.43743
0.999864 -4.49715e-005 -0.0164619 -0.179493 -4.49715e-005 0.999985 -0.00546328 -0.0665818 0.0164619 0.00546328 0.99985 4.16951
0.999772 -6.36651e-005 -0.0213636 -0.213329 -6.36651e-005 0.999982 -0.00595942 -0.0738261 0.0213636 0.00595942 0.999754 4.93217
0.999685 -5.12804e-005 -0.0250781 -0.24626 -5.12804e-005 0.999992 -0.00408901 -0.084655 0.0250781 0.00408901 0.999677 5.72486
0.999581 -2.70582e-005 -0.0289337 -0.272838 -2.70582e-005 0.999998 -0.00186997 -0.0879141 0.0289337 0.00186997 0.99958 6.50386
0.999524 1.22319e-005 -0.0308623 -0.322371 1.22319e-005 1 0.000792484 -0.097309 0.0308623 -0.000792484 0.999523 7.31747
0.999451 4.4038e-006 -0.0331204 -0.365578 4.4038e-006 1 0.000265854 -0.103535 0.0331204 -0.000265854 0.999451 8.15115
0.99946 4.08799e-006 -0.0328653 -0.434646 4.08799e-006 1 0.000248705 -0.110307 0.0328653 -0.000248705 0.99946 8.97111
0.999384 -6.03233e-006 -0.0350844 -0.459248 -6.03233e-006 1 -0.000343769 -0.116937 0.0350844 0.000343769 0.999384 9.79957
0.999272 2.28656e-005 -0.0381511 -0.465654 2.28656e-005 0.999999 0.00119825 -0.133076 0.0381511 -0.00119825 0.999271 10.6032
0.999082 2.55762e-005 -0.0428368 -0.458717 2.55762e-005 0.999999 0.00119358 -0.14491 0.0428368 -0.00119358 0.999081 11.4396
0.999042 -1.80446e-005 -0.0437698 -0.514165 -1.80446e-005 1 -0.000824126 -0.154044 0.0437698 0.000824126 0.999041 12.2564
0.999033 -7.38507e-005 -0.0439698 -0.566366 -7.38507e-005 0.999994 -0.00335752 -0.162767 0.0439698 0.00335752 0.999027 13.0814
0.999019 -0.000106422 -0.0442804 -0.631539 -0.000106422 0.999988 -0.00480433 -0.17087 0.0442804 0.00480433 0.999008 13.9094
0.998941 -8.37714e-005 -0.0460119 -0.667142 -8.37714e-005 0.999993 -0.00363935 -0.190821 0.0460119 0.00363935 0.998934 14.747
0.99883 -6.52058e-005 -0.0483554 -0.687448 -6.52058e-005 0.999996 -0.00269536 -0.200134 0.0483554 0.00269536 0.998827 15.577
0.998754 -2.80549e-005 -0.0498952 -0.735376 -2.80549e-005 0.999999 -0.00112385 -0.209016 0.0498952 0.00112385 0.998754 16.4313
0.998706 -2.56661e-005 -0.0508535 -0.755109 -2.56661e-005 0.999999 -0.00100876 -0.22379 0.0508535 0.00100876 0.998706 17.2566
0.998622 -4.44998e-005 -0.0524801 -0.800857 -4.44998e-005 0.999999 -0.0016947 -0.235438 0.0524801 0.0016947 0.998621 18.0841
0.998515 -6.79602e-005 -0.0544834 -0.834069 -6.79602e-005 0.999997 -0.00249286 -0.248308 0.0544834 0.00249286 0.998512 18.9292
0.99849 -4.45677e-005 -0.0549377 -0.882423 -4.45677e-005 0.999999 -0.00162126 -0.253402 0.0549377 0.00162126 0.998488 19.7666
0.998487 5.22866e-005 -0.0549839 -0.926931 5.22866e-005 0.999998 0.00190045 -0.265591 0.0549839 -0.00190045 0.998485 20.5853
0.998402 0.000161316 -0.056513 -0.940437 0.000161316 0.999984 0.00570438 -0.289774 0.056513 -0.00570438 0.998386 21.4348
0.998554 0.000221709 -0.0537637 -1.00575 0.000221709 0.999966 0.00824144 -0.286797 0.0537637 -0.00824144 0.99852 22.3124
0.998765 0.000161 -0.0496889 -1.03318 0.000161 0.999979 0.00647624 -0.295939 0.0496889 -0.00647624 0.998744 23.2042
0.998765 0.000161 -0.0496889 -1.0606 0.000161 0.999979 0.00647624 -0.305082 0.0496889 -0.00647624 0.998744 24.096
0.998923 3.56754e-005 -0.0463925 -1.14445 3.56754e-005 0.999999 0.00153715 -0.301585 0.0463925 -0.00153715 0.998922 25.0114
0.998996 -3.71412e-005 -0.0448076 -1.18884 -3.71412e-005 0.999999 -0.00165697 -0.304169 0.0448076 0.00165697 0.998994 25.9122
0.999022 -1.25099e-005 -0.0442078 -1.22359 -1.25099e-005 1 -0.000565685 -0.319714 0.0442078 0.000565685 0.999022 26.7993
0.998984 0.000100177 -0.0450647 -1.25612 0.000100177 0.99999 0.00444366 -0.330036 0.0450647 -0.00444366 0.998974 27.7067
0.998985 0.000172206 -0.0450382 -1.30171 0.000172206 0.999971 0.00764311 -0.336772 0.0450382 -0.00764311 0.998956 28.6082
0.998906 0.000157909 -0.046756 -1.32678 0.000157909 0.999977 0.00675084 -0.349614 0.046756 -0.00675084 0.998884 29.5298
0.998835 6.7142e-005 -0.0482594 -1.36794 6.7142e-005 0.999996 0.00278092 -0.35374 0.0482594 -0.00278092 0.998831 30.4388
0.99873 -1.93395e-005 -0.0503889 -1.40633 -1.93395e-005 1 -0.000767122 -0.363947 0.0503889 0.000767122 0.998729 31.325
0.998623 -4.09907e-005 -0.0524679 -1.45335 -4.09907e-005 0.999999 -0.00156143 -0.370837 0.0524679 0.00156143 0.998621 32.1872
0.998594 -1.25352e-005 -0.0530074 -1.53025 -1.25352e-005 1 -0.000472627 -0.370338 0.0530074 0.000472627 0.998594 33.0774
0.998523 7.29233e-005 -0.0543276 -1.57249 7.29233e-005 0.999996 0.00268259 -0.384788 0.0543276 -0.00268259 0.99852 33.937
0.998537 0.000115365 -0.0540739 -1.63799 0.000115365 0.999991 0.0042638 -0.396314 0.0540739 -0.0042638 0.998528 34.8264
0.998512 0.000182414 -0.0545309 -1.69605 0.000182414 0.999978 0.00668524 -0.398494 0.0545309 -0.00668524 0.99849 35.7361
0.998525 0.000255954 -0.0542945 -1.74762 0.000255954 0.999956 0.00942121 -0.399492 0.0542945 -0.00942121 0.998481 36.6634
0.998414 0.000331455 -0.0563007 -1.79719 0.000331455 0.999931 0.0117647 -0.398077 0.0563007 -0.0117647 0.998345 37.6258
0.998568 0.000315277 -0.0534904 -1.90891 0.000315277 0.999931 0.0117793 -0.40387 0.0534904 -0.0117793 0.998499 38.6131
0.998548 0.000219392 -0.0538719 -1.96673 0.000219392 0.999967 0.0081389 -0.407924 0.0538719 -0.0081389 0.998515 39.5888
0.998548 0.000219392 -0.0538719 -2.02456 0.000219392 0.999967 0.0081389 -0.411977 0.0538719 -0.0081389 0.998515 40.5646
0.998415 0.000225883 -0.0562779 -2.06871 0.000225883 0.999968 0.00802094 -0.414369 0.0562779 -0.00802094 0.998383 41.515
0.998204 0.000268666 -0.0599138 -2.08823 0.000268666 0.99996 0.00896019 -0.418073 0.0599138 -0.00896019 0.998163 42.4906
0.998054 0.000318099 -0.0623557 -2.13537 0.000318099 0.999948 0.0101925 -0.427626 0.0623557 -0.0101925 0.998002 43.4358
0.998051 0.000208619 -0.0624054 -2.21524 0.000208619 0.999978 0.00667934 -0.432682 0.0624054 -0.00667934 0.998029 44.4131
0.998046 7.51543e-005 -0.0624885 -2.30371 7.51543e-005 0.999997 0.00240303 -0.424761 0.0624885 -0.00240303 0.998043 45.3753
0.998029 3.9685e-005 -0.0627569 -2.36658 3.9685e-005 0.999999 0.00126347 -0.432327 0.0627569 -0.00126347 0.998028 46.3094
0.99795 0.000151631 -0.063996 -2.40428 0.000151631 0.999989 0.00473387 -0.443378 0.063996 -0.00473387 0.997939 47.2089
0.997961 0.000248464 -0.063824 -2.47061 0.000248464 0.99997 0.00777784 -0.453158 0.063824 -0.00777784 0.997931 48.1216
0.997925 0.000274974 -0.0643855 -2.52801 0.000274974 0.999964 0.00853247 -0.461301 0.0643855 -0.00853247 0.997889 49.0538
0.997929 0.000246426 -0.0643318 -2.58662 0.000246426 0.999971 0.00765304 -0.47528 0.0643318 -0.00765304 0.997899 49.9503
0.997947 0.00019072 -0.0640505 -2.65116 0.00019072 0.999982 0.00594912 -0.482037 0.0640505 -0.00594912 0.997929 50.8465
0.997999 0.000205235 -0.063224 -2.73251 0.000205235 0.999979 0.00648574 -0.482049 0.063224 -0.00648574 0.997978 51.7306
0.998042 0.000310071 -0.0625391 -2.82199 0.000310071 0.999951 0.00990613 -0.482476 0.0625391 -0.00990613 0.997993 52.6403
0.997951 0.000457619 -0.0639738 -2.86346 0.000457619 0.999898 0.0142911 -0.483906 0.0639738 -0.0142911 0.997849 53.5305
0.997824 0.000533005 -0.0659277 -2.91497 0.000533005 0.999869 0.0161507 -0.481815 0.0659277 -0.0161507 0.997694 54.4502
0.99776 0.00040909 -0.0668918 -2.99112 0.00040909 0.999925 0.0122172 -0.48555 0.0668918 -0.0122172 0.997685 55.3719
0.997673 0.000169886 -0.068185 -3.05749 0.000169886 0.999988 0.00497726 -0.493458 0.068185 -0.00497726 0.99766 56.2739
0.997619 1.63604e-005 -0.0689658 -3.12199 1.63604e-005 1 0.000473885 -0.507928 0.0689658 -0.000473885 0.997619 57.1468
0.997546 5.48282e-005 -0.070016 -3.18749 5.48282e-005 0.999999 0.00156424 -0.511442 0.070016 -0.00156424 0.997545 58.0009
0.99747 0.000150164 -0.0710875 -3.25623 0.000150164 0.999991 0.00421939 -0.525256 0.0710875 -0.00421939 0.997461 58.8624
0.997337 0.000204519 -0.0729288 -3.30722 0.000204519 0.999984 0.00560121 -0.536488 0.0729288 -0.00560121 0.997321 59.6973
0.997264 0.000211741 -0.0739212 -3.38356 0.000211741 0.999984 0.00572095 -0.545326 0.0739212 -0.00572095 0.997248 60.5372
0.997057 0.000278732 -0.076662 -3.46181 0.000278732 0.999974 0.00726091 -0.565861 0.076662 -0.00726091 0.997031 61.3466
0.99687 0.000301291 -0.0790591 -3.51998 0.000301291 0.999971 0.00760988 -0.572056 0.0790591 -0.00760988 0.996841 62.1738
0.996755 0.000330609 -0.0804995 -3.58952 0.000330609 0.999966 0.00820048 -0.582736 0.0804995 -0.00820048 0.996721 62.9944
0.996714 0.000365894 -0.0809991 -3.66922 0.000365894 0.999959 0.00901948 -0.586738 0.0809991 -0.00901948 0.996673 63.8022
0.996578 0.000497861 -0.0826572 -3.73472 0.000497861 0.999928 0.0120254 -0.591427 0.0826572 -0.0120254 0.996505 64.5914
0.996642 0.000654121 -0.0818833 -3.83132 0.000654121 0.999873 0.0159491 -0.589783 0.0818833 -0.0159491 0.996514 65.3937
0.996533 0.000734016 -0.0831948 -3.92259 0.000734016 0.999845 0.0176138 -0.581632 0.0831948 -0.0176138 0.996378 66.2256
0.996739 0.000544965 -0.0806908 -4.06801 0.000544965 0.999909 0.0134848 -0.580108 0.0806908 -0.0134848 0.996648 67.0232
0.996498 2.20949e-005 -0.0836156 -4.12795 2.20949e-005 1 0.000527563 -0.589765 0.0836156 -0.000527563 0.996498 67.8015
0.996498 2.20949e-005 -0.0836156 -4.18789 2.20949e-005 1 0.000527563 -0.599421 0.0836156 -0.000527563 0.996498 68.5799
0.996189 3.13363e-005 -0.0872251 -4.1861 3.13363e-005 1 0.000717147 -0.624698 0.0872251 -0.000717147 0.996188 69.2231
0.996005 0.00026641 -0.0892959 -4.25696 0.00026641 0.999982 0.00595493 -0.628101 0.0892959 -0.00595493 0.995987 69.8931
0.996005 0.00026641 -0.0892959 -4.32782 0.00026641 0.999982 0.00595493 -0.631504 0.0892959 -0.00595493 0.995987 70.5631
0.995975 0.000116679 -0.0896359 -4.39453 0.000116679 0.999997 0.00259816 -0.644182 0.0896359 -0.00259816 0.995971 71.2179
0.996044 -0.000359673 -0.0888599 -4.43405 -0.000359673 0.999967 -0.00807914 -0.658552 0.0888599 0.00807914 0.996011 71.8447
0.996044 -0.000359673 -0.0888599 -4.47357 -0.000359673 0.999967 -0.00807914 -0.672922 0.0888599 0.00807914 0.996011 72.4716
0.99624 -0.000358015 -0.0866409 -4.51411 -0.000358015 0.999966 -0.00824866 -0.681169 0.0866409 0.00824866 0.996205 73.018
0.99645 -0.00019517 -0.084183 -4.54877 -0.00019517 0.999989 -0.00462854 -0.698366 0.084183 0.00462854 0.99644 73.5613
0.996953 -0.000103773 -0.0780025 -4.61834 -0.000103773 0.999996 -0.0026567 -0.691748 0.0780025 0.0026567 0.99695 74.1316
0.997503 4.52381e-005 -0.0706267 -4.68918 4.52381e-005 0.999999 0.00127945 -0.702418 0.0706267 -0.00127945 0.997502 74.7049
0.998058 0.000142876 -0.0622891 -4.71753 0.000142876 0.999989 0.00458303 -0.716398 0.0622891 -0.00458303 0.998048 75.2517
0.999339 7.9548e-005 -0.0363623 -4.74261 7.9548e-005 0.99999 0.00437383 -0.722015 0.0363623 -0.00437383 0.999329 75.7687
0.999339 7.9548e-005 -0.0363623 -4.7677 7.9548e-005 0.99999 0.00437383 -0.727633 0.0363623 -0.00437383 0.999329 76.2858
0.999843 4.61073e-005 -0.0177051 -4.78236 4.61073e-005 0.999986 0.00520791 -0.732817 0.0177051 -0.00520791 0.99983 76.7922
0.999989 -1.46356e-005 0.00478609 -4.77387 -1.46356e-005 0.999981 0.00611579 -0.736381 -0.00478609 -0.00611579 0.99997 77.2647
0.999521 -0.000117145 0.0309343 -4.74069 -0.000117145 0.999971 0.00757185 -0.745243 -0.0309343 -0.00757185 0.999493 77.7413
0.998161 -0.000289318 0.0606199 -4.69914 -0.000289318 0.999954 0.0095363 -0.750584 -0.0606199 -0.0095363 0.998115 78.1914
0.99567 -0.000536921 0.0929569 -4.62671 -0.000536921 0.999933 0.0115266 -0.758326 -0.0929569 -0.0115266 0.995603 78.6591
0.991446 -0.000819985 0.130513 -4.54267 -0.000819985 0.999921 0.0125113 -0.764042 -0.130513 -0.0125113 0.991368 79.1284
0.984866 -0.00109866 0.173314 -4.46242 -0.00109866 0.99992 0.0125818 -0.763549 -0.173314 -0.0125818 0.984786 79.5653
0.975709 -0.00141443 0.219065 -4.35272 -0.00141443 0.999918 0.0127559 -0.765496 -0.219065 -0.0127559 0.975627 79.9947
0.963649 -0.00148037 0.267168 -4.19468 -0.00148037 0.99994 0.0108802 -0.771289 -0.267168 -0.0108802 0.963589 80.4008
0.947461 -0.00144409 0.319869 -4.0317 -0.00144409 0.99996 0.00879192 -0.778431 -0.319869 -0.00879192 0.947421 80.7843
0.926969 -0.00138918 0.375136 -3.84449 -0.00138918 0.999974 0.00713571 -0.779339 -0.375136 -0.00713571 0.926942 81.1586
0.902494 -0.00131422 0.4307 -3.62222 -0.00131422 0.999982 0.00580513 -0.775697 -0.4307 -0.00580513 0.902477 81.5084
0.873549 -0.00133338 0.486734 -3.38402 -0.00133338 0.999986 0.00513246 -0.775781 -0.486734 -0.00513246 0.873535 81.8217
0.839646 -0.00165757 0.543132 -3.13276 -0.00165757 0.999983 0.00561431 -0.780582 -0.543132 -0.00561431 0.839629 82.1294
0.802098 -0.00178938 0.597189 -2.86739 -0.00178938 0.999984 0.00539966 -0.788016 -0.597189 -0.00539966 0.802082 82.4197
0.761471 -0.00236074 0.648194 -2.58592 -0.00236074 0.999977 0.00641524 -0.790406 -0.648194 -0.00641524 0.761448 82.6939
0.718689 -0.00289144 0.695326 -2.27608 -0.00289144 0.99997 0.00714687 -0.787126 -0.695326 -0.00714687 0.718659 82.9464
0.673412 -0.00368243 0.739258 -1.95256 -0.00368243 0.999958 0.00833548 -0.789379 -0.739258 -0.00833548 0.673371 83.1752
0.626226 -0.00462537 0.779628 -1.61214 -0.00462537 0.999943 0.00964772 -0.787257 -0.779628 -0.00964772 0.626169 83.393
0.578836 -0.006791 0.815415 -1.2744 -0.006791 0.99989 0.0131481 -0.797557 -0.815415 -0.0131481 0.578727 83.577
0.532068 -0.00637166 0.846678 -0.919195 -0.00637166 0.999913 0.0115289 -0.801016 -0.846678 -0.0115289 0.531981 83.75
0.485185 -0.00522066 0.874396 -0.569455 -0.00522066 0.999947 0.00886712 -0.808173 -0.874396 -0.00886712 0.485132 83.9013
0.440487 -0.00510583 0.897744 -0.208718 -0.00510583 0.999953 0.00819236 -0.814983 -0.897744 -0.00819236 0.440441 84.0292
0.397836 -0.0092935 0.917409 0.161591 -0.0092935 0.999857 0.0141588 -0.81345 -0.917409 -0.0141588 0.397693 84.1459
0.358894 -0.0199066 0.933166 0.560721 -0.0199066 0.999382 0.0289752 -0.806058 -0.933166 -0.0289752 0.358276 84.2408
0.322724 -0.0228573 0.946217 0.927355 -0.0228573 0.999229 0.0319338 -0.792585 -0.946217 -0.0319338 0.321952 84.3411
0.290338 -0.0214686 0.956683 1.32007 -0.0214686 0.999351 0.0289414 -0.794319 -0.956683 -0.0289414 0.289689 84.427
0.259068 -0.0132608 0.965768 1.73377 -0.0132608 0.999763 0.0172848 -0.790939 -0.965768 -0.0172848 0.258831 84.5351
0.231148 -0.00944959 0.972873 2.14011 -0.00944959 0.999884 0.0119571 -0.796631 -0.972873 -0.0119571 0.231032 84.6133
0.205793 -0.0099981 0.978545 2.53814 -0.0099981 0.999874 0.0123187 -0.802271 -0.978545 -0.0123187 0.205667 84.671
0.181921 -0.014334 0.983209 2.93528 -0.014334 0.999749 0.0172273 -0.804079 -0.983209 -0.0172273 0.18167 84.7281
0.162337 -0.0194956 0.986543 3.34282 -0.0194956 0.999546 0.0229606 -0.791773 -0.986543 -0.0229606 0.161884 84.7645
0.143289 -0.0210096 0.989458 3.75598 -0.0210096 0.999485 0.024265 -0.77496 -0.989458 -0.024265 0.142774 84.8058
0.125604 -0.0188448 0.991901 4.17178 -0.0188448 0.999594 0.0213772 -0.763316 -0.991901 -0.0213772 0.125198 84.8562
0.110123 -0.0180951 0.993753 4.55872 -0.0180951 0.999632 0.0202074 -0.761206 -0.993753 -0.0202074 0.109755 84.8961
0.095548 -0.0181769 0.995259 4.95979 -0.0181769 0.999635 0.0200019 -0.75823 -0.995259 -0.0200019 0.0951827 84.9274
0.0823735 -0.0203455 0.996394 5.39163 -0.0203455 0.999549 0.0220919 -0.757248 -0.996394 -0.0220919 0.0819224 84.9471
0.0706028 -0.0233352 0.997232 5.85323 -0.0233352 0.999414 0.0250384 -0.754498 -0.997232 -0.0250384 0.0700169 84.9722
0.0606731 -0.0261544 0.997815 6.32762 -0.0261544 0.999272 0.0277829 -0.747474 -0.997815 -0.0277829 0.0599449 84.9863
0.052212 -0.0276763 0.998252 6.83152 -0.0276763 0.999192 0.0291499 -0.739221 -0.998252 -0.0291499 0.0514038 85.0129
0.0444339 -0.0294956 0.998577 7.36575 -0.0294956 0.99909 0.0308232 -0.723994 -0.998577 -0.0308232 0.0435235 85.0512
0.0381826 -0.029056 0.998848 7.91167 -0.029056 0.999122 0.0301747 -0.707203 -0.998848 -0.0301747 0.0373049 85.0763
0.0333689 -0.0297615 0.999 8.45039 -0.0297615 0.999084 0.0307581 -0.692418 -0.999 -0.0307581 0.0324526 85.0837
0.0271893 -0.0287876 0.999216 9.01822 -0.0287876 0.999148 0.0295689 -0.681856 -0.999216 -0.0295689 0.0263374 85.118
0.0237683 -0.0294508 0.999284 9.61833 -0.0294508 0.999112 0.0301462 -0.666255 -0.999284 -0.0301462 0.0228799 85.1349
0.020329 -0.0291475 0.999368 10.2323 -0.0291475 0.999133 0.0297336 -0.650647 -0.999368 -0.0297336 0.0194618 85.1512
0.0177983 -0.03793 0.999122 10.8765 -0.03793 0.998535 0.0385834 -0.639886 -0.999122 -0.0385834 0.0163335 85.147
0.0188589 -0.0424859 0.998919 11.5501 -0.0424859 0.99816 0.0432557 -0.608988 -0.998919 -0.0432557 0.0170191 85.1351
0.01997 -0.0437758 0.998842 12.2168 -0.0437758 0.998045 0.0446161 -0.581375 -0.998842 -0.0446161 0.0180146 85.1466
0.0223768 -0.0437716 0.998791 12.9088 -0.0437716 0.99804 0.0447194 -0.55142 -0.998791 -0.0447194 0.020417 85.1668
0.0278634 -0.047941 0.998461 13.6112 -0.047941 0.997636 0.0492392 -0.52463 -0.998461 -0.0492392 0.0254992 85.1686
0.0340863 -0.0499564 0.99817 14.3269 -0.0499564 0.997416 0.0516247 -0.486031 -0.99817 -0.0516247 0.0315025 85.1695
0.037961 -0.0499974 0.998028 15.0753 -0.0499974 0.997402 0.0518677 -0.449595 -0.998028 -0.0518677 0.0353626 85.2029
0.0402354 -0.048783 0.997999 15.8102 -0.048783 0.99752 0.0507263 -0.40967 -0.997999 -0.0507263 0.0377559 85.2503
0.0440959 -0.046275 0.997955 16.5649 -0.046275 0.99776 0.0483106 -0.375208 -0.997955 -0.0483106 0.0418558 85.2878
0.0477978 -0.0452345 0.997832 17.351 -0.0452345 0.997851 0.0474022 -0.338694 -0.997832 -0.0474022 0.0456489 85.333
0.0518154 -0.0410499 0.997813 18.1289 -0.0410499 0.998223 0.0431985 -0.313563 -0.997813 -0.0431985 0.0500382 85.3844
0.0556616 -0.0377257 0.997737 18.9375 -0.0377257 0.998493 0.0398589 -0.299002 -0.997737 -0.0398589 0.0541544 85.4312
0.0566883 -0.0315986 0.997892 19.7758 -0.0315986 0.998942 0.0334269 -0.269718 -0.997892 -0.0334269 0.0556298 85.4907
0.056475 -0.0294448 0.99797 20.5882 -0.0294448 0.999081 0.0311439 -0.241673 -0.99797 -0.0311439 0.0555561 85.5448
0.0541248 -0.0269304 0.998171 21.3823 -0.0269304 0.999233 0.0284194 -0.225436 -0.998171 -0.0284194 0.0533581 85.6306
0.0554074 -0.0256293 0.998135 22.1904 -0.0256293 0.999305 0.027082 -0.213714 -0.998135 -0.027082 0.054712 85.6679
0.0545817 -0.0258521 0.998175 23.0148 -0.0258521 0.999293 0.0272947 -0.199778 -0.998175 -0.0272947 0.0538748 85.7247
0.054086 -0.0231438 0.998268 23.8529 -0.0231438 0.999434 0.0244247 -0.183755 -0.998268 -0.0244247 0.0535197 85.8008
0.0537794 -0.0219684 0.998311 24.6567 -0.0219684 0.99949 0.0231778 -0.18021 -0.998311 -0.0231778 0.0532694 85.8574
0.0537561 -0.0180218 0.998391 25.4915 -0.0180218 0.999657 0.019015 -0.173458 -0.998391 -0.019015 0.0534128 85.9139
0.0508098 -0.0100604 0.998658 26.2933 -0.0100604 0.999893 0.0105847 -0.180581 -0.998658 -0.0105847 0.0507031 86.0025
0.0481509 -0.00979495 0.998792 27.0771 -0.00979495 0.999899 0.010278 -0.176383 -0.998792 -0.010278 0.0480501 86.0319
0.0422497 -0.00785529 0.999076 27.8574 -0.00785529 0.999936 0.00819423 -0.169477 -0.999076 -0.00819423 0.0421853 86.0829
0.0359819 -0.00390688 0.999345 28.6674 -0.00390688 0.999984 0.00405005 -0.167759 -0.999345 -0.00405005 0.035966 86.14
0.0293135 0.000305087 0.99957 29.4492 0.000305087 1 -0.000314165 -0.182602 -0.99957 0.000314165 0.0293134 86.1713
0.021754 -0.000759936 0.999763 30.2615 -0.000759936 0.999999 0.000776652 -0.193549 -0.999763 -0.000776652 0.0217534 86.1887
0.0136731 -0.00039568 0.999906 31.0767 -0.00039568 1 0.000401127 -0.211948 -0.999906 -0.000401127 0.0136729 86.1846
0.00311453 0.000296921 0.999995 31.9265 0.000296921 1 -0.000297847 -0.21218 -0.999995 0.000297847 0.00311444 86.2056
-0.00768226 -0.000458175 0.99997 32.7911 -0.000458175 1 0.000454668 -0.222355 -0.99997 -0.000454668 -0.00768247 86.2131
-0.0182386 0.00201044 0.999832 33.6252 0.00201044 0.999996 -0.00197409 -0.244235 -0.999832 0.00197409 -0.0182426 86.1877
-0.0293463 0.000607674 0.999569 34.4645 0.000607674 1 -0.000590095 -0.25842 -0.999569 0.000590095 -0.0293467 86.1593
-0.0406197 0.000929883 0.999174 35.3193 0.000929883 0.999999 -0.000892848 -0.270033 -0.999174 0.000892848 -0.0406206 86.1274
-0.0516698 0.000905725 0.998664 36.1483 0.000905725 0.999999 -0.000860075 -0.283347 -0.998664 0.000860075 -0.0516706 86.0808
-0.0624358 0.00175674 0.998047 36.9472 0.00175674 0.999997 -0.00165027 -0.295827 -0.998047 0.00165027 -0.0624387 86.0339
-0.0728739 0.0012658 0.99734 37.7588 0.0012658 0.999999 -0.00117669 -0.309437 -0.99734 0.00117669 -0.0728754 85.9707
-0.082758 0.000440402 0.99657 38.5756 0.000440402 1 -0.000405346 -0.318733 -0.99657 0.000405346 -0.0827582 85.9117
-0.0922092 0.000397206 0.99574 39.3604 0.000397206 1 -0.000362123 -0.331743 -0.99574 0.000362123 -0.0922094 85.8309
-0.101922 -0.000357575 0.994792 40.1195 -0.000357575 1 0.000322811 -0.339977 -0.994792 -0.000322811 -0.101922 85.7568
-0.111061 -0.0015999 0.993812 40.9104 -0.0015999 0.999998 0.00143107 -0.342382 -0.993812 -0.00143107 -0.111063 85.6846
-0.123874 -0.00518619 0.992284 41.6708 -0.00518619 0.999976 0.00457896 -0.354406 -0.992284 -0.00457896 -0.123898 85.5915
-0.123874 -0.00518619 0.992284 42.4312 -0.00518619 0.999976 0.00457896 -0.36643 -0.992284 -0.00457896 -0.123898 85.4983
-0.123568 -0.0192199 0.99215 43.1794 -0.0192199 0.999671 0.0169719 -0.331255 -0.99215 -0.0169719 -0.123896 85.3659
-0.126188 -0.0199789 0.991805 43.9034 -0.0199789 0.999646 0.0175949 -0.336115 -0.991805 -0.0175949 -0.126543 85.2696
-0.128401 -0.0204511 0.991511 44.627 -0.0204511 0.999629 0.0179701 -0.334145 -0.991511 -0.0179701 -0.128772 85.185
-0.130376 -0.021074 0.991241 45.3191 -0.021074 0.999607 0.01848 -0.334627 -0.991241 -0.01848 -0.130769 85.1087
-0.123284 -0.0247207 0.992063 46.0359 -0.0247207 0.999456 0.0218328 -0.338239 -0.992063 -0.0218328 -0.123828 84.9917
-0.123284 -0.0247207 0.992063 46.7527 -0.0247207 0.999456 0.0218328 -0.341851 -0.992063 -0.0218328 -0.123828 84.8748
-0.115983 -0.0265396 0.992897 47.3771 -0.0265396 0.999369 0.0236124 -0.350576 -0.992897 -0.0236124 -0.116614 84.7819
-0.107099 -0.0266427 0.993891 47.9834 -0.0266427 0.999359 0.0239184 -0.346206 -0.993891 -0.0239184 -0.10774 84.7134
-0.0958415 -0.0260871 0.995055 48.6088 -0.0260871 0.999379 0.0236878 -0.342794 -0.995055 -0.0236878 -0.0964625 84.6598
-0.082517 -0.0246196 0.996286 49.2058 -0.0246196 0.99944 0.0226584 -0.350796 -0.996286 -0.0226584 -0.0830769 84.6294
-0.0649947 -0.0238339 0.997601 49.7831 -0.0238339 0.999467 0.0223256 -0.348273 -0.997601 -0.0223256 -0.0655281 84.6018
-0.0439471 -0.021677 0.998799 50.3291 -0.021677 0.99955 0.0207395 -0.354058 -0.998799 -0.0207395 -0.0443972 84.5987
-0.0187797 -0.0199071 0.999625 50.8451 -0.0199071 0.999611 0.0195328 -0.356186 -0.999625 -0.0195328 -0.0191687 84.5967
0.00964101 -0.0167074 0.999814 51.3657 -0.0167074 0.999718 0.0168669 -0.351487 -0.999814 -0.0168669 0.00935915 84.6152
0.0424997 -0.0151003 0.998982 51.858 -0.0151003 0.999762 0.0157545 -0.348988 -0.998982 -0.0157545 0.0422615 84.659
0.0803471 -0.0148821 0.996656 52.322 -0.0148821 0.999759 0.0161282 -0.346594 -0.996656 -0.0161282 0.0801063 84.7158
0.122409 -0.0137278 0.992385 52.7778 -0.0137278 0.999785 0.0155235 -0.340781 -0.992385 -0.0155235 0.122195 84.7975
0.167218 -0.0117808 0.985849 53.2578 -0.0117808 0.999833 0.0139462 -0.341834 -0.985849 -0.0139462 0.167052 84.9105
0.21495 -0.00790362 0.976593 53.7476 -0.00790362 0.99992 0.00983201 -0.342306 -0.976593 -0.00983201 0.214871 85.0613
0.266959 -0.00618593 0.963688 54.2396 -0.00618593 0.999948 0.0081323 -0.340945 -0.963688 -0.0081323 0.266907 85.2297
0.320638 4.71781e-005 0.947202 54.678 4.71781e-005 1 -6.57781e-005 -0.339065 -0.947202 6.57781e-005 0.320638 85.4489
0.457432 -0.00696956 0.889217 55.1925 -0.00696956 0.99991 0.0114224 -0.326608 -0.889217 -0.0114224 0.457342 85.5232
0.457432 -0.00696956 0.889217 55.7071 -0.00696956 0.99991 0.0114224 -0.31415 -0.889217 -0.0114224 0.457342 85.5975
0.58467 -0.00914008 0.81122 56.1517 -0.00914008 0.999799 0.0178523 -0.259988 -0.81122 -0.0178523 0.584469 85.8354
0.58467 -0.00914008 0.81122 56.5962 -0.00914008 0.999799 0.0178523 -0.205825 -0.81122 -0.0178523 0.584469 86.0733
0.640077 -0.00780546 0.768271 56.919 -0.00780546 0.999831 0.0166611 -0.198941 -0.768271 -0.0166611 0.639908 86.389
0.691879 -0.00750309 0.721974 57.2312 -0.00750309 0.999817 0.0175809 -0.191652 -0.721974 -0.0175809 0.691696 86.7297
0.739033 -0.00754025 0.673627 57.4885 -0.00754025 0.999782 0.0194634 -0.184843 -0.673627 -0.0194634 0.738815 87.0769
0.782743 -0.00842277 0.622288 57.7062 -0.00842277 0.999673 0.0241253 -0.184922 -0.622288 -0.0241253 0.782416 87.415
0.822369 -0.00896107 0.568884 57.9066 -0.00896107 0.999548 0.0286989 -0.172824 -0.568884 -0.0286989 0.821917 87.7928
0.85785 -0.00929638 0.513815 58.0904 -0.00929638 0.999392 0.0336028 -0.166015 -0.513815 -0.0336028 0.857242 88.1646
0.887523 -0.00936394 0.460669 58.2344 -0.00936394 0.99922 0.0383515 -0.159132 -0.460669 -0.0383515 0.886743 88.5519
0.912362 -0.00907371 0.409283 58.3893 -0.00907371 0.999061 0.0423758 -0.150139 -0.409283 -0.0423758 0.911423 88.967
0.931682 -0.00829137 0.36318 58.527 -0.00829137 0.998994 0.0440771 -0.140868 -0.36318 -0.0440771 0.930676 89.4196
0.946184 -0.00715431 0.32355 58.6414 -0.00715431 0.999049 0.0430128 -0.126818 -0.32355 -0.0430128 0.945233 89.8887
0.957432 -0.00588279 0.2886 58.7513 -0.00588279 0.999187 0.0398836 -0.106283 -0.2886 -0.0398836 0.956619 90.3785
0.966185 -0.00509829 0.2578 58.8451 -0.00509829 0.999231 0.0388684 -0.0912144 -0.2578 -0.0388684 0.965416 90.8478
0.971758 -0.00474703 0.235932 58.9328 -0.00474703 0.999202 0.0396564 -0.0803819 -0.235932 -0.0396564 0.97096 91.2861
0.975405 -0.00453405 0.220375 59.0266 -0.00453405 0.999164 0.0406252 -0.0701407 -0.220375 -0.0406252 0.974569 91.7539
0.978087 -0.00408682 0.208156 59.1077 -0.00408682 0.999238 0.0388217 -0.0466221 -0.208156 -0.0388217 0.977325 92.2539
0.980014 -0.00376098 0.198892 59.1946 -0.00376098 0.999292 0.0374281 -0.0241619 -0.198892 -0.0374281 0.979307 92.734
0.981369 -0.00334846 0.192101 59.2935 -0.00334846 0.999398 0.0345261 -0.00116122 -0.192101 -0.0345261 0.980768 93.2423
0.981867 -0.00291676 0.189547 59.3729 -0.00291676 0.999531 0.0304898 0.00765608 -0.189547 -0.0304898 0.981398 93.7873
0.981948 -0.0026673 0.189133 59.4713 -0.0026673 0.999606 0.0279455 0.0132985 -0.189133 -0.0279455 0.981554 94.3337
0.981583 -0.00238892 0.191019 59.5823 -0.00238892 0.99969 0.0247782 0.0243733 -0.191019 -0.0247782 0.981274 94.8877
0.980978 -0.00183811 0.194108 59.7093 -0.00183811 0.999822 0.0187572 0.0439658 -0.194108 -0.0187572 0.980801 95.4253
0.979746 -0.00133376 0.200241 59.7986 -0.00133376 0.999912 0.0131861 0.0654917 -0.200241 -0.0131861 0.979658 95.9882
0.97764 -0.00170658 0.21028 59.9035 -0.00170658 0.99987 0.0160489 0.0683115 -0.21028 -0.0160489 0.977509 96.5183
0.97764 -0.00170658 0.21028 60.0084 -0.00170658 0.99987 0.0160489 0.0711313 -0.21028 -0.0160489 0.977509 97.0483
0.97644 -0.00226979 0.215779 60.1974 -0.00226979 0.999781 0.020788 0.0803402 -0.215779 -0.020788 0.976221 98.035
0.975693 -0.00306055 0.219119 60.4268 -0.00306055 0.999615 0.0275902 0.0848975 -0.219119 -0.0275902 0.975308 99.0258
0.974734 -0.00372715 0.223339 60.6368 -0.00372715 0.99945 0.0329458 0.0954296 -0.223339 -0.0329458 0.974184 99.9902
0.974588 -0.00398203 0.223972 60.8853 -0.00398203 0.999376 0.0350954 0.117015 -0.223972 -0.0350954 0.973964 100.914
0.974595 -0.0030386 0.223953 61.0949 -0.0030386 0.999637 0.0267865 0.13493 -0.223953 -0.0267865 0.974232 101.817
0.974595 -0.0030386 0.223953 61.3046 -0.0030386 0.999637 0.0267865 0.152844 -0.223953 -0.0267865 0.974232 102.72
0.975133 -0.00230499 0.221609 61.4671 -0.00230499 0.999786 0.0205414 0.165211 -0.221609 -0.0205414 0.974919 103.376
0.975551 -0.00175713 0.219765 61.5924 -0.00175713 0.999874 0.0157945 0.18025 -0.219765 -0.0157945 0.975425 104.02
0.976041 -0.00220559 0.217576 61.7282 -0.00220559 0.999797 0.0200292 0.193087 -0.217576 -0.0200292 0.975838 104.659
0.976353 -0.00303106 0.216163 61.8749 -0.00303106 0.999611 0.0277073 0.208571 -0.216163 -0.0277073 0.975964 105.321
0.977042 -0.00349968 0.213017 62.0315 -0.00349968 0.999467 0.0324723 0.224335 -0.213017 -0.0324723 0.976509 106.012
0.97781 -0.00338658 0.209464 62.2039 -0.00338658 0.999483 0.0319685 0.232559 -0.209464 -0.0319685 0.977294 106.73
0.97832 -0.0027723 0.207079 62.3534 -0.0027723 0.999645 0.0264804 0.250435 -0.207079 -0.0264804 0.977966 107.484
0.979367 -0.00222753 0.202076 62.5146 -0.00222753 0.99976 0.0218165 0.263031 -0.202076 -0.0218165 0.979127 108.231
0.980139 -0.00188756 0.1983 62.6574 -0.00188756 0.999821 0.0188466 0.278389 -0.1983 -0.0188466 0.97996 108.952
0.980982 -0.00207349 0.194088 62.8054 -0.00207349 0.999774 0.0211609 0.287032 -0.194088 -0.0211609 0.980756 109.651
0.981524 -0.00225952 0.191327 62.9424 -0.00225952 0.999724 0.023398 0.297613 -0.191327 -0.023398 0.981247 110.386
0.98165 -0.00247495 0.190673 63.0725 -0.00247495 0.999666 0.0257177 0.307787 -0.190673 -0.0257177 0.981317 111.137
0.982153 -0.00274984 0.188062 63.2358 -0.00274984 0.999576 0.0289768 0.31702 -0.188062 -0.0289768 0.98173 111.89
0.982268 -0.00292609 0.187461 63.3869 -0.00292609 0.999517 0.0309338 0.337387 -0.187461 -0.0309338 0.981785 112.676
0.983016 -0.00312068 0.183491 63.5688 -0.00312068 0.999427 0.0337159 0.339202 -0.183491 -0.0337159 0.982443 113.425
0.982689 -0.00245793 0.185248 63.7015 -0.00245793 0.999651 0.0263023 0.360036 -0.185248 -0.0263023 0.98234 114.214
0.982689 -0.00245793 0.185248 63.8343 -0.00245793 0.999651 0.0263023 0.380871 -0.185248 -0.0263023 0.98234 115.004
0.982312 -0.00214718 0.187238 63.9605 -0.00214718 0.999739 0.0227295 0.401495 -0.187238 -0.0227295 0.982052 115.798
0.981852 -0.00216267 0.189638 64.1095 -0.00216267 0.999742 0.0225985 0.409344 -0.189638 -0.0225985 0.981594 116.588
0.981055 -0.00220526 0.193719 64.247 -0.00220526 0.999743 0.022549 0.432642 -0.193719 -0.022549 0.980798 117.405
0.981141 -0.00216066 0.193279 64.4401 -0.00216066 0.999752 0.0221443 0.439627 -0.193279 -0.0221443 0.980894 118.182
0.980539 -0.0022296 0.19631 64.6044 -0.0022296 0.999745 0.0224912 0.446251 -0.19631 -0.0224912 0.980284 118.997
0.980539 -0.0022296 0.19631 64.7686 -0.0022296 0.999745 0.0224912 0.452876 -0.19631 -0.0224912 0.980284 119.812
0.980463 -0.00221059 0.196691 64.9363 -0.00221059 0.99975 0.0222555 0.471701 -0.196691 -0.0222555 0.980213 120.68
0.98005 -0.00220756 0.19874 65.0965 -0.00220756 0.999756 0.0219912 0.483896 -0.19874 -0.0219912 0.979805 121.519
0.979563 -0.0024098 0.201123 65.2533 -0.0024098 0.999716 0.0237152 0.502619 -0.201123 -0.0237152 0.979279 122.328
0.979493 -0.00298559 0.201454 65.424 -0.00298559 0.999565 0.02933 0.511434 -0.201454 -0.02933 0.979059 123.142
0.979416 -0.00334636 0.201825 65.5973 -0.00334636 0.999456 0.0328107 0.51863 -0.201825 -0.0328107 0.978872 123.986
0.979157 -0.00149463 0.203097 65.7796 -0.00149463 0.999893 0.0145642 0.526596 -0.203097 -0.0145642 0.97905 124.859
0.979157 -0.00149463 0.203097 65.9618 -0.00149463 0.999893 0.0145642 0.534563 -0.203097 -0.0145642 0.97905 125.732
0.979125 -0.000670963 0.203257 66.1175 -0.000670963 0.999978 0.00653313 0.539134 -0.203257 -0.00653313 0.979104 126.494
0.979226 -0.00156584 0.202766 66.2656 -0.00156584 0.999882 0.0152834 0.547471 -0.202766 -0.0152834 0.979108 127.226
0.979499 -0.00367807 0.201416 66.4173 -0.00367807 0.99934 0.0361357 0.552588 -0.201416 -0.0361357 0.978839 127.987
0.97959 -0.00514542 0.200941 66.5712 -0.00514542 0.998703 0.0506575 0.558138 -0.200941 -0.0506575 0.978293 128.779
0.979598 -0.00449817 0.200917 66.7234 -0.00449817 0.999008 0.0442974 0.57792 -0.200917 -0.0442974 0.978606 129.602
0.979816 -0.00275365 0.199884 66.8773 -0.00275365 0.999624 0.0272692 0.603758 -0.199884 -0.0272692 0.97944 130.454
0.979455 -0.00196314 0.201651 67.0064 -0.00196314 0.999812 0.0192689 0.629444 -0.201651 -0.0192689 0.979268 131.281
0.979185 -0.00187216 0.202961 67.1448 -0.00187216 0.999832 0.018255 0.65019 -0.202961 -0.018255 0.979017 132.075
0.978602 -0.00186123 0.205752 67.2479 -0.00186123 0.999838 0.0178969 0.665805 -0.205752 -0.0178969 0.97844 132.845
0.978367 -0.00175341 0.20687 67.3644 -0.00175341 0.999858 0.0167672 0.662829 -0.20687 -0.0167672 0.978225 133.643
0.979639 -0.00158634 0.200762 67.5295 -0.00158634 0.999876 0.0156413 0.661514 -0.200762 -0.0156413 0.979515 134.41
0.980402 -0.00127622 0.197002 67.6725 -0.00127622 0.999917 0.0128289 0.661054 -0.197002 -0.0128289 0.980319 135.213
0.980402 -0.00127622 0.197002 67.8156 -0.00127622 0.999917 0.0128289 0.660594 -0.197002 -0.0128289 0.980319 136.015
0.979965 -0.00167571 0.199163 67.9181 -0.00167571 0.99986 0.0166577 0.636441 -0.199163 -0.0166577 0.979825 136.777
0.980169 -0.00213465 0.19815 68.0698 -0.00213465 0.99977 0.0213296 0.642604 -0.19815 -0.0213296 0.97994 137.562
0.980713 -0.00214103 0.19544 68.2425 -0.00214103 0.999762 0.021696 0.649744 -0.19544 -0.021696 0.980476 138.373
0.981323 -0.00187579 0.192359 68.4094 -0.00187579 0.999812 0.019319 0.653465 -0.192359 -0.019319 0.981134 139.202
0.982086 -0.00153225 0.188425 68.5474 -0.00153225 0.999869 0.016117 0.665419 -0.188425 -0.016117 0.981955 140.006
0.983348 -0.00143663 0.181729 68.6969 -0.00143663 0.999876 0.015678 0.669117 -0.181729 -0.015678 0.983224 140.777
0.984643 -0.00194959 0.174567 68.7996 -0.00194959 0.999752 0.0221621 0.666725 -0.174567 -0.0221621 0.984396 141.526
0.985571 -0.0026 0.169242 68.9056 -0.0026 0.999531 0.0304963 0.669545 -0.169242 -0.0304963 0.985103 142.26
0.986117 -0.00332798 0.166021 68.9994 -0.00332798 0.999202 0.0397968 0.679281 -0.166021 -0.0397968 0.985319 142.963
0.986873 -0.00324937 0.161465 69.1128 -0.00324937 0.999196 0.0399681 0.708148 -0.161465 -0.0399681 0.986069 143.693
0.987479 -0.00276144 0.157724 69.2143 -0.00276144 0.999391 0.0347862 0.722818 -0.157724 -0.0347862 0.98687 144.456
0.98852 -0.00185637 0.151082 69.324 -0.00185637 0.9997 0.0244296 0.738724 -0.151082 -0.0244296 0.988219 145.247
0.989267 -0.00149813 0.146113 69.4158 -0.00149813 0.999791 0.0203943 0.743879 -0.146113 -0.0203943 0.989058 146.011
0.989966 -0.00146894 0.141296 69.4883 -0.00146894 0.999785 0.0206858 0.760361 -0.141296 -0.0206858 0.989751 146.747
0.991004 -0.0015459 0.13382 69.5743 -0.0015459 0.999734 0.0229971 0.763871 -0.13382 -0.0229971 0.990739 147.494
0.991827 -0.00128678 0.127586 69.6339 -0.00128678 0.999797 0.0200867 0.769867 -0.127586 -0.0200867 0.991624 148.264
0.993046 -0.000812203 0.117723 69.7141 -0.000812203 0.999905 0.0137499 0.773566 -0.117723 -0.0137499 0.992951 149.014
0.993983 -0.000619993 0.109534 69.7878 -0.000619993 0.999936 0.0112861 0.780076 -0.109534 -0.0112861 0.993919 149.74
0.99483 -0.000703584 0.101556 69.8536 -0.000703584 0.999904 0.0138196 0.786151 -0.101556 -0.0138196 0.994734 150.477
0.995632 -0.000960335 0.0933558 69.9206 -0.000960335 0.999789 0.0205266 0.787063 -0.0933558 -0.0205266 0.995421 151.234
0.996345 -0.00109143 0.0854143 69.9684 -0.00109143 0.999674 0.0255054 0.792165 -0.0854143 -0.0255054 0.996019 152.022
0.996921 -0.00111882 0.078406 70.017 -0.00111882 0.999593 0.0284895 0.802291 -0.078406 -0.0284895 0.996514 152.83
0.997432 -0.00108909 0.0716098 70.0745 -0.00108909 0.999538 0.0303713 0.81392 -0.0716098 -0.0303713 0.99697 153.65
0.997696 -0.000982936 0.0678426 70.1146 -0.000982936 0.999581 0.0289375 0.816486 -0.0678426 -0.0289375 0.997276 154.437
0.998048 -0.000741225 0.0624402 70.1653 -0.000741225 0.999718 0.0237154 0.820173 -0.0624402 -0.0237154 0.997767 155.233
0.99824 -0.000485492 0.0593098 70.1957 -0.000485492 0.999866 0.0163559 0.832469 -0.0593098 -0.0163559 0.998106 156.033
0.998407 -0.000379301 0.0564265 70.2307 -0.000379301 0.99991 0.0134328 0.845216 -0.0564265 -0.0134328 0.998316 156.803
0.998589 -0.000495108 0.0530927 70.2667 -0.000495108 0.999826 0.0186359 0.85784 -0.0530927 -0.0186359 0.998416 157.586
0.998715 -0.000731617 0.0506715 70.2968 -0.000731617 0.999583 0.0288523 0.866137 -0.0506715 -0.0288523 0.998299 158.4
0.99889 -0.000842747 0.0471031 70.3281 -0.000842747 0.99936 0.0357518 0.876135 -0.0471031 -0.0357518 0.99825 159.207
0.999072 -0.000697106 0.043071 70.3474 -0.000697106 0.999476 0.0323466 0.888318 -0.043071 -0.0323466 0.998548 160.044
0.999282 -0.000427746 0.0378963 70.3708 -0.000427746 0.999745 0.0225635 0.902308 -0.0378963 -0.0225635 0.999027 160.851
0.999539 -0.00026717 0.0303593 70.4035 -0.00026717 0.999845 0.0175951 0.919362 -0.0303593 -0.0175951 0.999384 161.628
0.999738 -0.000219202 0.0228943 70.4133 -0.000219202 0.999817 0.0191448 0.926583 -0.0228943 -0.0191448 0.999555 162.435
0.999884 -0.000193863 0.0152485 70.4167 -0.000193863 0.999677 0.0254215 0.930415 -0.0152485 -0.0254215 0.999561 163.255
0.999974 -9.74464e-005 0.00719057 70.4362 -9.74464e-005 0.999633 0.0270986 0.973746 -0.00719057 -0.0270986 0.999607 164.098
1 -1.45225e-005 0.000941387 70.4491 -1.45225e-005 0.999524 0.030846 0.99399 -0.000941387 -0.030846 0.999524 164.912
0.999991 6.19199e-005 -0.00417019 70.4278 6.19199e-005 0.999559 0.0296897 1.02012 0.00417019 -0.0296897 0.99955 165.755
0.999942 0.000122104 -0.010802 70.4214 0.000122104 0.999744 0.022604 1.0265 0.010802 -0.022604 0.999686 166.59
0.999838 0.000109852 -0.0179847 70.407 0.000109852 0.999925 0.0122148 1.03583 0.0179847 -0.0122148 0.999764 167.399
0.999717 9.46916e-005 -0.0237789 70.3879 9.46916e-005 0.999968 0.00796309 1.04286 0.0237789 -0.00796309 0.999686 168.178
0.999542 0.000236104 -0.0302681 70.3832 0.000236104 0.999878 0.0155964 1.02867 0.0302681 -0.0155964 0.99942 168.927
0.999371 0.000514107 -0.0354556 70.3413 0.000514107 0.99958 0.0289848 1.03821 0.0354556 -0.0289848 0.998951 169.705
0.999214 0.000730575 -0.0396278 70.2895 0.000730575 0.999321 0.0368448 1.04563 0.0396278 -0.0368448 0.998535 170.513
0.999036 0.000737666 -0.0438923 70.257 0.000737666 0.999436 0.0335869 1.0618 0.0438923 -0.0335869 0.998472 171.352
0.998965 0.000518748 -0.0454896 70.2036 0.000518748 0.99974 0.0227926 1.07753 0.0454896 -0.0227926 0.998705 172.219
0.998871 0.000329475 -0.0474983 70.1299 0.000329475 0.999904 0.0138646 1.09084 0.0474983 -0.0138646 0.998775 173.074
0.998813 0.000251067 -0.0487145 70.072 0.000251067 0.999947 0.0103013 1.09591 0.0487145 -0.0103013 0.99876 173.899
0.998688 0.000364138 -0.0512064 70.0391 0.000364138 0.999899 0.0142123 1.10741 0.0512064 -0.0142123 0.998587 174.698
0.998669 0.000594152 -0.0515729 69.9987 0.000594152 0.999735 0.0230229 1.11101 0.0515729 -0.0230229 0.998404 175.521
0.99864 0.000738573 -0.0521325 69.9568 0.000738573 0.999599 0.0283095 1.1241 0.0521325 -0.0283095 0.998239 176.378
0.998518 0.000735494 -0.0544091 69.9156 0.000735494 0.999635 0.0270107 1.14051 0.0544091 -0.0270107 0.998153 177.249
0.998428 0.000491102 -0.0560415 69.8637 0.000491102 0.999847 0.0175113 1.15071 0.0560415 -0.0175113 0.998275 178.118
0.998309 0.000157415 -0.0581378 69.8267 0.000157415 0.999985 0.00541061 1.15354 0.0581378 -0.00541061 0.998294 178.957
0.997979 3.80622e-005 -0.0635524 69.8365 3.80622e-005 0.999999 0.00119661 1.15325 0.0635524 -0.00119661 0.997978 179.767
0.997842 0.000567021 -0.0656619 69.7796 0.000567021 0.999851 0.017251 1.14946 0.0656619 -0.017251 0.997693 180.545
0.997842 0.000567021 -0.0656619 69.7227 0.000567021 0.999851 0.017251 1.14568 0.0656619 -0.017251 0.997693 181.323
0.997691 0.000693567 -0.0679191 69.6683 0.000693567 0.999792 0.0203976 1.14656 0.0679191 -0.0203976 0.997482 182.153
0.9978 0.000529259 -0.0663 69.5857 0.000529259 0.999873 0.015947 1.1539 0.0663 -0.015947 0.997672 182.997
0.997674 0.000319817 -0.0681715 69.5396 0.000319817 0.999956 0.00937158 1.16154 0.0681715 -0.00937158 0.99763 183.873
0.997685 0.000316453 -0.0680113 69.469 0.000316453 0.999957 0.00929493 1.16285 0.0680113 -0.00929493 0.997641 184.731
0.99773 0.000428418 -0.0673425 69.3918 0.000428418 0.999919 0.0127086 1.16094 0.0673425 -0.0127086 0.997649 185.566
0.997723 0.000553373 -0.0674403 69.3196 0.000553373 0.999866 0.016391 1.15601 0.0674403 -0.016391 0.997589 186.405
0.997739 0.000664886 -0.0672116 69.2546 0.000664886 0.999805 0.0197606 1.1549 0.0672116 -0.0197606 0.997543 187.215
0.997703 0.000649705 -0.0677332 69.1923 0.000649705 0.999816 0.0191604 1.15758 0.0677332 -0.0191604 0.997519 188.06
0.997612 0.000526979 -0.0690592 69.1525 0.000526979 0.999884 0.0152426 1.14828 0.0690592 -0.0152426 0.997496 188.876
0.997525 0.00034384 -0.0703145 69.1002 0.00034384 0.999952 0.00976773 1.14626 0.0703145 -0.00976773 0.997477 189.662
0.997404 0.000367786 -0.072004 69.0439 0.000367786 0.999948 0.0102022 1.14588 0.072004 -0.0102022 0.997352 190.417
0.997231 0.000736154 -0.0743581 68.9869 0.000736154 0.999804 0.0197709 1.14992 0.0743581 -0.0197709 0.997036 191.191
0.997079 0.00109032 -0.0763737 68.9281 0.00109032 0.999593 0.0285047 1.15095 0.0763737 -0.0285047 0.996672 191.995
0.997062 0.0011545 -0.0765934 68.8679 0.0011545 0.999546 0.0300951 1.15138 0.0765934 -0.0300951 0.996608 192.803
0.996917 0.000919656 -0.0784559 68.8211 0.000919656 0.999726 0.0234045 1.15703 0.0784559 -0.0234045 0.996643 193.584
0.997006 0.000716501 -0.0773219 68.7486 0.000716501 0.999829 0.0185036 1.16334 0.0773219 -0.0185036 0.996834 194.336
0.997066 0.0004881 -0.0765411 68.686 0.0004881 0.999919 0.0127347 1.15939 0.0765411 -0.0127347 0.996985 195.06
0.997127 0.00034197 -0.0757419 68.6419 0.00034197 0.999959 0.00901673 1.15225 0.0757419 -0.00901673 0.997087 195.754
0.997628 8.49446e-005 -0.0688327 68.5948 8.49446e-005 0.999997 0.00246521 1.15309 0.0688327 -0.00246521 0.997625 196.423
0.997628 8.49446e-005 -0.0688327 68.5478 8.49446e-005 0.999997 0.00246521 1.15393 0.0688327 -0.00246521 0.997625 197.092
0.997976 0.00023697 -0.0635976 68.4974 0.00023697 0.999972 0.00744453 1.15259 0.0635976 -0.00744453 0.997948 197.683
0.998357 0.000487232 -0.0573037 68.4673 0.000487232 0.999856 0.01699 1.14585 0.0573037 -0.01699 0.998212 198.267
0.998617 0.00057105 -0.0525805 68.4409 0.00057105 0.999764 0.0217034 1.14392 0.0525805 -0.0217034 0.998381 198.881
0.998919 0.000479779 -0.0464731 68.4024 0.000479779 0.999787 0.0206343 1.13921 0.0464731 -0.0206343 0.998706 199.525
0.99924 0.00025127 -0.0389707 68.3674 0.00025127 0.999917 0.0128899 1.13852 0.0389707 -0.0128899 0.999157 200.139
0.999497 6.6405e-005 -0.0316991 68.3519 6.6405e-005 0.999991 0.00418864 1.13532 0.0316991 -0.00418864 0.999489 200.749
0.999705 -1.04658e-005 -0.0242793 68.3296 -1.04658e-005 1 -0.000861988 1.13727 0.0242793 0.000861988 0.999705 201.327
0.999874 3.35662e-006 -0.0158822 68.3039 3.35662e-006 1 0.000422661 1.13563 0.0158822 -0.000422661 0.999874 201.876
0.999939 3.13984e-005 -0.011062 68.3117 3.13984e-005 0.999984 0.00567657 1.13215 0.011062 -0.00567657 0.999923 202.455
0.999989 2.74855e-005 -0.00466137 68.3107 2.74855e-005 0.99993 0.0117924 1.12314 0.00466137 -0.0117924 0.99992 203.064
1 -6.20072e-006 0.000939309 68.3175 -6.20072e-006 0.999913 0.0132022 1.11853 -0.000939309 -0.0132022 0.999912 203.668
0.999989 -3.40173e-005 0.00479196 68.3112 -3.40173e-005 0.999899 0.0141969 1.1188 -0.00479196 -0.0141969 0.999888 204.279
0.999978 -5.15218e-005 0.00670454 68.2988 -5.15218e-005 0.999882 0.0153681 1.12458 -0.00670454 -0.0153681 0.999859 204.88
0.999984 -4.91242e-005 0.00558662 68.3104 -4.91242e-005 0.999845 0.0175849 1.12562 -0.00558662 -0.0175849 0.99983 205.5
0.999994 -3.57225e-005 0.00351701 68.3223 -3.57225e-005 0.999794 0.020312 1.12734 -0.00351701 -0.020312 0.999788 206.135
0.999993 -3.92037e-005 0.00370237 68.3176 -3.92037e-005 0.999776 0.0211752 1.14158 -0.00370237 -0.0211752 0.999769 206.778
0.999993 -2.94252e-005 0.0036548 68.3019 -2.94252e-005 0.99987 0.0161011 1.14548 -0.0036548 -0.0161011 0.999864 207.422
0.999997 -9.20305e-006 0.0025735 68.2931 -9.20305e-006 0.999974 0.00715207 1.14882 -0.0025735 -0.00715207 0.999971 208.055
0.999999 8.77546e-007 0.00124098 68.2864 8.77546e-007 0.999999 -0.00141428 1.14588 -0.00124098 0.00141428 0.999998 208.659
0.999998 -7.00251e-006 -0.00219477 68.2904 -7.00251e-006 0.99998 -0.00638101 1.15086 0.00219477 0.00638101 0.999977 209.229
0.999985 -1.94557e-006 -0.00539851 68.2763 -1.94557e-006 1 -0.000720775 1.15111 0.00539851 0.000720775 0.999985 209.815
0.999957 5.33292e-005 -0.00925595 68.2536 5.33292e-005 0.999934 0.0115226 1.14996 0.00925595 -0.0115226 0.999891 210.402
0.999906 0.000175685 -0.0136748 68.2423 0.000175685 0.99967 0.0256893 1.15044 0.0136748 -0.0256893 0.999576 211.019
0.999831 0.000323184 -0.0183575 68.2423 0.000323184 0.99938 0.0351961 1.1503 0.0183575 -0.0351961 0.999212 211.667
0.999791 0.000339979 -0.0204186 68.2209 0.000339979 0.999446 0.0332882 1.15682 0.0204186 -0.0332882 0.999237 212.343
0.999738 0.000315736 -0.0228817 68.1959 0.000315736 0.999619 0.0275884 1.16161 0.0228817 -0.0275884 0.999357 213.05
0.999647 0.000251999 -0.0265494 68.163 0.000251999 0.99982 0.0189783 1.17248 0.0265494 -0.0189783 0.999467 213.735
0.999594 0.000195918 -0.028492 68.1484 0.000195918 0.999905 0.0137491 1.18679 0.028492 -0.0137491 0.999499 214.419
0.999591 0.00026132 -0.0285943 68.1268 0.00026132 0.999833 0.0182725 1.19761 0.0285943 -0.0182725 0.999424 215.111
0.999536 0.000336587 -0.0304523 68.1159 0.000336587 0.999756 0.0220981 1.20391 0.0304523 -0.0220981 0.999292 215.824
0.999471 0.000410451 -0.0325163 68.0987 0.000410451 0.999681 0.0252351 1.20076 0.0325163 -0.0252351 0.999153 216.548
0.999425 0.000365756 -0.033915 68.0857 0.000365756 0.999767 0.0215603 1.21173 0.033915 -0.0215603 0.999192 217.238
0.999424 0.000284995 -0.0339308 68.0564 0.000284995 0.999859 0.0167926 1.21585 0.0339308 -0.0167926 0.999283 217.932
0.99942 0.000260819 -0.034049 68.0325 0.000260819 0.999883 0.0153149 1.22186 0.034049 -0.0153149 0.999303 218.612
0.999409 0.000317584 -0.0343736 68.0048 0.000317584 0.999829 0.0184714 1.22525 0.0343736 -0.0184714 0.999238 219.279
0.999435 0.000387872 -0.0335969 67.9673 0.000387872 0.999734 0.0230801 1.22857 0.0335969 -0.0230801 0.999169 219.978
0.999468 0.00042248 -0.0326093 67.9217 0.00042248 0.999664 0.0259004 1.23411 0.0326093 -0.0259004 0.999133 220.707
0.999476 0.000384589 -0.0323656 67.8971 0.000384589 0.999718 0.0237557 1.23467 0.0323656 -0.0237557 0.999194 221.44
0.999519 0.000259134 -0.0310104 67.8656 0.000259134 0.99986 0.0167075 1.24103 0.0310104 -0.0167075 0.999379 222.188
0.999527 0.000111084 -0.0307533 67.8414 0.000111084 0.999974 0.00722243 1.24161 0.0307533 -0.00722243 0.999501 222.905
0.999538 2.94825e-005 -0.0303884 67.8116 2.94825e-005 0.999998 0.00193993 1.2428 0.0303884 -0.00193993 0.999536 223.593
0.999505 6.29014e-005 -0.0314747 67.8177 6.29014e-005 0.999992 0.00399594 1.22854 0.0314747 -0.00399594 0.999497 224.251
0.999481 0.000292933 -0.032228 67.7976 0.000292933 0.999835 0.0181726 1.22131 0.032228 -0.0181726 0.999315 224.879
0.999481 0.000292933 -0.032228 67.7774 0.000292933 0.999835 0.0181726 1.21408 0.032228 -0.0181726 0.999315 225.507
0.99937 0.000381001 -0.03549 67.7761 0.000381001 0.99977 0.0214617 1.23677 0.03549 -0.0214617 0.99914 226.182
0.999222 0.000480701 -0.0394282 67.808 0.000480701 0.999703 0.0243705 1.23205 0.0394282 -0.0243705 0.998925 226.827
0.998803 0.000638059 -0.0489091 67.7946 0.000638059 0.99966 0.0260716 1.2372 0.0489091 -0.0260716 0.998463 227.494
0.998803 0.000638059 -0.0489091 67.7812 0.000638059 0.99966 0.0260716 1.24235 0.0489091 -0.0260716 0.998463 228.162
0.99834 0.000706501 -0.0575895 67.7584 0.000706501 0.999699 0.0245117 1.23828 0.0575895 -0.0245117 0.998039 228.753
0.997648 0.00071232 -0.0685464 67.7155 0.00071232 0.999784 0.0207569 1.23947 0.0685464 -0.0207569 0.997432 229.312
0.996539 0.000723628 -0.0831267 67.6713 0.000723628 0.999849 0.0173788 1.23915 0.0831267 -0.0173788 0.996387 229.85
0.994819 0.000763434 -0.101657 67.5916 0.000763434 0.999888 0.01498 1.25484 0.101657 -0.01498 0.994707 230.381
0.992308 0.000990047 -0.123789 67.5205 0.000990047 0.999873 0.0159332 1.256 0.123789 -0.0159332 0.992181 230.884
0.988911 0.00145609 -0.148501 67.4405 0.00145609 0.999809 0.0194999 1.25454 0.148501 -0.0194999 0.98872 231.354
0.984374 0.00202627 -0.176079 67.3404 0.00202627 0.999737 0.0228325 1.2568 0.176079 -0.0228325 0.984111 231.791
0.978137 0.0024326 -0.207946 67.2284 0.0024326 0.999729 0.0231375 1.25359 0.207946 -0.0231375 0.977867 232.233
0.969981 0.00264206 -0.243167 67.0878 0.00264206 0.999767 0.0214017 1.25586 0.243167 -0.0214017 0.969748 232.663
0.959158 0.00283942 -0.282858 66.9475 0.00283942 0.999803 0.0196647 1.26101 0.282858 -0.0196647 0.95896 233.061
0.945828 0.00320631 -0.324651 66.7785 0.00320631 0.99981 0.0192155 1.26316 0.324651 -0.0192155 0.945639 233.435
0.929316 0.00398351 -0.369264 66.6049 0.00398351 0.999776 0.0208104 1.27193 0.369264 -0.0208104 0.929091 233.793
0.909863 0.00542431 -0.414873 66.4082 0.00542431 0.999674 0.0249665 1.27801 0.414873 -0.0249665 0.909537 234.131
0.886792 0.00765053 -0.462106 66.1987 0.00765053 0.999483 0.0312288 1.28001 0.462106 -0.0312288 0.886275 234.441
0.860238 0.0106336 -0.509782 65.9791 0.0106336 0.999191 0.0387859 1.28454 0.509782 -0.0387859 0.859429 234.725
0.830406 0.0138375 -0.556986 65.7261 0.0138375 0.998871 0.0454458 1.29399 0.556986 -0.0454458 0.829277 235.004
0.796271 0.0171685 -0.604697 65.4706 0.0171685 0.998553 0.0509585 1.30391 0.604697 -0.0509585 0.794824 235.273
0.760468 0.0218483 -0.649007 65.1855 0.0218483 0.998007 0.0591976 1.32083 0.649007 -0.0591976 0.758476 235.525
0.722781 0.0280973 -0.690505 64.8644 0.0280973 0.997152 0.0699858 1.33962 0.690505 -0.0699858 0.719934 235.771
0.684284 0.035572 -0.728348 64.5171 0.035572 0.995992 0.0820636 1.36071 0.728348 -0.0820636 0.680276 236.003
0.643782 0.0425078 -0.764027 64.1479 0.0425078 0.994928 0.0911721 1.38771 0.764027 -0.0911721 0.63871 236.222
0.600521 0.0472372 -0.798212 63.7623 0.0472372 0.994414 0.0943863 1.4225 0.798212 -0.0943863 0.594935 236.443
0.555452 0.0521669 -0.829911 63.335 0.0521669 0.993878 0.0973885 1.45266 0.829911 -0.0973885 0.54933 236.649
0.507724 0.0543697 -0.859803 62.8723 0.0543697 0.993995 0.0949614 1.48152 0.859803 -0.0949614 0.501719 236.85
0.457655 0.054811 -0.887439 62.4286 0.054811 0.994461 0.0896872 1.52137 0.887439 -0.0896872 0.452116 237.016
0.404693 0.0535344 -0.912884 61.9968 0.0535344 0.995186 0.0820932 1.55408 0.912884 -0.0820932 0.399878 237.171
0.351366 0.0544856 -0.934651 61.546 0.0544856 0.995423 0.0785113 1.58385 0.934651 -0.0785113 0.346789 237.303
0.301555 0.0584363 -0.951656 61.1005 0.0584363 0.995111 0.0796215 1.61196 0.951656 -0.0796215 0.296666 237.391
0.253423 0.0637455 -0.965253 60.6271 0.0637455 0.994557 0.0824169 1.64868 0.965253 -0.0824169 0.24798 237.47
0.207606 0.0675751 -0.975876 60.1351 0.0675751 0.994237 0.0832224 1.68137 0.975876 -0.0832224 0.201843 237.537
0.166853 0.0736599 -0.983226 59.6685 0.0736599 0.993488 0.0869287 1.71302 0.983226 -0.0869287 0.160341 237.539
0.092441 0.0796473 -0.992528 59.173 0.0796473 0.99301 0.0871042 1.74417 0.992528 -0.0871042 0.0854512 237.572
0.092441 0.0796473 -0.992528 58.6775 0.0796473 0.99301 0.0871042 1.77532 0.992528 -0.0871042 0.0854512 237.606
0.0645929 0.0842563 -0.994348 58.0971 0.0842563 0.992411 0.0895654 1.82272 0.994348 -0.0895654 0.0570035 237.611
0.0396838 0.0866484 -0.995448 57.547 0.0866484 0.992182 0.0898183 1.8725 0.995448 -0.0898183 0.0318656 237.611
0.0179483 0.0902483 -0.995758 57.0239 0.0902483 0.991706 0.0915078 1.91514 0.995758 -0.0915078 0.00965469 237.598
0.000468528 0.0953224 -0.995446 56.5312 0.0953224 0.990909 0.0949328 1.95478 0.995446 -0.0949328 -0.00862209 237.574
-0.0122789 0.100746 -0.994836 56.0703 0.100746 0.989973 0.0990098 1.99594 0.994836 -0.0990098 -0.0223055 237.528
-0.0212436 0.105818 -0.994159 55.5945 0.105818 0.989035 0.103011 2.0403 0.994159 -0.103011 -0.0322081 237.495
-0.0267581 0.106449 -0.993958 55.0889 0.106449 0.988964 0.103049 2.09173 0.993958 -0.103049 -0.0377943 237.464
-0.0336453 0.105138 -0.993888 54.5518 0.105138 0.989306 0.101094 2.1371 0.993888 -0.101094 -0.0443395 237.472
-0.0373902 0.103189 -0.993959 53.9861 0.103189 0.989736 0.0988687 2.19929 0.993959 -0.0988687 -0.0476544 237.463
-0.0401672 0.103615 -0.993806 53.3895 0.103615 0.989678 0.0989971 2.25335 0.993806 -0.0989971 -0.0504888 237.453
-0.0443463 0.101136 -0.993884 52.7638 0.101136 0.990206 0.0962491 2.31694 0.993884 -0.0962491 -0.0541405 237.464
-0.0435337 0.102559 -0.993774 52.1218 0.102559 0.98992 0.0976689 2.37684 0.993774 -0.0976689 -0.0536133 237.422
-0.0442952 0.0966117 -0.994336 51.4488 0.0966117 0.991062 0.0919897 2.43888 0.994336 -0.0919897 -0.0532332 237.404
-0.0448243 0.0909859 -0.994843 50.7526 0.0909859 0.992077 0.0866334 2.50498 0.994843 -0.0866334 -0.0527476 237.377
-0.0403917 0.092878 -0.994858 50.0897 0.092878 0.991709 0.0888131 2.57108 0.994858 -0.0888131 -0.0486831 237.307
-0.0386331 0.0937956 -0.994842 49.4084 0.0937956 0.99153 0.089841 2.62763 0.994842 -0.089841 -0.0471035 237.265
-0.035283 0.093586 -0.994986 48.6976 0.093586 0.99154 0.0899432 2.69413 0.994986 -0.0899432 -0.0437429 237.229
-0.035283 0.093586 -0.994986 47.9867 0.093586 0.99154 0.0899432 2.76064 0.994986 -0.0899432 -0.0437429 237.193
-0.0333069 0.0932274 -0.995088 47.193 0.0932274 0.991589 0.0897792 2.83199 0.995088 -0.0897792 -0.041718 237.142
-0.0314542 0.0902525 -0.995422 46.3774 0.0902525 0.992103 0.0870997 2.91039 0.995422 -0.0870997 -0.0393513 237.107
-0.0307668 0.0872322 -0.995713 45.5829 0.0872322 0.992618 0.0842656 2.96716 0.995713 -0.0842656 -0.0381491 237.07
-0.0242379 0.0912553 -0.995533 44.7793 0.0912553 0.99187 0.0886978 3.0292 0.995533 -0.0886978 -0.0323683 236.988
-0.0252139 0.0880209 -0.995799 43.9424 0.0880209 0.992443 0.0854955 3.10073 0.995799 -0.0854955 -0.032771 236.969
-0.0253821 0.0856308 -0.996004 43.077 0.0856308 0.992849 0.0831774 3.16526 0.996004 -0.0831774 -0.0325332 236.938
-0.0254721 0.0845129 -0.996097 42.1886 0.0845129 0.993035 0.0820919 3.22574 0.996097 -0.0820919 -0.0324371 236.91
-0.0271749 0.0816417 -0.996291 41.2693 0.0816417 0.993511 0.079187 3.27987 0.996291 -0.079187 -0.0336639 236.902
-0.0273953 0.084188 -0.996073 40.382 0.084188 0.993101 0.0816213 3.34301 0.996073 -0.0816213 -0.0342939 236.853
-0.029258 0.0813811 -0.996254 39.4809 0.0813811 0.993565 0.0787715 3.40969 0.996254 -0.0787715 -0.0356927 236.828
-0.0311708 0.0800681 -0.996302 38.6106 0.0800681 0.993783 0.0773606 3.47291 0.996302 -0.0773606 -0.0373879 236.78
-0.0361064 0.0770886 -0.99637 37.7117 0.0770886 0.994264 0.0741322 3.52917 0.99637 -0.0741322 -0.041842 236.752
-0.0407043 0.0759274 -0.996282 36.8055 0.0759274 0.994461 0.0726864 3.58038 0.996282 -0.0726864 -0.0462438 236.735
-0.0414284 0.077708 -0.996115 35.8717 0.077708 0.994202 0.0743269 3.63628 0.996115 -0.0743269 -0.0472268 236.669
-0.0393051 0.078382 -0.996148 34.9117 0.078382 0.994089 0.0751272 3.68745 0.996148 -0.0751272 -0.0452165 236.557
-0.0405183 0.0771349 -0.996197 33.924 0.0771349 0.994282 0.0738493 3.7566 0.996197 -0.0738493 -0.0462364 236.433
-0.0405183 0.0771349 -0.996197 32.9364 0.0771349 0.994282 0.0738493 3.82575 0.996197 -0.0738493 -0.0462364 236.31
-0.0366602 0.0799903 -0.996121 31.9152 0.0799903 0.993828 0.0768623 3.88397 0.996121 -0.0768623 -0.0428324 236.181
-0.0323092 0.0845277 -0.995897 30.8603 0.0845277 0.993079 0.0815462 3.9812 0.995897 -0.0815462 -0.0392305 236.123
-0.0308669 0.0885499 -0.995593 29.7734 0.0885499 0.992394 0.08552 4.04283 0.995593 -0.08552 -0.0384732 236.052
-0.031839 0.0891501 -0.995509 28.656 0.0891501 0.992297 0.0860113 4.12086 0.995509 -0.0860113 -0.0395415 236.01
-0.0353308 0.0881263 -0.995483 27.5087 0.0881263 0.992499 0.0847345 4.21218 0.995483 -0.0847345 -0.0428321 236.014
-0.0324427 0.0876246 -0.995625 26.3314 0.0876246 0.992563 0.0844998 4.29226 0.995625 -0.0844998 -0.0398795 235.968
-0.0324427 0.0876246 -0.995625 25.1541 0.0876246 0.992563 0.0844998 4.37234 0.995625 -0.0844998 -0.0398795 235.922
-0.029329 0.0826063 -0.996151 25.1376 0.0826063 0.993371 0.0799436 4.37353 0.996151 -0.0799436 -0.0359584 235.921
-0.029329 0.0826063 -0.996151 25.1212 0.0826063 0.993371 0.0799436 4.37472 0.996151 -0.0799436 -0.0359584 235.92
-0.0245661 0.0802103 -0.996475 24.0535 0.0802103 0.993721 0.0780111 4.43869 0.996475 -0.0780111 -0.0308456 235.895
-0.0218461 0.0786423 -0.996664 22.9565 0.0786423 0.993948 0.0767042 4.51291 0.996664 -0.0767042 -0.0278985 235.863
-0.0170632 0.0800399 -0.996646 21.893 0.0800399 0.993701 0.0784331 4.58013 0.996646 -0.0784331 -0.0233621 235.768
-0.0149588 0.0758471 -0.997007 20.8551 0.0758471 0.994332 0.0745056 4.64061 0.997007 -0.0745056 -0.0206268 235.743
-0.0149588 0.0758471 -0.997007 19.8172 0.0758471 0.994332 0.0745056 4.70109 0.997007 -0.0745056 -0.0206268 235.718
-0.0112631 0.0745462 -0.997154 19.0188 0.0745462 0.994505 0.0735061 4.75113 0.997154 -0.0735061 -0.0167584 235.631
-0.014632 0.0750124 -0.997075 18.1861 0.0750124 0.994454 0.0737144 4.80414 0.997075 -0.0737144 -0.0201777 235.607
-0.014632 0.0750124 -0.997075 17.3534 0.0750124 0.994454 0.0737144 4.85715 0.997075 -0.0737144 -0.0201777 235.583
-0.0245964 0.0674118 -0.997422 16.3419 0.0674118 0.995565 0.0656239 4.94946 0.997422 -0.0656239 -0.0290316 235.672
-0.0308189 0.0668504 -0.997287 15.3543 0.0668504 0.995665 0.0646758 5.00447 0.997287 -0.0646758 -0.0351543 235.645
-0.0308189 0.0668504 -0.997287 14.3667 0.0668504 0.995665 0.0646758 5.05947 0.997287 -0.0646758 -0.0351543 235.618
-0.0291126 0.0734221 -0.996876 13.6097 0.0734221 0.994762 0.0711222 5.08595 0.996876 -0.0711222 -0.034351 235.507
-0.040813 0.0705807 -0.996671 12.8159 0.0705807 0.995214 0.0675873 5.13341 0.996671 -0.0675873 -0.0455993 235.481
-0.040813 0.0705807 -0.996671 12.0221 0.0705807 0.995214 0.0675873 5.18088 0.996671 -0.0675873 -0.0455993 235.454
-0.0445416 0.072753 -0.996355 11.1823 0.072753 0.994933 0.0693967 5.22515 0.996355 -0.0693967 -0.0496089 235.382
-0.0474245 0.0761832 -0.995965 10.3115 0.0761832 0.994459 0.0724404 5.27017 0.995965 -0.0724404 -0.0529656 235.324
-0.0506701 0.0799435 -0.995511 9.41036 0.0799435 0.993917 0.0757465 5.32308 0.995511 -0.0757465 -0.0567528 235.278
-0.0529973 0.083632 -0.995086 8.4756 0.083632 0.993358 0.0790325 5.37292 0.995086 -0.0790325 -0.0596396 235.208
-0.0543443 0.0882928 -0.994611 7.554 0.0882928 0.992606 0.0832906 5.44012 0.994611 -0.0832906 -0.0617381 235.148
-0.0557531 0.0915001 -0.994243 6.66318 0.0915001 0.99207 0.0861691 5.50504 0.994243 -0.0861691 -0.0636832 235.078
-0.0501451 0.0961471 -0.994103 5.80998 0.0961471 0.991197 0.0910162 5.57552 0.994103 -0.0910162 -0.0589479 234.947
-0.0460794 0.103095 -0.993604 4.98188 0.103095 0.98984 0.0979237 5.61544 0.993604 -0.0979237 -0.0562399 234.84
-0.0460794 0.103095 -0.993604 4.15378 0.103095 0.98984 0.0979237 5.65536 0.993604 -0.0979237 -0.0562399 234.733
-0.0452925 0.105977 -0.993337 3.41718 0.105977 0.989256 0.100709 5.71613 0.993337 -0.100709 -0.0560369 234.685
-0.0412616 0.111601 -0.992896 2.71231 0.111601 0.988039 0.106417 5.7719 0.992896 -0.106417 -0.0532228 234.614
-0.0444961 0.108838 -0.993063 2.02621 0.108838 0.988659 0.103479 5.84024 0.993063 -0.103479 -0.0558371 234.603
-0.0411121 0.110129 -0.993067 1.30995 0.110129 0.98835 0.105047 5.90908 0.993067 -0.105047 -0.0527617 234.6
-0.0411121 0.110129 -0.993067 0.593691 0.110129 0.98835 0.105047 5.97793 0.993067 -0.105047 -0.0527617 234.596
-0.0379517 0.110312 -0.993172 -0.161098 0.110312 0.988276 0.105553 6.04255 0.993172 -0.105553 -0.0496754 234.554
-0.0328426 0.113108 -0.99304 -0.91456 0.113108 0.987613 0.108749 6.10911 0.99304 -0.108749 -0.0452292 234.503
-0.0289342 0.112446 -0.993236 -1.66097 0.112446 0.987711 0.108545 6.17091 0.993236 -0.108545 -0.0412228 234.454
-0.0204563 0.11334 -0.993346 -2.44294 0.11334 0.987412 0.110329 6.24294 0.993346 -0.110329 -0.0330448 234.409
-0.0204563 0.11334 -0.993346 -3.22491 0.11334 0.987412 0.110329 6.31498 0.993346 -0.110329 -0.0330448 234.364
-0.0161256 0.115714 -0.993152 -4.51555 0.115714 0.986823 0.113098 6.44254 0.993152 -0.113098 -0.0293028 234.335
-0.0142935 0.115176 -0.993242 -5.77493 0.115176 0.986921 0.112786 6.57745 0.993242 -0.112786 -0.0273722 234.376
-0.00519416 0.112877 -0.993595 -7.00657 0.112877 0.987325 0.111575 6.69171 0.993595 -0.111575 -0.0178695 234.348
-0.00519416 0.112877 -0.993595 -8.23821 0.112877 0.987325 0.111575 6.80597 0.993595 -0.111575 -0.0178695 234.319
0.00106131 0.112744 -0.993624 -8.25459 0.112744 0.987275 0.112144 6.80742 0.993624 -0.112144 -0.0116633 234.318
0.00931295 0.110014 -0.993886 -8.30088 0.110014 0.987783 0.110369 6.81161 0.993886 -0.110369 -0.00290385 234.317
0.00931295 0.110014 -0.993886 -8.34717 0.110014 0.987783 0.110369 6.81581 0.993886 -0.110369 -0.00290385 234.315
0.0118041 0.108081 -0.994072 -8.36358 0.108081 0.988179 0.108724 6.81738 0.994072 -0.108724 -1.69723e-005 234.316
0.0221463 0.107261 -0.993984 -8.40987 0.107261 0.988234 0.109031 6.82174 0.993984 -0.109031 0.0103808 234.316
0.0221463 0.107261 -0.993984 -8.45616 0.107261 0.988234 0.109031 6.82611 0.993984 -0.109031 0.0103808 234.317
0.0297006 0.103584 -0.994177 -8.47254 0.103584 0.988942 0.106133 6.82729 0.994177 -0.106133 0.0186426 234.315
0.0404677 0.098429 -0.994321 -8.51875 0.098429 0.989903 0.101998 6.83164 0.994321 -0.101998 0.0303709 234.318
0.0404677 0.098429 -0.994321 -8.56497 0.098429 0.989903 0.101998 6.83598 0.994321 -0.101998 0.0303709 234.32
0.0451233 0.101916 -0.993769 -8.90765 0.101916 0.989122 0.106067 6.83981 0.993769 -0.106067 0.0342455 234.343
0.0546595 0.0991496 -0.99357 -9.2514 0.0991496 0.989601 0.104208 6.87036 0.99357 -0.104208 0.0442605 234.368
0.0546595 0.0991496 -0.99357 -9.59516 0.0991496 0.989601 0.104208 6.90091 0.99357 -0.104208 0.0442605 234.393
0.0593643 0.0980991 -0.993404 -9.9229 0.0980991 0.989769 0.103602 6.93412 0.993404 -0.103602 0.0491336 234.413
0.0641277 0.0994406 -0.992975 -10.2214 0.0994406 0.989434 0.105508 6.96362 0.992975 -0.105508 0.0535617 234.419
0.0676431 0.0970522 -0.992978 -10.4867 0.0970522 0.989897 0.103362 6.9867 0.992978 -0.103362 0.0575406 234.437
0.0739223 0.093134 -0.992906 -10.7225 0.093134 0.990634 0.0998548 7.00165 0.992906 -0.0998548 0.0645559 234.456
0.0739223 0.093134 -0.992906 -10.9583 0.093134 0.990634 0.0998548 7.01661 0.992906 -0.0998548 0.0645559 234.474
0.078165 0.0928033 -0.992612 -11.1018 0.0928033 0.990657 0.0999286 7.03149 0.992612 -0.0999286 0.0688222 234.481
0.078165 0.0928033 -0.992612 -11.2452 0.0928033 0.990657 0.0999286 7.04637 0.992612 -0.0999286 0.0688222 234.488
0.0812851 0.0918795 -0.992447 -11.2616 0.0918795 0.990811 0.0992534 7.048 0.992447 -0.0992534 0.0720963 234.488
0.0812851 0.0918795 -0.992447 -11.2781 0.0918795 0.990811 0.0992534 7.04963 0.992447 -0.0992534 0.0720963 234.488
0.091837 0.0975593 -0.990983 -11.2938 0.0975593 0.98952 0.106456 7.05276 0.990983 -0.106456 0.0813567 234.485
0.091837 0.0975593 -0.990983 -11.3095 0.0975593 0.98952 0.106456 7.0559 0.990983 -0.106456 0.0813567 234.481
0.091837 0.0975593 -0.990983 -11.3252 0.0975593 0.98952 0.106456 7.05904 0.990983 -0.106456 0.0813567 234.477
0.0941952 0.102126 -0.990302 -11.3416 0.102126 0.988486 0.111653 7.06094 0.990302 -0.111653 0.0826808 234.476
0.0941952 0.102126 -0.990302 -11.358 0.102126 0.988486 0.111653 7.06283 0.990302 -0.111653 0.0826808 234.475
0.0941952 0.102126 -0.990302 -11.3743 0.102126 0.988486 0.111653 7.06473 0.990302 -0.111653 0.0826808 234.474
0.0941952 0.102126 -0.990302 -11.3907 0.102126 0.988486 0.111653 7.06662 0.990302 -0.111653 0.0826808 234.472
0.0941952 0.102126 -0.990302 -11.407 0.102126 0.988486 0.111653 7.06852 0.990302 -0.111653 0.0826808 234.471
0.0941952 0.102126 -0.990302 -11.4234 0.102126 0.988486 0.111653 7.07042 0.990302 -0.111653 0.0826808 234.47
0.0941952 0.102126 -0.990302 -11.4397 0.102126 0.988486 0.111653 7.07231 0.990302 -0.111653 0.0826808 234.469
0.0941952 0.102126 -0.990302 -11.4561 0.102126 0.988486 0.111653 7.07421 0.990302 -0.111653 0.0826808 234.468
0.0941952 0.102126 -0.990302 -11.4724 0.102126 0.988486 0.111653 7.07611 0.990302 -0.111653 0.0826808 234.467
0.0941952 0.102126 -0.990302 -11.4888 0.102126 0.988486 0.111653 7.078 0.990302 -0.111653 0.0826808 234.466
0.0941952 0.102126 -0.990302 -11.5051 0.102126 0.988486 0.111653 7.0799 0.990302 -0.111653 0.0826808 234.465
0.0941952 0.102126 -0.990302 -11.5215 0.102126 0.988486 0.111653 7.0818 0.990302 -0.111653 0.0826808 234.464
0.0941952 0.102126 -0.990302 -11.5379 0.102126 0.988486 0.111653 7.08369 0.990302 -0.111653 0.0826808 234.463
0.0941952 0.102126 -0.990302 -11.5542 0.102126 0.988486 0.111653 7.08559 0.990302 -0.111653 0.0826808 234.462
0.0941952 0.102126 -0.990302 -11.5706 0.102126 0.988486 0.111653 7.08748 0.990302 -0.111653 0.0826808 234.46
0.0947516 0.0938255 -0.99107 -11.5972 0.0938255 0.990275 0.102721 7.09109 0.99107 -0.102721 0.085027 234.467
0.0947516 0.0938255 -0.99107 -11.6239 0.0938255 0.990275 0.102721 7.0947 0.99107 -0.102721 0.085027 234.474
0.0947516 0.0938255 -0.99107 -11.6506 0.0938255 0.990275 0.102721 7.0983 0.99107 -0.102721 0.085027 234.481
0.0947516 0.0938255 -0.99107 -11.6773 0.0938255 0.990275 0.102721 7.10191 0.99107 -0.102721 0.085027 234.487
0.0985773 0.0926286 -0.990809 -11.7783 0.0926286 0.990482 0.101814 7.11569 0.990809 -0.101814 0.089059 234.496
0.0985773 0.0926286 -0.990809 -11.8792 0.0926286 0.990482 0.101814 7.12948 0.990809 -0.101814 0.089059 234.504
0.101912 0.0917702 -0.990551 -11.8956 0.0917702 0.990623 0.101218 7.13049 0.990551 -0.101218 0.0925343 234.506
0.114801 0.0891575 -0.989379 -11.9415 0.0891575 0.99102 0.0996506 7.13476 0.989379 -0.0996506 0.105821 234.513
0.114801 0.0891575 -0.989379 -11.9873 0.0891575 0.99102 0.0996506 7.13902 0.989379 -0.0996506 0.105821 234.519
0.123835 0.0860275 -0.988567 -12.069 0.0860275 0.991553 0.0970639 7.14976 0.988567 -0.0970639 0.115388 234.541
0.149471 0.084961 -0.985109 -12.1815 0.084961 0.991513 0.0984045 7.16312 0.985109 -0.0984045 0.140984 234.563
0.149471 0.084961 -0.985109 -12.294 0.084961 0.991513 0.0984045 7.17647 0.985109 -0.0984045 0.140984 234.585
0.165556 0.0843782 -0.982584 -12.4622 0.0843782 0.991468 0.099358 7.19724 0.982584 -0.099358 0.157024 234.619
0.183168 0.0821069 -0.979647 -12.6219 0.0821069 0.991747 0.0984728 7.21288 0.979647 -0.0984728 0.174914 234.669
0.227885 0.0788381 -0.970491 -12.8145 0.0788381 0.99195 0.0990936 7.23208 0.970491 -0.0990936 0.219835 234.727
0.227885 0.0788381 -0.970491 -13.0071 0.0788381 0.99195 0.0990936 7.25128 0.970491 -0.0990936 0.219835 234.785
0.253203 0.0748359 -0.964514 -13.2169 0.0748359 0.992501 0.0966532 7.27927 0.964514 -0.0966532 0.245704 234.864
0.283232 0.0716551 -0.956371 -13.4417 0.0716551 0.992837 0.0956081 7.30202 0.956371 -0.0956081 0.276069 234.941
0.315387 0.0663674 -0.94664 -13.6756 0.0663674 0.993566 0.0917687 7.32486 0.94664 -0.0917687 0.308953 235.036
0.34911 0.0606136 -0.93512 -13.8932 0.0606136 0.994355 0.0870822 7.34294 0.93512 -0.0870822 0.343465 235.153
0.386087 0.0566444 -0.920722 -14.1286 0.0566444 0.994774 0.0849529 7.37033 0.920722 -0.0849529 0.380861 235.298
0.427012 0.0565547 -0.902476 -14.3784 0.0565547 0.994418 0.0890756 7.39274 0.902476 -0.0890756 0.42143 235.444
0.469321 0.0561265 -0.881242 -14.6258 0.0561265 0.994064 0.0932033 7.42028 0.881242 -0.0932033 0.463385 235.622
0.513217 0.0547302 -0.856512 -14.8513 0.0547302 0.993847 0.0962998 7.44248 0.856512 -0.0962998 0.507064 235.811
0.558606 0.0517471 -0.827817 -15.103 0.0517471 0.993933 0.0970498 7.47396 0.827817 -0.0970498 0.552539 236.016
0.6496 0.04302 -0.759058 -15.3542 0.04302 0.994718 0.0931925 7.50578 0.759058 -0.0931925 0.644318 236.265
0.6496 0.04302 -0.759058 -15.6054 0.04302 0.994718 0.0931925 7.53761 0.759058 -0.0931925 0.644318 236.515
0.694579 0.0377709 -0.718425 -15.8645 0.0377709 0.995329 0.0888463 7.57404 0.718425 -0.0888463 0.689908 236.799
0.780509 0.0290841 -0.624467 -16.0986 0.0290841 0.996146 0.0827465 7.61275 0.624467 -0.0827465 0.776656 237.14
0.780509 0.0290841 -0.624467 -16.3327 0.0290841 0.996146 0.0827465 7.65145 0.624467 -0.0827465 0.776656 237.482
0.820313 0.0259834 -0.571325 -16.525 0.0259834 0.996243 0.0826154 7.68761 0.571325 -0.0826154 0.816555 237.817
0.855857 0.0232202 -0.516691 -16.7068 0.0232202 0.996259 0.0832345 7.72681 0.516691 -0.0832345 0.852117 238.184
0.886141 0.0200143 -0.462984 -16.8703 0.0200143 0.996482 0.0813837 7.7679 0.462984 -0.0813837 0.882623 238.593
0.912539 0.0172281 -0.408626 -17.0218 0.0172281 0.996606 0.0804914 7.8041 0.408626 -0.0804914 0.909146 239.022
0.934745 0.014485 -0.355023 -17.1461 0.014485 0.996785 0.0788068 7.84161 0.355023 -0.0788068 0.93153 239.441
0.952537 0.011817 -0.304195 -17.2463 0.011817 0.997058 0.0757354 7.87399 0.304195 -0.0757354 0.949594 239.898
0.966772 0.0093626 -0.255469 -17.3546 0.0093626 0.997362 0.0719828 7.91451 0.255469 -0.0719828 0.964134 240.386
0.977893 0.00738838 -0.208975 -17.4525 0.00738838 0.997531 0.0698416 7.95658 0.208975 -0.0698416 0.975424 240.893
0.985857 0.00595504 -0.167485 -17.4846 0.00595504 0.997493 0.0705191 7.97881 0.167485 -0.0705191 0.983349 241.379
0.995107 0.00360781 -0.0987344 -17.5121 0.00360781 0.99734 0.0728051 8.00834 0.0987344 -0.0728051 0.992447 241.862
0.995107 0.00360781 -0.0987344 -17.5397 0.00360781 0.99734 0.0728051 8.03788 0.0987344 -0.0728051 0.992447 242.344
0.997345 0.00265299 -0.0727784 -17.5641 0.00265299 0.997349 0.0727125 8.08186 0.0727784 -0.0727125 0.994694 242.934
0.998679 0.00187237 -0.0513491 -17.6041 0.00187237 0.997346 0.0727823 8.11719 0.0513491 -0.0727823 0.996025 243.553
0.99941 0.00125878 -0.0343341 -17.6381 0.00125878 0.997316 0.0732054 8.15562 0.0343341 -0.0732054 0.996726 244.185
0.999756 0.000811675 -0.0220548 -17.6413 0.000811675 0.997295 0.0734968 8.19827 0.0220548 -0.0734968 0.997052 244.788
0.999912 0.000479446 -0.0132435 -17.601 0.000479446 0.997382 0.0723067 8.24233 0.0132435 -0.0723067 0.997295 245.359
0.999999 -3.95127e-005 0.00113071 -17.591 -3.95127e-005 0.997561 0.0698049 8.28531 -0.00113071 -0.0698049 0.99756 245.961
0.999999 -3.95127e-005 0.00113071 -17.581 -3.95127e-005 0.997561 0.0698049 8.32829 -0.00113071 -0.0698049 0.99756 246.564
0.999979 -0.000223411 0.00642535 -17.5678 -0.000223411 0.997585 0.0694558 8.37008 -0.00642535 -0.0694558 0.997564 247.218
0.999979 -0.000223411 0.00642535 -17.5546 -0.000223411 0.997585 0.0694558 8.41187 -0.00642535 -0.0694558 0.997564 247.871
0.999956 -0.000330336 0.00933619 -17.5546 -0.000330336 0.997499 0.0706746 8.41292 -0.00933619 -0.0706746 0.997456 247.888
0.999938 -0.000422785 0.0111553 -17.5547 -0.000422785 0.997131 0.0756886 8.41606 -0.0111553 -0.0756886 0.997069 247.934
0.999938 -0.000422785 0.0111553 -17.5547 -0.000422785 0.997131 0.0756886 8.41921 -0.0111553 -0.0756886 0.997069 247.98
0.999956 -0.000356068 0.00938564 -17.5823 -0.000356068 0.997126 0.0757645 8.47845 -0.00938564 -0.0757645 0.997082 248.751
0.999951 -0.000365117 0.00987386 -17.6057 -0.000365117 0.997269 0.0738535 8.53452 -0.00987386 -0.0738535 0.99722 249.509
0.999966 -0.000290931 0.00824755 -17.6049 -0.000290931 0.997515 0.0704609 8.58062 -0.00824755 -0.0704609 0.99748 250.238
0.999954 -0.000307773 0.00959973 -17.6364 -0.000307773 0.997946 0.0640538 8.63875 -0.00959973 -0.0640538 0.9979 250.976
0.999955 -0.000286411 0.00947695 -17.6499 -0.000286411 0.998175 0.0603871 8.68718 -0.00947695 -0.0603871 0.99813 251.75
0.999955 -0.000286411 0.00947695 -17.6635 -0.000286411 0.998175 0.0603871 8.7356 -0.00947695 -0.0603871 0.99813 252.523
0.999947 -0.000346581 0.0103139 -17.6638 -0.000346581 0.997744 0.0671289 8.73653 -0.0103139 -0.0671289 0.997691 252.539
0.999947 -0.000396259 0.0103046 -17.6638 -0.000396259 0.997047 0.0767934 8.73955 -0.0103046 -0.0767934 0.996994 252.586
0.999932 -0.000476685 0.0116534 -17.6638 -0.000476685 0.996659 0.0816714 8.74067 -0.0116534 -0.0816714 0.996591 252.602
0.999957 -0.000366728 0.0092789 -17.6623 -0.000366728 0.996881 0.0789207 8.74419 -0.0092789 -0.0789207 0.996838 252.649
0.999978 -0.000239418 0.00669007 -17.66 -0.000239418 0.997442 0.0714819 8.75002 -0.00669007 -0.0714819 0.997419 252.725
0.999961 -0.000281613 0.00883615 -17.6658 -0.000281613 0.997971 0.0636753 8.75758 -0.00883615 -0.0636753 0.997932 252.831
0.999943 -0.000314563 0.0107165 -17.6694 -0.000314563 0.998278 0.0586543 8.76623 -0.0107165 -0.0586543 0.998221 252.967
0.999946 -0.000298944 0.0104339 -17.6688 -0.000298944 0.99836 0.0572537 8.77566 -0.0104339 -0.0572537 0.998305 253.133
0.999961 -0.000261119 0.00877158 -17.6678 -0.000261119 0.998229 0.0594837 8.78346 -0.00877158 -0.0594837 0.998191 253.33
0.999945 -0.000351169 0.010529 -17.6706 -0.000351169 0.997778 0.0666292 8.7946 -0.010529 -0.0666292 0.997722 253.556
0.999942 -0.0003959 0.0107586 -17.6689 -0.0003959 0.997295 0.0734952 8.81066 -0.0107586 -0.0734952 0.997238 253.812
0.999994 -0.000128625 0.00343287 -17.6434 -0.000128625 0.997196 0.0748321 8.83475 -0.00343287 -0.0748321 0.99719 254.096
0.999993 0.000131519 -0.00378786 -17.6302 0.000131519 0.997592 0.0693584 8.8575 0.00378786 -0.0693584 0.997585 254.412
0.999993 0.000131519 -0.00378786 -17.617 0.000131519 0.997592 0.0693584 8.88025 0.00378786 -0.0693584 0.997585 254.727
0.999979 0.000211629 -0.00645881 -17.5981 0.000211629 0.997855 0.0654609 8.94442 0.00645881 -0.0654609 0.997834 255.687
0.999975 0.000223372 -0.00706925 -17.6124 0.000223372 0.998005 0.0631316 9.00475 0.00706925 -0.0631316 0.99798 256.637
0.999979 0.000205838 -0.00650268 -17.6335 0.000205838 0.997998 0.0632445 9.05545 0.00650268 -0.0632445 0.997977 257.565
0.999977 0.000226586 -0.00680382 -17.5712 0.000226586 0.997784 0.066531 9.1062 0.00680382 -0.066531 0.997761 258.462
0.999929 0.000406583 -0.011919 -17.5703 0.000406583 0.997675 0.0681428 9.15546 0.011919 -0.0681428 0.997604 259.391
0.999929 0.000406583 -0.011919 -17.5694 0.000406583 0.997675 0.0681428 9.20472 0.011919 -0.0681428 0.997604 260.32
0.999906 0.000427089 -0.0136732 -17.5693 0.000427089 0.998051 0.0624073 9.24909 0.0136732 -0.0624073 0.997957 261.262
0.999871 0.000468888 -0.0160644 -17.5651 0.000468888 0.998298 0.0583226 9.30258 0.0160644 -0.0583226 0.998169 262.176
0.999884 0.000437938 -0.0152211 -17.6477 0.000437938 0.998346 0.0574925 9.34736 0.0152211 -0.0574925 0.99823 263.118
0.999852 0.000509328 -0.0171986 -17.7032 0.000509328 0.998248 0.0591728 9.40203 0.0171986 -0.0591728 0.9981 264.091
0.999811 0.000612661 -0.019427 -17.719 0.000612661 0.998013 0.0630046 9.44987 0.019427 -0.0630046 0.997824 265.035
0.999808 0.000666126 -0.0195792 -17.7525 0.000666126 0.997688 0.0679589 9.49874 0.0195792 -0.0679589 0.997496 265.966
0.999752 0.000802205 -0.0222659 -17.7311 0.000802205 0.997408 0.0719545 9.53308 0.0222659 -0.0719545 0.997159 266.902
0.999728 0.000841497 -0.0232969 -17.7602 0.000841497 0.997394 0.0721371 9.58103 0.0232969 -0.0721371 0.997123 267.866
0.999728 0.000841497 -0.0232969 -17.7893 0.000841497 0.997394 0.0721371 9.62898 0.0232969 -0.0721371 0.997123 268.831
0.999747 0.000789874 -0.0224795 -17.8291 0.000789874 0.997534 0.0701794 9.6879 0.0224795 -0.0701794 0.997281 269.812
0.999677 0.000865321 -0.025396 -17.8231 0.000865321 0.997681 0.0680561 9.72499 0.025396 -0.0680561 0.997358 270.789
0.999709 0.000775787 -0.0241028 -17.8506 0.000775787 0.99793 0.0642971 9.78107 0.0241028 -0.0642971 0.99764 271.739
0.999761 0.000681004 -0.0218655 -17.9058 0.000681004 0.998062 0.0622224 9.83216 0.0218655 -0.0622224 0.997823 272.678
0.999821 0.000599395 -0.0188928 -17.9488 0.000599395 0.997989 0.0633827 9.88083 0.0188928 -0.0633827 0.99781 273.587
0.999859 0.000558071 -0.0167581 -17.9923 0.000558071 0.997785 0.0665247 9.92416 0.0167581 -0.0665247 0.997644 274.512
0.999867 0.000553072 -0.0162913 -18.0221 0.000553072 0.997698 0.067815 9.96909 0.0162913 -0.067815 0.997565 275.468
0.999864 0.000564318 -0.0164905 -17.9646 0.000564318 0.997661 0.068357 10.0142 0.0164905 -0.068357 0.997525 276.453
0.999881 0.00059199 -0.0153915 -17.9792 0.00059199 0.997046 0.0768059 10.072 0.0153915 -0.0768059 0.996927 277.469
0.999881 0.00059199 -0.0153915 -17.9937 0.00059199 0.997046 0.0768059 10.1297 0.0153915 -0.0768059 0.996927 278.485
0.999941 0.000416652 -0.0108156 -18.0544 0.000416652 0.997036 0.0769302 10.169 0.0108156 -0.0769302 0.996978 279.524
0.99994 0.00039228 -0.0109304 -18.0735 0.00039228 0.997427 0.071683 10.2472 0.0109304 -0.071683 0.997368 280.592
0.999957 0.000312403 -0.00925219 -18.0807 0.000312403 0.997722 0.0674522 10.2957 0.00925219 -0.0674522 0.99768 281.631
0.999968 0.000258439 -0.00794943 -18.1131 0.000258439 0.997888 0.0649511 10.3546 0.00794943 -0.0649511 0.997857 282.648
0.999979 0.000206123 -0.00644815 -18.116 0.000206123 0.997958 0.0638665 10.4025 0.00644815 -0.0638665 0.997938 283.635
0.999977 0.000216506 -0.00679862 -18.1111 0.000216506 0.997974 0.0636259 10.442 0.00679862 -0.0636259 0.997951 284.601
0.99999 0.000144522 -0.00445714 -18.1782 0.000144522 0.997899 0.0647813 10.4958 0.00445714 -0.0647813 0.99789 285.595
1 -1.72826e-005 0.0005178 -18.2468 -1.72826e-005 0.997774 0.0666795 10.5466 -0.0005178 -0.0666795 0.997774 286.578
0.999995 -0.000109465 0.00316968 -18.3163 -0.000109465 0.997618 0.0689877 10.6145 -0.00316968 -0.0689877 0.997612 287.59
0.999997 -8.38364e-005 0.00240893 -18.3303 -8.38364e-005 0.997581 0.0695204 10.6835 -0.00240893 -0.0695204 0.997578 288.634
1 -3.03462e-005 0.000873434 -18.2965 -3.03462e-005 0.997589 0.0694033 10.7338 -0.000873434 -0.0694033 0.997588 289.709
0.999999 -4.63624e-005 0.00132602 -18.3077 -4.63624e-005 0.997558 0.0698416 10.8075 -0.00132602 -0.0698416 0.997557 290.786
1 1.18223e-005 -0.000335464 -18.2728 1.18223e-005 0.997519 0.0703961 10.854 0.000335464 -0.0703961 0.997519 291.871
1 -1.95256e-005 0.000558193 -18.255 -1.95256e-005 0.997556 0.0698746 10.911 -0.000558193 -0.0698746 0.997556 292.937
1 -1.95256e-005 0.000558193 -18.2373 -1.95256e-005 0.997556 0.0698746 10.968 -0.000558193 -0.0698746 0.997556 294.003
0.999999 -3.65111e-005 0.00103972 -18.2584 -3.65111e-005 0.997537 0.0701459 11.0425 -0.00103972 -0.0701459 0.997536 295.146
0.999999 -3.65111e-005 0.00103972 -18.2794 -3.65111e-005 0.997537 0.0701459 11.117 -0.00103972 -0.0701459 0.997536 296.289
0.999998 -6.23367e-005 0.00190623 -18.2553 -6.23367e-005 0.997863 0.0653333 11.1914 -0.00190623 -0.0653333 0.997862 297.274
1 -1.16197e-005 0.000372765 -18.2552 -1.16197e-005 0.998059 0.0622829 11.2479 -0.000372765 -0.0622829 0.998058 298.29
1 -6.75622e-006 0.000207041 -18.2826 -6.75622e-006 0.997873 0.0651952 11.2988 -0.000207041 -0.0651952 0.997873 299.336
1 2.81008e-006 -8.02604e-005 -18.2649 2.81008e-006 0.997551 0.0699384 11.3548 8.02604e-005 -0.0699384 0.997551 300.351
0.999998 -6.59765e-005 0.00181316 -18.2886 -6.59765e-005 0.997355 0.0726787 11.4142 -0.00181316 -0.0726787 0.997354 301.395
0.999998 -6.78621e-005 0.00181377 -18.2816 -6.78621e-005 0.997204 0.0747254 11.4805 -0.00181377 -0.0747254 0.997202 302.469
1 -3.71001e-005 0.000970132 -18.2688 -3.71001e-005 0.997079 0.076373 11.5507 -0.000970132 -0.076373 0.997079 303.543
1 -1.25625e-005 0.000329116 -18.2594 -1.25625e-005 0.99709 0.0762296 11.6237 -0.000329116 -0.0762296 0.99709 304.646
1 3.17572e-006 -8.54756e-005 -18.2676 3.17572e-006 0.997243 0.0742047 11.6945 8.54756e-005 -0.0742047 0.997243 305.755
1 1.08236e-006 -3.03322e-005 -18.2857 1.08236e-006 0.997457 0.0712761 11.7652 3.03322e-005 -0.0712761 0.997457 306.88
0.999997 8.32978e-005 -0.00242979 -18.306 8.32978e-005 0.997652 0.0684832 11.8647 0.00242979 -0.0684832 0.997649 308.03
0.999997 -8.85845e-005 0.00258318 -18.4155 -8.85845e-005 0.997651 0.0685049 11.9467 -0.00258318 -0.0685049 0.997647 309.146
0.999997 -9.19939e-005 0.00247056 -18.402 -9.19939e-005 0.997231 0.074369 12.0095 -0.00247056 -0.074369 0.997228 310.238
0.999997 -9.19939e-005 0.00247056 -18.3885 -9.19939e-005 0.997231 0.074369 12.0723 -0.00247056 -0.074369 0.997228 311.33
1 2.17158e-006 -5.72516e-005 -18.3794 2.17158e-006 0.997127 0.075752 12.136 5.72516e-005 -0.075752 0.997127 312.364
0.999996 9.91522e-005 -0.00271278 -18.3835 9.91522e-005 0.997332 0.0730025 12.1993 0.00271278 -0.0730025 0.997328 313.429
0.999996 0.000100554 -0.00287649 -18.37 0.000100554 0.997559 0.0698288 12.2375 0.00287649 -0.0698288 0.997555 314.464
0.999982 0.00020639 -0.00604978 -18.3474 0.00020639 0.997675 0.0681507 12.3012 0.00604978 -0.0681507 0.997657 315.528
0.999899 0.00050019 -0.0142041 -18.2298 0.00050019 0.997523 0.0703381 12.3392 0.0142041 -0.0703381 0.997422 316.617
0.999785 0.000782432 -0.0207417 -18.2338 0.000782432 0.997158 0.0753301 12.3987 0.0207417 -0.0753301 0.996943 317.681
0.999785 0.000782432 -0.0207417 -18.2378 0.000782432 0.997158 0.0753301 12.4583 0.0207417 -0.0753301 0.996943 318.745
0.999762 0.000865919 -0.0218126 -18.2791 0.000865919 0.996853 0.0792618 12.5211 0.0218126 -0.0792618 0.996615 319.756
0.999762 0.000865919 -0.0218126 -18.3204 0.000865919 0.996853 0.0792618 12.5839 0.0218126 -0.0792618 0.996615 320.768
0.999696 0.000958179 -0.0246415 -18.304 0.000958179 0.996981 0.0776403 12.6366 0.0246415 -0.0776403 0.996677 321.654
0.999678 0.00094852 -0.0253761 -18.3406 0.00094852 0.99721 0.0746408 12.6891 0.0253761 -0.0746408 0.996888 322.569
0.999678 0.00094852 -0.0253761 -18.3772 0.00094852 0.99721 0.0746408 12.7415 0.0253761 -0.0746408 0.996888 323.485
0.999677 0.000941951 -0.0253912 -18.4139 0.000941951 0.997252 0.0740812 12.7918 0.0253912 -0.0740812 0.996929 324.381
0.999682 0.000933297 -0.0251816 -18.4569 0.000933297 0.997257 0.0740118 12.8462 0.0251816 -0.0740118 0.996939 325.264
0.999686 0.000940091 -0.0250299 -18.4945 0.000940091 0.997183 0.0749999 12.8959 0.0250299 -0.0749999 0.996869 326.156
0.99969 0.000947821 -0.0248727 -18.5279 0.000947821 0.9971 0.0760913 12.9478 0.0248727 -0.0760913 0.996791 327.02
0.999661 0.000973482 -0.0260063 -18.5434 0.000973482 0.997202 0.0747478 13.0009 0.0260063 -0.0747478 0.996863 327.884
0.999658 0.000948493 -0.0261313 -18.5759 0.000948493 0.997369 0.0724866 13.0538 0.0261313 -0.0724866 0.997027 328.737
0.999712 0.00085713 -0.0239706 -18.6158 0.00085713 0.997446 0.0714135 13.0984 0.0239706 -0.0714135 0.997159 329.584
0.999754 0.000800285 -0.0221746 -18.6437 0.000800285 0.997399 0.0720777 13.1432 0.0221746 -0.0720777 0.997152 330.413
0.999771 0.000777238 -0.0213733 -18.6703 0.000777238 0.997359 0.0726256 13.1849 0.0213733 -0.0726256 0.99713 331.238
0.999755 0.000825346 -0.0221056 -18.6315 0.000825346 0.997216 0.0745599 13.213 0.0221056 -0.0745599 0.996971 332.093
0.999817 0.000730106 -0.0191037 -18.6132 0.000730106 0.997083 0.0763175 13.2572 0.0191037 -0.0763175 0.996901 332.979
0.999817 0.000730106 -0.0191037 -18.5949 0.000730106 0.997083 0.0763175 13.3014 0.0191037 -0.0763175 0.996901 333.864
0.999792 0.000797967 -0.0203934 -18.4577 0.000797967 0.996943 0.0781297 13.3877 0.0203934 -0.0781297 0.996735 335.23
0.999827 0.000756553 -0.0185643 -18.4653 0.000756553 0.996684 0.0813639 13.4668 0.0185643 -0.0813639 0.996512 336.573
0.999827 0.000756553 -0.0185643 -18.4728 0.000756553 0.996684 0.0813639 13.5459 0.0185643 -0.0813639 0.996512 337.915
0.999886 0.000619685 -0.015067 -18.4735 0.000619685 0.996623 0.0821136 13.5465 0.015067 -0.0821136 0.996509 337.932
0.999938 0.000408903 -0.0111239 -18.4754 0.000408903 0.997301 0.0734163 13.549 0.0111239 -0.0734163 0.997239 337.978
0.999938 0.000408903 -0.0111239 -18.4773 0.000408903 0.997301 0.0734163 13.5515 0.0111239 -0.0734163 0.997239 338.024
0.999947 0.000365753 -0.0102693 -18.477 0.000365753 0.997466 0.0711405 13.5523 0.0102693 -0.0711405 0.997413 338.041
0.999966 0.00030817 -0.0082169 -18.4773 0.00030817 0.997191 0.0749022 13.5551 0.0082169 -0.0749022 0.997157 338.087
0.999966 0.00030817 -0.0082169 -18.4776 0.00030817 0.997191 0.0749022 13.5578 0.0082169 -0.0749022 0.997157 338.134
0.999946 0.00040557 -0.0104163 -18.4772 0.00040557 0.996973 0.077752 13.5588 0.0104163 -0.077752 0.996918 338.15
0.999878 0.000593025 -0.0156387 -18.4792 0.000593025 0.997128 0.0757269 13.5619 0.0156387 -0.0757269 0.997006 338.197
0.999878 0.000593025 -0.0156387 -18.4812 0.000593025 0.997128 0.0757269 13.5651 0.0156387 -0.0757269 0.997006 338.243
0.999559 0.00104098 -0.029687 -18.502 0.00104098 0.997544 0.070029 13.5988 0.029687 -0.070029 0.997103 338.863
0.999559 0.00104098 -0.029687 -18.5227 0.00104098 0.997544 0.070029 13.6326 0.029687 -0.070029 0.997103 339.484
0.999043 0.00151321 -0.0437236 -18.5099 0.00151321 0.997609 0.0691011 13.6584 0.0437236 -0.0691011 0.996651 340.044
0.996943 0.0026536 -0.0780909 -18.5588 0.0026536 0.997697 0.0677795 13.6859 0.0780909 -0.0677795 0.99464 340.571
0.996943 0.0026536 -0.0780909 -18.6077 0.0026536 0.997697 0.0677795 13.7134 0.0780909 -0.0677795 0.99464 341.099
0.995045 0.00343033 -0.099368 -18.7423 0.00343033 0.997625 0.0687899 13.7594 0.099368 -0.0687899 0.99267 341.986
0.992232 0.00446614 -0.12432 -18.9049 0.00446614 0.997432 0.0714775 13.8057 0.12432 -0.0714775 0.989664 342.838
0.988062 0.00583347 -0.153945 -19.0624 0.00583347 0.997149 0.075226 13.8543 0.153945 -0.075226 0.985212 343.659
0.982019 0.00731364 -0.188642 -19.2371 0.00731364 0.997025 0.0767273 13.9017 0.188642 -0.0767273 0.979044 344.447
0.973714 0.00891812 -0.227599 -19.4593 0.00891812 0.996974 0.0772186 13.949 0.227599 -0.0772186 0.970688 345.191
0.963199 0.0109593 -0.268566 -19.7513 0.0109593 0.996736 0.0799787 13.9905 0.268566 -0.0799787 0.959935 345.879
0.950505 0.0133827 -0.310421 -20.0683 0.0133827 0.996382 0.0839333 14.0504 0.310421 -0.0839333 0.946887 346.521
0.935249 0.0162878 -0.353616 -20.3885 0.0162878 0.995903 0.0889503 14.0981 0.353616 -0.0889503 0.931152 347.128
0.9169 0.0192456 -0.398652 -20.7024 0.0192456 0.995543 0.0923264 14.1572 0.398652 -0.0923264 0.912443 347.704
0.89555 0.0227613 -0.444378 -21.0312 0.0227613 0.99504 0.096837 14.2115 0.444378 -0.096837 0.89059 348.235
0.871003 0.0269065 -0.49054 -21.3995 0.0269065 0.994388 0.102318 14.2615 0.49054 -0.102318 0.865391 348.703
0.810954 0.0373773 -0.583914 -21.8131 0.0373773 0.99261 0.115449 14.3134 0.583914 -0.115449 0.803564 349.172
0.810954 0.0373773 -0.583914 -22.2268 0.0373773 0.99261 0.115449 14.3653 0.583914 -0.115449 0.803564 349.642
0.774646 0.0419336 -0.631003 -22.6466 0.0419336 0.992197 0.117416 14.4331 0.631003 -0.117416 0.766843 350.072
0.734529 0.0454113 -0.677056 -23.115 0.0454113 0.992232 0.115817 14.4953 0.677056 -0.115817 0.726761 350.497
0.691 0.0495525 -0.721155 -23.6321 0.0495525 0.992054 0.115647 14.5614 0.721155 -0.115647 0.683053 350.91
0.644058 0.0537724 -0.763084 -24.1501 0.0537724 0.991877 0.11528 14.6254 0.763084 -0.11528 0.635935 351.273
0.59192 0.0560196 -0.804048 -24.6573 0.0560196 0.99231 0.110376 14.6905 0.804048 -0.110376 0.58423 351.596
0.53655 0.0580137 -0.841872 -25.1586 0.0580137 0.992738 0.105384 14.7563 0.841872 -0.105384 0.529288 351.871
0.4792 0.0628016 -0.875456 -25.6621 0.0628016 0.992427 0.105568 14.8151 0.875456 -0.105568 0.471627 352.081
0.418563 0.068839 -0.905575 -26.1478 0.068839 0.99185 0.107215 14.8585 0.905575 -0.107215 0.410412 352.253
0.354498 0.0710165 -0.932356 -26.6113 0.0710165 0.992187 0.102576 14.9064 0.932356 -0.102576 0.346685 352.394
0.288718 0.0683872 -0.954969 -27.0716 0.0683872 0.993425 0.0918168 14.9537 0.954969 -0.0918168 0.282143 352.513
0.225028 0.073277 -0.971593 -27.5689 0.073277 0.993071 0.0918683 15.0009 0.971593 -0.0918683 0.218099 352.603
0.167063 0.086388 -0.982154 -28.1027 0.086388 0.99104 0.101864 15.0419 0.982154 -0.101864 0.158103 352.653
0.116853 0.103339 -0.987758 -28.6673 0.103339 0.987908 0.11558 15.0828 0.987758 -0.11558 0.104761 352.654
0.073649 0.119964 -0.990043 -29.2181 0.119964 0.984465 0.128212 15.1358 0.990043 -0.128212 0.0581136 352.635
0.0370647 0.132357 -0.990509 -29.7976 0.132357 0.981807 0.136147 15.2052 0.990509 -0.136147 0.0188721 352.624
0.00872044 0.140743 -0.990008 -30.393 0.140743 0.980017 0.140563 15.276 0.990008 -0.140563 -0.0112625 352.594
-0.0113064 0.148673 -0.988822 -30.9572 0.148673 0.978143 0.145368 15.3577 0.988822 -0.145368 -0.0331631 352.576
-0.0258165 0.154994 -0.987578 -31.5514 0.154994 0.976581 0.149216 15.426 0.987578 -0.149216 -0.049235 352.524
-0.0332373 0.160532 -0.986471 -32.1751 0.160532 0.975059 0.153266 15.5006 0.986471 -0.153266 -0.0581788 352.47
-0.0349199 0.166242 -0.985466 -32.8267 0.166242 0.973296 0.158299 15.5918 0.985466 -0.158299 -0.061624 352.413
-0.035868 0.166779 -0.985342 -33.4479 0.166779 0.973148 0.158644 15.6918 0.985342 -0.158644 -0.0627202 352.374
-0.037659 0.161918 -0.986085 -34.0976 0.161918 0.974734 0.15387 15.8065 0.986085 -0.15387 -0.0629249 352.347
-0.0378375 0.158073 -0.986702 -34.7783 0.158073 0.975924 0.150284 15.9144 0.986702 -0.150284 -0.0619136 352.306
-0.0361709 0.156291 -0.987049 -35.4883 0.156291 0.976426 0.148882 16.0162 0.987049 -0.148882 -0.0597451 352.239
-0.0344816 0.159199 -0.986644 -36.2298 0.159199 0.9755 0.151837 16.1187 0.986644 -0.151837 -0.0589812 352.187
-0.0339461 0.161226 -0.986333 -37.0008 0.161226 0.974859 0.153802 16.2343 0.986333 -0.153802 -0.0590866 352.152
-0.0319765 0.164159 -0.985915 -37.8003 0.164159 0.973887 0.156832 16.3566 0.985915 -0.156832 -0.0580898 352.101
-0.0273826 0.167865 -0.98543 -38.5702 0.167865 0.972572 0.16101 16.473 0.98543 -0.16101 -0.0548103 352.049
-0.0214497 0.168958 -0.98539 -39.3113 0.168958 0.972053 0.162994 16.5787 0.98539 -0.162994 -0.0493972 351.998
-0.0163672 0.173585 -0.984683 -40.0213 0.173585 0.970354 0.168174 16.7004 0.984683 -0.168174 -0.0460137 351.988
-0.0116723 0.174315 -0.984621 -40.7139 0.174315 0.969965 0.169654 16.8208 0.984621 -0.169654 -0.0417075 351.949
-0.00353888 0.179639 -0.983726 -41.4271 0.179639 0.967844 0.176093 16.9305 0.983726 -0.176093 -0.0356954 351.892
0.000349544 0.179496 -0.983759 -42.1705 0.179496 0.96777 0.176643 17.0497 0.983759 -0.176643 -0.0318806 351.853
-0.000481516 0.174633 -0.984633 -42.9423 0.174633 0.969518 0.171867 17.1866 0.984633 -0.171867 -0.0309635 351.842
-0.000633027 0.173776 -0.984785 -43.7402 0.173776 0.969821 0.171024 17.3416 0.984785 -0.171024 -0.030812 351.868
0.0040577 0.170156 -0.985409 -44.5247 0.170156 0.970929 0.168357 17.4765 0.985409 -0.168357 -0.0250134 351.842
0.0040577 0.170156 -0.985409 -45.3092 0.170156 0.970929 0.168357 17.6114 0.985409 -0.168357 -0.0250134 351.817
0.00586343 0.168797 -0.985633 -46.144 0.168797 0.97134 0.167353 17.7491 0.985633 -0.167353 -0.022797 351.793
0.00585939 0.166589 -0.986009 -47.0076 0.166589 0.972085 0.165226 17.898 0.986009 -0.165226 -0.0220561 351.789
0.00480963 0.166783 -0.985982 -47.8995 0.166783 0.972049 0.16524 18.0581 0.985982 -0.16524 -0.0231413 351.81
0.00480963 0.166783 -0.985982 -48.7913 0.166783 0.972049 0.16524 18.2181 0.985982 -0.16524 -0.0231413 351.832
0.00637826 0.169359 -0.985534 -49.6237 0.169359 0.971133 0.167981 18.3489 0.985534 -0.167981 -0.0224884 351.829
0.00796574 0.168819 -0.985615 -50.4844 0.168819 0.971271 0.167727 18.4909 0.985615 -0.167727 -0.0207631 351.805
0.00865935 0.169462 -0.985499 -51.3676 0.169462 0.971032 0.168463 18.6318 0.985499 -0.168463 -0.0203088 351.783
0.00712724 0.169915 -0.985433 -52.2806 0.169915 0.970922 0.168642 18.7772 0.985433 -0.168642 -0.0219512 351.77
0.00667913 0.170557 -0.985325 -53.1894 0.170557 0.970715 0.169184 18.9148 0.985325 -0.169184 -0.0226061 351.744
0.00735562 0.1728 -0.984929 -54.1106 0.1728 0.969919 0.171457 19.0556 0.984929 -0.171457 -0.0227256 351.708
0.0104051 0.183568 -0.982952 -55.0615 0.183568 0.965948 0.182336 19.1999 0.982952 -0.182336 -0.0236465 351.672
0.0104051 0.183568 -0.982952 -56.0124 0.183568 0.965948 0.182336 19.3442 0.982952 -0.182336 -0.0236465 351.635
0.0105733 0.185409 -0.982604 -57.0247 0.185409 0.965256 0.184131 19.5187 0.982604 -0.184131 -0.0241707 351.605
0.010107 0.186631 -0.982378 -58.0082 0.186631 0.964813 0.185214 19.6832 0.982378 -0.185214 -0.0250797 351.572
0.00696815 0.188092 -0.982127 -59.0198 0.188092 0.964373 0.186026 19.8635 0.982127 -0.186026 -0.0286587 351.59
0.00213573 0.184144 -0.982897 -60.0289 0.184144 0.966018 0.181382 20.0352 0.982897 -0.181382 -0.0318458 351.54
0.00213573 0.184144 -0.982897 -61.038 0.184144 0.966018 0.181382 20.2068 0.982897 -0.181382 -0.0318458 351.489
-0.00420462 0.182258 -0.983242 -62.0242 0.182258 0.966921 0.178453 20.381 0.983242 -0.178453 -0.0372834 351.468
-0.00749932 0.184393 -0.982824 -63.0342 0.184393 0.966252 0.179877 20.5544 0.982824 -0.179877 -0.0412471 351.416
-0.0132579 0.190923 -0.981516 -64.0125 0.190923 0.964025 0.184942 20.7128 0.981516 -0.184942 -0.0492325 351.376
-0.0132579 0.190923 -0.981516 -64.9908 0.190923 0.964025 0.184942 20.8712 0.981516 -0.184942 -0.0492325 351.336
-0.00862589 0.199849 -0.979789 -65.9622 0.199849 0.960402 0.194135 21.0338 0.979789 -0.194135 -0.0482239 351.244
-0.00859263 0.199658 -0.979828 -66.9246 0.199658 0.960476 0.193963 21.2019 0.979828 -0.193963 -0.0481162 351.159
-0.00408106 0.196726 -0.98045 -67.8524 0.196726 0.961456 0.192096 21.3418 0.98045 -0.192096 -0.0426248 351.006
-0.00695125 0.196128 -0.980554 -68.8153 0.196128 0.961799 0.190987 21.5189 0.980554 -0.190987 -0.0451521 350.949
-0.00695125 0.196128 -0.980554 -69.7782 0.196128 0.961799 0.190987 21.6959 0.980554 -0.190987 -0.0451521 350.891
-0.00517606 0.198433 -0.980101 -70.676 0.198433 0.960827 0.193483 21.8586 0.980101 -0.193483 -0.0443488 350.858
-0.0136077 0.197224 -0.980264 -71.599 0.197224 0.961625 0.190736 22.0272 0.980264 -0.190736 -0.0519828 350.952
-0.00591439 0.201386 -0.979494 -72.5551 0.201386 0.959682 0.196097 22.2049 0.979494 -0.196097 -0.0462322 350.919
-0.00591439 0.201386 -0.979494 -73.5112 0.201386 0.959682 0.196097 22.3825 0.979494 -0.196097 -0.0462322 350.885
0.00139549 0.201235 -0.979542 -74.3297 0.201235 0.959448 0.197393 22.5262 0.979542 -0.197393 -0.0391565 350.816
0.00762177 0.199081 -0.979953 -75.16 0.199081 0.960063 0.196588 22.674 0.979953 -0.196588 -0.0323157 350.763
0.0132525 0.199147 -0.97988 -76.02 0.199147 0.959808 0.197761 22.8328 0.97988 -0.197761 -0.0269395 350.734
0.0154752 0.19532 -0.980617 -76.9086 0.19532 0.96125 0.194545 23.004 0.980617 -0.194545 -0.0232743 350.72
0.0178047 0.189789 -0.981663 -77.7719 0.189789 0.963327 0.189686 23.1684 0.981663 -0.189686 -0.0188681 350.724
0.0183305 0.184866 -0.982593 -78.6184 0.184866 0.965186 0.18504 23.3264 0.982593 -0.18504 -0.0164832 350.757
0.0214011 0.182697 -0.982936 -79.4954 0.182697 0.965892 0.183507 23.4869 0.982936 -0.183507 -0.0127071 350.768
0.0253602 0.181037 -0.983149 -80.372 0.181037 0.966373 0.182618 23.6389 0.983149 -0.182618 -0.00826711 350.761
0.0308088 0.180095 -0.983167 -81.2682 0.180095 0.966535 0.182692 23.8019 0.983167 -0.182692 -0.00265662 350.748
0.0340314 0.178163 -0.983412 -82.1367 0.178163 0.96714 0.18138 23.9498 0.983412 -0.18138 0.0011711 350.764
0.0382695 0.176491 -0.983558 -82.9768 0.176491 0.967611 0.180497 24.0853 0.983558 -0.180497 0.00588092 350.759
0.0419548 0.175858 -0.983521 -83.8461 0.175858 0.96772 0.180534 24.2283 0.983521 -0.180534 0.00967446 350.77
0.0468877 0.175323 -0.983394 -84.728 0.175323 0.96775 0.180893 24.3657 0.983394 -0.180893 0.0146374 350.755
0.0503024 0.168782 -0.984369 -85.6396 0.168782 0.970004 0.174944 24.5084 0.984369 -0.174944 0.0203063 350.76
0.0503024 0.168782 -0.984369 -86.5512 0.168782 0.970004 0.174944 24.6512 0.984369 -0.174944 0.0203063 350.765
0.0514955 0.164788 -0.984984 -87.4234 0.164788 0.971371 0.171126 24.7839 0.984984 -0.171126 0.0228661 350.775
0.0512765 0.161879 -0.985478 -88.3217 0.161879 0.972379 0.16815 24.9362 0.985478 -0.16815 0.0236554 350.824
0.0549418 0.156956 -0.986076 -89.1958 0.156956 0.973933 0.163768 25.0522 0.986076 -0.163768 0.0288744 350.792
0.0549418 0.156956 -0.986076 -90.0699 0.156956 0.973933 0.163768 25.1681 0.986076 -0.163768 0.0288744 350.761
0.0557071 0.155487 -0.986266 -90.8638 0.155487 0.974398 0.162398 25.2749 0.986266 -0.162398 0.0301048 350.77
0.055059 0.154191 -0.986506 -91.6497 0.154191 0.97484 0.160974 25.38 0.986506 -0.160974 0.0298987 350.778
