1 -4.92894e-009 -7.73619e-006 -0.0241693 -4.92894e-009 0.999999 -0.00127425 -0.00537111 7.73619e-006 0.00127425 0.999999 0.626865
0.999998 -2.57183e-006 -0.00176124 -0.0193611 -2.57183e-006 0.999996 -0.00292046 -0.0170125 0.00176124 0.00292046 0.999994 1.22535
0.999978 -1.25099e-005 -0.00669917 0.0420099 -1.25099e-005 0.999993 -0.00373471 -0.045326 0.00669917 0.00373471 0.999971 1.81668
0.999969 -2.24549e-005 -0.00783096 0.00748709 -2.24549e-005 0.999984 -0.00573476 -0.0575752 0.00783096 0.00573476 0.999953 2.42524
0.99995 -4.09813e-005 -0.0100448 0.0199044 -4.09813e-005 0.999967 -0.00815934 -0.058804 0.0100448 0.00815934 0.999916 3.01474
0.999926 -5.07888e-005 -0.0122043 0.0205831 -5.07888e-005 0.999965 -0.00832266 -0.0839268 0.0122043 0.00832266 0.999891 3.61879
0.999925 -5.12142e-005 -0.0122305 -0.0210811 -5.12142e-005 0.999965 -0.00837437 -0.0885023 0.0122305 0.00837437 0.99989 4.20098
0.999866 -7.00785e-005 -0.0163432 0.0172278 -7.00785e-005 0.999963 -0.00857511 -0.106477 0.0163432 0.00857511 0.99983 4.78791
0.999857 -9.60788e-005 -0.0169401 -0.0145752 -9.60788e-005 0.999936 -0.0113422 -0.125198 0.0169401 0.0113422 0.999792 5.37685
0.999847 -0.000131698 -0.0174722 -0.0407026 -0.000131698 0.999886 -0.0150731 -0.147632 0.0174722 0.0150731 0.999734 5.96012
0.999753 -0.000213311 -0.0222307 -0.023587 -0.000213311 0.999816 -0.0191865 -0.15237 0.0222307 0.0191865 0.999569 6.54498
0.999758 -0.000205823 -0.0219754 -0.0569692 -0.000205823 0.999825 -0.0187282 -0.181231 0.0219754 0.0187282 0.999583 7.12213
0.999768 -0.000127164 -0.0215516 -0.0990887 -0.000127164 0.99993 -0.0117991 -0.188915 0.0215516 0.0117991 0.999698 7.6691
0.999694 -1.79073e-005 -0.0247402 -0.0847508 -1.79073e-005 0.999999 -0.0014474 -0.188899 0.0247402 0.0014474 0.999693 8.26812
0.999691 6.55899e-005 -0.0248596 -0.0886396 6.55899e-005 0.999986 0.00527597 -0.191658 0.0248596 -0.00527597 0.999677 8.85438
0.999647 5.07906e-005 -0.0265813 -0.121317 5.07906e-005 0.999993 0.00382084 -0.198146 0.0265813 -0.00382084 0.999639 9.45103
0.999619 -4.41758e-005 -0.027591 -0.143926 -4.41758e-005 0.999995 -0.00320157 -0.203712 0.027591 0.00320157 0.999614 10.0623
0.999617 -0.000125661 -0.0276739 -0.163682 -0.000125661 0.999959 -0.00907962 -0.214952 0.0276739 0.00907962 0.999576 10.6769
0.999594 -0.000109318 -0.0285024 -0.199827 -0.000109318 0.999971 -0.00766915 -0.231192 0.0285024 0.00766915 0.999564 11.3125
0.999587 2.51931e-005 -0.028751 -0.217222 2.51931e-005 0.999998 0.00175214 -0.236953 0.028751 -0.00175214 0.999585 11.9354
0.999579 0.000131125 -0.02901 -0.240183 0.000131125 0.999959 0.00903789 -0.22917 0.02901 -0.00903789 0.999538 12.567
0.99955 0.000171569 -0.0299964 -0.255193 0.000171569 0.999935 0.0114364 -0.220646 0.0299964 -0.0114364 0.999485 13.1724
0.999549 0.000154197 -0.0300155 -0.283668 0.000154197 0.999947 0.0102719 -0.220266 0.0300155 -0.0102719 0.999497 13.8969
0.999594 0.000112176 -0.0284956 -0.326546 0.000112176 0.999969 0.00787149 -0.223827 0.0284956 -0.00787149 0.999563 14.5407
0.99957 6.17711e-005 -0.0293162 -0.323121 6.17711e-005 0.999991 0.00421321 -0.223301 0.0293162 -0.00421321 0.999561 15.2233
0.999615 -1.66737e-005 -0.0277573 -0.355635 -1.66737e-005 0.999999 -0.00120116 -0.236296 0.0277573 0.00120116 0.999614 15.9146
0.999633 -0.000106867 -0.0271054 -0.356243 -0.000106867 0.999969 -0.0078837 -0.242557 0.0271054 0.0078837 0.999601 16.6143
0.999663 -0.000171246 -0.0259585 -0.385824 -0.000171246 0.999913 -0.0131911 -0.267453 0.0259585 0.0131911 0.999576 17.3467
0.999664 -0.000181475 -0.0259064 -0.408575 -0.000181475 0.999902 -0.014007 -0.287663 0.0259064 0.014007 0.999566 18.0492
0.999645 -0.000180933 -0.0266367 -0.418045 -0.000180933 0.999908 -0.0135822 -0.306062 0.0266367 0.0135822 0.999553 18.825
0.999658 -0.000195604 -0.0261665 -0.45283 -0.000195604 0.999888 -0.0149473 -0.324378 0.0261665 0.0149473 0.999546 19.5904
0.999636 -0.000224914 -0.0269733 -0.467965 -0.000224914 0.999861 -0.0166726 -0.349847 0.0269733 0.0166726 0.999497 20.3732
0.999653 -0.000231607 -0.02635 -0.505272 -0.000231607 0.999846 -0.0175748 -0.372509 0.02635 0.0175748 0.999498 21.1495
0.999661 -0.000223489 -0.0260447 -0.529549 -0.000223489 0.999853 -0.0171578 -0.402688 0.0260447 0.0171578 0.999514 21.9402
0.999677 -0.000223073 -0.0254117 -0.58252 -0.000223073 0.999846 -0.0175526 -0.419265 0.0254117 0.0175526 0.999523 22.7535
0.999683 -0.000220039 -0.0251597 -0.603719 -0.000220039 0.999847 -0.0174873 -0.44469 0.0251597 0.0174873 0.99953 23.556
0.999666 -0.000207734 -0.0258443 -0.621445 -0.000207734 0.999871 -0.0160721 -0.475316 0.0258443 0.0160721 0.999537 24.3996
0.999619 -0.000198219 -0.0275835 -0.633567 -0.000198219 0.999897 -0.0143688 -0.494877 0.0275835 0.0143688 0.999516 25.2183
0.999631 -0.000180457 -0.0271451 -0.670942 -0.000180457 0.999912 -0.0132927 -0.51416 0.0271451 0.0132927 0.999543 26.06
0.999599 -0.000199701 -0.0283201 -0.683651 -0.000199701 0.999901 -0.0140996 -0.541243 0.0283201 0.0140996 0.999499 26.9084
0.999638 -0.000202788 -0.0268857 -0.742965 -0.000202788 0.999886 -0.0150816 -0.564383 0.0268857 0.0150816 0.999525 27.758
0.999647 -0.000191453 -0.0265655 -0.764545 -0.000191453 0.999896 -0.0144103 -0.589553 0.0265655 0.0144103 0.999543 28.6248
0.999602 -0.000164282 -0.0282 -0.787668 -0.000164282 0.999932 -0.0116485 -0.612037 0.0282 0.0116485 0.999534 29.4868
0.999602 -0.000116095 -0.0282247 -0.822901 -0.000116095 0.999966 -0.0082247 -0.626135 0.0282247 0.0082247 0.999568 30.3672
0.999596 -8.27226e-005 -0.028423 -0.859838 -8.27226e-005 0.999983 -0.00581959 -0.643722 0.028423 0.00581959 0.999579 31.2507
0.999539 -7.46091e-005 -0.0303592 -0.863059 -7.46091e-005 0.999988 -0.00491393 -0.667127 0.0303592 0.00491393 0.999527 32.1397
0.999565 -0.000100645 -0.0294802 -0.914237 -0.000100645 0.999977 -0.0068264 -0.679603 0.0294802 0.0068264 0.999542 33.0396
0.999545 -0.000109101 -0.0301599 -0.951002 -0.000109101 0.999974 -0.00723306 -0.701928 0.0301599 0.00723306 0.999519 33.9432
0.999539 -9.05894e-005 -0.0303644 -0.992206 -9.05894e-005 0.999982 -0.00596538 -0.724504 0.0303644 0.00596538 0.999521 34.8564
0.999505 -6.55498e-005 -0.0314706 -1.02183 -6.55498e-005 0.999991 -0.00416473 -0.740447 0.0314706 0.00416473 0.999496 35.7762
0.999461 -2.43275e-005 -0.0328373 -1.04293 -2.43275e-005 0.999999 -0.0014813 -0.758912 0.0328373 0.0014813 0.99946 36.7033
0.999463 -3.07635e-005 -0.0327815 -1.08851 -3.07635e-005 0.999998 -0.00187638 -0.770498 0.0327815 0.00187638 0.999461 37.6381
0.999432 -9.06973e-005 -0.0337037 -1.11837 -9.06973e-005 0.999986 -0.00538048 -0.797481 0.0337037 0.00538048 0.999417 38.5793
0.999432 -0.000156578 -0.0337025 -1.15546 -0.000156578 0.999957 -0.0092889 -0.824803 0.0337025 0.0092889 0.999389 39.5282
0.999444 -0.000162533 -0.0333396 -1.19685 -0.000162533 0.999952 -0.0097472 -0.85171 0.0333396 0.0097472 0.999397 40.4838
0.999447 -0.00011453 -0.0332541 -1.23654 -0.00011453 0.999976 -0.0068862 -0.880269 0.0332541 0.0068862 0.999423 41.4468
0.999485 -7.54676e-005 -0.0320876 -1.2861 -7.54676e-005 0.999989 -0.00470261 -0.898249 0.0320876 0.00470261 0.999474 42.417
0.999465 -6.01849e-005 -0.0327158 -1.30851 -6.01849e-005 0.999993 -0.00367826 -0.911415 0.0327158 0.00367826 0.999458 43.3955
0.99951 -6.9609e-005 -0.031313 -1.36407 -6.9609e-005 0.99999 -0.00444491 -0.937615 0.031313 0.00444491 0.9995 44.3799
0.99948 -0.000104247 -0.0322385 -1.37788 -0.000104247 0.999979 -0.00646549 -0.954206 0.0322385 0.00646549 0.999459 45.3732
0.999521 -0.000135171 -0.0309474 -1.42886 -0.000135171 0.999962 -0.00873324 -0.982864 0.0309474 0.00873324 0.999483 46.3723
0.999533 -0.000170067 -0.0305447 -1.46762 -0.000170067 0.999938 -0.0111327 -1.01947 0.0305447 0.0111327 0.999471 47.3798
0.999524 -0.000227434 -0.0308504 -1.49788 -0.000227434 0.999891 -0.01474 -1.05104 0.0308504 0.01474 0.999415 48.3898
0.99955 -0.000244474 -0.0299964 -1.53887 -0.000244474 0.999867 -0.0162955 -1.09022 0.0299964 0.0162955 0.999417 49.4122
0.99954 -0.000215819 -0.0303234 -1.57122 -0.000215819 0.999899 -0.0142305 -1.1226 0.0303234 0.0142305 0.999439 50.4365
0.999544 -0.000130586 -0.0302064 -1.59879 -0.000130586 0.999963 -0.00864412 -1.14514 0.0302064 0.00864412 0.999506 51.4693
0.999558 -3.75192e-005 -0.0297403 -1.63214 -3.75192e-005 0.999997 -0.00252256 -1.16238 0.0297403 0.00252256 0.999554 52.5091
0.999569 -3.01024e-005 -0.0293472 -1.66389 -3.01024e-005 0.999998 -0.00205103 -1.17066 0.0293472 0.00205103 0.999567 53.5556
0.999583 -7.34154e-005 -0.0288828 -1.70075 -7.34154e-005 0.999987 -0.00508258 -1.18993 0.0288828 0.00508258 0.99957 54.6105
0.999561 -0.000122991 -0.029637 -1.72216 -0.000122991 0.999966 -0.00829784 -1.22506 0.029637 0.00829784 0.999526 55.6683
0.999589 -0.000176876 -0.028662 -1.78016 -0.000176876 0.999924 -0.0123392 -1.25999 0.028662 0.0123392 0.999513 56.7347
0.999576 -0.000240121 -0.0291149 -1.81138 -0.000240121 0.999864 -0.0164901 -1.29989 0.0291149 0.0164901 0.99944 57.8054
0.999575 -0.000249095 -0.029149 -1.83115 -0.000249095 0.999854 -0.0170863 -1.34069 0.029149 0.0170863 0.999429 58.8821
0.999611 -0.00018716 -0.0278941 -1.88645 -0.00018716 0.99991 -0.0134162 -1.37585 0.0278941 0.0134162 0.999521 59.9431
0.9996 -0.000158561 -0.028283 -1.91221 -0.000158561 0.999937 -0.0112099 -1.39875 0.028283 0.0112099 0.999537 61.0186
0.999598 -0.000147365 -0.0283593 -1.94341 -0.000147365 0.999946 -0.0103904 -1.42483 0.0283593 0.0103904 0.999544 62.0799
0.999571 -0.000123135 -0.0292815 -1.96938 -0.000123135 0.999965 -0.00840846 -1.48874 0.0292815 0.00840846 0.999536 63.1752
0.999639 -0.000112749 -0.0268529 -2.10355 -0.000112749 0.999965 -0.00839589 -1.47866 0.0268529 0.00839589 0.999604 64.2504
0.999578 -8.59805e-005 -0.0290464 -2.0628 -8.59805e-005 0.999982 -0.00591892 -1.51762 0.0290464 0.00591892 0.999561 65.3395
0.999545 -5.23304e-005 -0.0301707 -2.08721 -5.23304e-005 0.999994 -0.00346815 -1.56493 0.0301707 0.00346815 0.999539 66.4423
0.999537 -7.31332e-005 -0.0304225 -2.18782 -7.31332e-005 0.999988 -0.00480669 -1.57381 0.0304225 0.00480669 0.999526 67.544
0.99948 -0.000144406 -0.0322323 -2.16221 -0.000144406 0.99996 -0.00895782 -1.6023 0.0322323 0.00895782 0.99944 68.6664
0.999485 -0.000170722 -0.0320996 -2.2306 -0.000170722 0.999943 -0.0106339 -1.65013 0.0320996 0.0106339 0.999428 69.7596
0.99947 -0.000146082 -0.0325395 -2.29054 -0.000146082 0.99996 -0.00897616 -1.68113 0.0325395 0.00897616 0.99943 70.8737
0.999461 -7.96274e-005 -0.0328246 -2.34954 -7.96274e-005 0.999988 -0.00485036 -1.69954 0.0328246 0.00485036 0.999449 72.0073
0.999448 -1.04408e-005 -0.0332296 -2.40607 -1.04408e-005 1 -0.000628232 -1.72177 0.0332296 0.000628232 0.999448 73.1299
0.99941 -2.03226e-006 -0.0343389 -2.43522 -2.03226e-006 1 -0.00011833 -1.7321 0.0343389 0.00011833 0.99941 74.2635
0.999343 -2.56148e-005 -0.0362382 -2.4642 -2.56148e-005 0.999999 -0.00141323 -1.76889 0.0362382 0.00141323 0.999342 75.3948
0.999473 -2.75379e-005 -0.0324616 -2.6535 -2.75379e-005 0.999999 -0.00169619 -1.79356 0.0324616 0.00169619 0.999472 76.5029
0.999477 -4.70742e-005 -0.0323325 -2.68472 -4.70742e-005 0.999996 -0.00291111 -1.80966 0.0323325 0.00291111 0.999473 77.6566
0.999442 -3.54839e-005 -0.033391 -2.73294 -3.54839e-005 0.999998 -0.00212476 -1.8416 0.033391 0.00212476 0.99944 78.7911
0.999434 -1.07225e-005 -0.033641 -2.78234 -1.07225e-005 1 -0.000637284 -1.86827 0.033641 0.000637284 0.999434 79.9308
0.999398 3.22263e-005 -0.0346892 -2.82726 3.22263e-005 0.999998 0.00185744 -1.88973 0.0346892 -0.00185744 0.999396 81.0582
0.999344 5.48397e-005 -0.0362273 -2.85579 5.48397e-005 0.999995 0.00302653 -1.91213 0.0362273 -0.00302653 0.999339 82.0565
0.999312 5.98358e-005 -0.0370896 -2.92678 5.98358e-005 0.999995 0.00322544 -1.92998 0.0370896 -0.00322544 0.999307 83.26
0.999173 4.12317e-005 -0.0406613 -2.98313 4.12317e-005 0.999998 0.00202721 -1.95134 0.0406613 -0.00202721 0.999171 84.331
0.998997 2.90131e-005 -0.0447723 -3.02783 2.90131e-005 0.999999 0.00129538 -1.98132 0.0447723 -0.00129538 0.998996 85.4324
0.998899 3.41231e-005 -0.0469116 -3.11164 3.41231e-005 0.999999 0.00145398 -2.0031 0.0469116 -0.00145398 0.998898 86.514
0.9987 6.45158e-005 -0.0509738 -3.16757 6.45158e-005 0.999997 0.00252969 -2.02793 0.0509738 -0.00252969 0.998697 87.5946
0.998564 0.000100418 -0.0535732 -3.24918 0.000100418 0.999993 0.0037461 -2.05065 0.0535732 -0.0037461 0.998557 88.7007
0.998394 0.000175758 -0.0566589 -3.30494 0.000175758 0.999981 0.00619903 -2.093 0.0566589 -0.00619903 0.998374 89.7142
0.998271 0.000189606 -0.0587722 -3.39773 0.000189606 0.999979 0.0064466 -2.09538 0.0587722 -0.0064466 0.998251 90.7676
0.998084 0.000221902 -0.0618683 -3.46824 0.000221902 0.999974 0.0071664 -2.11793 0.0618683 -0.0071664 0.998059 91.8014
0.997983 0.000187842 -0.0634857 -3.5833 0.000187842 0.999983 0.00591158 -2.13651 0.0634857 -0.00591158 0.997965 92.8057
0.997735 8.59867e-005 -0.0672711 -3.60907 8.59867e-005 0.999997 0.00255352 -2.16618 0.0672711 -0.00255352 0.997731 93.794
0.99754 -8.76095e-006 -0.0701016 -3.6894 -8.76095e-006 1 -0.000249643 -2.21181 0.0701016 0.000249643 0.99754 94.6993
0.997455 -0.000114685 -0.0712936 -3.79541 -0.000114685 0.999995 -0.00321314 -2.22705 0.0712936 0.00321314 0.99745 95.5948
0.997256 -0.000132694 -0.0740319 -3.82235 -0.000132694 0.999994 -0.00357986 -2.26212 0.0740319 0.00357986 0.997249 96.5658
0.99744 -0.000108913 -0.0715146 -3.95096 -0.000108913 0.999995 -0.00304198 -2.2875 0.0715146 0.00304198 0.997435 97.436
0.997578 -4.92456e-005 -0.0695554 -3.98847 -4.92456e-005 0.999999 -0.0014143 -2.30396 0.0695554 0.0014143 0.997577 98.3013
0.997959 1.17186e-005 -0.0638568 -4.05637 1.17186e-005 1 0.000366654 -2.32314 0.0638568 -0.000366654 0.997959 99.1421
0.998408 7.29842e-005 -0.0563963 -4.08956 7.29842e-005 0.999997 0.0025862 -2.34209 0.0563963 -0.0025862 0.998405 99.9895
0.998904 0.000124173 -0.0468138 -4.12311 0.000124173 0.999986 0.00530204 -2.35729 0.0468138 -0.00530204 0.99889 100.793
0.999379 0.000117753 -0.0352416 -4.12417 0.000117753 0.999978 0.00668049 -2.36846 0.0352416 -0.00668049 0.999356 101.526
0.999759 7.8026e-005 -0.0219687 -4.10346 7.8026e-005 0.999975 0.00710243 -2.37769 0.0219687 -0.00710243 0.999733 102.206
0.999976 2.31401e-005 -0.00688265 -4.07916 2.31401e-005 0.999977 0.00672402 -2.39575 0.00688265 -0.00672402 0.999954 102.849
0.99994 -2.26423e-005 0.0109754 -4.03306 -2.26423e-005 0.999991 0.00412586 -2.41061 -0.0109754 -0.00412586 0.999931 103.511
0.999484 2.20743e-008 0.0321344 -3.96938 2.20743e-008 1 -1.37351e-006 -2.42345 -0.0321344 1.37351e-006 0.999484 104.071
0.998407 0.000116274 0.0564153 -3.89695 0.000116274 0.999992 -0.00411877 -2.44002 -0.0564153 0.00411877 0.998399 104.618
0.996525 0.000257857 0.0832967 -3.78775 0.000257857 0.999981 -0.00618047 -2.45585 -0.0832967 0.00618047 0.996506 105.17
0.993561 0.000374582 0.113294 -3.65962 0.000374582 0.999978 -0.00659119 -2.47273 -0.113294 0.00659119 0.99354 105.733
0.989361 0.000575758 0.14548 -3.53408 0.000575758 0.999969 -0.00787307 -2.47823 -0.14548 0.00787307 0.98933 106.198
0.983485 0.000779478 0.180985 -3.36598 0.000779478 0.999963 -0.00854242 -2.49612 -0.180985 0.00854242 0.983449 106.699
0.975743 0.000889494 0.218918 -3.17318 0.000889494 0.999967 -0.00802757 -2.51019 -0.218918 0.00802757 0.97571 107.179
0.965913 0.00108711 0.258865 -2.97088 0.00108711 0.999965 -0.00825576 -2.52274 -0.258865 0.00825576 0.965878 107.626
0.953817 0.00141119 0.300383 -2.75549 0.00141119 0.999957 -0.00917878 -2.53794 -0.300383 0.00917878 0.953774 108.062
0.938741 0.00184843 0.344619 -2.53056 0.00184843 0.999944 -0.0103985 -2.55052 -0.344619 0.0103985 0.938685 108.469
0.921418 0.0019224 0.388568 -2.26361 0.0019224 0.999953 -0.00950577 -2.5604 -0.388568 0.00950577 0.921371 108.874
0.901412 0.00180793 0.432959 -1.98899 0.00180793 0.999967 -0.0079397 -2.57148 -0.432959 0.0079397 0.901379 109.246
0.87834 0.00202048 0.478033 -1.70959 0.00202048 0.999966 -0.00793897 -2.58501 -0.478033 0.00793897 0.878306 109.597
0.854273 0.0025865 0.519818 -1.38951 0.0025865 0.999954 -0.00922623 -2.59976 -0.519818 0.00922623 0.854227 109.915
0.826917 0.00373366 0.562312 -1.07689 0.00373366 0.999919 -0.0121299 -2.62066 -0.562312 0.0121299 0.826836 110.228
0.796845 0.00571537 0.604157 -0.750793 0.00571537 0.999839 -0.0169968 -2.63881 -0.604157 0.0169968 0.796684 110.525
0.76391 0.00838507 0.645269 -0.414465 0.00838507 0.999702 -0.0229176 -2.64727 -0.645269 0.0229176 0.763612 110.79
0.727074 0.0109088 0.686472 -0.0730059 0.0109088 0.999564 -0.0274383 -2.6734 -0.686472 0.0274383 0.726638 111.046
0.689475 0.0122903 0.724205 0.293926 0.0122903 0.999514 -0.0286633 -2.67842 -0.724205 0.0286633 0.688988 111.252
0.647984 0.0117343 0.761564 0.663435 0.0117343 0.999609 -0.0253863 -2.69805 -0.761564 0.0253863 0.647593 111.429
0.606146 0.0110927 0.795276 1.01872 0.0110927 0.999688 -0.0223985 -2.70532 -0.795276 0.0223985 0.605834 111.653
0.559947 0.0121252 0.82844 1.3977 0.0121252 0.999666 -0.0228268 -2.69964 -0.82844 0.0228268 0.559613 111.772
0.514379 0.0105697 0.857498 1.75464 0.0105697 0.99977 -0.0186638 -2.73083 -0.857498 0.0186638 0.514149 111.949
0.462524 0.0102099 0.886548 2.15164 0.0102099 0.999806 -0.0168408 -2.747 -0.886548 0.0168408 0.46233 112.061
0.411956 0.0124598 0.911119 2.54499 0.0124598 0.999736 -0.0193053 -2.7474 -0.911119 0.0193053 0.411692 112.163
0.361892 0.0163413 0.932077 2.92446 0.0163413 0.999582 -0.0238696 -2.74831 -0.932077 0.0238696 0.361474 112.206
0.310808 0.0210314 0.95024 3.335 0.0210314 0.999358 -0.0289976 -2.76725 -0.95024 0.0289976 0.310166 112.267
0.264413 0.0219751 0.964159 3.72021 0.0219751 0.999344 -0.0288036 -2.77902 -0.964159 0.0288036 0.263756 112.384
0.222925 0.0182463 0.974665 4.12846 0.0182463 0.999572 -0.0228858 -2.80105 -0.974665 0.0228858 0.222496 112.352
0.187399 0.0140916 0.982183 4.52211 0.0140916 0.999756 -0.0170323 -2.81033 -0.982183 0.0170323 0.187155 112.376
0.156737 0.0116893 0.987571 4.93266 0.0116893 0.999838 -0.0136896 -2.81339 -0.987571 0.0136896 0.156575 112.406
0.129137 0.0142898 0.991524 5.34623 0.0142898 0.999766 -0.0162697 -2.83073 -0.991524 0.0162697 0.128902 112.411
0.104015 0.0203825 0.994367 5.76734 0.0203825 0.999536 -0.0226206 -2.83064 -0.994367 0.0226206 0.103551 112.438
0.0806472 0.0247552 0.996435 6.19701 0.0247552 0.999333 -0.0268308 -2.83468 -0.996435 0.0268308 0.0799806 112.452
0.0577189 0.0228364 0.998072 6.60959 0.0228364 0.999447 -0.0241885 -2.85121 -0.998072 0.0241885 0.0571655 112.448
0.0376631 0.0153929 0.999172 7.05181 0.0153929 0.999754 -0.0159821 -2.86523 -0.999172 0.0159821 0.0374169 112.415
0.019949 0.0109669 0.999741 7.51415 0.0109669 0.999877 -0.0111873 -2.87904 -0.999741 0.0111873 0.0198263 112.403
0.00522349 0.012044 0.999914 7.98664 0.012044 0.999854 -0.0121062 -2.88994 -0.999914 0.0121062 0.00507767 112.395
-0.00547739 0.0143599 0.999882 8.45615 0.0143599 0.999795 -0.01428 -2.89884 -0.999882 0.01428 -0.00568248 112.38
-0.0118528 0.012741 0.999849 8.93005 0.012741 0.99984 -0.0125898 -2.9178 -0.999849 0.0125898 -0.0120132 112.357
-0.0144402 0.00603215 0.999878 9.43122 0.00603215 0.999964 -0.00594555 -2.92383 -0.999878 0.00594555 -0.014476 112.337
-0.0143805 0.0048943 0.999885 9.94441 0.0048943 0.999976 -0.00482436 -2.91784 -0.999885 0.00482436 -0.0144041 112.341
-0.0129158 0.00576768 0.9999 10.4701 0.00576768 0.999967 -0.00569356 -2.92007 -0.9999 0.00569356 -0.0129487 112.337
-0.0114723 0.0108591 0.999875 11.0092 0.0108591 0.999883 -0.0107346 -2.9307 -0.999875 0.0107346 -0.0115889 112.347
-0.009706 0.010158 0.999901 11.4892 0.010158 0.999898 -0.0100594 -2.9417 -0.999901 0.0100594 -0.00980819 112.338
-0.00849281 0.0106005 0.999908 12.0722 0.0106005 0.999889 -0.0105103 -2.95083 -0.999908 0.0105103 -0.00860423 112.334
-0.00771742 0.010726 0.999913 12.6557 0.010726 0.999886 -0.0106429 -2.96596 -0.999913 0.0106429 -0.00783158 112.336
-0.00794457 0.0132576 0.999881 13.2223 0.0132576 0.999826 -0.0131515 -2.99299 -0.999881 0.0131515 -0.00811895 112.355
-0.0067501 0.0118643 0.999907 13.8309 0.0118643 0.99986 -0.0117837 -2.98981 -0.999907 0.0117837 -0.00688992 112.346
-0.00789384 0.012087 0.999896 14.4485 0.012087 0.999855 -0.0119911 -3.00444 -0.999896 0.0119911 -0.0080388 112.347
-0.00849195 0.0149548 0.999852 15.0918 0.0149548 0.999778 -0.0148267 -3.02582 -0.999852 0.0148267 -0.00871371 112.329
-0.00964111 0.0159418 0.999826 15.7447 0.0159418 0.999748 -0.0157869 -3.04011 -0.999826 0.0157869 -0.00989282 112.341
-0.0110837 0.0133095 0.99985 16.4179 0.0133095 0.999825 -0.0131617 -3.05217 -0.99985 0.0131617 -0.0112589 112.327
-0.0125585 0.0127266 0.99984 17.0495 0.0127266 0.99984 -0.0125667 -3.06707 -0.99984 0.0125667 -0.0127185 112.326
-0.0142217 0.0148968 0.999788 17.7618 0.0148968 0.999781 -0.0146848 -3.09322 -0.999788 0.0146848 -0.0144405 112.329
-0.0155972 0.0179461 0.999717 18.4984 0.0179461 0.999683 -0.0176655 -3.09787 -0.999717 0.0176655 -0.0159143 112.326
-0.0162072 0.0177159 0.999712 19.2046 0.0177159 0.999691 -0.0174284 -3.13581 -0.999712 0.0174284 -0.016516 112.302
-0.0172726 0.0167114 0.999711 19.9449 0.0167114 0.999725 -0.0164229 -3.16716 -0.999711 0.0164229 -0.0175471 112.293
-0.0194813 0.0212101 0.999585 20.6831 0.0212101 0.999559 -0.0207962 -3.18812 -0.999585 0.0207962 -0.0199226 112.304
-0.0194023 0.0237691 0.999529 21.4562 0.0237691 0.999446 -0.0233057 -3.21114 -0.999529 0.0233057 -0.0199565 112.278
-0.0207614 0.0265307 0.999432 22.2144 0.0265307 0.99931 -0.0259763 -3.22618 -0.999432 0.0259763 -0.0214509 112.294
-0.0197709 0.0291313 0.99938 22.8732 0.0291313 0.999168 -0.0285488 -3.24886 -0.99938 0.0285488 -0.020603 112.264
-0.0194917 0.0306509 0.99934 23.7272 0.0306509 0.999078 -0.0300451 -3.27119 -0.99934 0.0300451 -0.0204132 112.252
-0.0197726 0.0296811 0.999364 24.5049 0.0296811 0.999136 -0.0290871 -3.32008 -0.999364 0.0290871 -0.0206365 112.26
-0.018194 0.0260511 0.999495 25.1786 0.0260511 0.999333 -0.0255727 -3.37297 -0.999495 0.0255727 -0.0188605 112.224
-0.0187832 0.0233739 0.99955 25.9367 0.0233739 0.999464 -0.0229326 -3.41797 -0.99955 0.0229326 -0.0193195 112.23
-0.0189725 0.027183 0.99945 26.7281 0.027183 0.999275 -0.0266623 -3.47014 -0.99945 0.0266623 -0.0196977 112.237
-0.016395 0.0194743 0.999676 27.5392 0.0194743 0.999627 -0.019154 -3.47098 -0.999676 0.019154 -0.0167681 112.203
-0.0163061 0.0182674 0.9997 28.3054 0.0182674 0.999672 -0.0179689 -3.47495 -0.9997 0.0179689 -0.0166344 112.192
-0.0163699 0.0175386 0.999712 29.086 0.0175386 0.999697 -0.0172512 -3.51007 -0.999712 0.0172512 -0.0166726 112.181
-0.0160613 0.0216153 0.999637 29.9227 0.0216153 0.99954 -0.0212659 -3.54589 -0.999637 0.0212659 -0.0165211 112.164
-0.0192607 0.0248119 0.999507 30.7284 0.0248119 0.999396 -0.024331 -3.57813 -0.999507 0.024331 -0.0198647 112.166
-0.0212413 0.022142 0.999529 31.5424 0.022142 0.99952 -0.0216713 -3.6138 -0.999529 0.0216713 -0.0217214 112.146
-0.0223658 0.0256697 0.99942 32.3722 0.0256697 0.999355 -0.0250936 -3.65589 -0.99942 0.0250936 -0.0230104 112.108
-0.0251679 0.0259923 0.999345 33.2064 0.0259923 0.999341 -0.0253376 -3.69302 -0.999345 0.0253376 -0.0258269 112.114
-0.0268333 0.0285212 0.999233 34.0446 0.0285212 0.999208 -0.0277546 -3.72452 -0.999233 0.0277546 -0.0276255 112.082
-0.0284901 0.0280089 0.999202 34.8853 0.0280089 0.999237 -0.0272113 -3.76452 -0.999202 0.0272113 -0.0292529 112.053
-0.0304489 0.0285083 0.99913 35.7337 0.0285083 0.999211 -0.0276418 -3.80404 -0.99913 0.0276418 -0.0312376 112.025
-0.0317098 0.027298 0.999124 36.6009 0.027298 0.999278 -0.0264359 -3.83323 -0.999124 0.0264359 -0.0324321 111.991
-0.0327564 0.0288712 0.999046 37.4446 0.0288712 0.999193 -0.0279288 -3.88247 -0.999046 0.0279288 -0.0335635 111.959
-0.0342906 0.0273559 0.999037 38.3136 0.0273559 0.999276 -0.0264235 -3.91925 -0.999037 0.0264235 -0.0350141 111.924
-0.0356463 0.025978 0.999027 39.1817 0.025978 0.999348 -0.0250594 -3.95857 -0.999027 0.0250594 -0.0362979 111.897
-0.0366187 0.0279751 0.998938 40.0422 0.0279751 0.999245 -0.0269582 -3.99891 -0.998938 0.0269582 -0.0373737 111.864
-0.0376648 0.0285694 0.998882 40.921 0.0285694 0.999213 -0.0275016 -4.02881 -0.998882 0.0275016 -0.0384514 111.839
-0.0384298 0.0302613 0.998803 41.7911 0.0302613 0.999118 -0.0291065 -4.07786 -0.998803 0.0291065 -0.0393117 111.809
-0.0391421 0.0302696 0.998775 42.6644 0.0302696 0.999118 -0.0290938 -4.11641 -0.998775 0.0290938 -0.0400239 111.78
-0.0444356 0.0245005 0.998712 43.5304 0.0245005 0.999425 -0.0234279 -4.22598 -0.998712 0.0234279 -0.0450103 111.839
-0.0422316 0.0279965 0.998716 44.4036 0.0279965 0.999248 -0.0268276 -4.22986 -0.998716 0.0268276 -0.0429836 111.76
-0.0426958 0.0310486 0.998606 45.2803 0.0310486 0.999075 -0.0297357 -4.30521 -0.998606 0.0297357 -0.0436204 111.742
-0.0425969 0.0297053 0.998651 46.162 0.0297053 0.999154 -0.0284532 -4.35442 -0.998651 0.0284532 -0.0434433 111.687
-0.0412631 0.0304112 0.998685 47.0209 0.0304112 0.999112 -0.0291677 -4.38733 -0.998685 0.0291677 -0.0421513 111.634
-0.0415612 0.0276857 0.998752 47.8706 0.0276857 0.999264 -0.0265478 -4.42228 -0.998752 0.0265478 -0.0422971 111.588
-0.0413806 0.0329496 0.9986 48.7371 0.0329496 0.998957 -0.031596 -4.46822 -0.9986 0.031596 -0.0424231 111.566
-0.0431267 0.0377427 0.998356 49.6147 0.0377427 0.998634 -0.0361228 -4.46491 -0.998356 0.0361228 -0.0444923 111.592
-0.0408349 0.0320888 0.998651 50.4692 0.0320888 0.999011 -0.0307883 -4.50613 -0.998651 0.0307883 -0.0418242 111.51
-0.0409117 0.0315733 0.998664 51.2847 0.0315733 0.999042 -0.0302919 -4.58156 -0.998664 0.0302919 -0.0418694 111.458
-0.0439176 0.038428 0.998296 52.046 0.038428 0.998585 -0.0367486 -4.71328 -0.998296 0.0367486 -0.0453322 111.429
-0.0500421 0.0406871 0.997918 52.9328 0.0406871 0.998423 -0.0386674 -4.68733 -0.997918 0.0386674 -0.0516187 111.409
-0.055791 0.0367852 0.997765 53.7639 0.0367852 0.998718 -0.0347635 -4.74379 -0.997765 0.0347635 -0.0570726 111.338
-0.0624917 0.0352001 0.997425 54.5663 0.0352001 0.998834 -0.0330444 -4.80821 -0.997425 0.0330444 -0.0636579 111.268
-0.0701023 0.0366743 0.996865 55.3835 0.0366743 0.998743 -0.0341643 -4.84007 -0.996865 0.0341643 -0.0713592 111.211
-0.0758232 0.0404955 0.996299 56.1947 0.0404955 0.998476 -0.0375021 -4.88414 -0.996299 0.0375021 -0.0773475 111.145
-0.0813354 0.0421037 0.995797 57.0079 0.0421037 0.998361 -0.0387731 -4.9308 -0.995797 0.0387731 -0.0829748 111.069
-0.0858575 0.0452139 0.995281 57.7945 0.0452139 0.998117 -0.0414424 -4.9661 -0.995281 0.0414424 -0.0877401 111.003
-0.089889 0.0484023 0.994775 58.592 0.0484023 0.99785 -0.0441782 -5.01194 -0.994775 0.0441782 -0.0920385 110.934
-0.0918482 0.0477927 0.994625 59.3799 0.0477927 0.997908 -0.043537 -5.05392 -0.994625 0.043537 -0.0939402 110.848
-0.0939366 0.045144 0.994554 60.1773 0.045144 0.998137 -0.0410427 -5.08502 -0.994554 0.0410427 -0.0957996 110.774
-0.0951555 0.047503 0.994328 60.9663 0.047503 0.99794 -0.0431296 -5.13606 -0.994328 0.0431296 -0.097216 110.699
-0.0968682 0.0494423 0.994068 61.7558 0.0494423 0.997771 -0.0448085 -5.16928 -0.994068 0.0448085 -0.0990968 110.629
-0.097491 0.0460967 0.994168 62.5604 0.0460967 0.998064 -0.0417569 -5.21537 -0.994168 0.0417569 -0.0994272 110.546
-0.098934 0.03956 0.994307 63.362 0.03956 0.998576 -0.0357936 -5.27368 -0.994307 0.0357936 -0.100358 110.464
-0.0999077 0.031288 0.994505 64.1588 0.031288 0.99911 -0.0282897 -5.32771 -0.994505 0.0282897 -0.100798 110.368
-0.100616 0.0304209 0.99446 64.956 0.0304209 0.999159 -0.0274867 -5.36549 -0.99446 0.0274867 -0.101457 110.288
-0.101752 0.0345321 0.99421 65.7562 0.0345321 0.998918 -0.0311614 -5.40371 -0.99421 0.0311614 -0.102834 110.23
-0.100955 0.0344584 0.994294 66.555 0.0344584 0.998921 -0.0311201 -5.43113 -0.994294 0.0311201 -0.102034 110.148
-0.101104 0.0320067 0.994361 67.3593 0.0320067 0.99907 -0.0289039 -5.45498 -0.994361 0.0289039 -0.102034 110.061
-0.101841 0.0310485 0.994316 68.1766 0.0310485 0.999125 -0.0280185 -5.50113 -0.994316 0.0280185 -0.102716 109.979
-0.103479 0.0329156 0.994087 69.0055 0.0329156 0.999018 -0.0296525 -5.53577 -0.994087 0.0296525 -0.10446 109.897
-0.0986509 0.0295753 0.994683 69.757 0.0295753 0.999204 -0.0267765 -5.60498 -0.994683 0.0267765 -0.0994471 109.598
-0.110573 0.0328856 0.993324 70.6232 0.0328856 0.999026 -0.0294137 -5.64057 -0.993324 0.0294137 -0.111547 109.798
-0.108674 0.0306915 0.993604 71.4632 0.0306915 0.99915 -0.027506 -5.68816 -0.993604 0.027506 -0.109524 109.589
-0.111651 0.0332545 0.993191 72.2988 0.0332545 0.999005 -0.0297108 -5.73859 -0.993191 0.0297108 -0.112646 109.534
-0.113715 0.0347777 0.992905 73.1552 0.0347777 0.998914 -0.0310051 -5.75833 -0.992905 0.0310051 -0.114801 109.437
-0.114861 0.0343277 0.992788 74.0086 0.0343277 0.998943 -0.030569 -5.82642 -0.992788 0.030569 -0.115918 109.338
-0.114354 0.033607 0.992871 74.8877 0.033607 0.998986 -0.0299433 -5.8565 -0.992871 0.0299433 -0.115367 109.228
-0.115224 0.034528 0.992739 75.726 0.034528 0.998931 -0.0307358 -5.89048 -0.992739 0.0307358 -0.116293 109.113
-0.11614 0.0359903 0.992581 76.5803 0.0359903 0.998839 -0.0320061 -5.9484 -0.992581 0.0320061 -0.117301 109.028
-0.118058 0.0379829 0.99228 77.4563 0.0379829 0.99871 -0.0337099 -5.96982 -0.99228 0.0337099 -0.119349 108.944
-0.118337 0.0408512 0.992133 78.3057 0.0408512 0.998508 -0.0362412 -6.01144 -0.992133 0.0362412 -0.119829 108.828
-0.120648 0.0394099 0.991913 79.1727 0.0394099 0.998614 -0.0348827 -6.05585 -0.991913 0.0348827 -0.122034 108.721
-0.123006 0.0384799 0.99166 80.0222 0.0384799 0.998681 -0.0339793 -6.09302 -0.99166 0.0339793 -0.124324 108.622
-0.12411 0.0370245 0.991577 80.8741 0.0370245 0.998781 -0.0326593 -6.13547 -0.991577 0.0326593 -0.12533 108.494
-0.126073 0.0362265 0.991359 81.7501 0.0362265 0.998835 -0.0318926 -6.18816 -0.991359 0.0318926 -0.127239 108.393
-0.12621 0.0306511 0.99153 82.6083 0.0306511 0.999166 -0.0269856 -6.22709 -0.99153 0.0269856 -0.127044 108.263
-0.128019 0.0283584 0.991366 83.4829 0.0283584 0.999287 -0.0249229 -6.26986 -0.991366 0.0249229 -0.128732 108.157
-0.128113 0.0272165 0.991386 84.3584 0.0272165 0.999343 -0.0239178 -6.31765 -0.991386 0.0239178 -0.128769 108.051
-0.127373 0.0225322 0.991599 85.2317 0.0225322 0.99955 -0.0198186 -6.35124 -0.991599 0.0198186 -0.127823 107.927
-0.127957 0.0263249 0.99143 86.1046 0.0263249 0.999386 -0.0231386 -6.36779 -0.99143 0.0231386 -0.128572 107.8
-0.127802 0.0260846 0.991457 86.9835 0.0260846 0.999397 -0.0229311 -6.4011 -0.991457 0.0229311 -0.128406 107.721
-0.125264 0.0268902 0.991759 87.873 0.0268902 0.999357 -0.0236998 -6.4291 -0.991759 0.0236998 -0.125907 107.604
-0.124324 0.0279458 0.991848 88.7595 0.0279458 0.999305 -0.024653 -6.45907 -0.991848 0.024653 -0.125019 107.505
-0.122285 0.0274515 0.992115 89.652 0.0274515 0.999329 -0.0242675 -6.49119 -0.992115 0.0242675 -0.122956 107.409
-0.120607 0.0299896 0.992247 90.5605 0.0299896 0.999197 -0.0265545 -6.52885 -0.992247 0.0265545 -0.121409 107.314
-0.119408 0.0280459 0.992449 91.4699 0.0280459 0.999297 -0.024865 -6.56735 -0.992449 0.024865 -0.120111 107.215
-0.118025 0.0264292 0.992659 92.3826 0.0264292 0.999375 -0.0234657 -6.62137 -0.992659 0.0234657 -0.11865 107.111
-0.116844 0.0241132 0.992857 93.2999 0.0241132 0.999479 -0.0214363 -6.67209 -0.992857 0.0214363 -0.117365 107.007
-0.115032 0.0298302 0.992914 94.2248 0.0298302 0.999202 -0.0265632 -6.71909 -0.992914 0.0265632 -0.11583 106.917
-0.114085 0.0276122 0.993087 95.1549 0.0276122 0.999316 -0.0246133 -6.73588 -0.993087 0.0246133 -0.114769 106.808
-0.113376 0.0276228 0.993168 96.0796 0.0276228 0.999315 -0.0246405 -6.78495 -0.993168 0.0246405 -0.114061 106.715
-0.112515 0.0263521 0.993301 97.0197 0.0263521 0.999376 -0.0235282 -6.8132 -0.993301 0.0235282 -0.113139 106.602
-0.112457 0.0297245 0.993212 97.9538 0.0297245 0.999206 -0.0265383 -6.84217 -0.993212 0.0265383 -0.113251 106.522
-0.112658 0.0285124 0.993225 98.8865 0.0285124 0.999269 -0.0254519 -6.88967 -0.993225 0.0254519 -0.113388 106.423
-0.110292 0.0235389 0.99362 99.8259 0.0235389 0.999501 -0.0210654 -6.91598 -0.99362 0.0210654 -0.110791 106.291
-0.109875 0.0213295 0.993717 100.768 0.0213295 0.99959 -0.0190972 -6.95116 -0.993717 0.0190972 -0.110285 106.194
-0.109555 0.0205614 0.993768 101.712 0.0205614 0.999619 -0.0184158 -7.00005 -0.993768 0.0184158 -0.109936 106.094
-0.108296 0.0232592 0.993847 102.666 0.0232592 0.999512 -0.0208573 -7.03127 -0.993847 0.0208573 -0.108784 105.994
-0.107701 0.0292136 0.993754 103.616 0.0292136 0.99923 -0.0262085 -7.06795 -0.993754 0.0262085 -0.108472 105.908
-0.107827 0.0361955 0.993511 104.576 0.0361955 0.998817 -0.0324604 -7.1061 -0.993511 0.0324604 -0.10901 105.825
-0.108462 0.0387946 0.993343 105.516 0.0387946 0.998642 -0.0347656 -7.14545 -0.993343 0.0347656 -0.10982 105.731
-0.110234 0.0430976 0.992971 106.491 0.0430976 0.998327 -0.0385456 -7.20758 -0.992971 0.0385456 -0.111907 105.634
-0.10965 0.0432803 0.993027 107.448 0.0432803 0.998312 -0.0387316 -7.26913 -0.993027 0.0387316 -0.111338 105.509
-0.110797 0.0396414 0.993052 108.405 0.0396414 0.998585 -0.0354394 -7.32834 -0.993052 0.0354394 -0.112212 105.428
-0.111292 0.0383519 0.993047 109.259 0.0383519 0.998676 -0.0342712 -7.38171 -0.993047 0.0342712 -0.112616 105.319
-0.105531 0.0308562 0.993937 110.254 0.0308562 0.999139 -0.0277416 -7.38151 -0.993937 0.0277416 -0.106393 105.183
-0.111877 0.0344096 0.993126 111.227 0.0344096 0.998935 -0.0307346 -7.49867 -0.993126 0.0307346 -0.112942 105.104
-0.112659 0.0328751 0.99309 112.158 0.0328751 0.999029 -0.0293423 -7.56986 -0.99309 0.0293423 -0.11363 105.013
-0.112614 0.0330849 0.993088 113.094 0.0330849 0.999016 -0.0295307 -7.59619 -0.993088 0.0295307 -0.113597 104.887
-0.115732 0.0371232 0.992587 114.03 0.0371232 0.998765 -0.0330259 -7.65004 -0.992587 0.0330259 -0.116967 104.804
-0.119072 0.0381452 0.992153 115.009 0.0381452 0.9987 -0.033819 -7.71265 -0.992153 0.033819 -0.120372 104.693
-0.121788 0.0362861 0.991893 115.934 0.0362861 0.998826 -0.0320844 -7.74743 -0.991893 0.0320844 -0.122962 104.558
-0.125091 0.0393459 0.991365 116.861 0.0393459 0.998624 -0.0346693 -7.81869 -0.991365 0.0346693 -0.126467 104.442
-0.130108 0.0406078 0.990668 117.821 0.0406078 0.998541 -0.0355973 -7.86361 -0.990668 0.0355973 -0.131567 104.36
-0.132031 0.0379011 0.990521 118.734 0.0379011 0.998731 -0.0331632 -7.91039 -0.990521 0.0331632 -0.1333 104.194
-0.133595 0.0337646 0.990461 119.651 0.0337646 0.998994 -0.0295013 -7.95741 -0.990461 0.0295013 -0.134601 104.042
-0.137309 0.0453484 0.98949 120.59 0.0453484 0.998192 -0.0394543 -8.01724 -0.98949 0.0394543 -0.139117 103.975
-0.139454 0.0453357 0.98919 121.516 0.0453357 0.998196 -0.0393571 -8.07899 -0.98919 0.0393571 -0.141258 103.86
-0.141674 0.0392921 0.989133 122.431 0.0392921 0.998648 -0.0340423 -8.11508 -0.989133 0.0340423 -0.143026 103.695
-0.145254 0.0390098 0.988625 123.359 0.0390098 0.998671 -0.0336747 -8.18511 -0.988625 0.0336747 -0.146582 103.567
-0.147897 0.0428524 0.988074 124.27 0.0428524 0.9984 -0.036886 -8.21966 -0.988074 0.036886 -0.149497 103.415
-0.149885 0.044882 0.987684 125.202 0.044882 0.998248 -0.038551 -8.25285 -0.987684 0.038551 -0.151637 103.287
-0.152867 0.0455802 0.987195 126.132 0.0455802 0.998198 -0.0390301 -8.30674 -0.987195 0.0390301 -0.154669 103.179
-0.155014 0.0470708 0.98679 127.053 0.0470708 0.998082 -0.0402151 -8.36545 -0.98679 0.0402151 -0.156932 103.009
-0.15784 0.0467527 0.986357 127.967 0.0467527 0.998112 -0.0398284 -8.42869 -0.986357 0.0398284 -0.159728 102.876
-0.160129 0.039606 0.986301 128.868 0.039606 0.998648 -0.0336717 -8.46756 -0.986301 0.0336717 -0.161481 102.687
-0.162779 0.0421632 0.985761 129.78 0.0421632 0.998471 -0.0357444 -8.54336 -0.985761 0.0357444 -0.164308 102.562
-0.165659 0.0413269 0.985317 130.672 0.0413269 0.998535 -0.0349331 -8.59936 -0.985317 0.0349331 -0.167124 102.398
-0.168657 0.0417947 0.984788 131.566 0.0417947 0.998505 -0.035219 -8.63529 -0.984788 0.035219 -0.170152 102.265
-0.172854 0.0394832 0.984156 132.439 0.0394832 0.998671 -0.0331309 -8.68751 -0.984156 0.0331309 -0.174183 102.1
-0.178648 0.0365626 0.983234 133.299 0.0365626 0.998866 -0.0305007 -8.71304 -0.983234 0.0305007 -0.179782 101.94
-0.185021 0.0388828 0.981965 134.15 0.0388828 0.998724 -0.0322202 -8.75101 -0.981965 0.0322202 -0.186297 101.777
-0.19251 0.0411066 0.980434 134.99 0.0411066 0.998583 -0.0337962 -8.79985 -0.980434 0.0337962 -0.193927 101.575
-0.202887 0.0430965 0.978253 135.843 0.0430965 0.998456 -0.0350484 -8.83869 -0.978253 0.0350484 -0.204431 101.389
-0.215218 0.0433835 0.975602 136.665 0.0433835 0.998451 -0.0348291 -8.8887 -0.975602 0.0348291 -0.216767 101.2
-0.227313 0.0427532 0.972883 137.482 0.0427532 0.998511 -0.0338902 -8.93013 -0.972883 0.0338902 -0.228803 100.972
-0.23932 0.0397562 0.970126 138.308 0.0397562 0.998725 -0.0311207 -8.96871 -0.970126 0.0311207 -0.240596 100.742
-0.251046 0.0387369 0.9672 139.111 0.0387369 0.998801 -0.029948 -9.01335 -0.9672 0.029948 -0.252246 100.516
-0.260774 0.0336892 0.964812 139.893 0.0336892 0.9991 -0.0257808 -9.05488 -0.964812 0.0257808 -0.261674 100.261
-0.270903 0.0280318 0.962198 140.676 0.0280318 0.999382 -0.0212228 -9.08705 -0.962198 0.0212228 -0.271521 100.033
-0.278797 0.0225704 0.960085 141.459 0.0225704 0.999602 -0.0169452 -9.11586 -0.960085 0.0169452 -0.279195 99.7747
-0.285571 0.022849 0.958085 142.248 0.022849 0.999594 -0.0170285 -9.14904 -0.958085 0.0170285 -0.285978 99.5379
-0.290216 0.0203727 0.956744 143.007 0.0203727 0.999678 -0.0151072 -9.16774 -0.956744 0.0151072 -0.290538 99.2816
-0.29282 0.0140302 0.956064 143.778 0.0140302 0.999848 -0.0103756 -9.18487 -0.956064 0.0103756 -0.292973 99.0399
-0.293807 0.00890679 0.955823 144.54 0.00890679 0.999939 -0.00658005 -9.20628 -0.955823 0.00658005 -0.293868 98.7832
-0.29444 0.00481927 0.955658 145.316 0.00481927 0.999982 -0.00355797 -9.21608 -0.955658 0.00355797 -0.294458 98.5382
-0.293489 0.000785893 0.955962 146.079 0.000785893 1 -0.00058082 -9.24538 -0.955962 0.00058082 -0.29349 98.298
-0.294372 0.000298729 0.955691 146.842 0.000298729 1 -0.000220565 -9.26385 -0.955691 0.000220565 -0.294372 98.0966
-0.293418 -0.0018723 0.955983 147.614 -0.0018723 0.999997 0.00138384 -9.28989 -0.955983 -0.00138384 -0.29342 97.8584
-0.290558 -0.005143 0.956844 148.369 -0.005143 0.99998 0.00381311 -9.29053 -0.956844 -0.00381311 -0.290578 97.6239
-0.289301 -0.00522671 0.957224 149.118 -0.00522671 0.999979 0.0038805 -9.30265 -0.957224 -0.0038805 -0.289323 97.4042
-0.290228 -0.00454948 0.956947 149.874 -0.00454948 0.999984 0.0033743 -9.31246 -0.956947 -0.0033743 -0.290244 97.2115
-0.285339 -0.00982076 0.958376 150.615 -0.00982076 0.999925 0.00732257 -9.33019 -0.958376 -0.00732257 -0.285414 96.9505
-0.283618 -0.0029698 0.958933 151.407 -0.0029698 0.999993 0.0022186 -9.36521 -0.958933 -0.0022186 -0.283625 96.8596
-0.277075 -0.0103797 0.960792 152.134 -0.0103797 0.999916 0.00780908 -9.34791 -0.960792 -0.00780908 -0.277159 96.6013
-0.271262 -0.00996125 0.962454 152.861 -0.00996125 0.999922 0.00754152 -9.36945 -0.962454 -0.00754152 -0.27134 96.401
-0.267163 -0.00689756 0.963627 153.621 -0.00689756 0.999962 0.00524531 -9.37343 -0.963627 -0.00524531 -0.267201 96.24
-0.263044 -0.00905154 0.964741 154.346 -0.00905154 0.999935 0.00691377 -9.36907 -0.964741 -0.00691377 -0.263109 96.0378
-0.259515 -0.00926943 0.965695 155.089 -0.00926943 0.999932 0.00710705 -9.36893 -0.965695 -0.00710705 -0.259583 95.863
-0.257134 -0.0098838 0.966325 155.831 -0.0098838 0.999922 0.00759741 -9.38642 -0.966325 -0.00759741 -0.257212 95.669
-0.252339 -0.0154192 0.967516 156.578 -0.0154192 0.99981 0.0119124 -9.39176 -0.967516 -0.0119124 -0.252529 95.4883
-0.249533 -0.0111225 0.968303 157.285 -0.0111225 0.999901 0.00861917 -9.40045 -0.968303 -0.00861917 -0.249632 95.2965
-0.246351 -0.00595833 0.969162 158.009 -0.00595833 0.999972 0.0046332 -9.41247 -0.969162 -0.0046332 -0.246379 95.1312
-0.243056 -0.00537679 0.969997 158.742 -0.00537679 0.999977 0.00419569 -9.42233 -0.969997 -0.00419569 -0.243079 94.9793
-0.236034 -0.0127879 0.971661 159.445 -0.0127879 0.999868 0.0100527 -9.44765 -0.971661 -0.0100527 -0.236166 94.7812
-0.230416 -0.0107401 0.973033 160.179 -0.0107401 0.999906 0.00849348 -9.45558 -0.973033 -0.00849348 -0.23051 94.6751
-0.222548 -0.00422659 0.974912 160.888 -0.00422659 0.999985 0.00337047 -9.46393 -0.974912 -0.00337047 -0.222563 94.5311
-0.211139 -0.0054961 0.977441 161.583 -0.0054961 0.999975 0.00443559 -9.45717 -0.977441 -0.00443559 -0.211164 94.3896
-0.19949 -0.00443421 0.97989 162.272 -0.00443421 0.999984 0.00362241 -9.47754 -0.97989 -0.00362241 -0.199506 94.2906
-0.186135 -0.004369 0.982514 162.947 -0.004369 0.999984 0.00361899 -9.47601 -0.982514 -0.00361899 -0.186151 94.1885
-0.171416 -0.00255709 0.985195 163.62 -0.00255709 0.999994 0.00215059 -9.4887 -0.985195 -0.00215059 -0.171421 94.1032
-0.152824 -0.00298977 0.988249 164.287 -0.00298977 0.999992 0.00256296 -9.49391 -0.988249 -0.00256296 -0.152832 94.0359
-0.131983 -0.00222406 0.991249 164.958 -0.00222406 0.999996 0.00194755 -9.50343 -0.991249 -0.00194755 -0.131988 93.9981
-0.109867 0.00045424 0.993946 165.616 0.00045424 1 -0.000406797 -9.50831 -0.993946 0.000406797 -0.109867 93.9701
-0.0878554 0.00614936 0.996114 166.259 0.00614936 0.999965 -0.00563077 -9.52363 -0.996114 0.00563077 -0.0878902 93.975
-0.0665774 0.0119152 0.99771 166.91 0.0119152 0.999867 -0.0111459 -9.5402 -0.99771 0.0111459 -0.0667105 93.9876
-0.0464248 0.0176609 0.998766 167.558 0.0176609 0.999702 -0.0168565 -9.55779 -0.998766 0.0168565 -0.0467229 93.9976
-0.0312526 0.0248198 0.999203 168.195 0.0248198 0.999403 -0.0240484 -9.57611 -0.999203 0.0240484 -0.0318499 94.0343
-0.0210638 0.0315543 0.99928 168.842 0.0315543 0.999025 -0.0308812 -9.59112 -0.99928 0.0308812 -0.022039 94.0627
-0.0170525 0.0401429 0.999048 169.468 0.0401429 0.998416 -0.0394323 -9.61825 -0.999048 0.0394323 -0.018637 94.0755
-0.0227295 0.0483274 0.998573 170.099 0.0483274 0.997716 -0.0471859 -9.64916 -0.998573 0.0471859 -0.0250131 94.0787
-0.0338623 0.0479681 0.998275 170.754 0.0479681 0.997774 -0.046317 -9.65954 -0.998275 0.046317 -0.0360879 94.0164
-0.0473367 0.0505235 0.9976 171.39 0.0505235 0.997563 -0.0481242 -9.71105 -0.9976 0.0481242 -0.0497739 93.9909
-0.0597775 0.0492271 0.996997 171.998 0.0492271 0.997713 -0.0463109 -9.75059 -0.996997 0.0463109 -0.0620641 93.9165
-0.0709689 0.0437188 0.99652 172.605 0.0437188 0.998215 -0.0406796 -9.77452 -0.99652 0.0406796 -0.0727535 93.7986
-0.085408 0.0501257 0.995084 173.235 0.0501257 0.997685 -0.0459545 -9.81839 -0.995084 0.0459545 -0.0877229 93.768
-0.101001 0.0548365 0.993374 173.852 0.0548365 0.997269 -0.049476 -9.85209 -0.993374 0.049476 -0.103733 93.6766
-0.11816 0.0562291 0.991401 174.464 0.0562291 0.997172 -0.0498548 -9.88198 -0.991401 0.0498548 -0.120988 93.583
-0.133546 0.0543126 0.989553 175.072 0.0543126 0.997398 -0.0474134 -9.93716 -0.989553 0.0474134 -0.136148 93.4645
-0.147744 0.0553213 0.987477 175.681 0.0553213 0.997334 -0.0475964 -9.96994 -0.987477 0.0475964 -0.15041 93.3538
-0.161957 0.0567926 0.985162 176.289 0.0567926 0.997224 -0.0481514 -9.99984 -0.985162 0.0481514 -0.164733 93.2418
-0.174755 0.0580172 0.982901 176.885 0.0580172 0.997135 -0.0485422 -10.0347 -0.982901 0.0485422 -0.177621 93.0925
-0.187085 0.059638 0.980532 177.485 0.059638 0.997004 -0.049261 -10.0707 -0.980532 0.049261 -0.190081 92.9588
-0.198959 0.0564489 0.978381 178.067 0.0564489 0.997342 -0.0460637 -10.1172 -0.978381 0.0460637 -0.201617 92.8121
-0.209112 0.0497787 0.976624 178.651 0.0497787 0.997951 -0.0402073 -10.1556 -0.976624 0.0402073 -0.211161 92.6586
-0.215925 0.0506469 0.975096 179.237 0.0506469 0.99789 -0.0406156 -10.2032 -0.975096 0.0406156 -0.218034 92.4929
-0.220929 0.048509 0.974083 179.819 0.048509 0.998073 -0.0387015 -10.2313 -0.974083 0.0387015 -0.222857 92.3533
-0.223786 0.0507378 0.973317 180.394 0.0507378 0.997896 -0.0403534 -10.2608 -0.973317 0.0403534 -0.225889 92.2232
-0.225371 0.0508543 0.972945 180.976 0.0508543 0.997889 -0.0403783 -10.2894 -0.972945 0.0403783 -0.227482 92.0855
-0.225102 0.0470173 0.9732 181.581 0.0470173 0.998196 -0.0373497 -10.3258 -0.9732 0.0373497 -0.226906 91.9664
-0.227574 0.0467808 0.972636 182.124 0.0467808 0.998217 -0.0370655 -10.3588 -0.972636 0.0370655 -0.229356 91.8006
-0.230904 0.0462601 0.971876 182.676 0.0462601 0.998261 -0.0365252 -10.3828 -0.971876 0.0365252 -0.232643 91.6754
-0.234182 0.0452241 0.97114 183.235 0.0452241 0.998343 -0.0355855 -10.4127 -0.97114 0.0355855 -0.23584 91.5346
-0.237569 0.0473096 0.970218 183.806 0.0473096 0.998191 -0.0370893 -10.4465 -0.970218 0.0370893 -0.239377 91.3885
-0.242974 0.0462229 0.968931 184.357 0.0462229 0.998281 -0.0360319 -10.4734 -0.968931 0.0360319 -0.244693 91.242
-0.248233 0.0478947 0.967516 184.904 0.0478947 0.998162 -0.0371236 -10.503 -0.967516 0.0371236 -0.250071 91.0998
-0.25316 0.0442467 0.966412 185.442 0.0442467 0.998438 -0.0341222 -10.5346 -0.966412 0.0341222 -0.254722 90.9276
-0.259347 0.041571 0.964889 186.003 0.041571 0.998628 -0.031851 -10.5594 -0.964889 0.031851 -0.260719 90.7732
-0.264777 0.0423938 0.963377 186.542 0.0423938 0.998579 -0.0322913 -10.5945 -0.963377 0.0322913 -0.266198 90.6188
-0.271336 0.0457567 0.961396 187.089 0.0457567 0.998353 -0.0346016 -10.6185 -0.961396 0.0346016 -0.272983 90.4828
-0.275876 0.0406251 0.960334 187.635 0.0406251 0.998706 -0.0305779 -10.651 -0.960334 0.0305779 -0.27717 90.2915
-0.281474 0.036664 0.958868 188.178 0.036664 0.998951 -0.027434 -10.6769 -0.958868 0.027434 -0.282523 90.1217
-0.286507 0.0320624 0.957542 188.726 0.0320624 0.999201 -0.0238639 -10.7041 -0.957542 0.0238639 -0.287306 89.9536
-0.290054 0.0372992 0.956283 189.263 0.0372992 0.998922 -0.0276489 -10.7227 -0.956283 0.0276489 -0.291132 89.7827
-0.29322 0.0369722 0.95533 189.808 0.0369722 0.998943 -0.0273122 -10.7453 -0.95533 0.0273122 -0.294278 89.5986
-0.296402 0.0394074 0.95425 190.348 0.0394074 0.998802 -0.0290068 -10.7637 -0.95425 0.0290068 -0.2976 89.4494
-0.297214 0.0308657 0.954312 190.888 0.0308657 0.999266 -0.0227068 -10.7794 -0.954312 0.0227068 -0.297948 89.2365
-0.299743 0.0310951 0.953513 191.451 0.0310951 0.999256 -0.0228118 -10.8082 -0.953513 0.0228118 -0.300487 89.0567
-0.300495 0.0300428 0.95331 191.989 0.0300428 0.999306 -0.0220225 -10.8323 -0.95331 0.0220225 -0.301189 88.8765
-0.299289 0.0324052 0.953612 192.558 0.0324052 0.999192 -0.0237838 -10.8562 -0.953612 0.0237838 -0.300097 88.7072
-0.299593 0.0290595 0.953624 193.125 0.0290595 0.99935 -0.0213235 -10.8854 -0.953624 0.0213235 -0.300243 88.5342
-0.296965 0.0225271 0.954623 193.628 0.0225271 0.999609 -0.0165809 -10.906 -0.954623 0.0165809 -0.297356 88.3386
-0.295176 0.0285846 0.955015 194.22 0.0285846 0.999369 -0.0210772 -10.9346 -0.955015 0.0210772 -0.295807 88.1897
-0.294033 0.0275376 0.955398 194.79 0.0275376 0.999414 -0.0203313 -10.9565 -0.955398 0.0203313 -0.294619 88.0391
-0.286413 0.0185043 0.957928 195.221 0.0185043 0.999734 -0.0137793 -11.0039 -0.957928 0.0137793 -0.286679 87.7814
-0.288108 0.0169038 0.957449 195.837 0.0169038 0.999778 -0.0125645 -11.0263 -0.957449 0.0125645 -0.28833 87.6906
-0.2829 0.0162622 0.959011 196.39 0.0162622 0.999794 -0.0121566 -11.0354 -0.959011 0.0121566 -0.283107 87.5072
-0.277323 0.0135057 0.960682 196.935 0.0135057 0.999857 -0.0101577 -11.0646 -0.960682 0.0101577 -0.277466 87.318
-0.274891 0.0136607 0.961378 197.488 0.0136607 0.999854 -0.0103014 -11.0808 -0.961378 0.0103014 -0.275037 87.192
-0.271269 0.0165921 0.962361 198.031 0.0165921 0.999783 -0.0125603 -11.0989 -0.962361 0.0125603 -0.271486 87.0635
-0.266006 0.0161151 0.963837 198.593 0.0161151 0.999795 -0.0122687 -11.103 -0.963837 0.0122687 -0.266211 86.9063
-0.26 0.0143838 0.965501 199.129 0.0143838 0.999836 -0.0110219 -11.1189 -0.965501 0.0110219 -0.260164 86.7664
-0.252005 0.0124262 0.967646 199.666 0.0124262 0.999877 -0.00960396 -11.1245 -0.967646 0.00960396 -0.252128 86.6196
-0.244158 0.0145412 0.969626 200.193 0.0145412 0.99983 -0.0113325 -11.1457 -0.969626 0.0113325 -0.244328 86.5217
-0.232896 0.0149779 0.972386 200.727 0.0149779 0.999818 -0.0118131 -11.1717 -0.972386 0.0118131 -0.233078 86.4116
-0.219887 0.0166187 0.975384 201.26 0.0166187 0.999774 -0.0132878 -11.1895 -0.975384 0.0132878 -0.220113 86.3292
-0.203904 0.0173662 0.978837 201.781 0.0173662 0.999749 -0.0141196 -11.2064 -0.978837 0.0141196 -0.204154 86.2508
-0.187017 0.0174015 0.982203 202.304 0.0174015 0.999745 -0.0143989 -11.2332 -0.982203 0.0143989 -0.187272 86.2303
-0.163498 0.0136125 0.98645 202.807 0.0136125 0.999841 -0.0115411 -11.253 -0.98645 0.0115411 -0.163657 86.1652
-0.137492 0.0130908 0.990416 203.317 0.0130908 0.999849 -0.0113982 -11.2679 -0.990416 0.0113982 -0.137643 86.1149
-0.109816 0.0172351 0.993802 203.821 0.0172351 0.999732 -0.0154335 -11.2778 -0.993802 0.0154335 -0.110084 86.1434
-0.0779574 0.020378 0.996748 204.306 0.020378 0.999615 -0.0188428 -11.2949 -0.996748 0.0188428 -0.0783426 86.1485
-0.0414309 0.0215089 0.99891 204.795 0.0215089 0.999556 -0.0206307 -11.299 -0.99891 0.0206307 -0.0418752 86.1274
-0.0135837 0.0292332 0.99948 205.268 0.0292332 0.999157 -0.0288265 -11.3188 -0.99948 0.0288265 -0.0144268 86.2452
0.0190891 0.0314034 0.999324 205.746 0.0314034 0.998995 -0.0319929 -11.3396 -0.999324 0.0319929 0.0180838 86.2912
0.0518818 0.0316554 0.998151 206.209 0.0316554 0.998943 -0.0333258 -11.3482 -0.998151 0.0333258 0.0508249 86.3615
0.0820942 0.0312604 0.996134 206.659 0.0312604 0.998935 -0.0339245 -11.3868 -0.996134 0.0339245 0.0810295 86.4722
0.115773 0.0304636 0.992808 207.118 0.0304636 0.99895 -0.0342045 -11.4125 -0.992808 0.0342045 0.114724 86.5712
0.15202 0.0281336 0.987977 207.571 0.0281336 0.999067 -0.0327783 -11.4321 -0.987977 0.0327783 0.151086 86.6752
0.186052 0.0287581 0.982119 207.998 0.0287581 0.998984 -0.0346998 -11.4634 -0.982119 0.0346998 0.185036 86.8375
0.22439 0.0265969 0.974136 208.433 0.0265969 0.999088 -0.0334047 -11.4901 -0.974136 0.0334047 0.223478 86.9848
0.262363 0.0263706 0.964609 208.892 0.0263706 0.999057 -0.0344848 -11.5163 -0.964609 0.0344848 0.26142 87.1947
0.30211 0.0261908 0.952913 209.325 0.0261908 0.999017 -0.0357615 -11.5467 -0.952913 0.0357615 0.301128 87.4212
0.344989 0.0288058 0.938164 209.738 0.0288058 0.998733 -0.0412583 -11.5699 -0.938164 0.0412583 0.343723 87.6529
0.387582 0.0319656 0.921281 210.125 0.0319656 0.998332 -0.048087 -11.5943 -0.921281 0.048087 0.385914 87.9237
0.431411 0.0323789 0.901574 210.534 0.0323789 0.998156 -0.0513411 -11.628 -0.901574 0.0513411 0.429567 88.2082
0.474029 0.0295715 0.880013 210.923 0.0295715 0.998337 -0.0494767 -11.6685 -0.880013 0.0494767 0.472366 88.5099
0.516739 0.0264583 0.855734 211.321 0.0264583 0.998551 -0.046851 -11.7086 -0.855734 0.046851 0.515291 88.821
0.557793 0.023499 0.829647 211.685 0.023499 0.998751 -0.0440876 -11.7434 -0.829647 0.0440876 0.556545 89.1726
0.598835 0.0214825 0.800584 212.049 0.0214825 0.99885 -0.0428715 -11.7586 -0.800584 0.0428715 0.597684 89.5275
0.637704 0.0216978 0.769976 212.391 0.0216978 0.998701 -0.0461137 -11.7823 -0.769976 0.0461137 0.636405 89.918
0.674646 0.0212701 0.737835 212.707 0.0212701 0.998609 -0.0482361 -11.8162 -0.737835 0.0482361 0.673255 90.3319
0.710027 0.0202333 0.703884 213.007 0.0202333 0.998588 -0.0491146 -11.8304 -0.703884 0.0491146 0.708615 90.7315
0.741419 0.0190543 0.670772 213.269 0.0190543 0.998596 -0.0494278 -11.8687 -0.670772 0.0494278 0.740014 91.1907
0.772212 0.017195 0.635132 213.568 0.017195 0.998702 -0.0479442 -11.9053 -0.635132 0.0479442 0.770914 91.6317
0.798034 0.0162506 0.602393 213.787 0.0162506 0.998692 -0.0484699 -11.9262 -0.602393 0.0484699 0.796727 92.0983
0.822415 0.0146794 0.568699 214.051 0.0146794 0.998787 -0.0470095 -11.9661 -0.568699 0.0470095 0.821202 92.5598
0.843167 0.0138354 0.537474 214.279 0.0138354 0.998779 -0.0474145 -11.9865 -0.537474 0.0474145 0.841946 93.0452
0.860553 0.0129883 0.509196 214.492 0.0129883 0.99879 -0.0474271 -12.0177 -0.509196 0.0474271 0.859343 93.5504
0.875762 0.0114039 0.482609 214.719 0.0114039 0.998953 -0.0442988 -12.0473 -0.482609 0.0442988 0.874715 94.0545
0.888008 0.0101102 0.459717 214.926 0.0101102 0.999087 -0.0415016 -12.0789 -0.459717 0.0415016 0.887095 94.5768
0.897898 0.00922084 0.440107 215.141 0.00922084 0.999167 -0.0397461 -12.103 -0.440107 0.0397461 0.897065 95.1134
0.906152 0.00804739 0.422876 215.361 0.00804739 0.99931 -0.0362612 -12.1355 -0.422876 0.0362612 0.905462 95.6614
0.913659 0.00737376 0.406414 215.587 0.00737376 0.99937 -0.034709 -12.1606 -0.406414 0.034709 0.91303 96.2226
0.920609 0.00672507 0.390428 215.802 0.00672507 0.99943 -0.0330724 -12.1919 -0.390428 0.0330724 0.920039 96.807
0.927387 0.0062765 0.374052 216.019 0.0062765 0.999457 -0.032332 -12.2205 -0.374052 0.032332 0.926844 97.3999
0.93385 0.00598589 0.357616 216.214 0.00598589 0.999458 -0.0323603 -12.2461 -0.357616 0.0323603 0.933308 98.0114
0.939832 0.0058566 0.341587 216.421 0.0058566 0.99943 -0.0332491 -12.2716 -0.341587 0.0332491 0.939262 98.6352
0.944531 0.00567216 0.328372 216.609 0.00567216 0.99942 -0.0335789 -12.3063 -0.328372 0.0335789 0.943951 99.2841
0.947539 0.00548156 0.319592 216.8 0.00548156 0.999427 -0.0333939 -12.3324 -0.319592 0.0333939 0.946967 99.9444
0.948952 0.00533762 0.315375 217.003 0.00533762 0.999442 -0.032976 -12.3624 -0.315375 0.032976 0.948394 100.602
0.949228 0.00540107 0.314542 217.203 0.00540107 0.999425 -0.0334608 -12.3939 -0.314542 0.0334608 0.948654 101.28
0.950027 0.0050855 0.312126 217.456 0.0050855 0.999482 -0.0317635 -12.4345 -0.312126 0.0317635 0.949509 101.967
0.94989 0.00504068 0.312544 217.683 0.00504068 0.999493 -0.0314394 -12.4583 -0.312544 0.0314394 0.949383 102.709
0.949034 0.00543752 0.315128 217.864 0.00543752 0.99942 -0.0336205 -12.4937 -0.315128 0.0336205 0.948454 103.408
0.949605 0.00548104 0.3134 218.146 0.00548104 0.999404 -0.0340861 -12.5293 -0.3134 0.0340861 0.949009 104.151
0.948837 0.0055999 0.315716 218.354 0.0055999 0.999387 -0.0345559 -12.5668 -0.315716 0.0345559 0.948224 104.896
0.948995 0.00516025 0.31525 218.614 0.00516025 0.999478 -0.031894 -12.6084 -0.31525 0.031894 0.948473 105.626
0.948724 0.00478072 0.31607 218.875 0.00478072 0.999554 -0.0294687 -12.6335 -0.31607 0.0294687 0.948278 106.389
0.948291 0.00453648 0.31737 219.125 0.00453648 0.999602 -0.0278432 -12.6764 -0.31737 0.0278432 0.947893 107.14
0.948152 0.00456119 0.317785 219.392 0.00456119 0.999599 -0.0279562 -12.7075 -0.317785 0.0279562 0.94775 107.92
0.948273 0.00451615 0.317423 219.688 0.00451615 0.999606 -0.0277135 -12.7663 -0.317423 0.0277135 0.947879 108.685
0.948396 0.00429048 0.31706 219.962 0.00429048 0.999643 -0.026361 -12.7884 -0.31706 0.026361 0.948039 109.458
0.948366 0.00369675 0.317157 220.222 0.00369675 0.999735 -0.0227068 -12.8233 -0.317157 0.0227068 0.948101 110.262
0.94838 0.00329621 0.317119 220.498 0.00329621 0.99979 -0.0202497 -12.8685 -0.317119 0.0202497 0.948169 111.068
0.948236 0.00331752 0.31755 220.755 0.00331752 0.999787 -0.0203515 -12.8827 -0.31755 0.0203515 0.948023 111.877
0.948292 0.00338877 0.31738 221.033 0.00338877 0.999778 -0.0208002 -12.9284 -0.31738 0.0208002 0.94807 112.689
0.948783 0.00341161 0.315911 221.318 0.00341161 0.999773 -0.021043 -12.9719 -0.315911 0.021043 0.948555 113.502
0.947011 0.00412183 0.321176 221.47 0.00412183 0.999679 -0.024983 -13.0101 -0.321176 0.024983 0.94669 114.38
0.947655 0.00414312 0.31927 221.759 0.00414312 0.999672 -0.0252702 -13.0428 -0.31927 0.0252702 0.947327 115.215
0.945929 0.00449752 0.324342 221.92 0.00449752 0.999626 -0.0269782 -13.0928 -0.324342 0.0269782 0.945555 116.095
0.947519 0.00415163 0.319671 222.266 0.00415163 0.999672 -0.0252885 -13.1191 -0.319671 0.0252885 0.947191 116.929
0.947098 0.00425436 0.320916 222.504 0.00425436 0.999658 -0.025808 -13.1741 -0.320916 0.025808 0.946756 117.81
0.947258 0.00432588 0.320444 222.778 0.00432588 0.999645 -0.0262825 -13.2079 -0.320444 0.0262825 0.946903 118.688
0.94703 0.00521524 0.321102 223.01 0.00521524 0.999487 -0.0316147 -13.2442 -0.321102 0.0316147 0.946517 119.56
0.949116 0.00411843 0.3149 223.422 0.00411843 0.999667 -0.0254872 -13.3247 -0.3149 0.0254872 0.948782 120.421
0.949955 0.00368235 0.312366 223.731 0.00368235 0.999729 -0.022984 -13.3721 -0.312366 0.022984 0.949684 121.313
0.950902 0.00342619 0.309473 224.04 0.00342619 0.999761 -0.0215959 -13.4162 -0.309473 0.0215959 0.950663 122.205
0.951682 0.0030546 0.307069 224.317 0.0030546 0.999807 -0.0194126 -13.4784 -0.307069 0.0194126 0.951489 122.957
0.951967 0.00320314 0.306184 224.578 0.00320314 0.999786 -0.0204183 -13.4947 -0.306184 0.0204183 0.951753 123.932
0.952685 0.00299506 0.303944 224.876 0.00299506 0.99981 -0.0192399 -13.5413 -0.303944 0.0192399 0.952496 124.843
0.953298 0.00308299 0.302017 225.151 0.00308299 0.999796 -0.0199372 -13.5764 -0.302017 0.0199372 0.953094 125.72
0.953789 0.00306875 0.300462 225.427 0.00306875 0.999796 -0.0199528 -13.6186 -0.300462 0.0199528 0.953585 126.624
0.953775 0.00309939 0.300505 225.674 0.00309939 0.999792 -0.020149 -13.6449 -0.300505 0.020149 0.953567 127.549
0.954901 0.00235833 0.296914 225.98 0.00235833 0.999877 -0.0155265 -13.6879 -0.296914 0.0155265 0.954778 128.492
0.955579 0.00197404 0.294728 226.263 0.00197404 0.999912 -0.0130975 -13.7168 -0.294728 0.0130975 0.955491 129.399
0.956235 0.00221863 0.292593 226.522 0.00221863 0.999888 -0.0148326 -13.7524 -0.292593 0.0148326 0.956122 130.332
0.957005 0.00280948 0.290058 226.801 0.00280948 0.999816 -0.0189536 -13.7947 -0.290058 0.0189536 0.956821 131.269
0.957781 0.00338047 0.28748 227.074 0.00338047 0.999729 -0.0230183 -13.8368 -0.28748 0.0230183 0.95751 132.205
0.958703 0.00349444 0.284388 227.359 0.00349444 0.999704 -0.0240641 -13.8889 -0.284388 0.0240641 0.958407 133.146
0.959208 0.00329166 0.282683 227.599 0.00329166 0.999734 -0.0228106 -13.9352 -0.282683 0.0228106 0.958942 134.069
0.960178 0.00287133 0.279373 227.838 0.00287133 0.999793 -0.0201441 -13.9709 -0.279373 0.0201441 0.959971 134.931
0.961471 0.00234663 0.274897 228.065 0.00234663 0.999857 -0.0167427 -14.0025 -0.274897 0.0167427 0.961328 135.774
0.962924 0.00207034 0.269765 228.313 0.00207034 0.999884 -0.0150638 -14.029 -0.269765 0.0150638 0.962808 136.634
0.963889 0.0019577 0.266296 228.528 0.0019577 0.999894 -0.0144369 -14.0733 -0.266296 0.0144369 0.963783 137.506
0.96484 0.00224642 0.26283 228.727 0.00224642 0.999856 -0.0167924 -14.106 -0.26283 0.0167924 0.964696 138.328
0.965773 0.00239221 0.25938 228.935 0.00239221 0.999833 -0.0181284 -14.1385 -0.25938 0.0181284 0.965605 139.145
0.966096 0.00283767 0.258167 229.142 0.00283767 0.999762 -0.0216079 -14.1797 -0.258167 0.0216079 0.965859 139.959
0.966016 0.00297899 0.258466 229.342 0.00297899 0.999739 -0.0226566 -14.2254 -0.258466 0.0226566 0.965755 140.788
0.966438 0.00316945 0.256879 229.539 0.00316945 0.999701 -0.0242588 -14.2729 -0.256879 0.0242588 0.966139 141.573
0.966969 0.00352563 0.254871 229.743 0.00352563 0.999624 -0.0272039 -14.3051 -0.254871 0.0272039 0.966592 142.316
0.966604 0.00383564 0.256247 229.903 0.00383564 0.999559 -0.0294305 -14.3469 -0.256247 0.0294305 0.966163 143.073
0.966876 0.00374295 0.255219 230.091 0.00374295 0.999577 -0.0288393 -14.393 -0.255219 0.0288393 0.966453 143.818
0.967344 0.00358848 0.25344 230.275 0.00358848 0.999606 -0.0278502 -14.4278 -0.25344 0.0278502 0.96695 144.529
0.967974 0.00355997 0.251024 230.44 0.00355997 0.999604 -0.0279038 -14.459 -0.251024 0.0279038 0.967579 145.227
0.968816 0.00348789 0.247757 230.602 0.00348789 0.99961 -0.0277113 -14.4924 -0.247757 0.0277113 0.968426 145.921
0.970664 0.00334783 0.240415 230.749 0.00334783 0.999618 -0.0274367 -14.5291 -0.240415 0.0274367 0.970282 146.523
0.973057 0.00310661 0.230543 230.883 0.00310661 0.999642 -0.0265825 -14.5643 -0.230543 0.0265825 0.972699 147.21
0.976235 0.00289732 0.216694 230.973 0.00289732 0.999647 -0.0264187 -14.5891 -0.216694 0.0264187 0.975882 147.733
0.980074 0.00278616 0.198615 231.053 0.00278616 0.99961 -0.0277709 -14.6157 -0.198615 0.0277709 0.979684 148.263
0.98428 0.00254822 0.176597 231.097 0.00254822 0.999587 -0.0286264 -14.6417 -0.176597 0.0286264 0.983867 148.798
0.988588 0.00215621 0.150626 231.131 0.00215621 0.999593 -0.0284608 -14.6607 -0.150626 0.0284608 0.988181 149.305
0.992665 0.00162777 0.120886 231.14 0.00162777 0.999639 -0.0268271 -14.6806 -0.120886 0.0268271 0.992304 149.789
0.996162 0.00108874 0.0875247 231.123 0.00108874 0.999691 -0.0248269 -14.6984 -0.0875247 0.0248269 0.995853 150.262
0.998688 0.00058139 0.0512128 231.086 0.00058139 0.999742 -0.022687 -14.7167 -0.0512128 0.022687 0.99843 150.724
0.999922 0.000130698 0.0125037 231.022 0.000130698 0.999782 -0.0209023 -14.7348 -0.0125037 0.0209023 0.999703 151.209
0.999558 -0.000288749 -0.0297428 230.932 -0.000288749 0.999812 -0.0194102 -14.7462 0.0297428 0.0194102 0.999369 151.673
0.99727 -0.000664835 -0.073832 230.819 -0.000664835 0.999838 -0.0179834 -14.77 0.073832 0.0179834 0.997109 152.116
0.992926 -0.000960475 -0.118733 230.673 -0.000960475 0.99987 -0.0161205 -14.7825 0.118733 0.0161205 0.992795 152.557
0.986103 -0.00106923 -0.166134 230.512 -0.00106923 0.999918 -0.012782 -14.7869 0.166134 0.012782 0.98602 152.989
0.976454 -0.000972663 -0.215725 230.331 -0.000972663 0.99996 -0.00891127 -14.7963 0.215725 0.00891127 0.976413 153.413
0.965376 -0.000265557 -0.260862 230.077 -0.000265557 0.999998 -0.00200075 -14.8419 0.260862 0.00200075 0.965374 153.787
0.950777 -0.000311815 -0.309877 229.824 -0.000311815 0.999998 -0.00196297 -14.8161 0.309877 0.00196297 0.950775 154.158
0.931702 0.000578045 -0.363224 229.587 0.000578045 0.999995 0.00307416 -14.8311 0.363224 -0.00307416 0.931697 154.556
0.910975 0.00160798 -0.412458 229.295 0.00160798 0.999971 0.00744988 -14.8471 0.412458 -0.00744988 0.910946 154.91
0.8848 0.00244392 -0.465965 229.008 0.00244392 0.999948 0.00988524 -14.8535 0.465965 -0.00988524 0.884748 155.269
0.856978 0.00322127 -0.515343 228.662 0.00322127 0.999927 0.011607 -14.8429 0.515343 -0.011607 0.856905 155.578
0.827359 0.00397424 -0.561659 228.301 0.00397424 0.999909 0.0129296 -14.844 0.561659 -0.0129296 0.827268 155.867
0.79128 0.00446126 -0.611438 227.993 0.00446126 0.999905 0.0130691 -14.8425 0.611438 -0.0130691 0.791184 156.213
0.754272 0.00512117 -0.656542 227.584 0.00512117 0.999893 0.0136829 -14.8371 0.656542 -0.0136829 0.754166 156.47
0.714231 0.00619127 -0.699883 227.189 0.00619127 0.999866 0.0151632 -14.838 0.699883 -0.0151632 0.714097 156.733
0.670538 0.00735504 -0.741839 226.783 0.00735504 0.999836 0.0165611 -14.8425 0.741839 -0.0165611 0.670374 156.986
0.626211 0.00898768 -0.779602 226.334 0.00898768 0.999784 0.0187454 -14.8433 0.779602 -0.0187454 0.625995 157.2
0.581401 0.011303 -0.813539 225.856 0.011303 0.999695 0.0219671 -14.839 0.813539 -0.0219671 0.581096 157.362
0.529446 0.0149898 -0.848211 225.42 0.0149898 0.999522 0.0270203 -14.8554 0.848211 -0.0270203 0.528968 157.624
0.484523 0.01811 -0.874591 224.914 0.01811 0.999364 0.0307265 -14.8491 0.874591 -0.0307265 0.483886 157.743
0.435817 0.0189916 -0.899835 224.367 0.0189916 0.999361 0.0302904 -14.8898 0.899835 -0.0302904 0.435178 157.797
0.38833 0.0230572 -0.921232 223.867 0.0230572 0.999131 0.0347263 -14.8613 0.921232 -0.0347263 0.387461 157.929
0.344174 0.0275514 -0.938502 223.33 0.0275514 0.998843 0.0394267 -14.8195 0.938502 -0.0394267 0.343017 157.973
0.302045 0.0298771 -0.952825 222.909 0.0298771 0.998721 0.0407873 -14.8723 0.952825 -0.0407873 0.300766 158.04
0.265257 0.0352484 -0.963533 222.285 0.0352484 0.998309 0.0462243 -14.838 0.963533 -0.0462243 0.263566 158.071
0.231014 0.0323807 -0.972412 221.793 0.0323807 0.998637 0.0409466 -14.8269 0.972412 -0.0409466 0.22965 158.133
0.20058 0.0281628 -0.979272 221.311 0.0281628 0.999008 0.0344988 -14.818 0.979272 -0.0344988 0.199588 158.192
0.175839 0.0255099 -0.984088 220.808 0.0255099 0.99921 0.03046 -14.7868 0.984088 -0.03046 0.175049 158.231
0.153831 0.0309248 -0.987613 220.325 0.0309248 0.99887 0.0360942 -14.7835 0.987613 -0.0360942 0.152701 158.25
0.135053 0.0363162 -0.990173 219.841 0.0363162 0.998475 0.041574 -14.7764 0.990173 -0.041574 0.133528 158.264
0.120999 0.0413456 -0.991791 219.371 0.0413456 0.998055 0.0466509 -14.7574 0.991791 -0.0466509 0.119054 158.287
0.107031 0.0398585 -0.993456 218.897 0.0398585 0.998221 0.0443438 -14.7449 0.993456 -0.0443438 0.105252 158.3
0.0909358 0.0371784 -0.995163 218.466 0.0371784 0.998479 0.0406996 -14.7336 0.995163 -0.0406996 0.0894153 158.331
0.0747722 0.0356329 -0.996564 217.96 0.0356329 0.998628 0.0383802 -14.7201 0.996564 -0.0383802 0.0733999 158.342
0.0563068 0.0310711 -0.99793 217.482 0.0310711 0.998977 0.0328569 -14.7077 0.99793 -0.0328569 0.0552837 158.357
0.0404565 0.0320032 -0.998669 217.01 0.0320032 0.998933 0.0333081 -14.6988 0.998669 -0.0333081 0.0393891 158.343
0.0261159 0.0361466 -0.999005 216.544 0.0361466 0.998658 0.037079 -14.6878 0.999005 -0.037079 0.0247743 158.329
0.0126382 0.042128 -0.999032 216.073 0.042128 0.998203 0.0426259 -14.675 0.999032 -0.0426259 0.0108407 158.299
0.00122119 0.0459288 -0.998944 215.594 0.0459288 0.997888 0.0459364 -14.6596 0.998944 -0.0459364 -0.000890844 158.279
-0.00514518 0.0492246 -0.998774 215.086 0.0492246 0.997589 0.0489126 -14.6403 0.998774 -0.0489126 -0.00755583 158.245
-0.00981476 0.0523867 -0.998579 214.574 0.0523867 0.997282 0.0518038 -14.6189 0.998579 -0.0518038 -0.0125325 158.225
-0.0138331 0.0514904 -0.998578 214.05 0.0514904 0.997385 0.0507156 -14.6007 0.998578 -0.0507156 -0.0164481 158.216
-0.0146666 0.0570768 -0.998262 213.509 0.0570768 0.996789 0.0561541 -14.5781 0.998262 -0.0561541 -0.0178773 158.18
-0.0140804 0.0634434 -0.997886 212.977 0.0634434 0.996031 0.0624302 -14.5648 0.997886 -0.0624302 -0.0180496 158.108
-0.0111264 0.0669583 -0.997694 212.386 0.0669583 0.995566 0.0660687 -14.5341 0.997694 -0.0660687 -0.0155604 158.124
-0.00396726 0.0733931 -0.997295 211.804 0.0733931 0.994635 0.0729054 -14.5026 0.997295 -0.0729054 -0.00933253 158.092
0.00388178 0.0754241 -0.997144 211.207 0.0754241 0.994289 0.0755018 -14.4657 0.997144 -0.0755018 -0.00182919 158.106
0.0147993 0.0786484 -0.996793 210.591 0.0786484 0.993722 0.0795738 -14.4295 0.996793 -0.0795738 0.00852083 158.107
0.0239722 0.0782972 -0.996642 209.956 0.0782972 0.993719 0.0799508 -14.3817 0.996642 -0.0799508 0.0176912 158.133
0.0338043 0.0799834 -0.996223 209.299 0.0799834 0.993379 0.0824691 -14.3329 0.996223 -0.0824691 0.0271832 158.159
0.0447921 0.08167 -0.995652 208.669 0.08167 0.993017 0.085128 -14.2888 0.995652 -0.085128 0.0378094 158.187
0.0551285 0.0823134 -0.995081 207.973 0.0823134 0.992829 0.0866874 -14.2336 0.995081 -0.0866874 0.0479576 158.217
0.0655808 0.0828117 -0.994405 207.297 0.0828117 0.992661 0.0881279 -14.1836 0.994405 -0.0881279 0.0582417 158.271
0.0769125 0.0838812 -0.993503 206.56 0.0838812 0.992378 0.0902799 -14.1219 0.993503 -0.0902799 0.0692902 158.323
0.0864719 0.0829551 -0.992795 205.883 0.0829551 0.992467 0.090153 -14.0618 0.992795 -0.090153 0.078939 158.395
0.0969709 0.0848685 -0.991662 205.176 0.0848685 0.992024 0.0931984 -13.9994 0.991662 -0.0931984 0.0889948 158.469
0.105037 0.0835989 -0.990948 204.416 0.0835989 0.992191 0.0925649 -13.9453 0.990948 -0.0925649 0.097228 158.54
0.112961 0.0826407 -0.990157 203.677 0.0826407 0.992301 0.0922476 -13.8779 0.990157 -0.0922476 0.105262 158.632
0.120823 0.0833199 -0.989171 202.913 0.0833199 0.992104 0.0937441 -13.8123 0.989171 -0.0937441 0.112927 158.744
0.125774 0.0802457 -0.988808 202.168 0.0802457 0.992634 0.0907632 -13.7548 0.988808 -0.0907632 0.118408 158.843
0.128825 0.0778192 -0.988609 201.392 0.0778192 0.993049 0.0883092 -13.6871 0.988609 -0.0883092 0.121873 158.956
0.132082 0.077931 -0.988171 200.605 0.077931 0.993003 0.0887286 -13.6389 0.988171 -0.0887286 0.125085 159.043
0.115158 -0.0215961 -0.993112 199.825 -0.0215961 0.999473 -0.0242386 -13.5317 0.993112 0.0242386 0.114631 159.077
0.127734 0.0463803 -0.990723 199.013 0.0463803 0.997534 0.052679 -13.5387 0.990723 -0.052679 0.125268 159.194
0.12656 0.0348089 -0.991348 198.213 0.0348089 0.998613 0.0395079 -13.5339 0.991348 -0.0395079 0.125173 159.285
0.12436 0.0208884 -0.992017 197.4 0.0208884 0.999502 0.0236646 -13.5462 0.992017 -0.0236646 0.123862 159.38
0.128409 0.04031 -0.990902 196.579 0.04031 0.998136 0.045828 -13.469 0.990902 -0.045828 0.126545 159.518
0.128942 0.0383447 -0.99091 195.747 0.0383447 0.998312 0.0436208 -13.4613 0.99091 -0.0436208 0.127254 159.603
0.126055 0.0357543 -0.991379 194.918 0.0357543 0.998537 0.0405587 -13.4243 0.991379 -0.0405587 0.124592 159.757
0.126024 0.0377656 -0.991308 194.073 0.0377656 0.998368 0.0428357 -13.4037 0.991308 -0.0428357 0.124392 159.847
0.125989 0.0389769 -0.991266 193.215 0.0389769 0.998262 0.044206 -13.3935 0.991266 -0.044206 0.124251 159.934
0.124019 0.0364828 -0.991609 192.354 0.0364828 0.998481 0.0412985 -13.3662 0.991609 -0.0412985 0.122499 160.044
0.123831 0.0371367 -0.991608 191.489 0.0371367 0.998426 0.0420297 -13.3501 0.991608 -0.0420297 0.122257 160.152
0.123237 0.0376147 -0.991664 190.607 0.0376147 0.998386 0.0425442 -13.3242 0.991664 -0.0425442 0.121623 160.228
0.122378 0.0414705 -0.991617 189.837 0.0414705 0.99804 0.0468572 -13.3054 0.991617 -0.0468572 0.120419 160.328
0.120986 0.0383204 -0.991914 188.91 0.0383204 0.998329 0.0432423 -13.2709 0.991914 -0.0432423 0.119315 160.427
0.121868 0.0386088 -0.991795 188.023 0.0386088 0.998302 0.0436062 -13.2351 0.991795 -0.0436062 0.120171 160.488
0.120358 0.0394478 -0.991946 187.163 0.0394478 0.998231 0.0444842 -13.228 0.991946 -0.0444842 0.118589 160.628
0.121342 0.0402409 -0.991795 186.268 0.0402409 0.998157 0.0454224 -13.2027 0.991795 -0.0454224 0.119499 160.707
0.122295 0.0398645 -0.991693 185.377 0.0398645 0.998189 0.0450417 -13.1825 0.991693 -0.0450417 0.120484 160.81
0.124626 0.041225 -0.991347 184.454 0.041225 0.998059 0.0466866 -13.1538 0.991347 -0.0466866 0.122684 160.901
0.123373 0.0381116 -0.991628 183.568 0.0381116 0.998343 0.0431113 -13.1347 0.991628 -0.0431113 0.121716 161.075
0.12604 0.0373251 -0.991323 182.649 0.0373251 0.998406 0.0423374 -13.0981 0.991323 -0.0423374 0.124446 161.131
0.127617 0.0391538 -0.99105 181.725 0.0391538 0.998243 0.0444798 -13.0805 0.99105 -0.0444798 0.12586 161.267
0.12723 0.0380434 -0.991143 180.804 0.0380434 0.998342 0.0432032 -13.0768 0.991143 -0.0432032 0.125571 161.407
0.126617 0.035776 -0.991306 179.878 0.035776 0.998535 0.0406065 -13.0319 0.991306 -0.0406065 0.125151 161.544
0.129397 0.0387372 -0.990836 178.934 0.0387372 0.998276 0.0440869 -13.0323 0.990836 -0.0440869 0.127673 161.617
0.126527 0.040458 -0.991138 178.174 0.040458 0.998126 0.045908 -13.0264 0.991138 -0.045908 0.124653 161.806
0.127149 0.0382078 -0.991147 177.171 0.0382078 0.998328 0.043386 -12.9985 0.991147 -0.043386 0.125477 161.952
0.128685 0.0386031 -0.990934 176.232 0.0386031 0.99829 0.0439027 -12.9725 0.990934 -0.0439027 0.126974 162.038
0.129582 0.0391089 -0.990797 175.474 0.0391089 0.998243 0.0445177 -12.956 0.990797 -0.0445177 0.127825 162.136
0.130004 0.0385098 -0.990765 174.485 0.0385098 0.998295 0.0438555 -12.9339 0.990765 -0.0438555 0.128299 162.251
0.130943 0.040136 -0.990577 173.577 0.040136 0.998146 0.0457482 -12.9037 0.990577 -0.0457482 0.129089 162.384
0.131865 0.0384393 -0.990522 172.639 0.0384393 0.998298 0.0438584 -12.88 0.990522 -0.0438584 0.130163 162.468
0.132881 0.0384059 -0.990388 171.724 0.0384059 0.998299 0.0438656 -12.8601 0.990388 -0.0438656 0.13118 162.582
0.132534 0.0385862 -0.990427 170.807 0.0385862 0.998284 0.0440557 -12.8403 0.990427 -0.0440557 0.130818 162.713
0.134514 0.0386004 -0.99016 169.827 0.0386004 0.998278 0.0441608 -12.8107 0.99016 -0.0441608 0.132793 162.835
0.136781 0.0379244 -0.989875 168.898 0.0379244 0.998334 0.0434889 -12.7878 0.989875 -0.0434889 0.135115 162.919
0.136116 0.037971 -0.989965 167.937 0.037971 0.998331 0.0435127 -12.7538 0.989965 -0.0435127 0.134447 163.088
0.138442 0.0378024 -0.989649 167.014 0.0378024 0.998341 0.0434226 -12.7369 0.989649 -0.0434226 0.136783 163.189
0.137968 0.0323236 -0.989909 166.047 0.0323236 0.998788 0.0371186 -12.7008 0.989909 -0.0371186 0.136756 163.346
0.140114 0.0326584 -0.989597 165.063 0.0326584 0.99876 0.0375848 -12.6727 0.989597 -0.0375848 0.138874 163.462
0.139984 0.0345919 -0.989549 164.106 0.0345919 0.998609 0.039802 -12.6479 0.989549 -0.039802 0.138592 163.628
0.14134 0.0332175 -0.989404 163.12 0.0332175 0.998715 0.0382754 -12.6362 0.989404 -0.0382754 0.140055 163.743
0.139967 0.0315226 -0.989654 162.142 0.0315226 0.998845 0.0362735 -12.6254 0.989654 -0.0362735 0.138811 163.909
0.141366 0.0319874 -0.989441 161.158 0.0319874 0.998808 0.0368605 -12.6085 0.989441 -0.0368605 0.140174 164.03
0.140115 0.0330873 -0.989582 160.158 0.0330873 0.998727 0.0380779 -12.5792 0.989582 -0.0380779 0.138842 164.174
0.137911 0.0316095 -0.98994 159.178 0.0316095 0.998841 0.0362973 -12.5605 0.98994 -0.0362973 0.136752 164.312
0.134448 0.0260426 -0.990578 158.203 0.0260426 0.999216 0.0298044 -12.5665 0.990578 -0.0298044 0.133664 164.46
0.13159 0.0289463 -0.990881 157.218 0.0289463 0.999035 0.0330286 -12.5268 0.990881 -0.0330286 0.130625 164.538
0.126544 0.0280004 -0.991566 156.24 0.0280004 0.999102 0.0317866 -12.5136 0.991566 -0.0317866 0.125647 164.662
0.121828 0.0278661 -0.99216 155.29 0.0278661 0.999116 0.0314831 -12.5032 0.99216 -0.0314831 0.120943 164.764
0.117534 0.0298383 -0.992621 154.264 0.0298383 0.998991 0.0335629 -12.4886 0.992621 -0.0335629 0.116525 164.842
0.111632 0.0316201 -0.993246 153.296 0.0316201 0.998875 0.0353531 -12.4706 0.993246 -0.0353531 0.110506 164.961
