1 -8.22789e-007 -0.00085052 -0.0332714 -8.22789e-007 0.999998 -0.00193479 -0.0106501 0.00085052 0.00193479 0.999998 0.665833
1 -1.71017e-006 -0.000963462 -0.102903 -1.71017e-006 0.999994 -0.00355004 -0.0155367 0.000963462 0.00355004 0.999993 1.32564
0.99995 -2.10532e-005 -0.00997822 -0.112149 -2.10532e-005 0.999991 -0.00421972 -0.0328396 0.00997822 0.00421972 0.999941 1.99822
0.99995 -2.10532e-005 -0.00997822 -0.121396 -2.10532e-005 0.999991 -0.00421972 -0.0501425 0.00997822 0.00421972 0.999941 2.67081
0.999898 -2.95819e-005 -0.0142756 -0.135179 -2.95819e-005 0.999991 -0.00414417 -0.0603854 0.0142756 0.00414417 0.99989 3.43743
0.999864 -4.49715e-005 -0.0164619 -0.179493 -4.49715e-005 0.999985 -0.00546328 -0.0665818 0.0164619 0.00546328 0.99985 4.16951
0.999772 -6.36651e-005 -0.0213636 -0.213697 -6.36651e-005 0.999982 -0.00595942 -0.0739049 0.0213636 0.00595942 0.999754 4.94047
0.999685 -5.12804e-005 -0.0250781 -0.246925 -5.12804e-005 0.999992 -0.00408901 -0.0848313 0.0250781 0.00408901 0.999677 5.74029
0.999581 -2.70582e-005 -0.0289337 -0.273502 -2.70582e-005 0.999998 -0.00186997 -0.0880903 0.0289337 0.00186997 0.99958 6.51929
0.999524 1.22319e-005 -0.0308623 -0.323036 1.22319e-005 1 0.000792484 -0.0974852 0.0308623 -0.000792484 0.999523 7.3329
0.999451 4.4038e-006 -0.0331204 -0.366243 4.4038e-006 1 0.000265854 -0.103711 0.0331204 -0.000265854 0.999451 8.16658
0.99946 4.08799e-006 -0.0328653 -0.435311 4.08799e-006 1 0.000248705 -0.110483 0.0328653 -0.000248705 0.99946 8.98654
0.999384 -6.03233e-006 -0.0350844 -0.459913 -6.03233e-006 1 -0.000343769 -0.117114 0.0350844 0.000343769 0.999384 9.815
0.999272 2.28656e-005 -0.0381511 -0.466319 2.28656e-005 0.999999 0.00119825 -0.133252 0.0381511 -0.00119825 0.999271 10.6186
0.999082 2.55762e-005 -0.0428368 -0.459382 2.55762e-005 0.999999 0.00119358 -0.145086 0.0428368 -0.00119358 0.999081 11.455
0.999042 -1.80446e-005 -0.0437698 -0.51483 -1.80446e-005 1 -0.000824126 -0.15422 0.0437698 0.000824126 0.999041 12.2718
0.999033 -7.38507e-005 -0.0439698 -0.56703 -7.38507e-005 0.999994 -0.00335752 -0.162943 0.0439698 0.00335752 0.999027 13.0968
0.999019 -0.000106422 -0.0442804 -0.632203 -0.000106422 0.999988 -0.00480433 -0.171046 0.0442804 0.00480433 0.999008 13.9248
0.998941 -8.37714e-005 -0.0460119 -0.667807 -8.37714e-005 0.999993 -0.00363935 -0.190998 0.0460119 0.00363935 0.998934 14.7624
0.99883 -6.52058e-005 -0.0483554 -0.688112 -6.52058e-005 0.999996 -0.00269536 -0.20031 0.0483554 0.00269536 0.998827 15.5924
0.998754 -2.80549e-005 -0.0498952 -0.73604 -2.80549e-005 0.999999 -0.00112385 -0.209193 0.0498952 0.00112385 0.998754 16.4467
0.998706 -2.56661e-005 -0.0508535 -0.755374 -2.56661e-005 0.999999 -0.00100876 -0.223667 0.0508535 0.00100876 0.998706 17.2553
0.998622 -4.44998e-005 -0.0524801 -0.801122 -4.44998e-005 0.999999 -0.0016947 -0.235315 0.0524801 0.0016947 0.998621 18.0828
0.998515 -6.79602e-005 -0.0544834 -0.834334 -6.79602e-005 0.999997 -0.00249286 -0.248185 0.0544834 0.00249286 0.998512 18.9279
0.99849 -4.45677e-005 -0.0549377 -0.882688 -4.45677e-005 0.999999 -0.00162126 -0.253279 0.0549377 0.00162126 0.998488 19.7654
0.998487 5.22866e-005 -0.0549839 -0.927196 5.22866e-005 0.999998 0.00190045 -0.265468 0.0549839 -0.00190045 0.998485 20.584
0.998402 0.000161316 -0.056513 -0.941034 0.000161316 0.999984 0.00570438 -0.290246 0.056513 -0.00570438 0.998386 21.4545
0.998554 0.000221709 -0.0537637 -1.00827 0.000221709 0.999966 0.00824144 -0.287182 0.0537637 -0.00824144 0.99852 22.3578
0.998765 0.000161 -0.0496889 -1.03569 0.000161 0.999979 0.00647624 -0.296325 0.0496889 -0.00647624 0.998744 23.2496
0.998765 0.000161 -0.0496889 -1.06312 0.000161 0.999979 0.00647624 -0.305467 0.0496889 -0.00647624 0.998744 24.1414
0.998923 3.56754e-005 -0.0463925 -1.14696 3.56754e-005 0.999999 0.00153715 -0.30197 0.0463925 -0.00153715 0.998922 25.0568
0.998996 -3.71412e-005 -0.0448076 -1.19135 -3.71412e-005 0.999999 -0.00165697 -0.304554 0.0448076 0.00165697 0.998994 25.9576
0.999022 -1.25099e-005 -0.0442078 -1.2261 -1.25099e-005 1 -0.000565685 -0.3201 0.0442078 0.000565685 0.999022 26.8447
0.998984 0.000100177 -0.0450647 -1.25863 0.000100177 0.99999 0.00444366 -0.330421 0.0450647 -0.00444366 0.998974 27.7521
0.998985 0.000172206 -0.0450382 -1.30422 0.000172206 0.999971 0.00764311 -0.337157 0.0450382 -0.00764311 0.998956 28.6536
0.998906 0.000157909 -0.046756 -1.3293 0.000157909 0.999977 0.00675084 -0.35 0.046756 -0.00675084 0.998884 29.5752
0.998835 6.7142e-005 -0.0482594 -1.37046 6.7142e-005 0.999996 0.00278092 -0.354125 0.0482594 -0.00278092 0.998831 30.4842
0.99873 -1.93395e-005 -0.0503889 -1.40884 -1.93395e-005 1 -0.000767122 -0.364332 0.0503889 0.000767122 0.998729 31.3704
0.998623 -4.09907e-005 -0.0524679 -1.45587 -4.09907e-005 0.999999 -0.00156143 -0.371223 0.0524679 0.00156143 0.998621 32.2326
0.998594 -1.25352e-005 -0.0530074 -1.53567 -1.25352e-005 1 -0.000472627 -0.370704 0.0530074 0.000472627 0.998594 33.1563
0.998523 7.29233e-005 -0.0543276 -1.5779 7.29233e-005 0.999996 0.00268259 -0.385154 0.0543276 -0.00268259 0.99852 34.016
0.998537 0.000115365 -0.0540739 -1.64341 0.000115365 0.999991 0.0042638 -0.396681 0.0540739 -0.0042638 0.998528 34.9053
0.998512 0.000182414 -0.0545309 -1.70146 0.000182414 0.999978 0.00668524 -0.398861 0.0545309 -0.00668524 0.99849 35.815
0.998525 0.000255954 -0.0542945 -1.75303 0.000255954 0.999956 0.00942121 -0.399858 0.0542945 -0.00942121 0.998481 36.7424
0.998414 0.000331455 -0.0563007 -1.80261 0.000331455 0.999931 0.0117647 -0.398443 0.0563007 -0.0117647 0.998345 37.7047
0.998568 0.000315277 -0.0534904 -1.91601 0.000315277 0.999931 0.0117793 -0.404324 0.0534904 -0.0117793 0.998499 38.707
0.998548 0.000219392 -0.0538719 -1.97383 0.000219392 0.999967 0.0081389 -0.408378 0.0538719 -0.0081389 0.998515 39.6827
0.998548 0.000219392 -0.0538719 -2.03166 0.000219392 0.999967 0.0081389 -0.412431 0.0538719 -0.0081389 0.998515 40.6584
0.998415 0.000225883 -0.0562779 -2.07581 0.000225883 0.999968 0.00802094 -0.414823 0.0562779 -0.00802094 0.998383 41.6088
0.998204 0.000268666 -0.0599138 -2.09533 0.000268666 0.99996 0.00896019 -0.418528 0.0599138 -0.00896019 0.998163 42.5844
0.998054 0.000318099 -0.0623557 -2.14247 0.000318099 0.999948 0.0101925 -0.42808 0.0623557 -0.0101925 0.998002 43.5296
0.998051 0.000208619 -0.0624054 -2.22234 0.000208619 0.999978 0.00667934 -0.433136 0.0624054 -0.00667934 0.998029 44.507
0.998046 7.51543e-005 -0.0624885 -2.31081 7.51543e-005 0.999997 0.00240303 -0.425215 0.0624885 -0.00240303 0.998043 45.4691
0.998029 3.9685e-005 -0.0627569 -2.37087 3.9685e-005 0.999999 0.00126347 -0.432442 0.0627569 -0.00126347 0.998028 46.3614
0.99795 0.000151631 -0.063996 -2.40857 0.000151631 0.999989 0.00473387 -0.443494 0.063996 -0.00473387 0.997939 47.261
0.997961 0.000248464 -0.063824 -2.47489 0.000248464 0.99997 0.00777784 -0.453274 0.063824 -0.00777784 0.997931 48.1737
0.997925 0.000274974 -0.0643855 -2.53229 0.000274974 0.999964 0.00853247 -0.461417 0.0643855 -0.00853247 0.997889 49.1059
0.997929 0.000246426 -0.0643318 -2.59091 0.000246426 0.999971 0.00765304 -0.475395 0.0643318 -0.00765304 0.997899 50.0023
0.997947 0.00019072 -0.0640505 -2.65544 0.00019072 0.999982 0.00594912 -0.482153 0.0640505 -0.00594912 0.997929 50.8986
0.997999 0.000205235 -0.063224 -2.7368 0.000205235 0.999979 0.00648574 -0.482165 0.063224 -0.00648574 0.997978 51.7827
0.998042 0.000310071 -0.0625391 -2.82628 0.000310071 0.999951 0.00990613 -0.482592 0.0625391 -0.00990613 0.997993 52.6924
0.997951 0.000457619 -0.0639738 -2.86775 0.000457619 0.999898 0.0142911 -0.484022 0.0639738 -0.0142911 0.997849 53.5825
0.997824 0.000533005 -0.0659277 -2.92013 0.000533005 0.999869 0.0161507 -0.481895 0.0659277 -0.0161507 0.997694 54.5178
0.99776 0.00040909 -0.0668918 -2.99628 0.00040909 0.999925 0.0122172 -0.48563 0.0668918 -0.0122172 0.997685 55.4396
0.997673 0.000169886 -0.068185 -3.06265 0.000169886 0.999988 0.00497726 -0.493539 0.068185 -0.00497726 0.99766 56.3416
0.997619 1.63604e-005 -0.0689658 -3.12715 1.63604e-005 1 0.000473885 -0.508008 0.0689658 -0.000473885 0.997619 57.2145
0.997546 5.48282e-005 -0.070016 -3.19265 5.48282e-005 0.999999 0.00156424 -0.511522 0.070016 -0.00156424 0.997545 58.0685
0.99747 0.000150164 -0.0710875 -3.26139 0.000150164 0.999991 0.00421939 -0.525337 0.0710875 -0.00421939 0.997461 58.93
0.997337 0.000204519 -0.0729288 -3.31238 0.000204519 0.999984 0.00560121 -0.536569 0.0729288 -0.00560121 0.997321 59.7649
0.997264 0.000211741 -0.0739212 -3.38872 0.000211741 0.999984 0.00572095 -0.545407 0.0739212 -0.00572095 0.997248 60.6049
0.997057 0.000278732 -0.076662 -3.46581 0.000278732 0.999974 0.00726091 -0.565637 0.076662 -0.00726091 0.997031 61.4023
0.99687 0.000301291 -0.0790591 -3.52398 0.000301291 0.999971 0.00760988 -0.571831 0.0790591 -0.00760988 0.996841 62.2295
0.996755 0.000330609 -0.0804995 -3.59352 0.000330609 0.999966 0.00820048 -0.582512 0.0804995 -0.00820048 0.996721 63.05
0.996714 0.000365894 -0.0809991 -3.67322 0.000365894 0.999959 0.00901948 -0.586513 0.0809991 -0.00901948 0.996673 63.8578
0.996578 0.000497861 -0.0826572 -3.73872 0.000497861 0.999928 0.0120254 -0.591203 0.0826572 -0.0120254 0.996505 64.647
0.996642 0.000654121 -0.0818833 -3.83532 0.000654121 0.999873 0.0159491 -0.589559 0.0818833 -0.0159491 0.996514 65.4493
0.996533 0.000734016 -0.0831948 -3.92659 0.000734016 0.999845 0.0176138 -0.581408 0.0831948 -0.0176138 0.996378 66.2812
0.996739 0.000544965 -0.0806908 -4.07201 0.000544965 0.999909 0.0134848 -0.579883 0.0806908 -0.0134848 0.996648 67.0788
0.996498 2.20949e-005 -0.0836156 -4.1305 2.20949e-005 1 0.000527563 -0.589307 0.0836156 -0.000527563 0.996498 67.8384
0.996498 2.20949e-005 -0.0836156 -4.189 2.20949e-005 1 0.000527563 -0.598732 0.0836156 -0.000527563 0.996498 68.598
0.996189 3.13363e-005 -0.0872251 -4.18721 3.13363e-005 1 0.000717147 -0.624008 0.0872251 -0.000717147 0.996188 69.2413
0.996005 0.00026641 -0.0892959 -4.26039 0.00026641 0.999982 0.00595493 -0.627522 0.0892959 -0.00595493 0.995987 69.9332
0.996005 0.00026641 -0.0892959 -4.33356 0.00026641 0.999982 0.00595493 -0.631036 0.0892959 -0.00595493 0.995987 70.6251
0.995975 0.000116679 -0.0896359 -4.40027 0.000116679 0.999997 0.00259816 -0.643715 0.0896359 -0.00259816 0.995971 71.2798
0.996044 -0.000359673 -0.0888599 -4.43815 -0.000359673 0.999967 -0.00807914 -0.657488 0.0888599 0.00807914 0.996011 71.8806
0.996044 -0.000359673 -0.0888599 -4.47603 -0.000359673 0.999967 -0.00807914 -0.671262 0.0888599 0.00807914 0.996011 72.4815
0.99624 -0.000358015 -0.0866409 -4.51657 -0.000358015 0.999966 -0.00824866 -0.679509 0.0866409 0.00824866 0.996205 73.0279
0.99645 -0.00019517 -0.084183 -4.55123 -0.00019517 0.999989 -0.00462854 -0.696706 0.084183 0.00462854 0.99644 73.5712
0.996953 -0.000103773 -0.0780025 -4.62209 -0.000103773 0.999996 -0.0026567 -0.689966 0.0780025 0.0026567 0.99695 74.1521
0.997503 4.52381e-005 -0.0706267 -4.69293 4.52381e-005 0.999999 0.00127945 -0.700635 0.0706267 -0.00127945 0.997502 74.7253
0.998058 0.000142876 -0.0622891 -4.72064 0.000142876 0.999989 0.00458303 -0.714299 0.0622891 -0.00458303 0.998048 75.2597
0.999339 7.9548e-005 -0.0363623 -4.7449 7.9548e-005 0.99999 0.00437383 -0.719733 0.0363623 -0.00437383 0.999329 75.7599
0.999339 7.9548e-005 -0.0363623 -4.76917 7.9548e-005 0.99999 0.00437383 -0.725167 0.0363623 -0.00437383 0.999329 76.2602
0.999843 4.61073e-005 -0.0177051 -4.78384 4.61073e-005 0.999986 0.00520791 -0.730351 0.0177051 -0.00520791 0.99983 76.7666
0.999989 -1.46356e-005 0.00478609 -4.77534 -1.46356e-005 0.999981 0.00611579 -0.733915 -0.00478609 -0.00611579 0.99997 77.2391
0.999521 -0.000117145 0.0309343 -4.74216 -0.000117145 0.999971 0.00757185 -0.742777 -0.0309343 -0.00757185 0.999493 77.7157
0.998161 -0.000289318 0.0606199 -4.70061 -0.000289318 0.999954 0.0095363 -0.748119 -0.0606199 -0.0095363 0.998115 78.1658
0.99567 -0.000536921 0.0929569 -4.62819 -0.000536921 0.999933 0.0115266 -0.755861 -0.0929569 -0.0115266 0.995603 78.6335
0.991446 -0.000819985 0.130513 -4.54414 -0.000819985 0.999921 0.0125113 -0.761576 -0.130513 -0.0125113 0.991368 79.1028
0.984866 -0.00109866 0.173314 -4.46389 -0.00109866 0.99992 0.0125818 -0.761084 -0.173314 -0.0125818 0.984786 79.5397
0.975709 -0.00141443 0.219065 -4.35419 -0.00141443 0.999918 0.0127559 -0.763031 -0.219065 -0.0127559 0.975627 79.9691
0.963649 -0.00148037 0.267168 -4.19615 -0.00148037 0.99994 0.0108802 -0.768824 -0.267168 -0.0108802 0.963589 80.3751
0.947461 -0.00144409 0.319869 -4.03317 -0.00144409 0.99996 0.00879192 -0.775966 -0.319869 -0.00879192 0.947421 80.7587
0.926969 -0.00138918 0.375136 -3.84596 -0.00138918 0.999974 0.00713571 -0.776874 -0.375136 -0.00713571 0.926942 81.133
0.902494 -0.00131422 0.4307 -3.6237 -0.00131422 0.999982 0.00580513 -0.773231 -0.4307 -0.00580513 0.902477 81.4828
0.873549 -0.00133338 0.486734 -3.38549 -0.00133338 0.999986 0.00513246 -0.773316 -0.486734 -0.00513246 0.873535 81.7961
0.839646 -0.00165757 0.543132 -3.13423 -0.00165757 0.999983 0.00561431 -0.778117 -0.543132 -0.00561431 0.839629 82.1038
0.802098 -0.00178938 0.597189 -2.86886 -0.00178938 0.999984 0.00539966 -0.785551 -0.597189 -0.00539966 0.802082 82.394
0.761471 -0.00236074 0.648194 -2.58739 -0.00236074 0.999977 0.00641524 -0.78794 -0.648194 -0.00641524 0.761448 82.6683
0.718689 -0.00289144 0.695326 -2.27756 -0.00289144 0.99997 0.00714687 -0.784661 -0.695326 -0.00714687 0.718659 82.9208
0.673412 -0.00368243 0.739258 -1.95403 -0.00368243 0.999958 0.00833548 -0.786914 -0.739258 -0.00833548 0.673371 83.1496
0.626226 -0.00462537 0.779628 -1.61362 -0.00462537 0.999943 0.00964772 -0.784792 -0.779628 -0.00964772 0.626169 83.3674
0.578836 -0.006791 0.815415 -1.27587 -0.006791 0.99989 0.0131481 -0.795092 -0.815415 -0.0131481 0.578727 83.5514
0.532068 -0.00637166 0.846678 -0.920668 -0.00637166 0.999913 0.0115289 -0.79855 -0.846678 -0.0115289 0.531981 83.7244
0.485185 -0.00522066 0.874396 -0.570929 -0.00522066 0.999947 0.00886712 -0.805707 -0.874396 -0.00886712 0.485132 83.8757
0.440487 -0.00510583 0.897744 -0.210191 -0.00510583 0.999953 0.00819236 -0.812517 -0.897744 -0.00819236 0.440441 84.0036
0.397836 -0.0092935 0.917409 0.160117 -0.0092935 0.999857 0.0141588 -0.810984 -0.917409 -0.0141588 0.397693 84.1203
0.358894 -0.0199066 0.933166 0.559247 -0.0199066 0.999382 0.0289752 -0.803593 -0.933166 -0.0289752 0.358276 84.2152
0.322724 -0.0228573 0.946217 0.91182 -0.0228573 0.999229 0.0319338 -0.790637 -0.946217 -0.0319338 0.321952 84.3116
0.290338 -0.0214686 0.956683 1.30454 -0.0214686 0.999351 0.0289414 -0.79237 -0.956683 -0.0289414 0.289689 84.3975
0.259068 -0.0132608 0.965768 1.71823 -0.0132608 0.999763 0.0172848 -0.78899 -0.965768 -0.0172848 0.258831 84.5057
0.231148 -0.00944959 0.972873 2.12458 -0.00944959 0.999884 0.0119571 -0.794682 -0.972873 -0.0119571 0.231032 84.5838
0.205793 -0.0099981 0.978545 2.5226 -0.0099981 0.999874 0.0123187 -0.800322 -0.978545 -0.0123187 0.205667 84.6415
0.181921 -0.014334 0.983209 2.91975 -0.014334 0.999749 0.0172273 -0.802131 -0.983209 -0.0172273 0.18167 84.6986
0.162337 -0.0194956 0.986543 3.32728 -0.0194956 0.999546 0.0229606 -0.789825 -0.986543 -0.0229606 0.161884 84.7351
0.143289 -0.0210096 0.989458 3.74045 -0.0210096 0.999485 0.024265 -0.773011 -0.989458 -0.024265 0.142774 84.7764
0.125604 -0.0188448 0.991901 4.15624 -0.0188448 0.999594 0.0213772 -0.761367 -0.991901 -0.0213772 0.125198 84.8267
0.110123 -0.0180951 0.993753 4.4901 -0.0180951 0.999632 0.0202074 -0.759547 -0.993753 -0.0202074 0.109755 84.8612
0.095548 -0.0181769 0.995259 4.89117 -0.0181769 0.999635 0.0200019 -0.756571 -0.995259 -0.0200019 0.0951827 84.8924
0.0823735 -0.0203455 0.996394 5.35113 -0.0203455 0.999549 0.0220919 -0.755525 -0.996394 -0.0220919 0.0819224 84.9134
0.0706028 -0.0233352 0.997232 5.82069 -0.0233352 0.999414 0.0250384 -0.752727 -0.997232 -0.0250384 0.0700169 84.939
0.0606731 -0.0261544 0.997815 6.29509 -0.0261544 0.999272 0.0277829 -0.745704 -0.997815 -0.0277829 0.0599449 84.9531
0.052212 -0.0276763 0.998252 6.81825 -0.0276763 0.999192 0.0291499 -0.737135 -0.998252 -0.0291499 0.0514038 84.9807
0.0444339 -0.0294956 0.998577 7.35248 -0.0294956 0.99909 0.0308232 -0.721908 -0.998577 -0.0308232 0.0435235 85.0189
0.0381826 -0.029056 0.998848 7.89841 -0.029056 0.999122 0.0301747 -0.705117 -0.998848 -0.0301747 0.0373049 85.0441
0.0333689 -0.0297615 0.999 8.43712 -0.0297615 0.999084 0.0307581 -0.690331 -0.999 -0.0307581 0.0324526 85.0515
0.0271893 -0.0287876 0.999216 9.01272 -0.0287876 0.999148 0.0295689 -0.679625 -0.999216 -0.0295689 0.0263374 85.0862
0.0237683 -0.0294508 0.999284 9.61283 -0.0294508 0.999112 0.0301462 -0.664024 -0.999284 -0.0301462 0.0228799 85.1031
0.020329 -0.0291475 0.999368 10.2268 -0.0291475 0.999133 0.0297336 -0.648417 -0.999368 -0.0297336 0.0194618 85.1195
0.0177983 -0.03793 0.999122 10.8927 -0.03793 0.998535 0.0385834 -0.637293 -0.999122 -0.0385834 0.0163335 85.1151
0.0188589 -0.0424859 0.998919 11.5747 -0.0424859 0.99816 0.0432557 -0.606008 -0.998919 -0.0432557 0.0170191 85.1031
0.01997 -0.0437758 0.998842 12.2415 -0.0437758 0.998045 0.0446161 -0.578394 -0.998842 -0.0446161 0.0180146 85.1145
0.0223768 -0.0437716 0.998791 12.9335 -0.0437716 0.99804 0.0447194 -0.54844 -0.998791 -0.0447194 0.020417 85.1347
0.0278634 -0.047941 0.998461 13.6359 -0.047941 0.997636 0.0492392 -0.52165 -0.998461 -0.0492392 0.0254992 85.1365
0.0340863 -0.0499564 0.99817 14.3516 -0.0499564 0.997416 0.0516247 -0.483051 -0.99817 -0.0516247 0.0315025 85.1375
0.037961 -0.0499974 0.998028 15.1 -0.0499974 0.997402 0.0518677 -0.446615 -0.998028 -0.0518677 0.0353626 85.1709
0.0402354 -0.048783 0.997999 15.8348 -0.048783 0.99752 0.0507263 -0.40669 -0.997999 -0.0507263 0.0377559 85.2183
0.0440959 -0.046275 0.997955 16.5896 -0.046275 0.99776 0.0483106 -0.372228 -0.997955 -0.0483106 0.0418558 85.2558
0.0477978 -0.0452345 0.997832 17.3756 -0.0452345 0.997851 0.0474022 -0.335714 -0.997832 -0.0474022 0.0456489 85.301
0.0518154 -0.0410499 0.997813 18.1536 -0.0410499 0.998223 0.0431985 -0.310582 -0.997813 -0.0431985 0.0500382 85.3524
0.0556616 -0.0377257 0.997737 18.9879 -0.0377257 0.998493 0.0398589 -0.295558 -0.997737 -0.0398589 0.0541544 85.4006
0.0566883 -0.0315986 0.997892 19.8261 -0.0315986 0.998942 0.0334269 -0.266274 -0.997892 -0.0334269 0.0556298 85.4602
0.056475 -0.0294448 0.99797 20.6386 -0.0294448 0.999081 0.0311439 -0.238229 -0.99797 -0.0311439 0.0555561 85.5143
0.0541248 -0.0269304 0.998171 21.4326 -0.0269304 0.999233 0.0284194 -0.221992 -0.998171 -0.0284194 0.0533581 85.6001
0.0554074 -0.0256293 0.998135 22.2407 -0.0256293 0.999305 0.027082 -0.21027 -0.998135 -0.027082 0.054712 85.6374
0.0545817 -0.0258521 0.998175 23.0652 -0.0258521 0.999293 0.0272947 -0.196335 -0.998175 -0.0272947 0.0538748 85.6942
0.054086 -0.0231438 0.998268 23.9033 -0.0231438 0.999434 0.0244247 -0.180312 -0.998268 -0.0244247 0.0535197 85.7703
0.0537794 -0.0219684 0.998311 24.7071 -0.0219684 0.99949 0.0231778 -0.176767 -0.998311 -0.0231778 0.0532694 85.8268
0.0537561 -0.0180218 0.998391 25.5419 -0.0180218 0.999657 0.019015 -0.170015 -0.998391 -0.019015 0.0534128 85.8834
0.0508098 -0.0100604 0.998658 26.2648 -0.0100604 0.999893 0.0105847 -0.176438 -0.998658 -0.0105847 0.0507031 85.9632
0.0481509 -0.00979495 0.998792 27.0486 -0.00979495 0.999899 0.010278 -0.172239 -0.998792 -0.010278 0.0480501 85.9926
0.0422497 -0.00785529 0.999076 27.8289 -0.00785529 0.999936 0.00819423 -0.165333 -0.999076 -0.00819423 0.0421853 86.0437
0.0359819 -0.00390688 0.999345 28.6676 -0.00390688 0.999984 0.00405005 -0.163555 -0.999345 -0.00405005 0.035966 86.1027
0.0293135 0.000305087 0.99957 29.4494 0.000305087 1 -0.000314165 -0.178397 -0.99957 0.000314165 0.0293134 86.134
0.021754 -0.000759936 0.999763 30.2767 -0.000759936 0.999999 0.000776652 -0.189546 -0.999763 -0.000776652 0.0217534 86.1518
0.0136731 -0.00039568 0.999906 31.0919 -0.00039568 1 0.000401127 -0.207945 -0.999906 -0.000401127 0.0136729 86.1477
0.00311453 0.000296921 0.999995 31.9417 0.000296921 1 -0.000297847 -0.208177 -0.999995 0.000297847 0.00311444 86.1687
-0.00768226 -0.000458175 0.99997 32.8063 -0.000458175 1 0.000454668 -0.218352 -0.99997 -0.000454668 -0.00768247 86.1762
-0.0182386 0.00201044 0.999832 33.5744 0.00201044 0.999996 -0.00197409 -0.238501 -0.999832 0.00197409 -0.0182426 86.1528
-0.0293463 0.000607674 0.999569 34.4137 0.000607674 1 -0.000590095 -0.252686 -0.999569 0.000590095 -0.0293467 86.1244
-0.0406197 0.000929883 0.999174 35.2685 0.000929883 0.999999 -0.000892848 -0.2643 -0.999174 0.000892848 -0.0406206 86.0925
-0.0516698 0.000905725 0.998664 36.0975 0.000905725 0.999999 -0.000860075 -0.277614 -0.998664 0.000860075 -0.0516706 86.0459
-0.0624358 0.00175674 0.998047 36.8562 0.00175674 0.999997 -0.00165027 -0.289466 -0.998047 0.00165027 -0.0624387 86.0013
-0.0728739 0.0012658 0.99734 37.6678 0.0012658 0.999999 -0.00117669 -0.303075 -0.99734 0.00117669 -0.0728754 85.9382
-0.082758 0.000440402 0.99657 38.4846 0.000440402 1 -0.000405346 -0.312372 -0.99657 0.000405346 -0.0827582 85.8792
-0.0922092 0.000397206 0.99574 39.256 0.000397206 1 -0.000362123 -0.32516 -0.99574 0.000362123 -0.0922094 85.7997
-0.101922 -0.000357575 0.994792 40.0151 -0.000357575 1 0.000322811 -0.333394 -0.994792 -0.000322811 -0.101922 85.7257
-0.111061 -0.0015999 0.993812 40.806 -0.0015999 0.999998 0.00143107 -0.335799 -0.993812 -0.00143107 -0.111063 85.6535
-0.123874 -0.00518619 0.992284 41.5664 -0.00518619 0.999976 0.00457896 -0.347823 -0.992284 -0.00457896 -0.123898 85.5603
-0.123874 -0.00518619 0.992284 42.3268 -0.00518619 0.999976 0.00457896 -0.359847 -0.992284 -0.00457896 -0.123898 85.4671
-0.123568 -0.0192199 0.99215 43.075 -0.0192199 0.999671 0.0169719 -0.324672 -0.99215 -0.0169719 -0.123896 85.3347
-0.126188 -0.0199789 0.991805 43.799 -0.0199789 0.999646 0.0175949 -0.329532 -0.991805 -0.0175949 -0.126543 85.2384
-0.128401 -0.0204511 0.991511 44.5226 -0.0204511 0.999629 0.0179701 -0.327562 -0.991511 -0.0179701 -0.128772 85.1539
-0.130376 -0.021074 0.991241 45.2147 -0.021074 0.999607 0.01848 -0.328043 -0.991241 -0.01848 -0.130769 85.0775
-0.123284 -0.0247207 0.992063 45.9504 -0.0247207 0.999456 0.0218328 -0.331751 -0.992063 -0.0218328 -0.123828 84.9575
-0.123284 -0.0247207 0.992063 46.6861 -0.0247207 0.999456 0.0218328 -0.335458 -0.992063 -0.0218328 -0.123828 84.8375
-0.115983 -0.0265396 0.992897 47.3105 -0.0265396 0.999369 0.0236124 -0.344183 -0.992897 -0.0236124 -0.116614 84.7445
-0.107099 -0.0266427 0.993891 47.9167 -0.0266427 0.999359 0.0239184 -0.339813 -0.993891 -0.0239184 -0.10774 84.6761
-0.0958415 -0.0260871 0.995055 48.5422 -0.0260871 0.999379 0.0236878 -0.336401 -0.995055 -0.0236878 -0.0964625 84.6225
-0.082517 -0.0246196 0.996286 49.1172 -0.0246196 0.99944 0.0226584 -0.344109 -0.996286 -0.0226584 -0.0830769 84.5932
-0.0649947 -0.0238339 0.997601 49.6945 -0.0238339 0.999467 0.0223256 -0.341586 -0.997601 -0.0223256 -0.0655281 84.5656
-0.0439471 -0.021677 0.998799 50.2405 -0.021677 0.99955 0.0207395 -0.347371 -0.998799 -0.0207395 -0.0443972 84.5625
-0.0187797 -0.0199071 0.999625 50.748 -0.0199071 0.999611 0.0195328 -0.349464 -0.999625 -0.0195328 -0.0191687 84.5605
0.00964101 -0.0167074 0.999814 51.2686 -0.0167074 0.999718 0.0168669 -0.344765 -0.999814 -0.0168669 0.00935915 84.579
0.0424997 -0.0151003 0.998982 51.761 -0.0151003 0.999762 0.0157545 -0.342266 -0.998982 -0.0157545 0.0422615 84.6228
0.0803471 -0.0148821 0.996656 52.2249 -0.0148821 0.999759 0.0161282 -0.339872 -0.996656 -0.0161282 0.0801063 84.6797
0.122409 -0.0137278 0.992385 52.6807 -0.0137278 0.999785 0.0155235 -0.334059 -0.992385 -0.0155235 0.122195 84.7613
0.167218 -0.0117808 0.985849 53.177 -0.0117808 0.999833 0.0139462 -0.335147 -0.985849 -0.0139462 0.167052 84.8781
0.21495 -0.00790362 0.976593 53.6668 -0.00790362 0.99992 0.00983201 -0.33562 -0.976593 -0.00983201 0.214871 85.029
0.266959 -0.00618593 0.963688 54.1588 -0.00618593 0.999948 0.0081323 -0.334259 -0.963688 -0.0081323 0.266907 85.1973
0.320638 4.71781e-005 0.947202 54.5799 4.71781e-005 1 -6.57781e-005 -0.332452 -0.947202 6.57781e-005 0.320638 85.4079
0.457432 -0.00696956 0.889217 55.1111 -0.00696956 0.99991 0.0114224 -0.319594 -0.889217 -0.0114224 0.457342 85.4847
0.457432 -0.00696956 0.889217 55.6423 -0.00696956 0.99991 0.0114224 -0.306735 -0.889217 -0.0114224 0.457342 85.5614
0.58467 -0.00914008 0.81122 56.0868 -0.00914008 0.999799 0.0178523 -0.252572 -0.81122 -0.0178523 0.584469 85.7992
0.58467 -0.00914008 0.81122 56.5314 -0.00914008 0.999799 0.0178523 -0.198409 -0.81122 -0.0178523 0.584469 86.0371
0.640077 -0.00780546 0.768271 56.8541 -0.00780546 0.999831 0.0166611 -0.191526 -0.768271 -0.0166611 0.639908 86.3529
0.691879 -0.00750309 0.721974 57.1663 -0.00750309 0.999817 0.0175809 -0.184237 -0.721974 -0.0175809 0.691696 86.6935
0.739033 -0.00754025 0.673627 57.4172 -0.00754025 0.999782 0.0194634 -0.177597 -0.673627 -0.0194634 0.738815 87.032
0.782743 -0.00842277 0.622288 57.6182 -0.00842277 0.999673 0.0241253 -0.17767 -0.622288 -0.0241253 0.782416 87.3442
0.822369 -0.00896107 0.568884 57.8186 -0.00896107 0.999548 0.0286989 -0.165572 -0.568884 -0.0286989 0.821917 87.722
0.85785 -0.00929638 0.513815 58.0024 -0.00929638 0.999392 0.0336028 -0.158763 -0.513815 -0.0336028 0.857242 88.0939
0.887523 -0.00936394 0.460669 58.1464 -0.00936394 0.99922 0.0383515 -0.15188 -0.460669 -0.0383515 0.886743 88.4811
0.912362 -0.00907371 0.409283 58.3102 -0.00907371 0.999061 0.0423758 -0.142369 -0.409283 -0.0423758 0.911423 88.9201
0.931682 -0.00829137 0.36318 58.4509 -0.00829137 0.998994 0.0440771 -0.1329 -0.36318 -0.0440771 0.930676 89.3824
0.946184 -0.00715431 0.32355 58.5652 -0.00715431 0.999049 0.0430128 -0.11885 -0.32355 -0.0430128 0.945233 89.8515
0.957432 -0.00588279 0.2886 58.6752 -0.00588279 0.999187 0.0398836 -0.0983141 -0.2886 -0.0398836 0.956619 90.3414
0.966185 -0.00509829 0.2578 58.769 -0.00509829 0.999231 0.0388684 -0.0832458 -0.2578 -0.0388684 0.965416 90.8106
0.971758 -0.00474703 0.235932 58.8567 -0.00474703 0.999202 0.0396564 -0.0724134 -0.235932 -0.0396564 0.97096 91.2489
0.975405 -0.00453405 0.220375 58.9557 -0.00453405 0.999164 0.0406252 -0.0615985 -0.220375 -0.0406252 0.974569 91.7429
0.978087 -0.00408682 0.208156 59.0383 -0.00408682 0.999238 0.0388217 -0.0376411 -0.208156 -0.0388217 0.977325 92.2523
0.980014 -0.00376098 0.198892 59.1252 -0.00376098 0.999292 0.0374281 -0.0151808 -0.198892 -0.0374281 0.979307 92.7323
0.981369 -0.00334846 0.192101 59.2271 -0.00334846 0.999398 0.0345261 0.00850481 -0.192101 -0.0345261 0.980768 93.2558
0.981867 -0.00291676 0.189547 59.3065 -0.00291676 0.999531 0.0304898 0.0173221 -0.189547 -0.0304898 0.981398 93.8008
0.981948 -0.0026673 0.189133 59.4049 -0.0026673 0.999606 0.0279455 0.0229645 -0.189133 -0.0279455 0.981554 94.3472
0.981583 -0.00238892 0.191019 59.5159 -0.00238892 0.99969 0.0247782 0.0340393 -0.191019 -0.0247782 0.981274 94.9012
0.980978 -0.00183811 0.194108 59.6429 -0.00183811 0.999822 0.0187572 0.0536319 -0.194108 -0.0187572 0.980801 95.4388
0.979746 -0.00133376 0.200241 59.7322 -0.00133376 0.999912 0.0131861 0.0751578 -0.200241 -0.0131861 0.979658 96.0017
0.97764 -0.00170658 0.21028 59.8269 -0.00170658 0.99987 0.0160489 0.0777038 -0.21028 -0.0160489 0.977509 96.4803
0.97764 -0.00170658 0.21028 59.9216 -0.00170658 0.99987 0.0160489 0.0802497 -0.21028 -0.0160489 0.977509 96.9589
0.97644 -0.00226979 0.215779 60.0322 -0.00226979 0.999781 0.020788 0.0856384 -0.215779 -0.020788 0.976221 97.5363
0.975693 -0.00306055 0.219119 60.1874 -0.00306055 0.999615 0.0275902 0.0887208 -0.219119 -0.0275902 0.975308 98.2064
0.974734 -0.00372715 0.223339 60.327 -0.00372715 0.99945 0.0329458 0.0957262 -0.223339 -0.0329458 0.974184 98.8478
0.974588 -0.00398203 0.223972 60.4949 -0.00398203 0.999376 0.0350954 0.110313 -0.223972 -0.0350954 0.973964 99.4722
0.974595 -0.0030386 0.223953 60.648 -0.0030386 0.999637 0.0267865 0.12339 -0.223953 -0.0267865 0.974232 100.131
0.974595 -0.0030386 0.223953 60.801 -0.0030386 0.999637 0.0267865 0.136468 -0.223953 -0.0267865 0.974232 100.79
0.975133 -0.00230499 0.221609 60.9635 -0.00230499 0.999786 0.0205414 0.148835 -0.221609 -0.0205414 0.974919 101.446
0.975551 -0.00175713 0.219765 61.0888 -0.00175713 0.999874 0.0157945 0.163874 -0.219765 -0.0157945 0.975425 102.09
0.976041 -0.00220559 0.217576 61.2246 -0.00220559 0.999797 0.0200292 0.176711 -0.217576 -0.0200292 0.975838 102.729
0.976353 -0.00303106 0.216163 61.3714 -0.00303106 0.999611 0.0277073 0.192195 -0.216163 -0.0277073 0.975964 103.392
0.977042 -0.00349968 0.213017 61.5347 -0.00349968 0.999467 0.0324723 0.208634 -0.213017 -0.0324723 0.976509 104.112
0.97781 -0.00338658 0.209464 61.7188 -0.00338658 0.999483 0.0319685 0.217419 -0.209464 -0.0319685 0.977294 104.879
0.97832 -0.0027723 0.207079 61.87 -0.0027723 0.999645 0.0264804 0.235494 -0.207079 -0.0264804 0.977966 105.641
0.979367 -0.00222753 0.202076 62.0312 -0.00222753 0.99976 0.0218165 0.24809 -0.202076 -0.0218165 0.979127 106.389
0.980139 -0.00188756 0.1983 62.1618 -0.00188756 0.999821 0.0188466 0.262146 -0.1983 -0.0188466 0.97996 107.048
0.980982 -0.00207349 0.194088 62.3099 -0.00207349 0.999774 0.0211609 0.270788 -0.194088 -0.0211609 0.980756 107.747
0.981524 -0.00225952 0.191327 62.4469 -0.00225952 0.999724 0.023398 0.281369 -0.191327 -0.023398 0.981247 108.483
0.98165 -0.00247495 0.190673 62.577 -0.00247495 0.999666 0.0257177 0.291543 -0.190673 -0.0257177 0.981317 109.233
0.982153 -0.00274984 0.188062 62.7403 -0.00274984 0.999576 0.0289768 0.300776 -0.188062 -0.0289768 0.98173 109.986
0.982268 -0.00292609 0.187461 62.8927 -0.00292609 0.999517 0.0309338 0.321322 -0.187461 -0.0309338 0.981785 110.779
0.983016 -0.00312068 0.183491 63.0592 -0.00312068 0.999427 0.0337159 0.322984 -0.183491 -0.0337159 0.982443 111.465
0.982689 -0.00245793 0.185248 63.1928 -0.00245793 0.999651 0.0263023 0.343944 -0.185248 -0.0263023 0.98234 112.259
0.982689 -0.00245793 0.185248 63.3263 -0.00245793 0.999651 0.0263023 0.364905 -0.185248 -0.0263023 0.98234 113.053
0.982312 -0.00214718 0.187238 63.4526 -0.00214718 0.999739 0.0227295 0.385529 -0.187238 -0.0227295 0.982052 113.847
0.981852 -0.00216267 0.189638 63.6016 -0.00216267 0.999742 0.0225985 0.393378 -0.189638 -0.0225985 0.981594 114.638
0.981055 -0.00220526 0.193719 63.7391 -0.00220526 0.999743 0.022549 0.416676 -0.193719 -0.022549 0.980798 115.455
0.981141 -0.00216066 0.193279 63.9322 -0.00216066 0.999752 0.0221443 0.423661 -0.193279 -0.0221443 0.980894 116.232
0.980539 -0.0022296 0.19631 64.1078 -0.0022296 0.999745 0.0224912 0.430744 -0.19631 -0.0224912 0.980284 117.103
0.980539 -0.0022296 0.19631 64.2834 -0.0022296 0.999745 0.0224912 0.437828 -0.19631 -0.0224912 0.980284 117.974
0.980463 -0.00221059 0.196691 64.4511 -0.00221059 0.99975 0.0222555 0.456652 -0.196691 -0.0222555 0.980213 118.842
0.98005 -0.00220756 0.19874 64.6096 -0.00220756 0.999756 0.0219912 0.468721 -0.19874 -0.0219912 0.979805 119.672
0.979563 -0.0024098 0.201123 64.7636 -0.0024098 0.999716 0.0237152 0.487109 -0.201123 -0.0237152 0.979279 120.467
0.979493 -0.00298559 0.201454 64.9344 -0.00298559 0.999565 0.02933 0.495924 -0.201454 -0.02933 0.979059 121.281
0.979416 -0.00334636 0.201825 65.1123 -0.00334636 0.999456 0.0328107 0.503314 -0.201825 -0.0328107 0.978872 122.148
0.979157 -0.00149463 0.203097 65.3067 -0.00149463 0.999893 0.0145642 0.511813 -0.203097 -0.0145642 0.97905 123.08
0.979157 -0.00149463 0.203097 65.5012 -0.00149463 0.999893 0.0145642 0.520311 -0.203097 -0.0145642 0.97905 124.011
0.979125 -0.000670963 0.203257 65.6717 -0.000670963 0.999978 0.00653313 0.525319 -0.203257 -0.00653313 0.979104 124.845
0.979226 -0.00156584 0.202766 65.8198 -0.00156584 0.999882 0.0152834 0.533655 -0.202766 -0.0152834 0.979108 125.577
0.979499 -0.00367807 0.201416 65.978 -0.00367807 0.99934 0.0361357 0.538993 -0.201416 -0.0361357 0.978839 126.372
0.97959 -0.00514542 0.200941 66.1478 -0.00514542 0.998703 0.0506575 0.545115 -0.200941 -0.0506575 0.978293 127.245
0.979598 -0.00449817 0.200917 66.3181 -0.00449817 0.999008 0.0442974 0.567251 -0.200917 -0.0442974 0.978606 128.166
0.979816 -0.00275365 0.199884 66.4776 -0.00275365 0.999624 0.0272692 0.594022 -0.199884 -0.0272692 0.97944 129.049
0.979455 -0.00196314 0.201651 66.6053 -0.00196314 0.999812 0.0192689 0.619433 -0.201651 -0.0192689 0.979268 129.866
0.979185 -0.00187216 0.202961 66.735 -0.00187216 0.999832 0.018255 0.638865 -0.202961 -0.018255 0.979017 130.61
0.978602 -0.00186123 0.205752 66.8297 -0.00186123 0.999838 0.0178969 0.65322 -0.205752 -0.0178969 0.97844 131.318
0.978367 -0.00175341 0.20687 66.9473 -0.00175341 0.999858 0.0167672 0.650218 -0.20687 -0.0167672 0.978225 132.124
0.979639 -0.00158634 0.200762 67.1123 -0.00158634 0.999876 0.0156413 0.648903 -0.200762 -0.0156413 0.979515 132.891
0.980402 -0.00127622 0.197002 67.2629 -0.00127622 0.999917 0.0128289 0.648419 -0.197002 -0.0128289 0.980319 133.735
0.980402 -0.00127622 0.197002 67.4134 -0.00127622 0.999917 0.0128289 0.647934 -0.197002 -0.0128289 0.980319 134.579
0.979965 -0.00167571 0.199163 67.516 -0.00167571 0.99986 0.0166577 0.623782 -0.199163 -0.0166577 0.979825 135.342
0.980169 -0.00213465 0.19815 67.6754 -0.00213465 0.99977 0.0213296 0.63026 -0.19815 -0.0213296 0.97994 136.167
0.980713 -0.00214103 0.19544 67.8597 -0.00214103 0.999762 0.021696 0.637881 -0.19544 -0.021696 0.980476 137.032
0.981323 -0.00187579 0.192359 68.0267 -0.00187579 0.999812 0.019319 0.641602 -0.192359 -0.019319 0.981134 137.861
0.982086 -0.00153225 0.188425 68.1568 -0.00153225 0.999869 0.016117 0.652874 -0.188425 -0.016117 0.981955 138.619
0.983348 -0.00143663 0.181729 68.296 -0.00143663 0.999876 0.015678 0.656317 -0.181729 -0.015678 0.983224 139.338
0.984643 -0.00194959 0.174567 68.3799 -0.00194959 0.999752 0.0221621 0.654362 -0.174567 -0.0221621 0.984396 139.949
0.985571 -0.0026 0.169242 68.4824 -0.0026 0.999531 0.0304963 0.65709 -0.169242 -0.0304963 0.985103 140.659
0.986117 -0.00332798 0.166021 68.5762 -0.00332798 0.999202 0.0397968 0.666826 -0.166021 -0.0397968 0.985319 141.363
0.986873 -0.00324937 0.161465 68.7031 -0.00324937 0.999196 0.0399681 0.699125 -0.161465 -0.0399681 0.986069 142.179
0.987479 -0.00276144 0.157724 68.8155 -0.00276144 0.999391 0.0347862 0.715365 -0.157724 -0.0347862 0.98687 143.023
0.98852 -0.00185637 0.151082 68.9262 -0.00185637 0.9997 0.0244296 0.731431 -0.151082 -0.0244296 0.988219 143.823
0.989267 -0.00149813 0.146113 69.0173 -0.00149813 0.999791 0.0203943 0.73654 -0.146113 -0.0203943 0.989058 144.58
0.989966 -0.00146894 0.141296 69.0892 -0.00146894 0.999785 0.0206858 0.752887 -0.141296 -0.0206858 0.989751 145.309
0.991004 -0.0015459 0.13382 69.1752 -0.0015459 0.999734 0.0229971 0.756397 -0.13382 -0.0229971 0.990739 146.056
0.991827 -0.00128678 0.127586 69.2348 -0.00128678 0.999797 0.0200867 0.762393 -0.127586 -0.0200867 0.991624 146.826
0.993046 -0.000812203 0.117723 69.3149 -0.000812203 0.999905 0.0137499 0.766091 -0.117723 -0.0137499 0.992951 147.577
0.993983 -0.000619993 0.109534 69.3886 -0.000619993 0.999936 0.0112861 0.772601 -0.109534 -0.0112861 0.993919 148.302
0.99483 -0.000703584 0.101556 69.4545 -0.000703584 0.999904 0.0138196 0.778677 -0.101556 -0.0138196 0.994734 149.04
0.995632 -0.000960335 0.0933558 69.5214 -0.000960335 0.999789 0.0205266 0.779589 -0.0933558 -0.0205266 0.995421 149.797
0.996345 -0.00109143 0.0854143 69.5702 -0.00109143 0.999674 0.0255054 0.784785 -0.0854143 -0.0255054 0.996019 150.599
0.996921 -0.00111882 0.078406 69.6187 -0.00111882 0.999593 0.0284895 0.794911 -0.078406 -0.0284895 0.996514 151.408
0.997432 -0.00108909 0.0716098 69.6762 -0.00108909 0.999538 0.0303713 0.80654 -0.0716098 -0.0303713 0.99697 152.227
0.997696 -0.000982936 0.0678426 69.7164 -0.000982936 0.999581 0.0289375 0.809106 -0.0678426 -0.0289375 0.997276 153.015
0.998048 -0.000741225 0.0624402 69.767 -0.000741225 0.999718 0.0237154 0.812793 -0.0624402 -0.0237154 0.997767 153.811
0.99824 -0.000485492 0.0593098 69.7975 -0.000485492 0.999866 0.0163559 0.825089 -0.0593098 -0.0163559 0.998106 154.611
0.998407 -0.000379301 0.0564265 69.8307 -0.000379301 0.99991 0.0134328 0.837172 -0.0564265 -0.0134328 0.998316 155.34
0.998589 -0.000495108 0.0530927 69.8666 -0.000495108 0.999826 0.0186359 0.849796 -0.0530927 -0.0186359 0.998416 156.124
0.998715 -0.000731617 0.0506715 69.8971 -0.000731617 0.999583 0.0288523 0.858182 -0.0506715 -0.0288523 0.998299 156.946
0.99889 -0.000842747 0.0471031 69.9284 -0.000842747 0.99936 0.0357518 0.868179 -0.0471031 -0.0357518 0.99825 157.753
0.999072 -0.000697106 0.043071 69.9491 -0.000697106 0.999476 0.0323466 0.881326 -0.043071 -0.0323466 0.998548 158.656
0.999282 -0.000427746 0.0378963 69.9725 -0.000427746 0.999745 0.0225635 0.895251 -0.0378963 -0.0225635 0.999027 159.46
0.999539 -0.00026717 0.0303593 70.0044 -0.00026717 0.999845 0.0175951 0.911881 -0.0303593 -0.0175951 0.999384 160.217
0.999738 -0.000219202 0.0228943 70.0144 -0.000219202 0.999817 0.0191448 0.919289 -0.0228943 -0.0191448 0.999555 161.045
0.999884 -0.000193863 0.0152485 70.0178 -0.000193863 0.999677 0.0254215 0.923121 -0.0152485 -0.0254215 0.999561 161.866
0.999974 -9.74464e-005 0.00719057 70.0373 -9.74464e-005 0.999633 0.0270986 0.966452 -0.00719057 -0.0270986 0.999607 162.709
1 -1.45225e-005 0.000941387 70.0502 -1.45225e-005 0.999524 0.030846 0.986696 -0.000941387 -0.030846 0.999524 163.522
0.999991 6.19199e-005 -0.00417019 70.0283 6.19199e-005 0.999559 0.0296897 1.01355 0.00417019 -0.0296897 0.99955 164.388
0.999942 0.000122104 -0.010802 70.0219 0.000122104 0.999744 0.022604 1.01993 0.010802 -0.022604 0.999686 165.223
0.999838 0.000109852 -0.0179847 70.0075 0.000109852 0.999925 0.0122148 1.02925 0.0179847 -0.0122148 0.999764 166.032
0.999717 9.46916e-005 -0.0237789 69.9892 9.46916e-005 0.999968 0.00796309 1.03599 0.0237789 -0.00796309 0.999686 166.778
0.999542 0.000236104 -0.0302681 69.9848 0.000236104 0.999878 0.0155964 1.02266 0.0302681 -0.0155964 0.99942 167.483
0.999371 0.000514107 -0.0354556 69.9424 0.000514107 0.99958 0.0289848 1.0323 0.0354556 -0.0289848 0.998951 168.27
0.999214 0.000730575 -0.0396278 69.8893 0.000730575 0.999321 0.0368448 1.03991 0.0396278 -0.0368448 0.998535 169.098
0.999036 0.000737666 -0.0438923 69.8535 0.000737666 0.999436 0.0335869 1.05774 0.0438923 -0.0335869 0.998472 170.022
0.998965 0.000518748 -0.0454896 69.7988 0.000518748 0.99974 0.0227926 1.07385 0.0454896 -0.0227926 0.998705 170.911
0.998871 0.000329475 -0.0474983 69.7251 0.000329475 0.999904 0.0138646 1.08716 0.0474983 -0.0138646 0.998775 171.766
0.998813 0.000251067 -0.0487145 69.6678 0.000251067 0.999947 0.0103013 1.09218 0.0487145 -0.0103013 0.99876 172.582
0.998688 0.000364138 -0.0512064 69.6349 0.000364138 0.999899 0.0142123 1.10367 0.0512064 -0.0142123 0.998587 173.381
0.998669 0.000594152 -0.0515729 69.5945 0.000594152 0.999735 0.0230229 1.10727 0.0515729 -0.0230229 0.998404 174.204
0.99864 0.000738573 -0.0521325 69.5526 0.000738573 0.999599 0.0283095 1.12036 0.0521325 -0.0283095 0.998239 175.061
0.998518 0.000735494 -0.0544091 69.5114 0.000735494 0.999635 0.0270107 1.13678 0.0544091 -0.0270107 0.998153 175.932
0.998428 0.000491102 -0.0560415 69.4595 0.000491102 0.999847 0.0175113 1.14698 0.0560415 -0.0175113 0.998275 176.801
0.998309 0.000157415 -0.0581378 69.4256 0.000157415 0.999985 0.00541061 1.14957 0.0581378 -0.00541061 0.998294 177.57
0.997979 3.80622e-005 -0.0635524 69.4349 3.80622e-005 0.999999 0.00119661 1.1493 0.0635524 -0.00119661 0.997978 178.333
0.997842 0.000567021 -0.0656619 69.3803 0.000567021 0.999851 0.017251 1.14567 0.0656619 -0.017251 0.997693 179.078
0.997842 0.000567021 -0.0656619 69.3258 0.000567021 0.999851 0.017251 1.14205 0.0656619 -0.017251 0.997693 179.824
0.997691 0.000693567 -0.0679191 69.2714 0.000693567 0.999792 0.0203976 1.14292 0.0679191 -0.0203976 0.997482 180.653
0.9978 0.000529259 -0.0663 69.1887 0.000529259 0.999873 0.015947 1.15027 0.0663 -0.015947 0.997672 181.497
0.997674 0.000319817 -0.0681715 69.1406 0.000319817 0.999956 0.00937158 1.15823 0.0681715 -0.00937158 0.99763 182.412
0.997685 0.000316453 -0.0680113 69.07 0.000316453 0.999957 0.00929493 1.15954 0.0680113 -0.00929493 0.997641 183.27
0.99773 0.000428418 -0.0673425 68.9929 0.000428418 0.999919 0.0127086 1.15764 0.0673425 -0.0127086 0.997649 184.105
0.997723 0.000553373 -0.0674403 68.9206 0.000553373 0.999866 0.016391 1.15271 0.0674403 -0.016391 0.997589 184.944
0.997739 0.000664886 -0.0672116 68.8557 0.000664886 0.999805 0.0197606 1.1516 0.0672116 -0.0197606 0.997543 185.754
0.997703 0.000649705 -0.0677332 68.7934 0.000649705 0.999816 0.0191604 1.15427 0.0677332 -0.0191604 0.997519 186.599
0.997612 0.000526979 -0.0690592 68.7557 0.000526979 0.999884 0.0152426 1.14547 0.0690592 -0.0152426 0.997496 187.372
0.997525 0.00034384 -0.0703145 68.7082 0.00034384 0.999952 0.00976773 1.14363 0.0703145 -0.00976773 0.997477 188.086
0.997404 0.000367786 -0.072004 68.6525 0.000367786 0.999948 0.0102022 1.14325 0.072004 -0.0102022 0.997352 188.833
0.997231 0.000736154 -0.0743581 68.5955 0.000736154 0.999804 0.0197709 1.1473 0.0743581 -0.0197709 0.997036 189.607
0.997079 0.00109032 -0.0763737 68.5362 0.00109032 0.999593 0.0285047 1.14833 0.0763737 -0.0285047 0.996672 190.417
0.997062 0.0011545 -0.0765934 68.476 0.0011545 0.999546 0.0300951 1.14877 0.0765934 -0.0300951 0.996608 191.225
0.996917 0.000919656 -0.0784559 68.4292 0.000919656 0.999726 0.0234045 1.15442 0.0784559 -0.0234045 0.996643 192.006
0.997006 0.000716501 -0.0773219 68.3567 0.000716501 0.999829 0.0185036 1.16072 0.0773219 -0.0185036 0.996834 192.758
0.997066 0.0004881 -0.0765411 68.2949 0.0004881 0.999919 0.0127347 1.15682 0.0765411 -0.0127347 0.996985 193.473
0.997127 0.00034197 -0.0757419 68.2538 0.00034197 0.999959 0.00901673 1.15017 0.0757419 -0.00901673 0.997087 194.12
0.997628 8.49446e-005 -0.0688327 68.2067 8.49446e-005 0.999997 0.00246521 1.15101 0.0688327 -0.00246521 0.997625 194.789
0.997628 8.49446e-005 -0.0688327 68.1596 8.49446e-005 0.999997 0.00246521 1.15185 0.0688327 -0.00246521 0.997625 195.458
0.997976 0.00023697 -0.0635976 68.1093 0.00023697 0.999972 0.00744453 1.15051 0.0635976 -0.00744453 0.997948 196.049
0.998357 0.000487232 -0.0573037 68.0792 0.000487232 0.999856 0.01699 1.14377 0.0573037 -0.01699 0.998212 196.633
0.998617 0.00057105 -0.0525805 68.0507 0.00057105 0.999764 0.0217034 1.14169 0.0525805 -0.0217034 0.998381 197.296
0.998919 0.000479779 -0.0464731 68.0104 0.000479779 0.999787 0.0206343 1.13677 0.0464731 -0.0206343 0.998706 197.968
0.99924 0.00025127 -0.0389707 67.9778 0.00025127 0.999917 0.0128899 1.13612 0.0389707 -0.0128899 0.999157 198.541
0.999497 6.6405e-005 -0.0316991 67.9623 6.6405e-005 0.999991 0.00418864 1.13292 0.0316991 -0.00418864 0.999489 199.151
0.999705 -1.04658e-005 -0.0242793 67.94 -1.04658e-005 1 -0.000861988 1.13487 0.0242793 0.000861988 0.999705 199.73
0.999874 3.35662e-006 -0.0158822 67.915 3.35662e-006 1 0.000422661 1.13327 0.0158822 -0.000422661 0.999874 200.264
0.999939 3.13984e-005 -0.011062 67.9232 3.13984e-005 0.999984 0.00567657 1.1296 0.011062 -0.00567657 0.999923 200.876
0.999989 2.74855e-005 -0.00466137 67.9222 2.74855e-005 0.99993 0.0117924 1.12041 0.00466137 -0.0117924 0.99992 201.496
1 -6.20072e-006 0.000939309 67.929 -6.20072e-006 0.999913 0.0132022 1.11581 -0.000939309 -0.0132022 0.999912 202.101
0.999989 -3.40173e-005 0.00479196 67.9227 -3.40173e-005 0.999899 0.0141969 1.11608 -0.00479196 -0.0141969 0.999888 202.712
0.999978 -5.15218e-005 0.00670454 67.9103 -5.15218e-005 0.999882 0.0153681 1.12186 -0.00670454 -0.0153681 0.999859 203.313
0.999984 -4.91242e-005 0.00558662 67.9219 -4.91242e-005 0.999845 0.0175849 1.1229 -0.00558662 -0.0175849 0.99983 203.933
0.999994 -3.57225e-005 0.00351701 67.9338 -3.57225e-005 0.999794 0.020312 1.12462 -0.00351701 -0.020312 0.999788 204.568
0.999993 -3.92037e-005 0.00370237 67.9291 -3.92037e-005 0.999776 0.0211752 1.13886 -0.00370237 -0.0211752 0.999769 205.211
0.999993 -2.94252e-005 0.0036548 67.9134 -2.94252e-005 0.99987 0.0161011 1.14276 -0.0036548 -0.0161011 0.999864 205.855
0.999997 -9.20305e-006 0.0025735 67.9046 -9.20305e-006 0.999974 0.00715207 1.1461 -0.0025735 -0.00715207 0.999971 206.488
0.999999 8.77546e-007 0.00124098 67.8981 8.77546e-007 0.999999 -0.00141428 1.14323 -0.00124098 0.00141428 0.999998 207.076
0.999998 -7.00251e-006 -0.00219477 67.9021 -7.00251e-006 0.99998 -0.00638101 1.14822 0.00219477 0.00638101 0.999977 207.645
0.999985 -1.94557e-006 -0.00539851 67.888 -1.94557e-006 1 -0.000720775 1.14847 0.00539851 0.000720775 0.999985 208.232
0.999957 5.33292e-005 -0.00925595 67.8653 5.33292e-005 0.999934 0.0115226 1.14731 0.00925595 -0.0115226 0.999891 208.819
0.999906 0.000175685 -0.0136748 67.8535 0.000175685 0.99967 0.0256893 1.14781 0.0136748 -0.0256893 0.999576 209.462
0.999831 0.000323184 -0.0183575 67.8535 0.000323184 0.99938 0.0351961 1.14766 0.0183575 -0.0351961 0.999212 210.158
0.999791 0.000339979 -0.0204186 67.831 0.000339979 0.999446 0.0332882 1.1545 0.0204186 -0.0332882 0.999237 210.868
0.999738 0.000315736 -0.0228817 67.8053 0.000315736 0.999619 0.0275884 1.15943 0.0228817 -0.0275884 0.999357 211.596
0.999647 0.000251999 -0.0265494 67.7724 0.000251999 0.99982 0.0189783 1.17031 0.0265494 -0.0189783 0.999467 212.281
0.999594 0.000195918 -0.028492 67.7578 0.000195918 0.999905 0.0137491 1.18461 0.028492 -0.0137491 0.999499 212.964
0.999591 0.00026132 -0.0285943 67.7362 0.00026132 0.999833 0.0182725 1.19543 0.0285943 -0.0182725 0.999424 213.656
0.999536 0.000336587 -0.0304523 67.7253 0.000336587 0.999756 0.0220981 1.20174 0.0304523 -0.0220981 0.999292 214.37
0.999471 0.000410451 -0.0325163 67.7081 0.000410451 0.999681 0.0252351 1.19859 0.0325163 -0.0252351 0.999153 215.093
0.999425 0.000365756 -0.033915 67.6951 0.000365756 0.999767 0.0215603 1.20955 0.033915 -0.0215603 0.999192 215.783
0.999424 0.000284995 -0.0339308 67.6658 0.000284995 0.999859 0.0167926 1.21367 0.0339308 -0.0167926 0.999283 216.478
0.99942 0.000260819 -0.034049 67.6419 0.000260819 0.999883 0.0153149 1.21968 0.034049 -0.0153149 0.999303 217.157
0.999409 0.000317584 -0.0343736 67.6141 0.000317584 0.999829 0.0184714 1.22308 0.0343736 -0.0184714 0.999238 217.825
0.999435 0.000387872 -0.0335969 67.5767 0.000387872 0.999734 0.0230801 1.2264 0.0335969 -0.0230801 0.999169 218.524
0.999468 0.00042248 -0.0326093 67.5296 0.00042248 0.999664 0.0259004 1.23211 0.0326093 -0.0259004 0.999133 219.276
0.999476 0.000384589 -0.0323656 67.505 0.000384589 0.999718 0.0237557 1.23267 0.0323656 -0.0237557 0.999194 220.009
0.999519 0.000259134 -0.0310104 67.4736 0.000259134 0.99986 0.0167075 1.23903 0.0310104 -0.0167075 0.999379 220.756
0.999527 0.000111084 -0.0307533 67.4497 0.000111084 0.999974 0.00722243 1.23961 0.0307533 -0.00722243 0.999501 221.463
0.999538 2.94825e-005 -0.0303884 67.4227 2.94825e-005 0.999998 0.00193993 1.24068 0.0303884 -0.00193993 0.999536 222.086
0.999505 6.29014e-005 -0.0314747 67.4286 6.29014e-005 0.999992 0.00399594 1.227 0.0314747 -0.00399594 0.999497 222.717
0.999481 0.000292933 -0.032228 67.411 0.000292933 0.999835 0.0181726 1.2207 0.032228 -0.0181726 0.999315 223.265
0.999481 0.000292933 -0.032228 67.3934 0.000292933 0.999835 0.0181726 1.2144 0.032228 -0.0181726 0.999315 223.812
0.99937 0.000381001 -0.03549 67.3921 0.000381001 0.99977 0.0214617 1.23616 0.03549 -0.0214617 0.99914 224.46
0.999222 0.000480701 -0.0394282 67.4217 0.000480701 0.999703 0.0243705 1.2318 0.0394282 -0.0243705 0.998925 225.056
0.998803 0.000638059 -0.0489091 67.4083 0.000638059 0.99966 0.0260716 1.23695 0.0489091 -0.0260716 0.998463 225.723
0.998803 0.000638059 -0.0489091 67.3948 0.000638059 0.99966 0.0260716 1.2421 0.0489091 -0.0260716 0.998463 226.391
0.99834 0.000706501 -0.0575895 67.372 0.000706501 0.999699 0.0245117 1.23804 0.0575895 -0.0245117 0.998039 226.982
0.997648 0.00071232 -0.0685464 67.3333 0.00071232 0.999784 0.0207569 1.23911 0.0685464 -0.0207569 0.997432 227.488
0.996539 0.000723628 -0.0831267 67.289 0.000723628 0.999849 0.0173788 1.23879 0.0831267 -0.0173788 0.996387 228.026
0.994819 0.000763434 -0.101657 67.2094 0.000763434 0.999888 0.01498 1.25448 0.101657 -0.01498 0.994707 228.557
0.992308 0.000990047 -0.123789 67.1397 0.000990047 0.999873 0.0159332 1.25561 0.123789 -0.0159332 0.992181 229.049
0.988911 0.00145609 -0.148501 67.0731 0.00145609 0.999809 0.0194999 1.2544 0.148501 -0.0194999 0.98872 229.441
0.984374 0.00202627 -0.176079 66.9982 0.00202627 0.999737 0.0228325 1.25609 0.176079 -0.0228325 0.984111 229.767
0.978137 0.0024326 -0.207946 66.8916 0.0024326 0.999729 0.0231375 1.25304 0.207946 -0.0231375 0.977867 230.189
0.969981 0.00264206 -0.243167 66.7509 0.00264206 0.999767 0.0214017 1.25531 0.243167 -0.0214017 0.969748 230.618
0.959158 0.00283942 -0.282858 66.6131 0.00283942 0.999803 0.0196647 1.26036 0.282858 -0.0196647 0.95896 231.009
0.945828 0.00320631 -0.324651 66.4441 0.00320631 0.99981 0.0192155 1.26252 0.324651 -0.0192155 0.945639 231.383
0.929316 0.00398351 -0.369264 66.2705 0.00398351 0.999776 0.0208104 1.27128 0.369264 -0.0208104 0.929091 231.742
0.909863 0.00542431 -0.414873 66.0738 0.00542431 0.999674 0.0249665 1.27737 0.414873 -0.0249665 0.909537 232.079
0.886792 0.00765053 -0.462106 65.8643 0.00765053 0.999483 0.0312288 1.27937 0.462106 -0.0312288 0.886275 232.39
0.860238 0.0106336 -0.509782 65.6447 0.0106336 0.999191 0.0387859 1.28389 0.509782 -0.0387859 0.859429 232.673
0.830406 0.0138375 -0.556986 65.3917 0.0138375 0.998871 0.0454458 1.29334 0.556986 -0.0454458 0.829277 232.953
0.796271 0.0171685 -0.604697 65.1363 0.0171685 0.998553 0.0509585 1.30327 0.604697 -0.0509585 0.794824 233.221
0.760468 0.0218483 -0.649007 64.8511 0.0218483 0.998007 0.0591976 1.32019 0.649007 -0.0591976 0.758476 233.473
0.722781 0.0280973 -0.690505 64.53 0.0280973 0.997152 0.0699858 1.33898 0.690505 -0.0699858 0.719934 233.72
0.684284 0.035572 -0.728348 64.1827 0.035572 0.995992 0.0820636 1.36006 0.728348 -0.0820636 0.680276 233.952
0.643782 0.0425078 -0.764027 63.8135 0.0425078 0.994928 0.0911721 1.38707 0.764027 -0.0911721 0.63871 234.171
0.600521 0.0472372 -0.798212 63.428 0.0472372 0.994414 0.0943863 1.42186 0.798212 -0.0943863 0.594935 234.391
0.555452 0.0521669 -0.829911 62.9439 0.0521669 0.993878 0.0973885 1.45602 0.829911 -0.0973885 0.54933 234.624
0.507724 0.0543697 -0.859803 62.458 0.0543697 0.993995 0.0949614 1.48633 0.859803 -0.0949614 0.501719 234.836
0.457655 0.054811 -0.887439 62.0383 0.054811 0.994461 0.0896872 1.52402 0.887439 -0.0896872 0.452116 234.993
0.404693 0.0535344 -0.912884 61.6065 0.0535344 0.995186 0.0820932 1.55673 0.912884 -0.0820932 0.399878 235.148
0.351366 0.0544856 -0.934651 61.1557 0.0544856 0.995423 0.0785113 1.5865 0.934651 -0.0785113 0.346789 235.28
0.301555 0.0584363 -0.951656 60.7102 0.0584363 0.995111 0.0796215 1.61461 0.951656 -0.0796215 0.296666 235.367
0.253423 0.0637455 -0.965253 60.2368 0.0637455 0.994557 0.0824169 1.65133 0.965253 -0.0824169 0.24798 235.446
0.207606 0.0675751 -0.975876 59.7448 0.0675751 0.994237 0.0832224 1.68402 0.975876 -0.0832224 0.201843 235.513
0.166853 0.0736599 -0.983226 59.3121 0.0736599 0.993488 0.0869287 1.71337 0.983226 -0.0869287 0.160341 235.515
0.092441 0.0796473 -0.992528 58.7807 0.0796473 0.99301 0.0871042 1.74678 0.992528 -0.0871042 0.0854512 235.551
0.092441 0.0796473 -0.992528 58.2492 0.0796473 0.99301 0.0871042 1.78019 0.992528 -0.0871042 0.0854512 235.587
0.0645929 0.0842563 -0.994348 57.6688 0.0842563 0.992411 0.0895654 1.82759 0.994348 -0.0895654 0.0570035 235.592
0.0396838 0.0866484 -0.995448 57.2061 0.0866484 0.992182 0.0898183 1.86946 0.995448 -0.0898183 0.0318656 235.592
0.0179483 0.0902483 -0.995758 56.6831 0.0902483 0.991706 0.0915078 1.9121 0.995758 -0.0915078 0.00965469 235.579
0.000468528 0.0953224 -0.995446 56.2176 0.0953224 0.990909 0.0949328 1.94955 0.995446 -0.0949328 -0.00862209 235.557
-0.0122789 0.100746 -0.994836 55.86 0.100746 0.989973 0.0990098 1.98148 0.994836 -0.0990098 -0.0223055 235.521
-0.0212436 0.105818 -0.994159 55.3842 0.105818 0.989035 0.103011 2.02584 0.994159 -0.103011 -0.0322081 235.488
-0.0267581 0.106449 -0.993958 54.8363 0.106449 0.988964 0.103049 2.08158 0.993958 -0.103049 -0.0377943 235.454
-0.0336453 0.105138 -0.993888 54.2384 0.105138 0.989306 0.101094 2.13208 0.993888 -0.101094 -0.0443395 235.463
-0.0373902 0.103189 -0.993959 53.6614 0.103189 0.989736 0.0988687 2.19551 0.993959 -0.0988687 -0.0476544 235.454
-0.0401672 0.103615 -0.993806 53.0397 0.103615 0.989678 0.0989971 2.25184 0.993806 -0.0989971 -0.0504888 235.444
-0.0443463 0.101136 -0.993884 52.3874 0.101136 0.990206 0.0962491 2.31813 0.993884 -0.0962491 -0.0541405 235.455
-0.0435337 0.102559 -0.993774 51.7455 0.102559 0.98992 0.0976689 2.37804 0.993774 -0.0976689 -0.0536133 235.413
-0.0442952 0.0966117 -0.994336 51.0614 0.0966117 0.991062 0.0919897 2.44109 0.994336 -0.0919897 -0.0532332 235.395
-0.0448243 0.0909859 -0.994843 50.3652 0.0909859 0.992077 0.0866334 2.5072 0.994843 -0.0866334 -0.0527476 235.368
-0.0403917 0.092878 -0.994858 49.7166 0.092878 0.991709 0.0888131 2.57186 0.994858 -0.0888131 -0.0486831 235.3
-0.0386331 0.0937956 -0.994842 49.0354 0.0937956 0.99153 0.089841 2.62841 0.994842 -0.089841 -0.0471035 235.258
-0.035283 0.093586 -0.994986 48.2891 0.093586 0.99154 0.0899432 2.69822 0.994986 -0.0899432 -0.0437429 235.22
-0.035283 0.093586 -0.994986 47.5429 0.093586 0.99154 0.0899432 2.76804 0.994986 -0.0899432 -0.0437429 235.182
-0.0333069 0.0932274 -0.995088 46.7492 0.0932274 0.991589 0.0897792 2.8394 0.995088 -0.0897792 -0.041718 235.131
-0.0314542 0.0902525 -0.995422 45.9335 0.0902525 0.992103 0.0870997 2.91779 0.995422 -0.0870997 -0.0393513 235.095
-0.0307668 0.0872322 -0.995713 45.1391 0.0872322 0.992618 0.0842656 2.97457 0.995713 -0.0842656 -0.0381491 235.059
-0.0242379 0.0912553 -0.995533 44.3355 0.0912553 0.99187 0.0886978 3.0366 0.995533 -0.0886978 -0.0323683 234.977
-0.0252139 0.0880209 -0.995799 43.4711 0.0880209 0.992443 0.0854955 3.11049 0.995799 -0.0854955 -0.032771 234.957
-0.0253821 0.0856308 -0.996004 42.6057 0.0856308 0.992849 0.0831774 3.17501 0.996004 -0.0831774 -0.0325332 234.926
-0.0254721 0.0845129 -0.996097 41.7173 0.0845129 0.993035 0.0820919 3.2355 0.996097 -0.0820919 -0.0324371 234.898
-0.0271749 0.0816417 -0.996291 40.7826 0.0816417 0.993511 0.079187 3.29053 0.996291 -0.079187 -0.0336639 234.89
-0.0273953 0.084188 -0.996073 39.9236 0.084188 0.993101 0.0816213 3.35165 0.996073 -0.0816213 -0.0342939 234.842
-0.029258 0.0813811 -0.996254 39.0225 0.0813811 0.993565 0.0787715 3.41833 0.996254 -0.0787715 -0.0356927 234.818
-0.0311708 0.0800681 -0.996302 38.1781 0.0800681 0.993783 0.0773606 3.47967 0.996302 -0.0773606 -0.0373879 234.771
-0.0361064 0.0770886 -0.99637 37.2792 0.0770886 0.994264 0.0741322 3.53594 0.99637 -0.0741322 -0.041842 234.743
-0.0407043 0.0759274 -0.996282 36.373 0.0759274 0.994461 0.0726864 3.58714 0.996282 -0.0726864 -0.0462438 234.726
-0.0414284 0.077708 -0.996115 35.3556 0.077708 0.994202 0.0743269 3.64806 0.996115 -0.0743269 -0.0472268 234.654
-0.0393051 0.078382 -0.996148 34.2553 0.078382 0.994089 0.0751272 3.7067 0.996148 -0.0751272 -0.0452165 234.526
-0.0405183 0.0771349 -0.996197 33.0583 0.0771349 0.994282 0.0738493 3.7905 0.996197 -0.0738493 -0.0462364 234.376
-0.0405183 0.0771349 -0.996197 31.8614 0.0771349 0.994282 0.0738493 3.8743 0.996197 -0.0738493 -0.0462364 234.226
-0.0366602 0.0799903 -0.996121 30.7626 0.0799903 0.993828 0.0768623 3.93695 0.996121 -0.0768623 -0.0428324 234.087
-0.0323092 0.0845277 -0.995897 29.5531 0.0845277 0.993079 0.0815462 4.04843 0.995897 -0.0815462 -0.0392305 234.021
-0.0308669 0.0885499 -0.995593 28.2417 0.0885499 0.992394 0.08552 4.12279 0.995593 -0.08552 -0.0384732 233.935
-0.031839 0.0891501 -0.995509 26.871 0.0891501 0.992297 0.0860113 4.21851 0.995509 -0.0860113 -0.0395415 233.884
-0.0353308 0.0881263 -0.995483 25.5003 0.0881263 0.992499 0.0847345 4.32761 0.995483 -0.0847345 -0.0428321 233.889
-0.0324427 0.0876246 -0.995625 24.1295 0.0876246 0.992563 0.0844998 4.42085 0.995625 -0.0844998 -0.0398795 233.835
-0.0324427 0.0876246 -0.995625 22.7588 0.0876246 0.992563 0.0844998 4.51409 0.995625 -0.0844998 -0.0398795 233.781
-0.029329 0.0826063 -0.996151 22.7423 0.0826063 0.993371 0.0799436 4.51528 0.996151 -0.0799436 -0.0359584 233.78
-0.029329 0.0826063 -0.996151 22.7259 0.0826063 0.993371 0.0799436 4.51647 0.996151 -0.0799436 -0.0359584 233.779
-0.0245661 0.0802103 -0.996475 22.6096 0.0802103 0.993721 0.0780111 4.52343 0.996475 -0.0780111 -0.0308456 233.777
-0.0218461 0.0786423 -0.996664 22.3937 0.0786423 0.993948 0.0767042 4.53804 0.996664 -0.0767042 -0.0278985 233.77
-0.0170632 0.0800399 -0.996646 22.0791 0.0800399 0.993701 0.0784331 4.55793 0.996646 -0.0784331 -0.0233621 233.742
-0.0149588 0.0758471 -0.997007 21.6634 0.0758471 0.994332 0.0745056 4.58215 0.997007 -0.0745056 -0.0206268 233.732
-0.0149588 0.0758471 -0.997007 21.2478 0.0758471 0.994332 0.0745056 4.60637 0.997007 -0.0745056 -0.0206268 233.722
-0.0112631 0.0745462 -0.997154 20.7353 0.0745462 0.994505 0.0735061 4.63849 0.997154 -0.0735061 -0.0167584 233.666
-0.014632 0.0750124 -0.997075 20.1203 0.0750124 0.994454 0.0737144 4.67764 0.997075 -0.0737144 -0.0201777 233.649
-0.014632 0.0750124 -0.997075 19.5053 0.0750124 0.994454 0.0737144 4.7168 0.997075 -0.0737144 -0.0201777 233.631
-0.0245964 0.0674118 -0.997422 18.7945 0.0674118 0.995565 0.0656239 4.78167 0.997422 -0.0656239 -0.0290316 233.693
-0.0308189 0.0668504 -0.997287 17.9795 0.0668504 0.995665 0.0646758 4.82705 0.997287 -0.0646758 -0.0351543 233.671
-0.0308189 0.0668504 -0.997287 17.1646 0.0668504 0.995665 0.0646758 4.87244 0.997287 -0.0646758 -0.0351543 233.649
-0.0291126 0.0734221 -0.996876 16.4076 0.0734221 0.994762 0.0711222 4.89892 0.996876 -0.0711222 -0.034351 233.538
-0.040813 0.0705807 -0.996671 15.5524 0.0705807 0.995214 0.0675873 4.95005 0.996671 -0.0675873 -0.0455993 233.51
-0.040813 0.0705807 -0.996671 14.6972 0.0705807 0.995214 0.0675873 5.00119 0.996671 -0.0675873 -0.0455993 233.481
-0.0445416 0.072753 -0.996355 13.8575 0.072753 0.994933 0.0693967 5.04546 0.996355 -0.0693967 -0.0496089 233.408
-0.0474245 0.0761832 -0.995965 12.9867 0.0761832 0.994459 0.0724404 5.09048 0.995965 -0.0724404 -0.0529656 233.351
-0.0506701 0.0799435 -0.995511 12.0301 0.0799435 0.993917 0.0757465 5.14665 0.995511 -0.0757465 -0.0567528 233.302
-0.0529973 0.083632 -0.995086 11.0953 0.083632 0.993358 0.0790325 5.19648 0.995086 -0.0790325 -0.0596396 233.232
-0.0543443 0.0882928 -0.994611 10.1737 0.0882928 0.992606 0.0832906 5.26368 0.994611 -0.0832906 -0.0617381 233.172
-0.0557531 0.0915001 -0.994243 9.35251 0.0915001 0.99207 0.0861691 5.32353 0.994243 -0.0861691 -0.0636832 233.107
-0.0501451 0.0961471 -0.994103 8.55301 0.0961471 0.991197 0.0910162 5.38957 0.994103 -0.0910162 -0.0589479 232.985
-0.0460794 0.103095 -0.993604 7.84824 0.103095 0.98984 0.0979237 5.42355 0.993604 -0.0979237 -0.0562399 232.894
-0.0460794 0.103095 -0.993604 7.14347 0.103095 0.98984 0.0979237 5.45753 0.993604 -0.0979237 -0.0562399 232.802
-0.0452925 0.105977 -0.993337 6.40687 0.105977 0.989256 0.100709 5.5183 0.993337 -0.100709 -0.0560369 232.755
-0.0412616 0.111601 -0.992896 5.74566 0.111601 0.988039 0.106417 5.57061 0.992896 -0.106417 -0.0532228 232.688
-0.0444961 0.108838 -0.993063 5.05957 0.108838 0.988659 0.103479 5.63895 0.993063 -0.103479 -0.0558371 232.677
-0.0411121 0.110129 -0.993067 4.30912 0.110129 0.98835 0.105047 5.71108 0.993067 -0.105047 -0.0527617 232.673
-0.0411121 0.110129 -0.993067 3.55866 0.110129 0.98835 0.105047 5.78321 0.993067 -0.105047 -0.0527617 232.669
-0.0379517 0.110312 -0.993172 2.80387 0.110312 0.988276 0.105553 5.84784 0.993172 -0.105553 -0.0496754 232.627
-0.0328426 0.113108 -0.99304 2.05041 0.113108 0.987613 0.108749 5.9144 0.99304 -0.108749 -0.0452292 232.577
-0.0289342 0.112446 -0.993236 1.30401 0.112446 0.987711 0.108545 5.97619 0.993236 -0.108545 -0.0412228 232.528
-0.0204563 0.11334 -0.993346 0.522031 0.11334 0.987412 0.110329 6.04823 0.993346 -0.110329 -0.0330448 232.483
-0.0204563 0.11334 -0.993346 -0.259942 0.11334 0.987412 0.110329 6.12026 0.993346 -0.110329 -0.0330448 232.438
-0.0161256 0.115714 -0.993152 -1.14198 0.115714 0.986823 0.113098 6.20744 0.993152 -0.113098 -0.0293028 232.418
-0.0142935 0.115176 -0.993242 -2.1224 0.115176 0.986921 0.112786 6.31246 0.993242 -0.112786 -0.0273722 232.45
-0.00519416 0.112877 -0.993595 -3.00494 0.112877 0.987325 0.111575 6.39434 0.993595 -0.111575 -0.0178695 232.43
-0.00519416 0.112877 -0.993595 -3.88747 0.112877 0.987325 0.111575 6.47621 0.993595 -0.111575 -0.0178695 232.409
0.00106131 0.112744 -0.993624 -4.66802 0.112744 0.987275 0.112144 6.54538 0.993624 -0.112144 -0.0116633 232.341
0.00931295 0.110014 -0.993886 -5.34903 0.110014 0.987783 0.110369 6.60707 0.993886 -0.110369 -0.00290385 232.322
0.00931295 0.110014 -0.993886 -6.03004 0.110014 0.987783 0.110369 6.66877 0.993886 -0.110369 -0.00290385 232.303
0.0118041 0.108081 -0.994072 -6.61078 0.108081 0.988179 0.108724 6.72428 0.994072 -0.108724 -1.69723e-005 232.331
0.0221463 0.107261 -0.993984 -7.08145 0.107261 0.988234 0.109031 6.76866 0.993984 -0.109031 0.0103808 232.334
0.0221463 0.107261 -0.993984 -7.55212 0.107261 0.988234 0.109031 6.81304 0.993984 -0.109031 0.0103808 232.337
0.0297006 0.103584 -0.994177 -7.92198 0.103584 0.988942 0.106133 6.83984 0.994177 -0.106133 0.0186426 232.299
0.0404677 0.098429 -0.994321 -8.32899 0.098429 0.989903 0.101998 6.87809 0.994321 -0.101998 0.0303709 232.323
0.0404677 0.098429 -0.994321 -8.73601 0.098429 0.989903 0.101998 6.91634 0.994321 -0.101998 0.0303709 232.347
0.0451233 0.101916 -0.993769 -9.07869 0.101916 0.989122 0.106067 6.92017 0.993769 -0.106067 0.0342455 232.37
0.0546595 0.0991496 -0.99357 -9.42245 0.0991496 0.989601 0.104208 6.95072 0.99357 -0.104208 0.0442605 232.394
0.0546595 0.0991496 -0.99357 -9.7662 0.0991496 0.989601 0.104208 6.98127 0.99357 -0.104208 0.0442605 232.419
0.0593643 0.0980991 -0.993404 -10.0939 0.0980991 0.989769 0.103602 7.01448 0.993404 -0.103602 0.0491336 232.439
0.0641277 0.0994406 -0.992975 -10.3228 0.0994406 0.989434 0.105508 7.0371 0.992975 -0.105508 0.0535617 232.444
0.0676431 0.0970522 -0.992978 -10.5881 0.0970522 0.989897 0.103362 7.06018 0.992978 -0.103362 0.0575406 232.462
0.0739223 0.093134 -0.992906 -10.7466 0.093134 0.990634 0.0998548 7.07023 0.992906 -0.0998548 0.0645559 232.475
0.0739223 0.093134 -0.992906 -10.9051 0.093134 0.990634 0.0998548 7.08028 0.992906 -0.0998548 0.0645559 232.487
0.078165 0.0928033 -0.992612 -11.0485 0.0928033 0.990657 0.0999286 7.09516 0.992612 -0.0999286 0.0688222 232.494
0.078165 0.0928033 -0.992612 -11.192 0.0928033 0.990657 0.0999286 7.11004 0.992612 -0.0999286 0.0688222 232.501
0.0812851 0.0918795 -0.992447 -11.2084 0.0918795 0.990811 0.0992534 7.11167 0.992447 -0.0992534 0.0720963 232.501
0.0812851 0.0918795 -0.992447 -11.2249 0.0918795 0.990811 0.0992534 7.1133 0.992447 -0.0992534 0.0720963 232.501
0.091837 0.0975593 -0.990983 -11.2406 0.0975593 0.98952 0.106456 7.11644 0.990983 -0.106456 0.0813567 232.498
0.091837 0.0975593 -0.990983 -11.2563 0.0975593 0.98952 0.106456 7.11957 0.990983 -0.106456 0.0813567 232.494
0.091837 0.0975593 -0.990983 -11.272 0.0975593 0.98952 0.106456 7.12271 0.990983 -0.106456 0.0813567 232.49
0.0941952 0.102126 -0.990302 -11.2884 0.102126 0.988486 0.111653 7.12461 0.990302 -0.111653 0.0826808 232.489
0.0941952 0.102126 -0.990302 -11.3047 0.102126 0.988486 0.111653 7.12651 0.990302 -0.111653 0.0826808 232.488
0.0941952 0.102126 -0.990302 -11.3211 0.102126 0.988486 0.111653 7.1284 0.990302 -0.111653 0.0826808 232.486
0.0941952 0.102126 -0.990302 -11.3375 0.102126 0.988486 0.111653 7.1303 0.990302 -0.111653 0.0826808 232.485
0.0941952 0.102126 -0.990302 -11.3538 0.102126 0.988486 0.111653 7.13219 0.990302 -0.111653 0.0826808 232.484
0.0941952 0.102126 -0.990302 -11.3702 0.102126 0.988486 0.111653 7.13409 0.990302 -0.111653 0.0826808 232.483
0.0941952 0.102126 -0.990302 -11.3865 0.102126 0.988486 0.111653 7.13599 0.990302 -0.111653 0.0826808 232.482
0.0941952 0.102126 -0.990302 -11.4029 0.102126 0.988486 0.111653 7.13788 0.990302 -0.111653 0.0826808 232.481
0.0941952 0.102126 -0.990302 -11.4192 0.102126 0.988486 0.111653 7.13978 0.990302 -0.111653 0.0826808 232.48
0.0941952 0.102126 -0.990302 -11.4356 0.102126 0.988486 0.111653 7.14168 0.990302 -0.111653 0.0826808 232.479
0.0941952 0.102126 -0.990302 -11.4519 0.102126 0.988486 0.111653 7.14357 0.990302 -0.111653 0.0826808 232.478
0.0941952 0.102126 -0.990302 -11.4683 0.102126 0.988486 0.111653 7.14547 0.990302 -0.111653 0.0826808 232.477
0.0941952 0.102126 -0.990302 -11.4846 0.102126 0.988486 0.111653 7.14737 0.990302 -0.111653 0.0826808 232.476
0.0941952 0.102126 -0.990302 -11.501 0.102126 0.988486 0.111653 7.14926 0.990302 -0.111653 0.0826808 232.475
0.0941952 0.102126 -0.990302 -11.5174 0.102126 0.988486 0.111653 7.15116 0.990302 -0.111653 0.0826808 232.473
0.0947516 0.0938255 -0.99107 -11.544 0.0938255 0.990275 0.102721 7.15476 0.99107 -0.102721 0.085027 232.48
0.0947516 0.0938255 -0.99107 -11.5707 0.0938255 0.990275 0.102721 7.15837 0.99107 -0.102721 0.085027 232.487
0.0947516 0.0938255 -0.99107 -11.5974 0.0938255 0.990275 0.102721 7.16198 0.99107 -0.102721 0.085027 232.494
0.0947516 0.0938255 -0.99107 -11.6241 0.0938255 0.990275 0.102721 7.16558 0.99107 -0.102721 0.085027 232.5
0.0985773 0.0926286 -0.990809 -11.7251 0.0926286 0.990482 0.101814 7.17937 0.990809 -0.101814 0.089059 232.509
0.0985773 0.0926286 -0.990809 -11.826 0.0926286 0.990482 0.101814 7.19315 0.990809 -0.101814 0.089059 232.517
0.101912 0.0917702 -0.990551 -11.8424 0.0917702 0.990623 0.101218 7.19416 0.990551 -0.101218 0.0925343 232.519
0.114801 0.0891575 -0.989379 -11.9525 0.0891575 0.99102 0.0996506 7.20441 0.989379 -0.0996506 0.105821 232.534
0.114801 0.0891575 -0.989379 -12.0627 0.0891575 0.99102 0.0996506 7.21465 0.989379 -0.0996506 0.105821 232.55
0.123835 0.0860275 -0.988567 -12.1444 0.0860275 0.991553 0.0970639 7.22539 0.988567 -0.0970639 0.115388 232.572
0.149471 0.084961 -0.985109 -12.2765 0.084961 0.991513 0.0984045 7.24107 0.985109 -0.0984045 0.140984 232.598
0.149471 0.084961 -0.985109 -12.4086 0.084961 0.991513 0.0984045 7.25676 0.985109 -0.0984045 0.140984 232.624
0.165556 0.0843782 -0.982584 -12.5768 0.0843782 0.991468 0.099358 7.27752 0.982584 -0.099358 0.157024 232.658
0.183168 0.0821069 -0.979647 -12.7364 0.0821069 0.991747 0.0984728 7.29316 0.979647 -0.0984728 0.174914 232.708
0.227885 0.0788381 -0.970491 -12.9291 0.0788381 0.99195 0.0990936 7.31237 0.970491 -0.0990936 0.219835 232.766
0.227885 0.0788381 -0.970491 -13.1217 0.0788381 0.99195 0.0990936 7.33157 0.970491 -0.0990936 0.219835 232.824
0.253203 0.0748359 -0.964514 -13.3315 0.0748359 0.992501 0.0966532 7.35955 0.964514 -0.0966532 0.245704 232.903
0.283232 0.0716551 -0.956371 -13.5563 0.0716551 0.992837 0.0956081 7.3823 0.956371 -0.0956081 0.276069 232.979
0.315387 0.0663674 -0.94664 -13.7902 0.0663674 0.993566 0.0917687 7.40515 0.94664 -0.0917687 0.308953 233.074
0.34911 0.0606136 -0.93512 -14.0077 0.0606136 0.994355 0.0870822 7.42322 0.93512 -0.0870822 0.343465 233.192
0.386087 0.0566444 -0.920722 -14.2432 0.0566444 0.994774 0.0849529 7.45062 0.920722 -0.0849529 0.380861 233.336
0.427012 0.0565547 -0.902476 -14.4929 0.0565547 0.994418 0.0890756 7.47302 0.902476 -0.0890756 0.42143 233.482
0.469321 0.0561265 -0.881242 -14.7404 0.0561265 0.994064 0.0932033 7.50056 0.881242 -0.0932033 0.463385 233.66
0.513217 0.0547302 -0.856512 -14.9659 0.0547302 0.993847 0.0962998 7.52276 0.856512 -0.0962998 0.507064 233.85
0.558606 0.0517471 -0.827817 -15.2412 0.0517471 0.993933 0.0970498 7.5572 0.827817 -0.0970498 0.552539 234.073
0.6496 0.04302 -0.759058 -15.5702 0.04302 0.994718 0.0931925 7.59889 0.759058 -0.0931925 0.644318 234.4
0.6496 0.04302 -0.759058 -15.8992 0.04302 0.994718 0.0931925 7.64057 0.759058 -0.0931925 0.644318 234.727
0.694579 0.0377709 -0.718425 -16.1584 0.0377709 0.995329 0.0888463 7.677 0.718425 -0.0888463 0.689908 235.011
0.780509 0.0290841 -0.624467 -16.4359 0.0290841 0.996146 0.0827465 7.72289 0.624467 -0.0827465 0.776656 235.416
0.780509 0.0290841 -0.624467 -16.7135 0.0290841 0.996146 0.0827465 7.76879 0.624467 -0.0827465 0.776656 235.821
0.820313 0.0259834 -0.571325 -16.9058 0.0259834 0.996243 0.0826154 7.80494 0.571325 -0.0826154 0.816555 236.156
0.855857 0.0232202 -0.516691 -17.0876 0.0232202 0.996259 0.0832345 7.84414 0.516691 -0.0832345 0.852117 236.523
0.886141 0.0200143 -0.462984 -17.2511 0.0200143 0.996482 0.0813837 7.88524 0.462984 -0.0813837 0.882623 236.932
0.912539 0.0172281 -0.408626 -17.4026 0.0172281 0.996606 0.0804914 7.92143 0.408626 -0.0804914 0.909146 237.362
0.934745 0.014485 -0.355023 -17.5269 0.014485 0.996785 0.0788068 7.95894 0.355023 -0.0788068 0.93153 237.78
0.952537 0.011817 -0.304195 -17.642 0.011817 0.997058 0.0757354 7.99617 0.304195 -0.0757354 0.949594 238.305
0.966772 0.0093626 -0.255469 -17.7503 0.0093626 0.997362 0.0719828 8.03668 0.255469 -0.0719828 0.964134 238.793
0.977893 0.00738838 -0.208975 -17.8483 0.00738838 0.997531 0.0698416 8.07876 0.208975 -0.0698416 0.975424 239.3
0.985857 0.00595504 -0.167485 -17.8758 0.00595504 0.997493 0.0705191 8.09779 0.167485 -0.0705191 0.983349 239.717
0.995107 0.00360781 -0.0987344 -17.9033 0.00360781 0.99734 0.0728051 8.12733 0.0987344 -0.0728051 0.992447 240.199
0.995107 0.00360781 -0.0987344 -17.9308 0.00360781 0.99734 0.0728051 8.15687 0.0987344 -0.0728051 0.992447 240.681
0.997345 0.00265299 -0.0727784 -17.9553 0.00265299 0.997349 0.0727125 8.20085 0.0727784 -0.0727125 0.994694 241.271
0.998679 0.00187237 -0.0513491 -17.9962 0.00187237 0.997346 0.0727823 8.23702 0.0513491 -0.0727823 0.996025 241.905
0.99941 0.00125878 -0.0343341 -18.0302 0.00125878 0.997316 0.0732054 8.27545 0.0343341 -0.0732054 0.996726 242.537
0.999756 0.000811675 -0.0220548 -18.0332 0.000811675 0.997295 0.0734968 8.31631 0.0220548 -0.0734968 0.997052 243.115
0.999912 0.000479446 -0.0132435 -17.9997 0.000479446 0.997382 0.0723067 8.35306 0.0132435 -0.0723067 0.997295 243.591
0.999999 -3.95127e-005 0.00113071 -17.9901 -3.95127e-005 0.997561 0.0698049 8.39423 -0.00113071 -0.0698049 0.99756 244.168
0.999999 -3.95127e-005 0.00113071 -17.9805 -3.95127e-005 0.997561 0.0698049 8.43541 -0.00113071 -0.0698049 0.99756 244.746
0.999979 -0.000223411 0.00642535 -17.9673 -0.000223411 0.997585 0.0694558 8.4772 -0.00642535 -0.0694558 0.997564 245.399
0.999979 -0.000223411 0.00642535 -17.9541 -0.000223411 0.997585 0.0694558 8.51899 -0.00642535 -0.0694558 0.997564 246.053
0.999956 -0.000330336 0.00933619 -17.9532 -0.000330336 0.997499 0.0706746 8.5542 -0.00933619 -0.0706746 0.997456 246.607
0.999938 -0.000422785 0.0111553 -17.9542 -0.000422785 0.997131 0.0756886 8.59852 -0.0111553 -0.0756886 0.997069 247.261
0.999938 -0.000422785 0.0111553 -17.9551 -0.000422785 0.997131 0.0756886 8.64283 -0.0111553 -0.0756886 0.997069 247.914
0.999956 -0.000356068 0.00938564 -17.9826 -0.000356068 0.997126 0.0757645 8.70208 -0.00938564 -0.0757645 0.997082 248.685
0.999951 -0.000365117 0.00987386 -18.0061 -0.000365117 0.997269 0.0738535 8.75815 -0.00987386 -0.0738535 0.99722 249.443
0.999966 -0.000290931 0.00824755 -18.0053 -0.000290931 0.997515 0.0704609 8.79983 -0.00824755 -0.0704609 0.99748 250.102
0.999954 -0.000307773 0.00959973 -18.0368 -0.000307773 0.997946 0.0640538 8.85796 -0.00959973 -0.0640538 0.9979 250.84
0.999955 -0.000286411 0.00947695 -18.0503 -0.000286411 0.998175 0.0603871 8.90639 -0.00947695 -0.0603871 0.99813 251.614
0.999955 -0.000286411 0.00947695 -18.0639 -0.000286411 0.998175 0.0603871 8.95481 -0.00947695 -0.0603871 0.99813 252.387
0.999947 -0.000346581 0.0103139 -18.0744 -0.000346581 0.997744 0.0671289 8.99271 -0.0103139 -0.0671289 0.997691 253.061
0.999947 -0.000396259 0.0103046 -18.0748 -0.000396259 0.997047 0.0767934 9.04301 -0.0103046 -0.0767934 0.996994 253.834
0.999932 -0.000476685 0.0116534 -18.0759 -0.000476685 0.996659 0.0816714 9.08897 -0.0116534 -0.0816714 0.996591 254.507
0.999957 -0.000366728 0.0092789 -18.0502 -0.000366728 0.996881 0.0789207 9.14767 -0.0092789 -0.0789207 0.996838 255.28
0.999978 -0.000239418 0.00669007 -18.0242 -0.000239418 0.997442 0.0714819 9.21428 -0.00669007 -0.0714819 0.997419 256.152
0.999961 -0.000281613 0.00883615 -18.0772 -0.000281613 0.997971 0.0636753 9.28336 -0.00883615 -0.0636753 0.997932 257.121
0.999943 -0.000314563 0.0107165 -18.1042 -0.000314563 0.998278 0.0586543 9.34915 -0.0107165 -0.0586543 0.998221 258.156
0.999946 -0.000298944 0.0104339 -18.1012 -0.000298944 0.99836 0.0572537 9.40224 -0.0104339 -0.0572537 0.998305 259.092
0.999961 -0.000261119 0.00877158 -18.0967 -0.000261119 0.998229 0.0594837 9.43621 -0.00877158 -0.0594837 0.998191 259.947
0.999945 -0.000351169 0.010529 -18.107 -0.000351169 0.997778 0.0666292 9.47787 -0.010529 -0.0666292 0.997722 260.793
0.999942 -0.0003959 0.0107586 -18.1012 -0.0003959 0.997295 0.0734952 9.53403 -0.0107586 -0.0734952 0.997238 261.688
0.999994 -0.000128625 0.00343287 -18.0186 -0.000128625 0.997196 0.0748321 9.61198 -0.00343287 -0.0748321 0.99719 262.608
0.999993 0.000131519 -0.00378786 -17.9796 0.000131519 0.997592 0.0693584 9.67939 0.00378786 -0.0693584 0.997585 263.543
0.999993 0.000131519 -0.00378786 -17.9405 0.000131519 0.997592 0.0693584 9.7468 0.00378786 -0.0693584 0.997585 264.477
0.999979 0.000211629 -0.00645881 -17.9217 0.000211629 0.997855 0.0654609 9.81097 0.00645881 -0.0654609 0.997834 265.438
0.999975 0.000223372 -0.00706925 -17.936 0.000223372 0.998005 0.0631316 9.8713 0.00706925 -0.0631316 0.99798 266.387
0.999979 0.000205838 -0.00650268 -17.957 0.000205838 0.997998 0.0632445 9.922 0.00650268 -0.0632445 0.997977 267.316
0.999977 0.000226586 -0.00680382 -17.8996 0.000226586 0.997784 0.066531 9.9688 0.00680382 -0.066531 0.997761 268.143
0.999929 0.000406583 -0.011919 -17.8987 0.000406583 0.997675 0.0681428 10.0181 0.011919 -0.0681428 0.997604 269.072
0.999929 0.000406583 -0.011919 -17.8978 0.000406583 0.997675 0.0681428 10.0673 0.011919 -0.0681428 0.997604 270.001
0.999906 0.000427089 -0.0136732 -17.8977 0.000427089 0.998051 0.0624073 10.1117 0.0136732 -0.0624073 0.997957 270.943
0.999871 0.000468888 -0.0160644 -17.8935 0.000468888 0.998298 0.0583226 10.1652 0.0160644 -0.0583226 0.998169 271.857
0.999884 0.000437938 -0.0152211 -17.9784 0.000437938 0.998346 0.0574925 10.2113 0.0152211 -0.0574925 0.99823 272.826
0.999852 0.000509328 -0.0171986 -18.0364 0.000509328 0.998248 0.0591728 10.2684 0.0171986 -0.0591728 0.9981 273.843
0.999811 0.000612661 -0.019427 -18.0518 0.000612661 0.998013 0.0630046 10.3149 0.019427 -0.0630046 0.997824 274.761
0.999808 0.000666126 -0.0195792 -18.0853 0.000666126 0.997688 0.0679589 10.3638 0.0195792 -0.0679589 0.997496 275.692
0.999752 0.000802205 -0.0222659 -18.0639 0.000802205 0.997408 0.0719545 10.3981 0.0222659 -0.0719545 0.997159 276.628
0.999728 0.000841497 -0.0232969 -18.0951 0.000841497 0.997394 0.0721371 10.4496 0.0232969 -0.0721371 0.997123 277.662
0.999728 0.000841497 -0.0232969 -18.1263 0.000841497 0.997394 0.0721371 10.501 0.0232969 -0.0721371 0.997123 278.697
0.999747 0.000789874 -0.0224795 -18.1661 0.000789874 0.997534 0.0701794 10.5599 0.0224795 -0.0701794 0.997281 279.677
0.999677 0.000865321 -0.025396 -18.1602 0.000865321 0.997681 0.0680561 10.597 0.025396 -0.0680561 0.997358 280.655
0.999709 0.000775787 -0.0241028 -18.1877 0.000775787 0.99793 0.0642971 10.6531 0.0241028 -0.0642971 0.99764 281.605
0.999761 0.000681004 -0.0218655 -18.2428 0.000681004 0.998062 0.0622224 10.7042 0.0218655 -0.0622224 0.997823 282.543
0.999821 0.000599395 -0.0188928 -18.2841 0.000599395 0.997989 0.0633827 10.7508 0.0188928 -0.0633827 0.99781 283.414
0.999859 0.000558071 -0.0167581 -18.3276 0.000558071 0.997785 0.0665247 10.7941 0.0167581 -0.0665247 0.997644 284.339
0.999867 0.000553072 -0.0162913 -18.3579 0.000553072 0.997698 0.067815 10.8399 0.0162913 -0.067815 0.997565 285.314
0.999864 0.000564318 -0.0164905 -18.2952 0.000564318 0.997661 0.068357 10.8891 0.0164905 -0.068357 0.997525 286.388
0.999881 0.00059199 -0.0153915 -18.31 0.00059199 0.997046 0.0768059 10.9478 0.0153915 -0.0768059 0.996927 287.421
0.999881 0.00059199 -0.0153915 -18.3249 0.00059199 0.997046 0.0768059 11.0066 0.0153915 -0.0768059 0.996927 288.454
0.999941 0.000416652 -0.0108156 -18.3855 0.000416652 0.997036 0.0769302 11.0459 0.0108156 -0.0769302 0.996978 289.493
0.99994 0.00039228 -0.0109304 -18.4048 0.00039228 0.997427 0.071683 11.1248 0.0109304 -0.071683 0.997368 290.571
0.999957 0.000312403 -0.00925219 -18.4116 0.000312403 0.997722 0.0674522 11.1704 0.00925219 -0.0674522 0.99768 291.549
0.999968 0.000258439 -0.00794943 -18.444 0.000258439 0.997888 0.0649511 11.2293 0.00794943 -0.0649511 0.997857 292.565
0.999979 0.000206123 -0.00644815 -18.4467 0.000206123 0.997958 0.0638665 11.2749 0.00644815 -0.0638665 0.997938 293.505
0.999977 0.000216506 -0.00679862 -18.4418 0.000216506 0.997974 0.0636259 11.3144 0.00679862 -0.0636259 0.997951 294.472
0.99999 0.000144522 -0.00445714 -18.512 0.000144522 0.997899 0.0647813 11.3707 0.00445714 -0.0647813 0.99789 295.51
1 -1.72826e-005 0.0005178 -18.5806 -1.72826e-005 0.997774 0.0666795 11.4214 -0.0005178 -0.0666795 0.997774 296.493
0.999995 -0.000109465 0.00316968 -18.6541 -0.000109465 0.997618 0.0689877 11.4932 -0.00316968 -0.0689877 0.997612 297.564
0.999997 -8.38364e-005 0.00240893 -18.6687 -8.38364e-005 0.997581 0.0695204 11.5652 -0.00240893 -0.0695204 0.997578 298.652
1 -3.03462e-005 0.000873434 -18.6346 -3.03462e-005 0.997589 0.0694033 11.6159 -0.000873434 -0.0694033 0.997588 299.737
0.999999 -4.63624e-005 0.00132602 -18.6458 -4.63624e-005 0.997558 0.0698416 11.6896 -0.00132602 -0.0698416 0.997557 300.813
1 1.18223e-005 -0.000335464 -18.6109 1.18223e-005 0.997519 0.0703961 11.7362 0.000335464 -0.0703961 0.997519 301.899
1 -1.95256e-005 0.000558193 -18.5931 -1.95256e-005 0.997556 0.0698746 11.7932 -0.000558193 -0.0698746 0.997556 302.964
1 -1.95256e-005 0.000558193 -18.5753 -1.95256e-005 0.997556 0.0698746 11.8502 -0.000558193 -0.0698746 0.997556 304.03
0.999999 -3.65111e-005 0.00103972 -18.5964 -3.65111e-005 0.997537 0.0701459 11.9247 -0.00103972 -0.0701459 0.997536 305.174
0.999999 -3.65111e-005 0.00103972 -18.6175 -3.65111e-005 0.997537 0.0701459 11.9991 -0.00103972 -0.0701459 0.997536 306.317
0.999998 -6.23367e-005 0.00190623 -18.5919 -6.23367e-005 0.997863 0.0653333 12.078 -0.00190623 -0.0653333 0.997862 307.36
1 -1.16197e-005 0.000372765 -18.5918 -1.16197e-005 0.998059 0.0622829 12.1377 -0.000372765 -0.0622829 0.998058 308.433
1 -6.75622e-006 0.000207041 -18.6201 -6.75622e-006 0.997873 0.0651952 12.1901 -0.000207041 -0.0651952 0.997873 309.512
1 2.81008e-006 -8.02604e-005 -18.6024 2.81008e-006 0.997551 0.0699384 12.2461 8.02604e-005 -0.0699384 0.997551 310.526
0.999998 -6.59765e-005 0.00181316 -18.6266 -6.59765e-005 0.997355 0.0726787 12.3068 -0.00181316 -0.0726787 0.997354 311.593
0.999998 -6.78621e-005 0.00181377 -18.6194 -6.78621e-005 0.997204 0.0747254 12.3745 -0.00181377 -0.0747254 0.997202 312.69
1 -3.71001e-005 0.000970132 -18.6066 -3.71001e-005 0.997079 0.076373 12.4447 -0.000970132 -0.076373 0.997079 313.764
1 -1.25625e-005 0.000329116 -18.5971 -1.25625e-005 0.99709 0.0762296 12.5185 -0.000329116 -0.0762296 0.99709 314.879
1 3.17572e-006 -8.54756e-005 -18.6054 3.17572e-006 0.997243 0.0742047 12.5894 8.54756e-005 -0.0742047 0.997243 315.988
1 1.08236e-006 -3.03322e-005 -18.6234 1.08236e-006 0.997457 0.0712761 12.66 3.03322e-005 -0.0712761 0.997457 317.113
0.999997 8.32978e-005 -0.00242979 -18.6437 8.32978e-005 0.997652 0.0684832 12.7595 0.00242979 -0.0684832 0.997649 318.263
0.999997 -8.85845e-005 0.00258318 -18.7452 -8.85845e-005 0.997651 0.0685049 12.8355 -0.00258318 -0.0685049 0.997647 319.297
0.999997 -9.19939e-005 0.00247056 -18.7328 -9.19939e-005 0.997231 0.074369 12.8934 -0.00247056 -0.074369 0.997228 320.304
0.999997 -9.19939e-005 0.00247056 -18.7204 -9.19939e-005 0.997231 0.074369 12.9513 -0.00247056 -0.074369 0.997228 321.311
1 2.17158e-006 -5.72516e-005 -18.7112 2.17158e-006 0.997127 0.075752 13.0149 5.72516e-005 -0.075752 0.997127 322.345
0.999996 9.91522e-005 -0.00271278 -18.7154 9.91522e-005 0.997332 0.0730025 13.079 0.00271278 -0.0730025 0.997328 323.421
0.999996 0.000100554 -0.00287649 -18.7026 0.000100554 0.997559 0.0698288 13.1153 0.00287649 -0.0698288 0.997555 324.404
0.999982 0.00020639 -0.00604978 -18.6796 0.00020639 0.997675 0.0681507 13.18 0.00604978 -0.0681507 0.997657 325.485
0.999899 0.00050019 -0.0142041 -18.5562 0.00050019 0.997523 0.0703381 13.2198 0.0142041 -0.0703381 0.997422 326.628
0.999785 0.000782432 -0.0207417 -18.5602 0.000782432 0.997158 0.0753301 13.2785 0.0207417 -0.0753301 0.996943 327.676
0.999785 0.000782432 -0.0207417 -18.5641 0.000782432 0.997158 0.0753301 13.3371 0.0207417 -0.0753301 0.996943 328.724
0.999762 0.000865919 -0.0218126 -18.6054 0.000865919 0.996853 0.0792618 13.3999 0.0218126 -0.0792618 0.996615 329.735
0.999762 0.000865919 -0.0218126 -18.6467 0.000865919 0.996853 0.0792618 13.4627 0.0218126 -0.0792618 0.996615 330.746
0.999696 0.000958179 -0.0246415 -18.6299 0.000958179 0.996981 0.0776403 13.517 0.0246415 -0.0776403 0.996677 331.658
0.999678 0.00094852 -0.0253761 -18.6694 0.00094852 0.99721 0.0746408 13.5737 0.0253761 -0.0746408 0.996888 332.647
0.999678 0.00094852 -0.0253761 -18.7089 0.00094852 0.99721 0.0746408 13.6304 0.0253761 -0.0746408 0.996888 333.637
0.999677 0.000941951 -0.0253912 -18.7456 0.000941951 0.997252 0.0740812 13.6806 0.0253912 -0.0740812 0.996929 334.532
0.999682 0.000933297 -0.0251816 -18.7886 0.000933297 0.997257 0.0740118 13.735 0.0251816 -0.0740118 0.996939 335.416
0.999686 0.000940091 -0.0250299 -18.8262 0.000940091 0.997183 0.0749999 13.7847 0.0250299 -0.0749999 0.996869 336.308
0.99969 0.000947821 -0.0248727 -18.8596 0.000947821 0.9971 0.0760913 13.8367 0.0248727 -0.0760913 0.996791 337.172
0.999661 0.000973482 -0.0260063 -18.8751 0.000973482 0.997202 0.0747478 13.8897 0.0260063 -0.0747478 0.996863 338.036
0.999658 0.000948493 -0.0261313 -18.9076 0.000948493 0.997369 0.0724866 13.9426 0.0261313 -0.0724866 0.997027 338.888
0.999712 0.00085713 -0.0239706 -18.9475 0.00085713 0.997446 0.0714135 13.9872 0.0239706 -0.0714135 0.997159 339.736
0.999754 0.000800285 -0.0221746 -18.9754 0.000800285 0.997399 0.0720777 14.032 0.0221746 -0.0720777 0.997152 340.564
0.999771 0.000777238 -0.0213733 -19.002 0.000777238 0.997359 0.0726256 14.0738 0.0213733 -0.0726256 0.99713 341.389
0.999755 0.000825346 -0.0221056 -18.96 0.000825346 0.997216 0.0745599 14.1041 0.0221056 -0.0745599 0.996971 342.315
0.999817 0.000730106 -0.0191037 -18.9412 0.000730106 0.997083 0.0763175 14.1495 0.0191037 -0.0763175 0.996901 343.225
0.999817 0.000730106 -0.0191037 -18.9224 0.000730106 0.997083 0.0763175 14.195 0.0191037 -0.0763175 0.996901 344.135
0.999792 0.000797967 -0.0203934 -18.8215 0.000797967 0.996943 0.0781297 14.2585 0.0203934 -0.0781297 0.996735 345.14
0.999827 0.000756553 -0.0185643 -18.8277 0.000756553 0.996684 0.0813639 14.3239 0.0185643 -0.0813639 0.996512 346.249
0.999827 0.000756553 -0.0185643 -18.834 0.000756553 0.996684 0.0813639 14.3892 0.0185643 -0.0813639 0.996512 347.359
0.999886 0.000619685 -0.015067 -18.8795 0.000619685 0.996623 0.0821136 14.4262 0.015067 -0.0821136 0.996509 348.369
0.999938 0.000408903 -0.0111239 -18.9193 0.000408903 0.997301 0.0734163 14.4789 0.0111239 -0.0734163 0.997239 349.357
0.999938 0.000408903 -0.0111239 -18.9591 0.000408903 0.997301 0.0734163 14.5316 0.0111239 -0.0734163 0.997239 350.346
0.999947 0.000365753 -0.0102693 -18.945 0.000365753 0.997466 0.0711405 14.5764 0.0102693 -0.0711405 0.997413 351.236
0.999966 0.00030817 -0.0082169 -18.9505 0.00030817 0.997191 0.0749022 14.6262 0.0082169 -0.0749022 0.997157 352.071
0.999966 0.00030817 -0.0082169 -18.9561 0.00030817 0.997191 0.0749022 14.676 0.0082169 -0.0749022 0.997157 352.907
0.999946 0.00040557 -0.0104163 -18.9377 0.00040557 0.996973 0.077752 14.7179 0.0104163 -0.077752 0.996918 353.642
0.999878 0.000593025 -0.0156387 -18.9669 0.000593025 0.997128 0.0757269 14.7633 0.0156387 -0.0757269 0.997006 354.312
0.999878 0.000593025 -0.0156387 -18.9961 0.000593025 0.997128 0.0757269 14.8088 0.0156387 -0.0757269 0.997006 354.983
0.999559 0.00104098 -0.029687 -19.0168 0.00104098 0.997544 0.070029 14.8426 0.029687 -0.070029 0.997103 355.603
0.999559 0.00104098 -0.029687 -19.0376 0.00104098 0.997544 0.070029 14.8763 0.029687 -0.070029 0.997103 356.223
0.999043 0.00151321 -0.0437236 -19.0248 0.00151321 0.997609 0.0691011 14.9021 0.0437236 -0.0691011 0.996651 356.783
0.996943 0.0026536 -0.0780909 -19.0691 0.0026536 0.997697 0.0677795 14.927 0.0780909 -0.0677795 0.99464 357.261
0.996943 0.0026536 -0.0780909 -19.1134 0.0026536 0.997697 0.0677795 14.9519 0.0780909 -0.0677795 0.99464 357.739
0.995045 0.00343033 -0.099368 -19.2004 0.00343033 0.997625 0.0687899 14.9817 0.099368 -0.0687899 0.99267 358.313
0.992232 0.00446614 -0.12432 -19.3279 0.00446614 0.997432 0.0714775 15.018 0.12432 -0.0714775 0.989664 358.981
0.988062 0.00583347 -0.153945 -19.4615 0.00583347 0.997149 0.075226 15.0593 0.153945 -0.075226 0.985212 359.678
0.982019 0.00731364 -0.188642 -19.5935 0.00731364 0.997025 0.0767273 15.0951 0.188642 -0.0767273 0.979044 360.273
0.973714 0.00891812 -0.227599 -19.7413 0.00891812 0.996974 0.0772186 15.1265 0.227599 -0.0772186 0.970688 360.768
0.963199 0.0109593 -0.268566 -19.9043 0.0109593 0.996736 0.0799787 15.1496 0.268566 -0.0799787 0.959935 361.152
0.950505 0.0133827 -0.310421 -20.1164 0.0133827 0.996382 0.0839333 15.1897 0.310421 -0.0839333 0.946887 361.581
0.935249 0.0162878 -0.353616 -20.3008 0.0162878 0.995903 0.0889503 15.2172 0.353616 -0.0889503 0.931152 361.931
0.9169 0.0192456 -0.398652 -20.4901 0.0192456 0.995543 0.0923264 15.2529 0.398652 -0.0923264 0.912443 362.278
0.89555 0.0227613 -0.444378 -20.7505 0.0227613 0.99504 0.096837 15.2959 0.444378 -0.096837 0.89059 362.699
0.871003 0.0269065 -0.49054 -21.0016 0.0269065 0.994388 0.102318 15.33 0.49054 -0.102318 0.865391 363.018
0.810954 0.0373773 -0.583914 -21.3359 0.0373773 0.99261 0.115449 15.3719 0.583914 -0.115449 0.803564 363.397
0.810954 0.0373773 -0.583914 -21.6703 0.0373773 0.99261 0.115449 15.4138 0.583914 -0.115449 0.803564 363.777
0.774646 0.0419336 -0.631003 -22.0902 0.0419336 0.992197 0.117416 15.4816 0.631003 -0.117416 0.766843 364.207
0.734529 0.0454113 -0.677056 -22.5723 0.0454113 0.992232 0.115817 15.5457 0.677056 -0.115817 0.726761 364.645
0.691 0.0495525 -0.721155 -23.1278 0.0495525 0.992054 0.115647 15.6166 0.721155 -0.115647 0.683053 365.089
0.644058 0.0537724 -0.763084 -23.6292 0.0537724 0.991877 0.11528 15.6787 0.763084 -0.11528 0.635935 365.439
0.59192 0.0560196 -0.804048 -24.0613 0.0560196 0.99231 0.110376 15.7341 0.804048 -0.110376 0.58423 365.715
0.53655 0.0580137 -0.841872 -24.5288 0.0580137 0.992738 0.105384 15.7955 0.841872 -0.105384 0.529288 365.971
0.4792 0.0628016 -0.875456 -25.0324 0.0628016 0.992427 0.105568 15.8543 0.875456 -0.105568 0.471627 366.182
0.418563 0.068839 -0.905575 -25.5181 0.068839 0.99185 0.107215 15.8977 0.905575 -0.107215 0.410412 366.353
0.354498 0.0710165 -0.932356 -25.9572 0.0710165 0.992187 0.102576 15.943 0.932356 -0.102576 0.346685 366.487
0.288718 0.0683872 -0.954969 -26.4175 0.0683872 0.993425 0.0918168 15.9904 0.954969 -0.0918168 0.282143 366.606
0.225028 0.073277 -0.971593 -26.9898 0.073277 0.993071 0.0918683 16.0447 0.971593 -0.0918683 0.218099 366.71
0.167063 0.086388 -0.982154 -27.6125 0.086388 0.99104 0.101864 16.0925 0.982154 -0.101864 0.158103 366.767
0.116853 0.103339 -0.987758 -28.1772 0.103339 0.987908 0.11558 16.1334 0.987758 -0.11558 0.104761 366.769
0.073649 0.119964 -0.990043 -28.728 0.119964 0.984465 0.128212 16.1864 0.990043 -0.128212 0.0581136 366.749
0.0370647 0.132357 -0.990509 -29.3498 0.132357 0.981807 0.136147 16.2609 0.990509 -0.136147 0.0188721 366.738
0.00872044 0.140743 -0.990008 -29.9452 0.140743 0.980017 0.140563 16.3316 0.990008 -0.140563 -0.0112625 366.708
-0.0113064 0.148673 -0.988822 -30.4402 0.148673 0.978143 0.145368 16.4033 0.988822 -0.145368 -0.0331631 366.692
-0.0258165 0.154994 -0.987578 -31.0344 0.154994 0.976581 0.149216 16.4717 0.987578 -0.149216 -0.049235 366.64
-0.0332373 0.160532 -0.986471 -31.7273 0.160532 0.975059 0.153266 16.5545 0.986471 -0.153266 -0.0581788 366.581
-0.0349199 0.166242 -0.985466 -32.517 0.166242 0.973296 0.158299 16.6651 0.985466 -0.158299 -0.061624 366.512
-0.035868 0.166779 -0.985342 -33.2072 0.166779 0.973148 0.158644 16.7761 0.985342 -0.158644 -0.0627202 366.468
-0.037659 0.161918 -0.986085 -33.9947 0.161918 0.974734 0.15387 16.9152 0.986085 -0.15387 -0.0629249 366.435
-0.0378375 0.158073 -0.986702 -34.8205 0.158073 0.975924 0.150284 17.0461 0.986702 -0.150284 -0.0619136 366.385
-0.0361709 0.156291 -0.987049 -35.5953 0.156291 0.976426 0.148882 17.1572 0.987049 -0.148882 -0.0597451 366.312
-0.0344816 0.159199 -0.986644 -36.4708 0.159199 0.9755 0.151837 17.2783 0.986644 -0.151837 -0.0589812 366.251
-0.0339461 0.161226 -0.986333 -37.4073 0.161226 0.974859 0.153802 17.4186 0.986333 -0.153802 -0.0590866 366.209
-0.0319765 0.164159 -0.985915 -38.4409 0.164159 0.973887 0.156832 17.5767 0.985915 -0.156832 -0.0580898 366.143
-0.0273826 0.167865 -0.98543 -39.376 0.167865 0.972572 0.16101 17.7182 0.98543 -0.16101 -0.0548103 366.08
-0.0214497 0.168958 -0.98539 -40.2133 0.168958 0.972053 0.162994 17.8375 0.98539 -0.162994 -0.0493972 366.021
-0.0163672 0.173585 -0.984683 -40.9503 0.173585 0.970354 0.168174 17.9638 0.984683 -0.168174 -0.0460137 366.011
-0.0116723 0.174315 -0.984621 -41.643 0.174315 0.969965 0.169654 18.0843 0.984621 -0.169654 -0.0417075 365.972
-0.00353888 0.179639 -0.983726 -42.3562 0.179639 0.967844 0.176093 18.194 0.983726 -0.176093 -0.0356954 365.915
0.000349544 0.179496 -0.983759 -43.1095 0.179496 0.96777 0.176643 18.3148 0.983759 -0.176643 -0.0318806 365.876
-0.000481516 0.174633 -0.984633 -43.9091 0.174633 0.969518 0.171867 18.4566 0.984633 -0.171867 -0.0309635 365.864
-0.000633027 0.173776 -0.984785 -44.7071 0.173776 0.969821 0.171024 18.6116 0.984785 -0.171024 -0.030812 365.89
0.0040577 0.170156 -0.985409 -45.4916 0.170156 0.970929 0.168357 18.7465 0.985409 -0.168357 -0.0250134 365.864
0.0040577 0.170156 -0.985409 -46.276 0.170156 0.970929 0.168357 18.8814 0.985409 -0.168357 -0.0250134 365.839
0.00586343 0.168797 -0.985633 -47.1108 0.168797 0.97134 0.167353 19.0191 0.985633 -0.167353 -0.022797 365.815
0.00585939 0.166589 -0.986009 -48.003 0.166589 0.972085 0.165226 19.1729 0.986009 -0.165226 -0.0220561 365.811
0.00480963 0.166783 -0.985982 -48.9057 0.166783 0.972049 0.16524 19.3349 0.985982 -0.16524 -0.0231413 365.833
0.00480963 0.166783 -0.985982 -49.8084 0.166783 0.972049 0.16524 19.4969 0.985982 -0.16524 -0.0231413 365.855
0.00637826 0.169359 -0.985534 -50.6408 0.169359 0.971133 0.167981 19.6278 0.985534 -0.167981 -0.0224884 365.851
0.00796574 0.168819 -0.985615 -51.5189 0.168819 0.971271 0.167727 19.7726 0.985615 -0.167727 -0.0207631 365.827
0.00865935 0.169462 -0.985499 -52.4021 0.169462 0.971032 0.168463 19.9135 0.985499 -0.168463 -0.0203088 365.805
0.00712724 0.169915 -0.985433 -53.3237 0.169915 0.970922 0.168642 20.0602 0.985433 -0.168642 -0.0219512 365.792
0.00667913 0.170557 -0.985325 -54.2325 0.170557 0.970715 0.169184 20.1979 0.985325 -0.169184 -0.0226061 365.766
0.00735562 0.1728 -0.984929 -55.1536 0.1728 0.969919 0.171457 20.3386 0.984929 -0.171457 -0.0227256 365.73
0.0104051 0.183568 -0.982952 -56.1737 0.183568 0.965948 0.182336 20.4934 0.982952 -0.182336 -0.0236465 365.691
0.0104051 0.183568 -0.982952 -57.1937 0.183568 0.965948 0.182336 20.6483 0.982952 -0.182336 -0.0236465 365.652
0.0105733 0.185409 -0.982604 -58.2061 0.185409 0.965256 0.184131 20.8227 0.982604 -0.184131 -0.0241707 365.622
0.010107 0.186631 -0.982378 -59.1561 0.186631 0.964813 0.185214 20.9816 0.982378 -0.185214 -0.0250797 365.59
0.00696815 0.188092 -0.982127 -60.1916 0.188092 0.964373 0.186026 21.1662 0.982127 -0.186026 -0.0286587 365.608
0.00213573 0.184144 -0.982897 -61.2007 0.184144 0.966018 0.181382 21.3379 0.982897 -0.181382 -0.0318458 365.558
0.00213573 0.184144 -0.982897 -62.2098 0.184144 0.966018 0.181382 21.5095 0.982897 -0.181382 -0.0318458 365.507
-0.00420462 0.182258 -0.983242 -63.196 0.182258 0.966921 0.178453 21.6837 0.983242 -0.178453 -0.0372834 365.486
-0.00749932 0.184393 -0.982824 -64.206 0.184393 0.966252 0.179877 21.8571 0.982824 -0.179877 -0.0412471 365.434
-0.0132579 0.190923 -0.981516 -65.1843 0.190923 0.964025 0.184942 22.0155 0.981516 -0.184942 -0.0492325 365.394
-0.0132579 0.190923 -0.981516 -66.1625 0.190923 0.964025 0.184942 22.1739 0.981516 -0.184942 -0.0492325 365.354
-0.00862589 0.199849 -0.979789 -67.134 0.199849 0.960402 0.194135 22.3365 0.979789 -0.194135 -0.0482239 365.263
-0.00859263 0.199658 -0.979828 -68.0964 0.199658 0.960476 0.193963 22.5046 0.979828 -0.193963 -0.0481162 365.177
-0.00408106 0.196726 -0.98045 -69.0003 0.196726 0.961456 0.192096 22.6409 0.98045 -0.192096 -0.0426248 365.028
-0.00695125 0.196128 -0.980554 -70.0078 0.196128 0.961799 0.190987 22.8262 0.980554 -0.190987 -0.0451521 364.968
-0.00695125 0.196128 -0.980554 -71.0153 0.196128 0.961799 0.190987 23.0114 0.980554 -0.190987 -0.0451521 364.908
-0.00517606 0.198433 -0.980101 -71.9131 0.198433 0.960827 0.193483 23.1741 0.980101 -0.193483 -0.0443488 364.875
-0.0136077 0.197224 -0.980264 -72.9047 0.197224 0.961625 0.190736 23.3553 0.980264 -0.190736 -0.0519828 364.976
-0.00591439 0.201386 -0.979494 -73.9086 0.201386 0.959682 0.196097 23.5418 0.979494 -0.196097 -0.0462322 364.941
-0.00591439 0.201386 -0.979494 -74.9125 0.201386 0.959682 0.196097 23.7283 0.979494 -0.196097 -0.0462322 364.906
0.00139549 0.201235 -0.979542 -75.8171 0.201235 0.959448 0.197393 23.8871 0.979542 -0.197393 -0.0391565 364.829
0.00762177 0.199081 -0.979953 -76.6475 0.199081 0.960063 0.196588 24.035 0.979953 -0.196588 -0.0323157 364.777
