0.999992 0.00289156 0.00293378 -0.0273681 -0.00287795 0.999985 -0.00463506 -0.00241919 -0.00294714 0.00462657 0.999985 1.04473
0.999997 -0.00138676 0.00221741 0.00920608 0.00139903 0.999984 -0.0055414 0.00465418 -0.00220969 0.00554448 0.999982 1.0912
0.999985 -0.00427343 0.00329647 0.00673807 0.00427651 0.99999 -0.000927921 -0.00839232 -0.00329247 0.000942005 0.999994 1.00294
0.999991 -0.00294571 0.00288559 -0.00123213 0.00293214 0.999985 0.00469404 5.54488e-005 -0.00289937 -0.00468554 0.999985 0.874268
0.999989 -0.00411457 0.00211775 -0.000931998 0.00410391 0.999979 0.00501147 -0.000160034 -0.00213832 -0.00500272 0.999985 1.10426
0.99997 -0.00764495 0.00150695 -0.0154506 0.00764218 0.999969 0.00183765 0.00752458 -0.00152095 -0.00182608 0.999997 1.05528
0.999998 -0.00163586 0.00139525 -0.00893796 0.00163709 0.999998 -0.000877001 -0.00173349 -0.00139381 0.000879283 0.999999 1.00581
0.999996 0.00253651 0.00138803 -0.0271437 -0.00253386 0.999995 -0.00190933 0.00299008 -0.00139287 0.0019058 0.999997 1.05956
0.999997 -0.00108988 -0.00211588 0.0167263 0.00109101 0.999999 0.000532656 -0.00862421 0.0021153 -0.000534963 0.999998 1.04743
1 0.000360089 -0.000125587 -0.019724 -0.000359739 0.999996 0.00277469 0.00232261 0.000126585 -0.00277464 0.999996 0.931725
0.999996 0.000299141 -0.00265113 0.000368947 -0.000277136 0.999966 0.00829652 -0.0398989 0.00265352 -0.00829576 0.999962 0.94225
0.999999 0.00065837 -0.00144226 -0.00488407 -0.000652167 0.999991 0.00429706 0.0377885 0.00144508 -0.00429611 0.99999 1.06618
0.999998 -0.00111419 -0.00187571 -0.00972807 0.00112792 0.999972 0.00733848 -0.0113782 0.00186748 -0.00734058 0.999971 1.03074
0.999994 -0.000925383 -0.00322159 0.0151539 0.000939095 0.99999 0.00425746 0.0185729 0.00321762 -0.00426046 0.999986 1.0215
0.999987 -0.000757449 -0.00508602 -0.0158844 0.000780235 0.99999 0.00447966 -0.0158782 0.00508258 -0.00448357 0.999977 1.02802
0.999973 -0.000972776 -0.0073413 -0.0241684 0.000986775 0.999998 0.00190351 0.00877884 0.00733943 -0.0019107 0.999971 1.05206
0.99998 -0.00129163 -0.00613073 -0.0427461 0.00130255 0.999998 0.00177724 0.0028895 0.00612842 -0.00178519 0.99998 0.93325
0.999968 0.0037867 -0.00705825 0.00606885 -0.00378456 0.999993 0.000316755 0.00561158 0.0070594 -0.000290033 0.999975 0.950842
0.999939 0.00363831 -0.0104264 -0.0163434 -0.0036203 0.999992 0.00174591 -0.00654041 0.0104327 -0.00170806 0.999944 0.93524
0.99993 0.00234241 -0.0115555 -0.0433057 -0.00232997 0.999997 0.00108952 0.0132698 0.011558 -0.00106252 0.999933 0.956856
0.999922 -0.000941359 -0.0124752 -0.00229124 0.000980352 0.999995 0.00311987 -0.00434306 0.0124722 -0.00313186 0.999917 0.968077
0.99992 -0.00175344 -0.0125116 -0.0227583 0.00181662 0.999986 0.0050398 -0.0114554 0.0125026 -0.00506213 0.999909 0.900812
0.999898 -8.59567e-005 -0.0143105 -0.0028992 0.000137282 0.999994 0.00358561 0.00892369 0.0143101 -0.0035872 0.999891 0.956683
0.999874 0.000367176 -0.0158612 -0.0332075 -0.000306906 0.999993 0.00380206 -0.00020918 0.0158625 -0.00379671 0.999867 0.884603
0.999836 -9.26522e-005 -0.0181351 -0.0102041 0.000161419 0.999993 0.00379049 0.00234313 0.0181346 -0.00379279 0.999828 0.84555
0.999836 0.000212428 -0.0180849 -0.0263107 -0.000101326 0.999981 0.00614405 0.00114856 0.0180859 -0.00614121 0.999818 0.852154
0.9998 -0.0019768 -0.0198864 -0.0143439 0.00215832 0.999956 0.00911037 0.00493256 0.0198676 -0.00915147 0.999761 0.832622
0.999822 -0.000511116 -0.018857 -0.0252831 0.00071983 0.999939 0.0110631 0.00490078 0.0188502 -0.0110747 0.999761 0.894459
0.999787 -1.02625e-005 -0.0206617 -0.0244183 0.000214908 0.999951 0.00990237 0.00694349 0.0206606 -0.0099047 0.999737 0.860133
0.999784 0.00368784 -0.0204587 -0.0275852 -0.003535 0.999966 0.00750222 0.00647241 0.0204857 -0.00742828 0.999763 0.835575
0.99978 0.00149788 -0.0209273 -0.0328863 -0.00139002 0.999986 0.0051679 0.0107986 0.0209348 -0.00513767 0.999768 0.905632
0.99979 0.00309419 -0.0202417 -0.0310439 -0.00299571 0.999984 0.00489374 0.00379061 0.0202565 -0.00483208 0.999783 0.812956
0.999732 5.71234e-005 -0.0231635 -0.00735291 4.51767e-005 0.99999 0.00441589 -2.36135e-005 0.0231635 -0.00441575 0.999722 0.819025
0.999674 -0.000754747 -0.0255204 -0.0149255 0.000845878 0.999993 0.00356032 0.00792942 0.0255175 -0.00358074 0.999668 0.795401
0.999632 9.46202e-005 -0.027129 -0.037502 8.65589e-006 0.999993 0.00380671 -0.000870131 0.0271292 -0.00380554 0.999625 0.821896
0.999591 0.00065386 -0.0285926 -0.0418334 -0.000530081 0.99999 0.00433641 0.00405069 0.0285951 -0.00431948 0.999582 0.775688
0.999533 5.46588e-005 -0.0305531 -0.0208475 0.000161949 0.999975 0.00708703 -0.00139307 0.0305527 -0.00708867 0.999508 0.74417
0.999457 0.000817567 -0.0329434 -0.0389182 -0.00052637 0.999961 0.00884702 0.00161238 0.0329494 -0.00882488 0.999418 0.791579
0.999488 0.00320418 -0.0318299 -0.0439797 -0.00291633 0.999954 0.00908573 0.00459501 0.0318575 -0.00898825 0.999452 0.719169
0.999405 0.00443869 -0.0341908 -0.0350698 -0.00415378 0.999956 0.00839946 0.00856357 0.0342266 -0.00825245 0.99938 0.762583
0.99938 0.00468343 -0.0349085 -0.0383015 -0.00440709 0.999958 0.00798887 -0.000185113 0.0349445 -0.00783007 0.999359 0.691383
0.999285 0.000816302 -0.0377938 -0.0291543 -0.000475857 0.999959 0.00901607 0.00927895 0.0377996 -0.00899164 0.999245 0.712653
0.999287 0.00180862 -0.0377153 -0.0262815 -0.00138237 0.999935 0.0113249 0.00694183 0.0377333 -0.0112647 0.999224 0.683003
0.999293 0.00484894 -0.0372826 -0.0390354 -0.00441231 0.999921 0.0117847 0.00169722 0.0373368 -0.0116119 0.999235 0.683133
0.999312 0.00715013 -0.0363835 -0.0369913 -0.00680057 0.99993 0.00972237 -0.00118858 0.0364504 -0.00946825 0.999291 0.700925
0.999294 0.0087872 -0.0365276 -0.0125766 -0.00850515 0.999933 0.00786976 -0.0020722 0.0365943 -0.00755353 0.999302 0.648457
0.999478 0.00341236 -0.0321228 -0.0359946 -0.00324072 0.99998 0.00539366 0.0115232 0.0321406 -0.00528674 0.999469 0.658529
0.999557 0.00219982 -0.0296731 -0.0132253 -0.00201045 0.999977 0.00641024 0.00266164 0.0296865 -0.00634775 0.999539 0.622634
0.999629 0.00481894 -0.0268194 -0.0292977 -0.00457013 0.999946 0.00933109 0.00427152 0.0268629 -0.00920505 0.999597 0.613186
0.999705 0.00940603 -0.0223902 -0.0244643 -0.00911398 0.999873 0.0131098 0.0028326 0.0225107 -0.0129019 0.999663 0.624583
0.999794 0.00983088 -0.0177455 -0.0129019 -0.0095802 0.999854 0.0141562 0.00970207 0.017882 -0.0139833 0.999742 0.62176
0.999889 0.00903505 -0.0118755 -0.0195226 -0.00885986 0.999852 0.0147233 0.00636458 0.0120068 -0.0146164 0.999821 0.60056
0.999948 0.00753695 -0.00682661 -0.00168959 -0.00742447 0.999839 0.0163544 0.00997585 0.00694878 -0.0163029 0.999843 0.57949
0.99996 0.00895487 0.000142948 -0.0137396 -0.00895599 0.999793 0.0182495 0.00514978 2.05035e-005 -0.0182501 0.999833 0.565412
0.999943 0.00819035 0.00682592 0.00109542 -0.00831221 0.999803 0.0180194 0.00618737 -0.00667699 -0.0180751 0.999814 0.56854
0.999874 0.00659936 0.0144474 0.00119875 -0.00686654 0.999805 0.0185222 0.00132713 -0.0143223 -0.018619 0.999724 0.540503
0.999746 0.00704822 0.0214085 0.00586867 -0.0074376 0.999807 0.0181635 0.00841278 -0.0212764 -0.0183181 0.999606 0.519204
0.999564 0.00700323 0.028677 0.00989464 -0.00745759 0.999848 0.0157679 0.00726522 -0.0285622 -0.0159749 0.999464 0.542014
0.999263 0.00581534 0.0379333 0.0167254 -0.00631042 0.999896 0.0129447 0.00481468 -0.0378541 -0.0131745 0.999196 0.49447
0.998919 0.00269929 0.046398 0.0101735 -0.00328304 0.999916 0.0125099 0.00972585 -0.0463603 -0.0126487 0.998845 0.471291
0.998579 -0.000578228 0.0532826 0.0315935 -0.000203305 0.999892 0.0146611 0.00585072 -0.0532853 -0.0146511 0.998472 0.44499
0.998096 0.00134463 0.0616574 0.0421791 -0.00230526 0.999877 0.0155116 0.012955 -0.0616289 -0.0156242 0.997977 0.436035
0.99747 0.00379771 0.0709928 0.0151284 -0.00497875 0.999852 0.0164664 0.00846649 -0.0709198 -0.0167782 0.997341 0.39956
0.996863 0.00622725 0.0788963 0.0580999 -0.00750457 0.999845 0.0159038 0.0105715 -0.078785 -0.016446 0.996756 0.399882
0.996014 0.00752584 0.0888796 -0.0175666 -0.00903181 0.999822 0.0165538 -0.0158136 -0.0887393 -0.0172906 0.995905 0.282116
0.995213 0.00255212 0.0976963 0.0703679 -0.00433075 0.999829 0.017998 0.00794761 -0.0976336 -0.0183349 0.995054 0.314189
0.994023 -0.00341359 0.109114 0.0266077 0.00160106 0.999859 0.0166947 0.00159987 -0.109155 -0.0164202 0.993889 0.304681
0.992693 -0.00310129 0.120626 0.0448738 0.00149953 0.99991 0.0133673 0.00617805 -0.120657 -0.0130887 0.992608 0.304766
0.990953 -5.16589e-005 0.134212 0.0454691 -0.00130568 0.999949 0.0100253 0.00387324 -0.134206 -0.0101099 0.990902 0.284477
0.98873 0.000445535 0.14971 0.0465647 -0.00173049 0.999963 0.00845279 0.00444536 -0.149701 -0.0086166 0.988694 0.28505
0.986221 0.00173679 0.165423 0.0580614 -0.00314164 0.999961 0.00823121 -0.00133695 -0.165402 -0.0086375 0.986188 0.250682
0.983152 0.0012291 0.182788 0.0565312 -0.00272009 0.999965 0.00790645 0.0038094 -0.182772 -0.00827043 0.983121 0.25829
0.979645 -0.00193444 0.200729 0.0657347 0.000297177 0.999966 0.00818641 0.00583201 -0.200738 -0.00796013 0.979613 0.266351
0.975558 -0.00319691 0.219718 0.0784037 0.00122237 0.999958 0.00912208 -0.00159275 -0.219737 -0.00863055 0.975521 0.245558
0.970754 -0.0017373 0.240072 0.0761623 -0.000435589 0.999959 0.00899765 0.00897841 -0.240078 -0.00883908 0.970713 0.269342
0.965298 0.00063542 0.26115 0.0774789 -0.00285263 0.999963 0.00811124 -0.00222975 -0.261135 -0.00857472 0.965264 0.252717
0.958938 0.00111073 0.283615 0.0953008 -0.00322324 0.99997 0.00698194 0.00746284 -0.283599 -0.00760941 0.958913 0.26023
0.951388 0.00165734 0.30799 0.105811 -0.00405396 0.999966 0.0071418 -0.000630446 -0.307968 -0.00804321 0.951363 0.24475
0.942724 0.00339367 0.333556 0.108469 -0.00600089 0.999959 0.00678644 0.002255 -0.333519 -0.00839938 0.942706 0.259166
0.932671 0.00508948 0.360692 0.115648 -0.00801381 0.999946 0.00661242 -0.00147997 -0.360639 -0.00905773 0.932662 0.261599
0.921518 0.00143347 0.388332 0.1343 -0.00461498 0.999963 0.0072602 0.00302063 -0.388307 -0.00848255 0.921491 0.251976
0.908181 -0.00259816 0.41857 0.152086 -0.00078513 0.999968 0.00791054 -0.00156052 -0.418577 -0.00751284 0.90815 0.246098
0.892897 -0.00810406 0.450187 0.161489 0.0044218 0.999948 0.00923045 0.00921191 -0.450238 -0.00625121 0.892887 0.243942
0.874886 -0.00743806 0.484271 0.172007 0.00386859 0.999957 0.00836962 0.00259764 -0.484313 -0.00544902 0.874878 0.225198
0.855072 -0.00369565 0.518497 0.170051 0.000856406 0.999983 0.00571517 0.00617659 -0.518509 -0.00444283 0.85506 0.229882
0.832738 -0.000450743 0.553667 0.180924 -0.00148559 0.999994 0.00304849 0.00663548 -0.553665 -0.00336111 0.832733 0.218344
0.808166 0.0014874 0.588953 0.196653 -0.00270558 0.999996 0.00118714 0.0045796 -0.588948 -0.00255286 0.808167 0.207966
0.780255 0.00567598 0.625436 0.184136 -0.00597868 0.999981 -0.00161644 0.00187172 -0.625433 -0.00247805 0.780274 0.21136
0.750941 0.0103525 0.660288 0.225151 -0.00897859 0.999945 -0.00546667 0.00235409 -0.660308 -0.0018233 0.750993 0.216758
0.716541 0.0107474 0.697463 0.219379 -0.00761596 0.999942 -0.00758406 0.00359378 -0.697504 0.000122434 0.716581 0.205692
0.681605 0.00281212 0.731715 0.282564 -0.000395557 0.999994 -0.0034747 0.00356646 -0.73172 0.00207894 0.681602 0.19738
0.641408 0.00147766 0.767198 0.268958 0.000831805 0.999996 -0.00262147 0.00115592 -0.767199 0.00231959 0.641404 0.189193
0.59925 0.00265871 0.800557 0.30911 -0.000834469 0.999996 -0.00269642 0.00677437 -0.800561 0.000947793 0.59925 0.191746
0.553216 0.00133883 0.833037 0.332778 0.000218367 0.999998 -0.00175218 0.00283436 -0.833038 0.00115124 0.553215 0.182325
0.504197 0.000699519 0.863588 0.356203 0.000373816 0.999999 -0.00102826 0.00189607 -0.863589 0.000841269 0.504196 0.17086
0.456327 0.00142341 0.889811 0.386605 -0.00269187 0.999996 -0.000219182 0.0062917 -0.889808 -0.00229524 0.456329 0.160049
0.406372 0.00475307 0.913695 0.40236 -0.00771259 0.999969 -0.00177164 0.00649671 -0.913675 -0.00632701 0.406396 0.150864
0.356885 0.00888927 0.934106 0.402119 -0.00936876 0.999938 -0.00593632 0.00833481 -0.934101 -0.00663284 0.356946 0.133426
0.30768 0.00771307 0.951459 0.473989 -0.00353024 0.99997 -0.00696473 0.00659077 -0.951483 -0.00121597 0.307698 0.122665
0.259299 -0.00142897 0.965796 0.469899 0.00521993 0.999986 7.80983e-005 -0.000164645 -0.965783 0.00502113 0.259303 0.0882796
0.214684 -0.0122395 0.976607 0.49722 0.00539025 0.999921 0.0113467 0.00626363 -0.976669 0.00282819 0.214733 0.0697339
0.171988 -0.016462 0.984961 0.522616 -8.12262e-005 0.99986 0.0167252 0.0134429 -0.985099 -0.00295654 0.171963 0.0510398
0.133731 -0.0184504 0.990846 0.534456 -0.00558573 0.999797 0.019371 0.0186639 -0.991002 -0.0081251 0.133601 0.0531555
0.100533 -0.0236448 0.994653 0.568999 -0.0103601 0.999638 0.0248105 0.0155141 -0.99488 -0.012799 0.100252 0.0335121
0.0717279 -0.0295099 0.996988 0.541751 -0.0148505 0.99942 0.0306503 0.0100419 -0.997314 -0.0170043 0.071248 0.0186829
0.0464509 -0.0361805 0.998265 0.576084 -0.0242557 0.999008 0.0373361 0.0247177 -0.998626 -0.025948 0.0455273 0.00956506
0.0266819 -0.0391189 0.998878 0.557829 -0.0300515 0.998751 0.0399167 0.0281629 -0.999192 -0.0310828 0.0254729 -0.00230529
0.0103881 -0.0403151 0.999133 0.586808 -0.0335021 0.998612 0.0406424 0.0305449 -0.999385 -0.0338953 0.00902307 0.00212161
-0.00199658 -0.0419664 0.999117 0.59426 -0.0380621 0.998398 0.0418601 0.027958 -0.999273 -0.037945 -0.00359071 -0.0103009
-0.0138028 -0.0421483 0.999016 0.594531 -0.0400391 0.998333 0.0415663 0.0289616 -0.999103 -0.039426 -0.0154674 -0.0132201
-0.0223637 -0.0478569 0.998604 0.563295 -0.0376688 0.998185 0.0469932 0.0329885 -0.99904 -0.0365653 -0.0241259 -0.0293175
-0.0295303 -0.0509113 0.998266 0.626944 -0.0378201 0.998044 0.0497812 0.0339431 -0.998848 -0.0362845 -0.031398 -0.0235455
-0.0340273 -0.0504344 0.998148 0.603942 -0.0467122 0.997715 0.04882 0.0368678 -0.998329 -0.0449645 -0.0363055 -0.0152506
-0.0366013 -0.0493146 0.998112 0.58543 -0.0553325 0.997349 0.0472479 0.0374541 -0.997797 -0.0534987 -0.039233 -0.0227276
-0.0396009 -0.0461787 0.998148 0.610877 -0.0596864 0.997257 0.0437695 0.0378611 -0.997431 -0.0578425 -0.0422485 -0.0247756
-0.0408057 -0.0472229 0.998051 0.600192 -0.0617662 0.997091 0.0446521 0.0396527 -0.997256 -0.0598237 -0.0436038 -0.00421178
-0.0416986 -0.0497561 0.997891 0.702133 -0.0556326 0.997325 0.0474032 0.0309949 -0.99758 -0.0535386 -0.0443551 -0.048891
-0.0428677 -0.0508925 0.997784 0.724214 -0.0474899 0.997677 0.0488467 0.0342859 -0.997951 -0.0452907 -0.045185 -0.0353983
-0.041197 -0.0525536 0.997768 0.736599 -0.0407855 0.997872 0.050875 0.0404007 -0.998318 -0.0385986 -0.0432528 -0.00390463
-0.0382119 -0.0543266 0.997792 0.805707 -0.037893 0.997882 0.0528803 0.0485787 -0.998551 -0.0357886 -0.0401896 -0.0517051
-0.0371516 -0.0553282 0.997777 0.704175 -0.0444752 0.997568 0.0536606 0.047091 -0.998319 -0.0423827 -0.0395219 -0.0142548
-0.0330862 -0.0557086 0.997899 0.707333 -0.0585979 0.996836 0.0537064 0.0529231 -0.997733 -0.0566979 -0.0362459 -0.0101007
-0.0312107 -0.0538024 0.998064 0.695786 -0.0669854 0.996418 0.051619 0.0355292 -0.997266 -0.0652447 -0.0347029 -0.0326779
-0.0297839 -0.0510965 0.99825 0.721129 -0.0621961 0.996852 0.0491692 0.0423282 -0.997619 -0.0606228 -0.0328682 -0.0126725
-0.0249181 -0.0583229 0.997987 0.720706 -0.0500195 0.997119 0.0570233 0.0324943 -0.998437 -0.0484979 -0.0277636 -0.0408645
-0.0238836 -0.0592085 0.99796 0.744002 -0.0404607 0.997484 0.0582119 0.0484484 -0.998896 -0.0389879 -0.0262191 -0.0127028
-0.0194467 -0.05443 0.998328 0.629133 -0.0524529 0.997197 0.0533466 0.044421 -0.998434 -0.0513278 -0.0222472 -0.0175203
-0.0167534 -0.0485794 0.998679 0.706375 -0.063823 0.996834 0.047419 0.0484088 -0.997821 -0.0629442 -0.0198009 0.0202726
-0.0112908 -0.0536082 0.998498 0.712108 -0.061644 0.9967 0.0528145 0.0386786 -0.998034 -0.0609551 -0.0145582 -0.0266901
-0.00839798 -0.0591209 0.998216 0.723256 -0.0513368 0.99696 0.0586146 0.0367156 -0.998646 -0.0507529 -0.0114075 -0.0195066
-0.00436884 -0.0579761 0.998308 0.702513 -0.0476618 0.997195 0.0577029 0.0457234 -0.998854 -0.0473291 -0.00711983 -0.0027141
-0.00226129 -0.0543728 0.998518 0.692648 -0.0533913 0.997103 0.0541748 0.049787 -0.998571 -0.0531897 -0.00515777 0.0120416
0.00305105 -0.0535009 0.998563 0.72345 -0.0587147 0.996835 0.0535878 0.0416112 -0.99827 -0.0587939 -9.99021e-005 0.0139484
0.00630812 -0.0589126 0.998243 0.706634 -0.0589339 0.996506 0.0591825 0.0376438 -0.998242 -0.0592037 0.00281412 -0.00419836
0.0103216 -0.063865 0.997905 0.711484 -0.0555609 0.99638 0.0643421 0.0414185 -0.998402 -0.0561086 0.00673583 -0.0126781
0.0140114 -0.066946 0.997658 0.69368 -0.057135 0.996072 0.067642 0.049299 -0.998268 -0.057949 0.0101314 0.0110381
0.0173975 -0.0669237 0.997606 0.684854 -0.0631316 0.995693 0.0678963 0.0463201 -0.997854 -0.0641617 0.0130976 -0.00553115
0.01744 -0.0644833 0.997766 0.674046 -0.0656854 0.995688 0.0654972 0.0667752 -0.997688 -0.066681 0.0131292 0.0347776
0.0239408 -0.0705382 0.997222 0.699605 -0.0686992 0.995034 0.0720327 0.0499214 -0.99735 -0.0702329 0.018976 0.0115142
0.0258833 -0.0662946 0.997464 0.682619 -0.0681646 0.995359 0.0679235 0.0513239 -0.997338 -0.0697498 0.0212443 0.0200641
0.0316424 -0.0658769 0.997326 0.698028 -0.0693334 0.995277 0.0679413 0.0531686 -0.997092 -0.0712979 0.0269255 0.0263674
0.0289625 -0.0659001 0.997406 0.694933 -0.0656329 0.995546 0.0676831 0.0587384 -0.997423 -0.0674229 0.0245083 0.0647141
0.0356782 -0.0653297 0.997226 0.69435 -0.0643262 0.995642 0.0675273 0.0520073 -0.997291 -0.066557 0.0313203 0.0057513
0.0336413 -0.0603866 0.997608 0.687187 -0.0640401 0.995992 0.0624483 0.0383313 -0.99738 -0.0659878 0.0296393 0.0264147
0.0368431 -0.0577642 0.99765 0.719255 -0.0638128 0.996155 0.0600342 0.0632811 -0.997282 -0.0658747 0.0330153 0.0670415
0.0425013 -0.0579604 0.997414 0.694504 -0.061552 0.996268 0.0605166 0.0404287 -0.997199 -0.0639648 0.0387751 0.0126087
0.0433561 -0.0558963 0.997495 0.717275 -0.0523166 0.996937 0.058139 0.0494552 -0.997689 -0.0547062 0.040299 0.0378129
0.0490589 -0.0582545 0.997096 0.70793 -0.0517214 0.99681 0.0607826 0.0455275 -0.997456 -0.0545531 0.0458894 0.0259178
0.0726706 -0.0853205 0.9937 0.54361 -0.0402617 0.995271 0.0883998 -0.00177293 -0.996543 -0.0464321 0.0688918 -0.0814506
0.0547008 -0.047796 0.997358 0.785092 -0.0566458 0.997097 0.0508902 0.0752455 -0.996895 -0.0592799 0.0518346 0.115535
0.0704973 -0.0660969 0.99532 0.703847 -0.0668405 0.995247 0.0708263 0.0420737 -0.99527 -0.0715208 0.0657443 0.019377
0.0657443 -0.0554532 0.996294 0.754576 -0.0542892 0.996777 0.0590625 0.0478977 -0.996359 -0.0579711 0.0625219 0.0663875
0.0730759 -0.0563598 0.995733 0.770027 -0.0602646 0.996328 0.0608163 0.0681886 -0.995504 -0.0644516 0.0694111 0.0756632
0.0755666 -0.0543089 0.995661 0.735953 -0.060586 0.996421 0.0589486 0.0482051 -0.995298 -0.0647776 0.0720058 0.048783
0.0813301 -0.0550164 0.995168 0.756698 -0.057534 0.996551 0.0597949 0.0468994 -0.995025 -0.0621191 0.0778843 0.0668707
0.0864133 -0.0530453 0.994846 0.76268 -0.0531441 0.996914 0.0577718 0.0498351 -0.994841 -0.0578624 0.0833276 0.0737553
0.0924428 -0.0513417 0.994393 0.767554 -0.0441996 0.997474 0.0556097 0.0482311 -0.994737 -0.0490925 0.08994 0.0786776
0.0994772 -0.0500479 0.99378 0.814017 -0.0400031 0.997726 0.0542509 0.056815 -0.994235 -0.0451511 0.0972489 0.0921609
0.106408 -0.0436862 0.993362 0.772504 -0.0442964 0.997834 0.0486279 0.0466267 -0.993335 -0.0491768 0.104243 0.0996895
0.113472 -0.0386469 0.992789 0.738909 -0.0488608 0.997817 0.0444273 0.0419741 -0.992339 -0.0535497 0.111336 0.0897126
0.120977 -0.0402901 0.991837 0.765807 -0.0479354 0.997773 0.046378 0.0458445 -0.991497 -0.0531548 0.118776 0.106688
0.128789 -0.0404305 0.990847 0.759939 -0.0456088 0.99787 0.0466452 0.0410035 -0.990623 -0.0511988 0.126671 0.0899869
0.134823 -0.0370629 0.990176 0.758013 -0.0502826 0.997757 0.0441931 0.0379727 -0.989593 -0.0557469 0.132657 0.113126
0.142988 -0.0372854 0.989022 0.819696 -0.0551269 0.997439 0.0455727 0.0501505 -0.988188 -0.0610381 0.140566 0.124781
0.149968 -0.0375112 0.987979 0.803756 -0.0488596 0.997778 0.0452998 0.0345857 -0.987483 -0.0550658 0.147802 0.119542
0.156349 -0.0383607 0.986957 0.851023 -0.0383784 0.998255 0.0448796 0.0422093 -0.986956 -0.0448947 0.154604 0.144818
0.162681 -0.0406174 0.985842 0.8228 -0.0290716 0.998521 0.0459371 0.0329494 -0.98625 -0.0361331 0.16126 0.117775
0.165947 -0.0347925 0.985521 0.809128 -0.0275673 0.998823 0.0399041 0.0505675 -0.985749 -0.0337901 0.164792 0.167275
0.174334 -0.0376393 0.983967 0.744949 -0.0321586 0.998518 0.0438936 0.0241235 -0.984161 -0.0392951 0.172866 0.113786
0.177154 -0.0313292 0.983684 0.813256 -0.0335111 0.998722 0.0378432 0.0426522 -0.983612 -0.0396685 0.175878 0.171438
0.184926 -0.038514 0.981998 0.745528 -0.0369017 0.998255 0.0461008 0.038193 -0.982059 -0.0447626 0.183182 0.128205
0.187172 -0.0347433 0.981712 0.744836 -0.0404546 0.998254 0.0430418 0.0327317 -0.981494 -0.0477711 0.18544 0.139803
0.191517 -0.0359136 0.980832 0.788843 -0.0502348 0.997662 0.0463386 0.0437926 -0.980203 -0.0581465 0.189265 0.160287
0.194133 -0.03175 0.980461 0.776368 -0.048878 0.997922 0.0419933 0.0362754 -0.979757 -0.0560752 0.192177 0.172829
0.196375 -0.0313693 0.980027 0.829956 -0.043404 0.99823 0.0406491 0.0363441 -0.979568 -0.0505196 0.194666 0.177769
0.197777 -0.0302909 0.979779 0.795313 -0.0333965 0.998734 0.0376183 0.0352268 -0.979678 -0.0401612 0.196515 0.170603
0.201748 -0.0285697 0.979021 0.824434 -0.0294502 0.998946 0.03522 0.0272952 -0.978995 -0.035938 0.200693 0.166481
0.20168 -0.0254093 0.979122 0.774573 -0.0245773 0.999217 0.0309932 0.032271 -0.979143 -0.0303148 0.200898 0.177937
0.205538 -0.0253254 0.978321 0.791007 -0.0191804 0.999369 0.0298999 0.0252994 -0.978461 -0.0249102 0.204922 0.171304
0.207135 -0.0279627 0.977913 0.747067 -0.019712 0.999269 0.0327486 0.0268511 -0.978114 -0.02606 0.206432 0.168158
0.20647 -0.0241381 0.978155 0.696779 -0.0241742 0.999265 0.0297618 0.0228996 -0.978154 -0.029791 0.205735 0.158933
0.205711 -0.0227562 0.978348 0.685997 -0.0280337 0.999182 0.0291353 0.0498147 -0.978211 -0.0334202 0.204905 0.172779
0.207842 -0.0225894 0.977902 0.691834 -0.0289586 0.999153 0.0292351 0.00721876 -0.977734 -0.034395 0.207012 0.140035
0.203923 -0.0227179 0.978723 0.660858 -0.0279201 0.999189 0.0290102 0.0176787 -0.978589 -0.0332419 0.203123 0.142079
0.205433 -0.0240912 0.978375 0.695674 -0.0243374 0.999262 0.0297158 0.0228559 -0.978369 -0.0299157 0.204695 0.125286
0.202638 -0.0250933 0.978932 0.609581 -0.0256698 0.999192 0.0309263 0.0157842 -0.978917 -0.0313958 0.20183 0.173556
0.200724 -0.0245038 0.979341 0.648094 -0.0224756 0.999309 0.02961 0.0213919 -0.97939 -0.0279547 0.200034 0.145257
0.201659 -0.0265696 0.979095 0.653579 -0.0175964 0.999372 0.0307441 0.0156583 -0.979298 -0.0234284 0.201065 0.121319
0.195686 -0.0267152 0.980303 0.614574 -0.0182308 0.999357 0.0308737 0.0238962 -0.980497 -0.0239133 0.195073 0.138095
0.195121 -0.0254554 0.980449 0.587918 -0.0246075 0.999221 0.03084 0.0236546 -0.98047 -0.030144 0.194343 0.101482
0.190425 -0.023359 0.981424 0.581143 -0.0304715 0.999095 0.0296919 0.0266398 -0.981229 -0.0355595 0.189541 0.140087
0.195128 -0.03404 0.980187 0.599676 -0.030125 0.998718 0.0406806 0.0225055 -0.980315 -0.037466 0.193852 0.0778771
0.186534 -0.0279189 0.982052 0.572802 -0.0299276 0.998971 0.0340845 0.0108982 -0.981993 -0.0357484 0.185507 0.13598
0.189185 -0.0375023 0.981225 0.566844 -0.0261244 0.998724 0.043208 0.0364434 -0.981594 -0.0338082 0.187964 0.100488
0.182783 -0.0366018 0.982472 0.585642 -0.0228822 0.998878 0.0414701 0.0176711 -0.982887 -0.0300611 0.18174 0.0975447
0.183888 -0.0394672 0.982154 0.568611 -0.029113 0.998537 0.0455763 0.0340952 -0.982516 -0.0369744 0.18247 0.109748
0.181088 -0.0345149 0.982861 0.528625 -0.0332262 0.998599 0.0411893 0.0222435 -0.982906 -0.0401156 0.179687 0.102319
0.18351 -0.042357 0.982105 0.579338 -0.035343 0.998141 0.0496526 0.0288596 -0.982382 -0.0438223 0.181672 0.0932187
0.179626 -0.0411903 0.982872 0.492805 -0.036183 0.99817 0.0484441 0.0193574 -0.983069 -0.0442651 0.177807 0.0907963
0.186477 -0.0507203 0.981149 0.597201 -0.0372177 0.997585 0.0586436 0.046203 -0.981754 -0.0474518 0.184139 0.0948556
0.183391 -0.0486056 0.981838 0.509066 -0.0409979 0.99753 0.0570402 0.0284854 -0.982185 -0.0507139 0.180945 0.111378
0.190698 -0.0481727 0.980466 0.556767 -0.0483875 0.99712 0.0584022 0.036704 -0.980456 -0.0585795 0.187818 0.111982
0.192239 -0.0448046 0.980325 0.563744 -0.0496159 0.997236 0.055307 0.0403458 -0.980093 -0.0592718 0.189485 0.136855
0.20044 -0.0470197 0.978577 0.560718 -0.0468951 0.997242 0.057522 0.0458967 -0.978583 -0.0574202 0.197682 0.122036
0.208003 -0.0474286 0.976978 0.536114 -0.0449014 0.997308 0.0579753 0.0354621 -0.977097 -0.0559267 0.205314 0.118491
0.215746 -0.0441683 0.97545 0.559666 -0.0498006 0.997179 0.0561669 0.0384814 -0.975179 -0.0606958 0.212938 0.126834
0.227202 -0.0468906 0.972718 0.528013 -0.0483697 0.997064 0.0593621 0.0314864 -0.972646 -0.0605372 0.224267 0.106831
0.234451 -0.0424593 0.9712 0.604085 -0.0474272 0.997356 0.0550519 0.0443095 -0.97097 -0.0589683 0.231817 0.158356
0.246177 -0.0409824 0.968358 0.583707 -0.0442773 0.997587 0.0534757 0.0403373 -0.968213 -0.0560408 0.243768 0.163011
0.256749 -0.0394767 0.965671 0.619663 -0.0406273 0.997841 0.0515936 0.0565364 -0.965624 -0.0524793 0.254591 0.173073
0.266027 -0.0345052 0.963348 0.583487 -0.0377946 0.998217 0.0461911 0.0318636 -0.963224 -0.0486974 0.264249 0.171108
0.275773 -0.0326429 0.960668 0.648184 -0.0371159 0.998316 0.0445768 0.0467884 -0.960506 -0.0479491 0.274097 0.214852
0.287377 -0.0340963 0.95721 0.59995 -0.0337206 0.998387 0.0456867 0.035252 -0.957224 -0.045407 0.285764 0.165139
0.295864 -0.030633 0.954739 0.612999 -0.0346891 0.998482 0.0427863 0.0357888 -0.9546 -0.0457779 0.294352 0.22085
0.308321 -0.0318293 0.95075 0.618472 -0.0338301 0.998441 0.0443967 0.0435079 -0.950681 -0.0458524 0.306763 0.193357
0.317466 -0.0292234 0.947819 0.602531 -0.0372139 0.998371 0.0432466 0.040422 -0.947539 -0.0490014 0.315861 0.22905
0.32846 -0.0347704 0.943878 0.66474 -0.0394357 0.997946 0.0504853 0.0384573 -0.943694 -0.0538049 0.326414 0.223775
0.338981 -0.0359944 0.940104 0.0550045 -0.0396635 0.997833 0.0525064 0.000179041 -0.939957 -0.0550865 0.336819 0.0337457
0.349921 -0.0387551 0.935977 0.998337 -0.0416168 0.997514 0.0568619 0.0674528 -0.935854 -0.0588495 0.347439 0.360748
0.358587 -0.0440666 0.932456 0.561002 -0.0372656 0.997413 0.0614673 0.0476596 -0.932752 -0.0567899 0.356017 0.216857
0.367223 -0.0516974 0.928695 0.806188 -0.0363233 0.996896 0.0698567 0.0617448 -0.929424 -0.0593863 0.364205 0.320453
0.374638 -0.0589427 0.925296 0.723569 -0.0447037 0.995668 0.0815254 0.0744618 -0.926093 -0.0719067 0.37038 0.265308
0.381442 -0.0625313 0.922275 0.77955 -0.0489746 0.994941 0.0877135 0.0697201 -0.923095 -0.0786257 0.37645 0.306036
0.389331 -0.0618383 0.91902 0.80574 -0.0527014 0.994614 0.0892511 0.0809558 -0.919589 -0.0831818 0.383975 0.37336
0.397579 -0.0629857 0.915403 0.767188 -0.0488857 0.99477 0.0896788 0.0719184 -0.916265 -0.0804046 0.392421 0.292804
0.403309 -0.0597031 0.913114 0.788587 -0.0382167 0.9959 0.0819957 0.0839578 -0.914265 -0.0679658 0.399374 0.364888
0.411032 -0.0608557 0.909587 0.727414 -0.0501213 0.994752 0.0892028 0.0612933 -0.910242 -0.0822549 0.405824 0.267871
0.414331 -0.046476 0.908939 0.741566 -0.0586986 0.995251 0.0776465 0.0906552 -0.908231 -0.0855248 0.409635 0.413617
0.421478 -0.0440067 0.90577 0.715068 -0.0619735 0.995089 0.0771841 0.0607393 -0.904718 -0.0886652 0.416681 0.318639
0.42136 -0.0417645 0.905931 0.739459 -0.0492176 0.996414 0.0688276 0.0634163 -0.905557 -0.0735889 0.417794 0.370667
0.427472 -0.0428598 0.903012 0.687667 -0.043283 0.99676 0.0677988 0.0594147 -0.902992 -0.0680671 0.424232 0.322047
0.430033 -0.0390216 0.90197 0.692011 -0.0431582 0.997035 0.0637109 0.0494728 -0.901781 -0.0663252 0.427074 0.351063
0.433873 -0.0378193 0.90018 0.660001 -0.0450453 0.996959 0.0635965 0.0530125 -0.899847 -0.0681417 0.43085 0.310696
0.438441 -0.0419244 0.897782 0.644612 -0.0437489 0.996732 0.0679104 0.0534844 -0.897695 -0.0690517 0.435174 0.310936
0.44178 -0.0410854 0.896182 0.643632 -0.0446532 0.996706 0.067706 0.0495577 -0.896011 -0.0699286 0.43849 0.321832
0.445532 -0.041325 0.894312 0.648493 -0.0464043 0.996525 0.069166 0.051147 -0.894063 -0.0723156 0.442066 0.336886
0.449054 -0.0410244 0.892562 0.625173 -0.0439875 0.996719 0.0679421 0.0434971 -0.892421 -0.0697713 0.445776 0.297451
0.451088 -0.0411666 0.89153 0.624986 -0.041438 0.996892 0.0669981 0.0518876 -0.891517 -0.0671653 0.44798 0.332421
0.451373 -0.0440404 0.891248 0.6173 -0.0406654 0.996728 0.0698476 0.041683 -0.891409 -0.0677703 0.448105 0.345607
0.452009 -0.0473427 0.890756 0.589636 -0.0405658 0.996466 0.0735459 0.0488397 -0.891091 -0.0693776 0.448491 0.355916
0.451693 -0.0459074 0.890991 0.567505 -0.0430585 0.99639 0.0731667 0.0466999 -0.891134 -0.0714137 0.448086 0.343505
0.457482 -0.0457428 0.888042 0.609037 -0.044604 0.996238 0.0742941 0.0475998 -0.8881 -0.0735984 0.45372 0.284236
0.458211 -0.0442911 0.887739 0.568005 -0.0425167 0.996522 0.0716636 0.038095 -0.887826 -0.0705808 0.454734 0.290856
0.46065 -0.0458091 0.886399 0.578825 -0.0414703 0.996466 0.0730489 0.0603 -0.886613 -0.0704092 0.457122 0.271639
0.462941 -0.0481312 0.885081 0.554478 -0.0401594 0.99636 0.0751879 0.0344625 -0.885479 -0.0703519 0.459323 0.355624
0.460074 -0.0523705 0.886335 0.485571 -0.0434742 0.995733 0.0814008 0.0596886 -0.886816 -0.0759831 0.455834 0.395962
0.47052 -0.0487214 0.881043 0.572541 -0.0450407 0.995847 0.0791239 0.0139605 -0.881239 -0.0769122 0.466371 0.143565
0.475129 -0.0472267 0.878648 0.556942 -0.0472347 0.99575 0.0790631 0.0498221 -0.878647 -0.0790679 0.470879 0.256051
0.478395 -0.0481045 0.876826 0.482578 -0.0471239 0.995653 0.0803343 0.0397088 -0.87688 -0.079751 0.474048 0.271812
0.481982 -0.0527527 0.874592 0.560291 -0.0441959 0.995451 0.0843986 0.0767012 -0.875066 -0.079332 0.477458 0.34637
0.485521 -0.0489683 0.872852 0.459485 -0.0445334 0.995748 0.0806345 0.0350596 -0.87309 -0.0780208 0.481276 0.240619
0.489899 -0.0496728 0.870363 0.510928 -0.0472183 0.995398 0.0833864 0.0518025 -0.8705 -0.081948 0.485299 0.31621
0.494963 -0.050352 0.867454 0.468364 -0.0432758 0.995652 0.0824862 0.0441502 -0.867836 -0.0783674 0.490632 0.263938
0.499907 -0.0433323 0.864995 0.46536 -0.0445754 0.996137 0.0756634 0.042693 -0.864931 -0.0763821 0.496044 0.275019
0.506543 -0.0397705 0.861297 0.426704 -0.0420468 0.996608 0.0707469 0.0421246 -0.861189 -0.0720511 0.503152 0.267288
0.513393 -0.036007 0.857398 0.425613 -0.0391578 0.997096 0.0653206 0.0379813 -0.85726 -0.067109 0.510492 0.259598
0.518792 -0.0321414 0.854296 0.416272 -0.0364341 0.997554 0.0596567 0.0346783 -0.854124 -0.0620749 0.516352 0.255298
0.524695 -0.0287283 0.850806 0.396297 -0.0381122 0.997636 0.0571901 0.0370682 -0.850437 -0.0624334 0.522359 0.267732
0.531439 -0.0246154 0.846739 0.375159 -0.0429078 0.997512 0.0559287 0.0353364 -0.846009 -0.0660544 0.529061 0.242217
0.536915 -0.020115 0.843396 0.384712 -0.0470349 0.997447 0.053732 0.0305701 -0.842324 -0.0685186 0.534598 0.252453
0.542476 -0.0186525 0.839864 0.403244 -0.0468524 0.997526 0.0524164 0.031098 -0.838764 -0.0677843 0.54026 0.284449
0.549066 -0.0223453 0.83548 0.428281 -0.0412576 0.997699 0.0537978 0.0315807 -0.83476 -0.0640085 0.546881 0.297851
0.555532 -0.0204744 0.831243 0.514977 -0.0342277 0.998286 0.0474638 0.0415545 -0.830791 -0.0548192 0.553879 0.352001
0.56115 -0.0208582 0.827451 0.481892 -0.0290971 0.998567 0.0449043 0.0317553 -0.827203 -0.0492745 0.559739 0.364627
0.56702 -0.018417 0.823498 0.521042 -0.0246115 0.998925 0.0392866 0.0380853 -0.823336 -0.0425438 0.565957 0.365771
0.572383 -0.0173808 0.819802 0.462606 -0.022879 0.999048 0.037155 0.0321337 -0.819667 -0.0400231 0.57144 0.34533
0.578083 -0.0122411 0.815886 0.489485 -0.0244642 0.999178 0.0323249 0.0337113 -0.815611 -0.0386465 0.577309 0.35028
0.585291 -0.0116878 0.810739 0.471089 -0.0246135 0.999179 0.0321734 0.0304955 -0.81045 -0.0387859 0.584523 0.378787
0.592541 -0.0137714 0.805422 0.501871 -0.0231156 0.999151 0.0340898 0.0249629 -0.805208 -0.0388174 0.59172 0.369315
0.598787 -0.0151056 0.800766 0.306077 -0.0195353 0.999249 0.0334576 0.0147419 -0.80067 -0.0356771 0.598042 0.244704
0.606605 -0.0171316 0.794819 0.598599 -0.0175293 0.999237 0.034916 0.0391617 -0.79481 -0.0351129 0.605842 0.47894
0.614192 -0.0119294 0.789066 0.430427 -0.0199646 0.999331 0.0306483 0.0180269 -0.788904 -0.0345773 0.613543 0.343457
0.621276 -0.0119984 0.7835 0.551953 -0.0185725 0.999376 0.0300314 0.0375216 -0.783371 -0.0332093 0.620666 0.450458
0.628528 -0.0123441 0.777689 0.492931 -0.0160847 0.999454 0.0288637 0.0242443 -0.77762 -0.0306506 0.627986 0.418902
0.633498 -0.0127337 0.773639 0.536516 -0.0159634 0.999437 0.0295218 0.0340295 -0.77358 -0.0310519 0.632938 0.44874
0.637249 -0.0164771 0.770482 0.538854 -0.0137349 0.99937 0.0327318 0.0252779 -0.770536 -0.0314408 0.636621 0.443866
0.641143 -0.0193355 0.767178 0.539644 -0.0116835 0.999321 0.0349504 0.031609 -0.767332 -0.0313716 0.640482 0.442492
0.644332 -0.0251255 0.764333 0.547092 -0.00906825 0.999139 0.0404888 0.032215 -0.764692 -0.0330194 0.64355 0.472479
0.647914 -0.0283577 0.761185 0.578028 -0.0106681 0.998871 0.0462932 0.0341636 -0.761639 -0.0381144 0.64688 0.487781
0.650878 -0.0315019 0.758529 0.594741 -0.0130291 0.998528 0.0526492 0.048601 -0.759071 -0.0441511 0.649509 0.502623
0.655791 -0.0361375 0.754077 0.640673 -0.015565 0.997994 0.0613628 0.0446861 -0.754782 -0.0519784 0.653913 0.5361
0.658579 -0.028638 0.751966 0.608907 -0.0241551 0.997956 0.0591616 0.0537004 -0.752124 -0.0571264 0.656541 0.530357
0.661479 -0.0265492 0.749494 0.631889 -0.0276415 0.997831 0.0597415 0.0616225 -0.749454 -0.0602349 0.65931 0.568234
0.66667 -0.0232105 0.744992 0.641523 -0.0277885 0.998046 0.0559616 0.0600983 -0.744835 -0.0580101 0.664722 0.573362
0.668241 -0.0146148 0.743801 0.627328 -0.0337709 0.99818 0.0499532 0.0605617 -0.743178 -0.0584996 0.666531 0.590226
0.671984 -0.0189012 0.740324 0.544221 -0.0317429 0.99802 0.0542931 0.0497991 -0.739885 -0.0599842 0.670054 0.512771
0.675884 -0.0207062 0.736717 0.649501 -0.0317463 0.99786 0.0571708 0.0587527 -0.736324 -0.0620288 0.67378 0.594497
0.679282 -0.0232462 0.733509 0.608572 -0.034353 0.997395 0.0634225 0.0596541 -0.733072 -0.06828 0.676715 0.573554
0.684093 -0.0294303 0.728801 0.663353 -0.0292304 0.997277 0.0677092 0.059228 -0.728809 -0.0676225 0.68137 0.617003
0.687867 -0.0357903 0.724954 0.672374 -0.0217978 0.997314 0.0699191 0.0653672 -0.725509 -0.0638974 0.685239 0.61022
0.692929 -0.0446065 0.719624 0.686889 -0.0120728 0.997227 0.0734388 0.0674889 -0.720905 -0.0595757 0.690469 0.642648
0.698463 -0.0454927 0.714198 0.749839 -0.00867263 0.997366 0.0720113 0.0761315 -0.715593 -0.0564912 0.696229 0.746886
0.704809 -0.0395066 0.708296 0.626596 -0.0162802 0.997284 0.0718255 0.0703647 -0.70921 -0.0621544 0.702252 0.614354
0.710544 -0.0354792 0.702758 0.645887 -0.0255514 0.996768 0.076157 0.0717558 -0.703189 -0.0720693 0.707341 0.660738
0.716999 -0.0379102 0.696042 0.662006 -0.0275203 0.996202 0.0826075 0.0858864 -0.696531 -0.0783848 0.713233 0.656578
0.722306 -0.0405399 0.690384 0.647639 -0.0257325 0.996014 0.085409 0.0747599 -0.691095 -0.0794567 0.718384 0.691595
0.727405 -0.0406052 0.685006 0.682609 -0.0239121 0.996142 0.0844407 0.0993805 -0.685791 -0.0778025 0.723628 0.67093
0.730458 -0.0357106 0.682023 0.540943 -0.0278682 0.996242 0.0820104 0.0726799 -0.682389 -0.0789119 0.726717 0.628635
0.735167 -0.0346998 0.676998 0.659295 -0.0314142 0.995872 0.0851572 0.0851572 -0.677158 -0.0838721 0.731042 0.694701
0.73661 -0.0367652 0.675317 0.593181 -0.0320957 0.995496 0.0892049 0.0833416 -0.675555 -0.087384 0.732113 0.668452
0.738487 -0.0388282 0.673149 0.652756 -0.0331209 0.995046 0.0937314 0.0938016 -0.673454 -0.0915148 0.733543 0.690223
0.739018 -0.043198 0.672299 0.640699 -0.0320395 0.994559 0.0991237 0.0968829 -0.672923 -0.0947943 0.733613 0.702629
0.739593 -0.0419803 0.671744 0.675281 -0.0346203 0.994359 0.100259 0.096527 -0.672164 -0.0974068 0.733967 0.69907
0.737663 -0.0326453 0.67438 0.639298 -0.0434493 0.994465 0.0956664 0.11034 -0.67377 -0.0998709 0.732161 0.735327
0.738466 -0.0350967 0.673377 0.659463 -0.0407341 0.994499 0.0965052 0.100114 -0.673059 -0.0986952 0.732974 0.71194
0.738364 -0.0327919 0.673604 0.693762 -0.0401048 0.994915 0.0923941 0.104703 -0.673208 -0.0952353 0.733294 0.76542
0.736246 -0.0304778 0.676027 0.676506 -0.0405472 0.995204 0.0890266 0.0996487 -0.675498 -0.0929565 0.731479 0.708443
0.733631 -0.0296421 0.678901 0.706788 -0.0404593 0.995371 0.0871806 0.109045 -0.678343 -0.0914263 0.729035 0.794082
0.732467 -0.0285386 0.680204 0.648391 -0.0402603 0.995557 0.0851232 0.0864134 -0.679611 -0.0897352 0.728063 0.670741
0.729119 -0.031349 0.683668 0.688158 -0.0384737 0.995493 0.086679 0.0964099 -0.683304 -0.0895026 0.724627 0.75668
0.72714 -0.0320746 0.685739 0.669055 -0.0391331 0.995347 0.088052 0.0927234 -0.685373 -0.0908613 0.722502 0.743143
0.724278 -0.0363872 0.688547 0.718112 -0.0369738 0.99512 0.0914809 0.0984985 -0.688516 -0.0917158 0.719398 0.755035
0.721623 -0.0379124 0.691247 0.703189 -0.0314358 0.995675 0.0874265 0.0820222 -0.691572 -0.0848189 0.71731 0.738263
0.717966 -0.0309557 0.69539 0.72593 -0.0320198 0.996484 0.0774185 0.100413 -0.695342 -0.0778501 0.71445 0.743636
0.714661 -0.0269891 0.69895 0.692548 -0.0307914 0.997073 0.0699843 0.0817008 -0.698793 -0.0715367 0.711738 0.724251
0.711248 -0.0285354 0.702362 0.619731 -0.0325353 0.996769 0.0734434 0.0757561 -0.702188 -0.075088 0.708021 0.647191
0.70801 -0.0254766 0.705743 0.644501 -0.0388846 0.996427 0.0749796 0.0729799 -0.705131 -0.0805288 0.704489 0.652277
0.703591 -0.0254714 0.710148 0.671363 -0.0410334 0.996234 0.0763871 0.0786264 -0.709419 -0.0828851 0.699896 0.66613
0.700377 -0.0295721 0.71316 0.692221 -0.0356698 0.996443 0.0763492 0.0812608 -0.712881 -0.0789116 0.696831 0.704613
0.697523 -0.0341411 0.715749 0.716841 -0.0312551 0.996464 0.0779905 0.0745829 -0.715881 -0.076771 0.693989 0.684109
0.693985 -0.0363935 0.719069 0.767999 -0.0283958 0.996561 0.0778433 0.0908128 -0.719429 -0.0744407 0.690566 0.723202
0.690517 -0.0398985 0.722215 0.629517 -0.0259361 0.99647 0.0798473 0.0672437 -0.722851 -0.0738674 0.687044 0.661904
0.687203 -0.0392096 0.725406 0.87011 -0.0258216 0.996593 0.0783295 0.103668 -0.726006 -0.0725594 0.68385 0.751322
0.681943 -0.0369019 0.730474 0.676789 -0.0305353 0.996419 0.0788434 0.0774741 -0.730767 -0.076072 0.678375 0.660043
0.679366 -0.030697 0.733157 0.72242 -0.036848 0.996437 0.0758651 0.0678045 -0.732873 -0.0785556 0.675815 0.654261
0.673702 -0.0325457 0.738286 0.694265 -0.0362234 0.996375 0.0769775 0.0858579 -0.738115 -0.0786031 0.67008 0.679503
0.668969 -0.0324447 0.742582 0.724922 -0.0338259 0.996683 0.0740197 0.0783722 -0.74252 -0.0746354 0.665653 0.637438
0.661501 -0.0268918 0.749462 0.752055 -0.0341846 0.997237 0.0659548 0.0788211 -0.749165 -0.0692492 0.658754 0.684989
0.655609 -0.0249655 0.754688 0.707992 -0.0315965 0.997671 0.0604518 0.0669099 -0.754439 -0.0634782 0.653293 0.637693
0.649148 -0.0268563 0.760188 0.685778 -0.0275273 0.997893 0.0587604 0.0644747 -0.760164 -0.0590701 0.647041 0.584026
0.6423 -0.0268365 0.765983 0.682275 -0.0330287 0.997489 0.062643 0.0695807 -0.765741 -0.065535 0.639801 0.583631
0.636256 -0.0209363 0.771194 0.586246 -0.0461409 0.99681 0.0651288 0.0579384 -0.770097 -0.0770222 0.63326 0.487843
0.628022 -0.024392 0.777813 0.785871 -0.0457547 0.996622 0.0681971 0.0791233 -0.776849 -0.0784179 0.624784 0.657843
0.621189 -0.0265031 0.783213 0.741237 -0.0407189 0.996986 0.0660323 0.0787094 -0.782602 -0.0729101 0.618238 0.591304
0.612785 -0.0291719 0.789711 0.828267 -0.0359168 0.997258 0.0647087 0.0741838 -0.789433 -0.0680165 0.610057 0.647718
0.606733 -0.040426 0.793877 0.837341 -0.0223997 0.99744 0.0679113 0.067572 -0.79459 -0.0589866 0.604274 0.608138
0.599556 -0.0392919 0.799368 0.803124 -0.0162336 0.997992 0.0612308 0.0630395 -0.800168 -0.0496879 0.597714 0.610215
0.592809 -0.0378074 0.804455 0.803856 -0.0199049 0.997904 0.0615671 0.0719382 -0.805097 -0.0525101 0.590814 0.577506
0.585207 -0.038215 0.809983 0.73007 -0.0268714 0.997426 0.0664729 0.070944 -0.810439 -0.0606657 0.582674 0.548889
0.578125 -0.0369646 0.81511 0.74903 -0.0355025 0.996888 0.0703886 0.0623428 -0.815175 -0.0696319 0.575014 0.523989
0.571579 -0.0392787 0.819606 0.743323 -0.0356119 0.996725 0.0726021 0.066408 -0.819774 -0.0706856 0.568309 0.522233
0.563927 -0.0343127 0.825112 0.777738 -0.0393653 0.996884 0.0683604 0.0728904 -0.824886 -0.0710311 0.560819 0.54493
0.558293 -0.0400354 0.828677 0.76565 -0.0370166 0.996638 0.0730887 0.0615922 -0.828817 -0.0714797 0.554934 0.509722
0.553059 -0.0471995 0.831804 0.792909 -0.0347675 0.996217 0.0796454 0.0742597 -0.832416 -0.0729684 0.549325 0.523291
0.548025 -0.0441572 0.835296 0.189626 -0.0426561 0.995831 0.0806298 0.0188125 -0.835374 -0.0798176 0.543857 0.117319
0.543423 -0.0420998 0.838403 1.08625 -0.047716 0.995578 0.08092 0.117111 -0.838102 -0.083979 0.539011 0.72928
0.539874 -0.0439845 0.840596 0.657179 -0.0444373 0.995752 0.080643 0.0591867 -0.840572 -0.0808909 0.535626 0.400636
0.535453 -0.0454558 0.843341 0.921609 -0.03896 0.996158 0.078429 0.0847024 -0.843666 -0.0748516 0.531625 0.5939
0.532851 -0.0440517 0.845062 0.00161664 -0.0360719 0.996554 0.0746937 -0.000755751 -0.84544 -0.0702835 0.529425 -0.000198768
0.529239 -0.0403814 0.847511 1.17561 -0.0382591 0.996715 0.0713819 0.104462 -0.84761 -0.0702031 0.525955 0.726119
0.526214 -0.0369368 0.849549 0.488672 -0.046848 0.99628 0.0723342 0.04682 -0.84906 -0.077863 0.522526 0.309209
0.524801 -0.0422973 0.850174 0.864529 -0.0501357 0.995495 0.0804753 0.0742732 -0.849747 -0.0848576 0.520316 0.527009
0.522034 -0.0499523 0.85146 0.713103 -0.0460068 0.995181 0.086591 0.0674981 -0.851683 -0.0843765 0.517221 0.423385
0.519297 -0.0548668 0.852831 0.816448 -0.0418668 0.995105 0.0895131 0.0805272 -0.853568 -0.0821892 0.514458 0.483356
0.520605 -0.0572981 0.851873 0.73787 -0.0403214 0.994982 0.0915655 0.0697517 -0.852845 -0.0820181 0.515683 0.423258
0.51675 -0.0488506 0.854742 0.790258 -0.0435425 0.995579 0.0832242 0.0661098 -0.855029 -0.0802236 0.512338 0.467287
0.515739 -0.0469473 0.855459 0.720234 -0.0397027 0.996115 0.0786024 0.0754887 -0.855826 -0.0745023 0.511871 0.461213
0.51412 -0.0508648 0.856209 0.709038 -0.0344023 0.996214 0.0798393 0.0702138 -0.857028 -0.0705025 0.510423 0.406452
0.510697 -0.0479752 0.858421 0.668618 -0.0447491 0.995605 0.0822644 0.0991575 -0.858596 -0.0804257 0.506305 0.436505
0.508183 -0.0374945 0.860432 0.66064 -0.0669421 0.99431 0.0828654 0.0485011 -0.858643 -0.09971 0.502782 0.370311
0.504893 -0.0357753 0.86244 0.658567 -0.0740401 0.993663 0.0845635 0.0721829 -0.86 -0.106551 0.499045 0.403796
0.502092 -0.0368793 0.864027 0.736505 -0.0590065 0.995301 0.0767716 0.0631676 -0.862799 -0.0895297 0.497557 0.438756
0.499866 -0.0482182 0.864759 0.728083 -0.0420061 0.995924 0.079813 0.0726427 -0.865083 -0.076221 0.495803 0.418206
0.497213 -0.0497184 0.866203 0.0230224 -0.0375655 0.996187 0.0787424 -0.00331661 -0.866815 -0.0716911 0.49345 -0.0195539
0.494207 -0.0459032 0.868131 1.02023 -0.0443208 0.995976 0.077894 0.0995158 -0.868213 -0.076972 0.490184 0.599708
0.492351 -0.0450048 0.869233 0.505346 -0.0509347 0.995461 0.0803907 0.0467061 -0.868905 -0.0838545 0.487824 0.28326
0.489253 -0.0450791 0.870976 0.791223 -0.0492572 0.995641 0.0792006 0.0664073 -0.87075 -0.081651 0.4849 0.456537
0.486305 -0.047279 0.872509 0.617821 -0.0463324 0.995735 0.0797802 0.0609654 -0.87256 -0.0792229 0.48204 0.343309
0.482028 -0.047026 0.874893 0.704558 -0.0438392 0.996013 0.0776898 0.0612919 -0.875058 -0.0758033 0.478045 0.397666
0.478753 -0.0490568 0.876578 0.650875 -0.0431804 0.995914 0.0793187 0.0609135 -0.876887 -0.075825 0.474678 0.358345
0.473486 -0.0471573 0.879538 0.737575 -0.0431573 0.996124 0.0766412 0.063529 -0.879743 -0.074247 0.469616 0.396594
0.469021 -0.047851 0.88189 0.634667 -0.042576 0.996145 0.0766938 0.0567445 -0.88216 -0.0735183 0.465175 0.325769
0.463103 -0.0466631 0.885075 0.461834 -0.041126 0.996406 0.0740513 0.0396241 -0.88535 -0.070693 0.45952 0.247886
0.457298 -0.0498639 0.887915 0.534773 -0.0387413 0.996362 0.0759069 0.0454537 -0.888469 -0.0691111 0.453702 0.26967
0.45076 -0.0447712 0.891521 0.739927 -0.0412763 0.996628 0.0709192 0.0651222 -0.89169 -0.0687662 0.447392 0.379777
0.444402 -0.0390671 0.894975 0.584911 -0.04685 0.996668 0.0667697 0.0566092 -0.894601 -0.0716022 0.441091 0.281937
0.437699 -0.0360254 0.898399 0.663684 -0.0476597 0.996863 0.0631934 0.054519 -0.897857 -0.0704771 0.434609 0.330071
0.432596 -0.0415472 0.90063 0.66375 -0.0398515 0.99708 0.0651383 0.0470346 -0.900706 -0.06407 0.429678 0.295544
0.4241 -0.03905 0.904773 0.663674 -0.0385757 0.997384 0.061129 0.0558438 -0.904793 -0.060827 0.421484 0.323087
0.418617 -0.0385265 0.907345 0.646962 -0.0365708 0.997574 0.0592302 0.049359 -0.907426 -0.0579771 0.416192 0.306684
0.409876 -0.0336789 0.911519 0.66682 -0.0363195 0.997923 0.0532029 0.0520139 -0.911418 -0.0549125 0.407802 0.310145
0.403117 -0.0334413 0.914537 0.604744 -0.034395 0.998072 0.0516567 0.041018 -0.914502 -0.0522792 0.40119 0.279453
0.395365 -0.0327635 0.91794 0.642869 -0.0316473 0.998284 0.049262 0.0409632 -0.917979 -0.0485267 0.39365 0.262275
0.387631 -0.0303757 0.921314 0.66091 -0.0305312 0.998486 0.0457656 0.0430532 -0.921309 -0.045869 0.386116 0.268183
0.380562 -0.0326377 0.924179 0.624689 -0.0299737 0.998417 0.0476022 0.0396285 -0.924269 -0.0458166 0.378981 0.251192
0.373412 -0.0362714 0.926956 0.672123 -0.0295833 0.998261 0.0509788 0.0505365 -0.927194 -0.0464586 0.37169 0.232808
0.366598 -0.0345715 0.929737 0.633901 -0.0364639 0.998008 0.051488 0.0419235 -0.929664 -0.0527773 0.364607 0.259746
0.358362 -0.0358789 0.932893 0.654891 -0.043688 0.997522 0.0551468 0.0481991 -0.93256 -0.0605187 0.355907 0.264484
0.352388 -0.0369118 0.935126 0.726403 -0.0456877 0.997352 0.0565848 0.0507108 -0.934738 -0.0626635 0.349768 0.267098
0.345358 -0.0401984 0.93761 0.742994 -0.0433212 0.997334 0.0587159 0.0587463 -0.93747 -0.0608964 0.342696 0.257746
0.339994 -0.0421002 0.939485 0.772603 -0.0468597 0.996998 0.0616357 0.0631017 -0.939259 -0.0649798 0.337 0.290655
0.333653 -0.0440614 0.941666 0.863148 -0.0540739 0.996368 0.0657806 0.0611501 -0.941144 -0.0728674 0.330059 0.341825
0.329332 -0.0494426 0.942919 0.828202 -0.0463134 0.99658 0.0684322 0.0614402 -0.943078 -0.0662067 0.325916 0.253294
0.323347 -0.0529993 0.944795 0.849281 -0.0339405 0.997138 0.0675513 0.0544959 -0.945672 -0.0539093 0.320622 0.290029
0.319597 -0.0526409 0.94609 0.954995 -0.0255024 0.997616 0.0641227 0.105906 -0.94721 -0.0446209 0.317492 0.324355
0.315911 -0.0577016 0.947033 0.978382 -0.0247464 0.997308 0.0690198 0.0627589 -0.948466 -0.0452397 0.313632 0.303224
0.312119 -0.0586075 0.948234 0.885163 -0.0375776 0.996553 0.0739629 0.0804552 -0.9493 -0.0587176 0.30884 0.256033
0.308856 -0.0643294 0.948931 0.772442 -0.0546179 0.994864 0.0852202 0.0610119 -0.949539 -0.0781493 0.303756 0.212525
0.30466 -0.0652543 0.950223 0.853671 -0.0621227 0.994165 0.0881896 0.0946386 -0.950433 -0.0858982 0.298828 0.289257
0.300961 -0.0612252 0.951669 0.925432 -0.0626572 0.994511 0.0837965 0.0791512 -0.951576 -0.0848484 0.295473 0.269432
0.296162 -0.0574135 0.953411 0.901406 -0.0548808 0.99552 0.0769971 0.104434 -0.95356 -0.0751275 0.291684 0.321713
0.291578 -0.0524709 0.955107 0.891538 -0.0532405 0.996056 0.070974 0.0748881 -0.955064 -0.0715448 0.287634 0.270267
0.286192 -0.0489204 0.956923 0.837729 -0.0603639 0.995791 0.0689608 0.0788216 -0.956269 -0.0774996 0.282034 0.263365
0.283181 -0.0460698 0.957959 0.789941 -0.0619899 0.995878 0.0662181 0.0539363 -0.957061 -0.0781355 0.279158 0.221012
0.275644 -0.0451689 0.960198 0.856229 -0.0550373 0.996515 0.0626768 0.074446 -0.959683 -0.0701232 0.272197 0.241477
0.271148 -0.0456092 0.961456 0.864415 -0.0457699 0.997136 0.0602097 0.0490049 -0.961449 -0.0603315 0.268284 0.257209
0.266848 -0.0538041 0.962236 0.902169 -0.0453038 0.996636 0.0682913 0.0859965 -0.962673 -0.0618163 0.263513 0.21864
0.261576 -0.0534395 0.963702 0.851913 -0.0433864 0.996806 0.0670514 0.0650149 -0.964207 -0.0593506 0.258422 0.258869
0.259312 -0.0613157 0.963845 0.980752 -0.0546845 0.995449 0.0780385 0.0905959 -0.964244 -0.0729437 0.254779 0.24555
0.256587 -0.0561102 0.964891 0.876687 -0.0505661 0.996167 0.0713757 0.0669696 -0.965198 -0.0671049 0.252766 0.211883
0.251899 -0.0596652 0.965912 0.911771 -0.0562909 0.995504 0.0761731 0.0928932 -0.966115 -0.07356 0.247408 0.256896
0.251135 -0.0553481 0.966368 0.903192 -0.058798 0.995648 0.0723052 0.0561985 -0.966165 -0.0749789 0.246788 0.175162
0.248626 -0.0566603 0.966941 0.870278 -0.0629919 0.995228 0.0745147 0.0759708 -0.966549 -0.0794358 0.24387 0.246233
0.249751 -0.0596597 0.96647 0.96376 -0.0632112 0.994967 0.0777535 0.0806939 -0.966245 -0.0805108 0.244723 0.220661
0.243533 -0.0529212 0.968448 0.973288 -0.0574674 0.995969 0.0688762 0.0926232 -0.968189 -0.0724278 0.23951 0.283867
0.244045 -0.0558988 0.968151 0.964104 -0.055029 0.995931 0.071374 0.0684185 -0.968201 -0.0706948 0.239976 0.228192
0.241995 -0.0538744 0.968781 0.941757 -0.0522639 0.996284 0.068459 0.0826126 -0.968869 -0.067199 0.23828 0.206108
0.240853 -0.0562741 0.968929 0.919347 -0.0552475 0.995904 0.0715741 0.063035 -0.968988 -0.0707698 0.236758 0.244612
0.239837 -0.0605486 0.968923 0.94995 -0.0642375 0.994876 0.0780711 0.0823077 -0.968686 -0.0809656 0.234719 0.237119
0.23697 -0.0603727 0.969639 0.961331 -0.0627037 0.995036 0.0772782 0.078772 -0.969491 -0.0791126 0.232008 0.262146
0.23664 -0.0594026 0.96978 0.983012 -0.0606624 0.995279 0.0757669 0.0832001 -0.969702 -0.0767586 0.231919 0.184824
0.233114 -0.0545869 0.970916 1.05442 -0.0511083 0.996356 0.0682881 0.0919657 -0.971105 -0.0655408 0.229475 0.314114
0.232705 -0.0618647 0.970578 0.992672 -0.0527522 0.995703 0.076114 0.0771923 -0.971116 -0.0689122 0.228441 0.218439
0.22883 -0.0531263 0.972016 0.93822 -0.0511434 0.996475 0.0665032 0.0669359 -0.972122 -0.0649301 0.225307 0.234401
0.22485 -0.0532978 0.972935 0.914884 -0.060187 0.995837 0.068462 0.077867 -0.972533 -0.0739517 0.220706 0.212472
0.2233 -0.0532977 0.973291 0.92363 -0.0643525 0.99552 0.0692792 0.0718648 -0.972623 -0.0781038 0.21887 0.220799
0.220372 -0.057162 0.973739 0.924817 -0.0642573 0.995262 0.0729679 0.0715481 -0.973297 -0.07865 0.215655 0.199775
0.214054 -0.0541913 0.975317 0.95042 -0.0594519 0.995886 0.0683822 0.0679496 -0.975011 -0.072622 0.209952 0.217788
0.210486 -0.0546141 0.97607 0.973603 -0.0559162 0.996131 0.0677948 0.0772632 -0.975996 -0.068848 0.206618 0.206046
0.207365 -0.0569653 0.976604 0.982373 -0.0532111 0.996168 0.0694049 0.0754062 -0.976815 -0.0663583 0.203539 0.201103
0.203012 -0.0573465 0.977496 0.95648 -0.0546096 0.996067 0.0697777 0.0725115 -0.977652 -0.0675464 0.199082 0.187807
0.197831 -0.0555974 0.978658 0.973973 -0.0572407 0.996031 0.0681553 0.070462 -0.978563 -0.0695023 0.193864 0.203803
0.194824 -0.0570857 0.979176 0.97815 -0.0579017 0.995895 0.069581 0.0805458 -0.979128 -0.070252 0.190719 0.188416
0.190701 -0.0555067 0.980078 0.967233 -0.0569343 0.996094 0.0674919 0.0684832 -0.979996 -0.0686708 0.186796 0.192367
0.185962 -0.0533397 0.981108 1.01395 -0.0573046 0.996237 0.0650239 0.0819327 -0.980884 -0.068314 0.182206 0.209379
0.182521 -0.0507883 0.981889 0.97964 -0.0570503 0.996435 0.0621457 0.0757181 -0.981545 -0.06736 0.178973 0.187776
0.179864 -0.0480219 0.982519 0.964839 -0.0558016 0.996701 0.0589303 0.0594729 -0.982108 -0.0654256 0.176591 0.154384
0.170442 -0.0390181 0.984595 1.02196 -0.0494628 0.997617 0.0480966 0.0693134 -0.984125 -0.0568985 0.168106 0.247541
0.172636 -0.041804 0.984098 0.981586 -0.0427782 0.997838 0.0498921 0.0530275 -0.984056 -0.0507111 0.170475 0.152145
0.165913 -0.0382796 0.985397 0.974472 -0.0363506 0.99833 0.0449024 0.0682807 -0.98547 -0.0432696 0.164244 0.180598
0.165495 -0.0401417 0.985393 0.929526 -0.0420637 0.997975 0.0477187 0.0418926 -0.985313 -0.0493465 0.163471 0.145408
0.159663 -0.0380354 0.986439 0.903182 -0.0455095 0.997911 0.0458439 0.0516792 -0.986122 -0.0522119 0.157599 0.171196
0.158708 -0.0404399 0.986497 0.955176 -0.0448763 0.997833 0.0481243 0.0489639 -0.986305 -0.0519081 0.156549 0.155044
0.15344 -0.0399157 0.987351 0.952088 -0.0423191 0.998002 0.0469229 0.0506737 -0.987251 -0.0489836 0.151444 0.165996
0.15145 -0.0399112 0.987659 1.04079 -0.0403342 0.998103 0.0465182 0.0564147 -0.987642 -0.0468816 0.149553 0.146999
0.143641 -0.0368975 0.988942 0.954581 -0.0383268 0.998348 0.0428153 0.0480049 -0.988887 -0.044053 0.14199 0.172917
0.141563 -0.0389804 0.989161 1.01742 -0.0344773 0.998424 0.0442796 0.0528291 -0.989329 -0.0403719 0.139996 0.129236
0.133514 -0.0463186 0.989964 1.0108 -0.03695 0.99798 0.0516771 0.0561988 -0.990358 -0.0434788 0.131533 0.13442
0.130644 -0.0460323 0.99036 0.969552 -0.0455049 0.99759 0.0523712 0.0516766 -0.990385 -0.0519082 0.128234 0.111402
0.124069 -0.0442432 0.991287 1.05814 -0.0495855 0.997481 0.0507258 0.0614653 -0.991034 -0.0554469 0.121563 0.149335
0.121937 -0.0511561 0.991219 1.00109 -0.033746 0.99788 0.0556512 0.0460756 -0.991964 -0.0402356 0.119953 0.104464
0.115093 -0.0509785 0.992046 0.991794 -0.0235928 0.99826 0.054035 0.0605799 -0.993074 -0.0296242 0.11369 0.121806
0.111447 -0.0489817 0.992562 0.925023 -0.0334407 0.998034 0.0530065 0.0571512 -0.993208 -0.0390994 0.10959 0.113806
0.107201 -0.0444236 0.993244 0.891927 -0.0509421 0.997444 0.0501096 0.0531983 -0.992931 -0.0559697 0.104664 0.0785433
0.101186 -0.0379993 0.994142 0.786753 -0.0590278 0.997281 0.0441273 0.0453843 -0.993115 -0.0631471 0.0986676 0.0912172
0.0969441 -0.0391063 0.994521 0.935299 -0.0559801 0.997432 0.0446776 0.0544691 -0.993714 -0.0600046 0.094506 0.0868959
0.0902591 -0.0353166 0.995292 0.860058 -0.0476499 0.998073 0.0397365 0.0407158 -0.994778 -0.0510121 0.0884024 0.0955903
0.0837277 -0.0329051 0.995945 0.762377 -0.0445668 0.998331 0.0367306 0.03267 -0.995492 -0.0474615 0.0821215 0.0595187
0.0760706 -0.026855 0.996741 0.953248 -0.0431684 0.998611 0.0302 0.0436044 -0.996168 -0.045325 0.0748056 0.0942546
0.0689963 -0.0267205 0.997259 0.921242 -0.0411157 0.998716 0.0296041 0.0320343 -0.996769 -0.0430455 0.0678091 0.0571372
0.0621069 -0.0308203 0.997594 0.945086 -0.0297029 0.999023 0.0327137 0.0252502 -0.997627 -0.0316631 0.0611308 0.0507558
0.0552893 -0.031671 0.997968 0.937323 -0.0202653 0.999255 0.0328346 0.0247635 -0.998265 -0.0220395 0.0546064 0.0529509
0.0488499 -0.0350268 0.998192 1.04528 -0.0251832 0.999024 0.0362884 0.050961 -0.998489 -0.0269104 0.0479202 0.0611564
0.0427071 -0.031586 0.998588 0.94854 -0.0291337 0.999036 0.0328461 0.0316602 -0.998663 -0.0304953 0.0417457 0.0361594
0.036278 -0.0314513 0.998847 1.00737 -0.0373858 0.998762 0.0328065 0.0495455 -0.998642 -0.0385329 0.0350573 0.0462651
0.0307782 -0.0340118 0.998947 0.972661 -0.0348479 0.998777 0.0350797 0.0372524 -0.998919 -0.0358909 0.0295553 0.025942
0.0262449 -0.0373012 0.998959 0.959243 -0.0297829 0.998831 0.0380788 0.0380666 -0.999212 -0.0307513 0.0251033 0.0135115
0.0211072 -0.0348101 0.999171 0.945666 -0.0281531 0.998977 0.035398 0.0389729 -0.999381 -0.0288769 0.0201056 0.0377259
0.0176912 -0.0371531 0.999153 0.963945 -0.0317141 0.998786 0.037701 0.0423661 -0.99934 -0.0323542 0.0164914 0.0142832
0.0127679 -0.0375795 0.999212 0.875752 -0.0334975 0.998717 0.0379889 0.0347222 -0.999357 -0.0339561 0.0114927 0.0279525
0.0133503 -0.045576 0.998872 0.962041 -0.0420225 0.998053 0.0461003 0.0483395 -0.999027 -0.0425905 0.0114091 0.0115582
0.00929731 -0.0426802 0.999046 0.888788 -0.0450557 0.998056 0.0430572 0.0462768 -0.998941 -0.045413 0.00735625 0.0131449
0.00936261 -0.0499435 0.998708 0.921335 -0.0455407 0.997694 0.0503197 0.0380915 -0.998919 -0.045953 0.00706656 -0.0107431
0.00922146 -0.0511814 0.998647 0.898066 -0.042619 0.997762 0.0515296 0.0439088 -0.999049 -0.0430365 0.00701951 -0.00441079
0.00733184 -0.0510889 0.998667 0.915596 -0.045043 0.997663 0.0513683 0.0580809 -0.998958 -0.0453596 0.00501351 0.0289583
0.0101682 -0.058049 0.998262 0.802136 -0.0478477 0.997142 0.0584712 0.0343111 -0.998803 -0.0483591 0.00736159 -0.00691153
0.00940949 -0.0566651 0.998349 0.892585 -0.048917 0.997172 0.0570594 0.0595901 -0.998759 -0.0493731 0.00661099 0.0122033
0.0117165 -0.0597042 0.998147 0.803144 -0.0547233 0.996682 0.0602588 0.0427538 -0.998433 -0.0553279 0.00841043 -0.00726505
0.0144055 -0.0634662 0.99788 0.84247 -0.056838 0.996318 0.0641874 0.0515542 -0.998279 -0.0576421 0.0107451 0.0107089
0.0177184 -0.0642348 0.997778 0.781938 -0.0607416 0.996022 0.0652004 0.0492756 -0.997996 -0.0617618 0.0137462 0.00936407
0.0175068 -0.0616244 0.997946 0.786302 -0.0646099 0.995943 0.0626341 0.0590916 -0.997757 -0.0655737 0.0134542 0.0261852
0.0220228 -0.0641834 0.997695 0.782478 -0.0689495 0.995464 0.0655618 0.0433615 -0.997377 -0.0702344 0.0174974 0.00398418
0.0229552 -0.0598075 0.997946 0.738008 -0.0684639 0.995772 0.061252 0.054885 -0.997389 -0.0697293 0.0187635 0.0289709
0.0277752 -0.0594484 0.997845 0.799229 -0.0685934 0.995764 0.0612337 0.0474237 -0.997258 -0.0701464 0.0235798 0.0190796
0.0320089 -0.0570424 0.997859 0.769517 -0.064316 0.996183 0.0590098 0.0483474 -0.997416 -0.0660671 0.028218 0.0304717
0.0339556 -0.0512919 0.998106 0.798218 -0.0592804 0.99682 0.0532426 0.0478609 -0.997664 -0.060976 0.030807 0.0363404
0.0396785 -0.0547163 0.997713 0.748328 -0.0552628 0.996851 0.0568667 0.0468441 -0.997683 -0.0573928 0.0365298 0.0311869
0.0420463 -0.0523452 0.997743 0.767892 -0.0555735 0.996958 0.0546459 0.0484957 -0.997569 -0.0577457 0.0390094 0.04149
0.046849 -0.0515424 0.997571 0.706531 -0.0592817 0.996764 0.0542847 0.0428386 -0.997141 -0.0616809 0.0436419 0.0253151
0.0490481 -0.048162 0.997635 0.763506 -0.0579534 0.997017 0.0509814 0.0430022 -0.997114 -0.0603169 0.0461106 0.0321315
0.0533131 -0.0510049 0.997274 0.756358 -0.0520224 0.997197 0.0537819 0.0275766 -0.997222 -0.0547479 0.0505102 0.0420406
0.0580644 -0.0502686 0.997046 0.773768 -0.045331 0.997569 0.0529349 0.0596743 -0.997283 -0.0482708 0.0556445 0.0901991
0.0608848 -0.0504029 0.996871 0.791999 -0.0476629 0.997438 0.0533426 0.0222471 -0.997006 -0.0507615 0.0583265 0.0160974
0.063635 -0.0470762 0.996862 0.762004 -0.0478537 0.997594 0.0501655 0.0366777 -0.996825 -0.0508958 0.0612291 0.0662063
0.0673589 -0.0449388 0.996716 0.677844 -0.0472616 0.99772 0.048178 0.0368635 -0.996609 -0.0503516 0.0650815 0.0597686
0.0699579 -0.0404328 0.99673 0.703341 -0.0475438 0.997908 0.0438176 0.031205 -0.996416 -0.0504538 0.0678891 0.0638094
0.0738626 -0.0403964 0.99645 0.67075 -0.0436796 0.998089 0.0437007 0.0295733 -0.996311 -0.0467524 0.071957 0.0348202
0.07494 -0.0361697 0.996532 0.663439 -0.0414793 0.998364 0.0393555 0.0293227 -0.996325 -0.0442848 0.0733171 0.0856439
0.0799753 -0.0333689 0.996238 0.650933 -0.041134 0.998478 0.036746 0.0282715 -0.995948 -0.043918 0.0784809 0.0501725
0.080711 -0.0192887 0.996551 0.598435 -0.0331094 0.999209 0.0220217 0.0282023 -0.996187 -0.0347726 0.0800085 0.0815711
0.0849802 -0.0368051 0.995703 0.603545 -0.0313308 0.998725 0.0395908 0.0128961 -0.99589 -0.0345606 0.0837187 0.0301169
0.0860016 -0.0134839 0.996204 0.557495 -0.0275325 0.999494 0.0159053 0.0212021 -0.995914 -0.0287959 0.0855869 0.0885936
0.0928378 -0.0313461 0.995188 0.598514 -0.0312993 0.998918 0.0343834 0.017136 -0.995189 -0.0343408 0.0917563 0.0351793
0.093217 -0.0198977 0.995447 0.578492 -0.0217775 0.99952 0.0220184 0.0141378 -0.995408 -0.0237308 0.092739 0.0610961
0.097201 -0.019542 0.995073 0.549269 -0.0228326 0.9995 0.0218593 0.0151673 -0.995003 -0.0248449 0.0967062 0.0661039
0.0994258 -0.0307357 0.99457 0.497364 -0.0220182 0.99921 0.0330803 0.00466474 -0.994801 -0.0251876 0.0986705 0.0462322
0.102194 -0.0097443 0.994717 0.490223 -0.0174723 0.99978 0.011589 0.0198107 -0.994611 -0.0185643 0.102001 0.1123
0.104456 -0.0269876 0.994163 0.606493 -0.0201869 0.999368 0.0292499 0.0051007 -0.994325 -0.0231244 0.103845 -0.00453617
0.104211 -0.0198752 0.994357 0.522313 -0.0254682 0.999419 0.0226455 0.0230964 -0.994229 -0.0276843 0.103644 0.0936227
0.107881 -0.0163818 0.994029 0.479741 -0.02444 0.999518 0.0191247 0.0169341 -0.993863 -0.0263572 0.107429 0.0571732
0.106832 -0.0157998 0.994152 0.520281 -0.0178625 0.999682 0.0178072 0.0133507 -0.994117 -0.0196604 0.106516 0.0638776
0.107389 -0.0130001 0.994132 0.438089 -0.0169724 0.999745 0.0149069 0.00561309 -0.994072 -0.0184736 0.107141 0.049636
0.105593 -0.00890788 0.99437 0.505176 -0.0157521 0.999819 0.0106294 0.0151579 -0.994285 -0.0167858 0.105434 0.0751009
0.105853 -0.0152418 0.994265 0.485747 -0.0179941 0.999689 0.0172407 0.0137034 -0.994219 -0.0197159 0.105546 0.0460391
0.104798 -0.00846042 0.994458 0.513206 -0.0155637 0.999827 0.0101462 0.00681923 -0.994372 -0.0165408 0.104648 0.0565599
0.099649 -0.0102494 0.99497 0.494277 -0.014204 0.99983 0.011722 0.0102593 -0.994921 -0.0153006 0.0994865 0.0671103
0.0993424 -0.0125664 0.994974 0.520546 -0.00863369 0.999872 0.0134903 0.00415042 -0.995016 -0.00993046 0.0992212 0.056102
0.0959518 -0.0258046 0.995051 0.538245 -0.00854254 0.999606 0.0267464 0.00907223 -0.995349 -0.0110666 0.0956936 0.0439543
0.0948383 -0.0233616 0.995219 0.517658 -0.00438947 0.999705 0.0238852 0.0175823 -0.995483 -0.00663371 0.0947078 0.0366089
0.0912783 -0.0239229 0.995538 0.537931 -0.0137666 0.999586 0.0252824 0.0269287 -0.99573 -0.0160129 0.0909112 0.0674793
0.0897853 -0.0280775 0.995565 0.525777 -0.019114 0.99937 0.0299086 0.040427 -0.995778 -0.0217146 0.089192 0.0186509
0.0859516 -0.03017 0.995842 0.555103 -0.0227254 0.999222 0.0322339 0.0201639 -0.99604 -0.0254015 0.0851991 0.0654626
0.0880044 -0.0448117 0.995112 0.573689 -0.0325113 0.998326 0.0478316 0.0199439 -0.995589 -0.0365617 0.0864002 0.0174066
0.0828766 -0.0401816 0.995749 0.550712 -0.0344881 0.998473 0.043162 0.0295918 -0.995963 -0.0379187 0.0813642 0.0447564
0.0817266 -0.0390083 0.995891 0.639183 -0.0389448 0.998346 0.0423003 0.0307313 -0.995894 -0.0422418 0.0800722 0.0760623
0.0804024 -0.0452707 0.995734 0.652731 -0.0375898 0.99812 0.0484144 0.0407364 -0.996053 -0.0413221 0.0785495 0.0469872
0.0748239 -0.0405985 0.99637 0.600475 -0.0404831 0.998224 0.0437142 0.0268269 -0.996375 -0.043607 0.0730474 0.0711619
0.0727299 -0.0368845 0.996669 0.621387 -0.0408122 0.998369 0.0399256 0.0417144 -0.996516 -0.04358 0.071106 0.0603688
0.0665316 -0.0649189 0.99567 0.703089 -0.04183 0.996822 0.0677892 0.0253333 -0.996907 -0.046159 0.0636046 0.0849994
0.0698062 -0.0366039 0.996889 0.673527 -0.0382503 0.998493 0.0393413 0.0353465 -0.996827 -0.0408776 0.0683009 0.0432263
0.0611711 -0.0403815 0.99731 0.749718 -0.0493683 0.997836 0.0434308 0.0637046 -0.996906 -0.0518922 0.0590452 0.149711
0.0726798 -0.0172465 0.997206 0.189724 -0.039329 0.999023 0.0201444 -0.0209206 -0.99658 -0.0406832 0.0719306 -0.0832534
0.0652824 -0.0549466 0.996353 0.793009 -0.0320088 0.997854 0.0571267 0.0613798 -0.997353 -0.0356214 0.0633835 0.0383573
0.064902 -0.00701292 0.997867 0.567127 -0.0184511 0.999796 0.00822656 -0.00135076 -0.997721 -0.0189457 0.0647594 0.0781258
0.0649371 -0.0316674 0.997387 0.724935 -0.0372579 0.998722 0.0341356 0.0517066 -0.997194 -0.0393772 0.0636743 0.00289359
0.0687506 -0.018905 0.997455 0.785773 -0.0184418 0.999626 0.0202173 0.000650995 -0.997463 -0.0197848 0.0683762 0.0440275
0.0636568 -0.0391491 0.997204 0.734147 -0.0279834 0.998767 0.0409968 0.045814 -0.997579 -0.0305149 0.0624829 0.0296128
0.0651238 -0.0248069 0.997569 0.755022 -0.00700347 0.999655 0.025316 0.0133069 -0.997853 -0.00863512 0.0649276 0.0429797
0.0627733 -0.0337896 0.997456 0.684686 -0.0238468 0.999091 0.0353457 0.0485077 -0.997743 -0.0260049 0.0619104 0.059722
0.0642879 -0.0320402 0.997417 0.642806 -0.0289309 0.999005 0.0339559 0.03065 -0.997512 -0.0310391 0.0632969 0.0210922
0.0622298 -0.0446561 0.997062 0.721725 -0.038291 0.998156 0.047095 0.0377041 -0.997327 -0.0411093 0.0604051 0.0268434
0.059736 -0.0415439 0.997349 0.719664 -0.0436663 0.998068 0.0441892 0.0377356 -0.997259 -0.0461903 0.0578065 0.0387803
0.0662887 -0.0432635 0.996862 0.666771 -0.0440933 0.997957 0.0462431 0.0428586 -0.996826 -0.0470204 0.0642456 -0.0846023
0.0581457 -0.0441308 0.997332 0.861844 -0.0420949 0.998026 0.0466157 0.0308163 -0.99742 -0.0446931 0.0561732 0.14278
0.0573382 -0.065237 0.996221 0.530321 -0.0419784 0.996823 0.0676924 0.0453281 -0.997472 -0.0457011 0.0544174 -0.0391274
0.0716184 -0.0244887 0.997131 0.966753 -0.0428899 0.998698 0.0276078 0.065387 -0.99651 -0.0447441 0.0704749 -0.0419069
0.0736208 -0.04838 0.996112 0.729991 -0.0230685 0.998473 0.0501996 0.0472946 -0.997019 -0.0266745 0.0723923 -0.0149344
0.0618121 -0.0430961 0.997157 0.656249 -0.0314472 0.998487 0.045103 0.0159887 -0.997592 -0.0341457 0.0603633 0.205055
0.0706286 -0.0200956 0.9973 0.988257 -0.0482979 0.998556 0.0235414 0.0873453 -0.996333 -0.0498302 0.069556 0.0568579
0.0719736 -0.0437424 0.996447 0.751434 -0.0531305 0.997451 0.0476241 0.0321574 -0.99599 -0.0563694 0.0694661 0.0537485
0.0719736 -0.0437424 0.996447 1.50287 -0.0531305 0.997451 0.0476241 0.0643147 -0.99599 -0.0563694 0.0694661 0.107497
0.0761794 -0.026633 0.996738 0.851314 -0.0248628 0.999282 0.0286012 0.0463284 -0.996784 -0.0269605 0.0754625 0.00498582
0.0751106 -0.0375365 0.996468 0.777816 -0.0326674 0.998662 0.0400815 0.0373667 -0.99664 -0.0355626 0.0737839 0.135243
0.0716888 -0.0890195 0.993447 0.473702 -0.0235133 0.995582 0.0909076 -0.0160463 -0.99715 -0.0298762 0.0692789 -0.029154
0.0777109 -0.0533396 0.995548 0.968326 -0.0378404 0.99769 0.0564081 0.068485 -0.996258 -0.0420555 0.075513 0.11634
0.0792098 -0.0594932 0.995081 0.754324 -0.0644679 0.995822 0.0646693 0.0703879 -0.994771 -0.0692732 0.0750434 0.0228444
0.0854355 -0.0477482 0.995199 0.942333 -0.0585444 0.996885 0.052855 0.062518 -0.994622 -0.0627791 0.082374 0.138868
0.0901565 -0.0604742 0.99409 0.793209 -0.0628232 0.995822 0.0662771 0.0628143 -0.993944 -0.0684272 0.0859806 0.080291
0.0888658 -0.0501927 0.994778 0.880803 -0.0471974 0.997395 0.054541 0.0537687 -0.994925 -0.0517978 0.0862653 0.0873311
0.0948578 -0.0480332 0.994331 0.848893 -0.0514234 0.997265 0.0530806 0.0660115 -0.994162 -0.056167 0.0921284 0.069135
0.0951205 -0.0500151 0.994209 0.948657 -0.0489502 0.997294 0.0548536 0.058391 -0.994262 -0.0538845 0.0924149 0.115553
0.0983932 -0.0401162 0.994339 0.897895 -0.0478403 0.997841 0.0449915 0.0545819 -0.993997 -0.0519963 0.0962616 0.0865476
0.099197 -0.0420454 0.994179 0.880704 -0.0461011 0.99784 0.0468001 0.0564454 -0.993999 -0.0504752 0.0970443 0.100787
0.102027 -0.0436852 0.993822 0.861074 -0.045848 0.997767 0.0485654 0.0445007 -0.993725 -0.0505197 0.099796 0.0792301
0.105424 -0.0469788 0.993317 0.870723 -0.0447303 0.997648 0.0519311 0.0518841 -0.993421 -0.0499062 0.103075 0.0777901
0.105627 -0.0402657 0.99359 0.95617 -0.0482418 0.997796 0.0455647 0.0558053 -0.993235 -0.0527455 0.103452 0.105295
0.106216 -0.0518285 0.992991 0.918883 -0.0475492 0.997233 0.057136 0.0502425 -0.993206 -0.0532847 0.103458 0.0850216
0.108665 -0.0469269 0.99297 1.01995 -0.0411552 0.997816 0.0516597 0.04964 -0.993226 -0.0464795 0.106496 0.100799
0.107906 -0.0452384 0.993131 0.913058 -0.0464746 0.997642 0.0504934 0.0640666 -0.993074 -0.0516039 0.105549 0.0988079
0.110379 -0.0515537 0.992552 0.928914 -0.0485483 0.997182 0.0571932 0.0536397 -0.992703 -0.0544997 0.107565 0.105167
0.110199 -0.044799 0.992899 0.945406 -0.0507902 0.997425 0.0506402 0.0650924 -0.992611 -0.05601 0.10764 0.127524
0.110668 -0.0481538 0.99269 0.966541 -0.0501197 0.997284 0.0539642 0.0559224 -0.992593 -0.0557255 0.107954 0.0822385
0.106477 -0.049894 0.993063 0.941792 -0.0452 0.997465 0.0549615 0.0511502 -0.993287 -0.0507386 0.103951 0.14169
0.109335 -0.0505908 0.992717 0.962401 -0.0507734 0.997116 0.056407 0.0686414 -0.992707 -0.0565709 0.106451 0.108502
0.109238 -0.050031 0.992756 0.882098 -0.0500173 0.997191 0.0557582 0.0550748 -0.992756 -0.0557459 0.106429 0.100624
0.111695 -0.0540023 0.992274 0.931435 -0.0542364 0.996703 0.0603484 0.0562867 -0.992261 -0.060558 0.108398 0.0781748
0.108143 -0.0537287 0.992682 0.875815 -0.0512581 0.996909 0.0595415 0.0482637 -0.992813 -0.057322 0.105054 0.111698
0.112754 -0.0579833 0.99193 0.973295 -0.0545239 0.996431 0.0644442 0.0669161 -0.992126 -0.0613502 0.10919 0.0879945
0.11022 -0.054962 0.992386 0.929796 -0.0560712 0.996536 0.0614194 0.0563397 -0.992324 -0.0624139 0.106756 0.133101
0.113656 -0.0600726 0.991702 0.890535 -0.0529999 0.996382 0.0664303 0.05985 -0.992105 -0.0601104 0.110061 0.0762409
0.113042 -0.0589409 0.99184 0.893504 -0.0500956 0.996631 0.0649351 0.0579121 -0.992327 -0.0570272 0.109709 0.0868713
0.112511 -0.0609399 0.99178 0.915802 -0.0579767 0.996015 0.0677772 0.072411 -0.991958 -0.0651258 0.108529 0.123794
0.118032 -0.0654231 0.990852 0.888763 -0.0647133 0.995199 0.0734189 0.0625094 -0.990899 -0.0727871 0.113232 0.0802148
0.118079 -0.0670641 0.990737 0.906042 -0.0604136 0.995383 0.0745789 0.0769203 -0.991165 -0.0686602 0.113482 0.104545
0.122842 -0.0824636 0.988994 1.02061 -0.0543206 0.994489 0.0896689 0.0836675 -0.990939 -0.0647379 0.117685 0.0692016
0.126289 -0.0777003 0.988946 0.954899 -0.0569819 0.994713 0.0854301 0.0875167 -0.990356 -0.0671408 0.121194 0.124546
0.124692 -0.0754975 0.989319 0.86714 -0.0732699 0.993678 0.085065 0.0792518 -0.989486 -0.0830943 0.118372 0.148495
0.134502 -0.0830413 0.987428 0.830121 -0.0734338 0.992907 0.0935048 0.0990928 -0.988189 -0.0850871 0.12745 0.0604454
0.133771 -0.0782674 0.987917 0.918092 -0.0745111 0.99326 0.0887801 0.0797115 -0.988207 -0.085487 0.127038 0.140699
0.139017 -0.0798842 0.987063 0.787013 -0.0782265 0.992741 0.0913611 0.0896849 -0.987196 -0.0899152 0.131758 0.107344
0.142624 -0.0814597 0.986419 0.833416 -0.0862346 0.991795 0.0943721 0.0878317 -0.986013 -0.0985232 0.13443 0.125449
0.147665 -0.0797197 0.985819 0.805682 -0.0896252 0.991567 0.0936094 0.0856548 -0.984968 -0.102177 0.139274 0.119773
0.151526 -0.0783053 0.985347 0.885096 -0.087384 0.991893 0.0922634 0.0904792 -0.984583 -0.100084 0.143455 0.129565
0.154892 -0.0754818 0.985044 0.870791 -0.082523 0.992604 0.0890374 0.0807899 -0.984479 -0.09508 0.147518 0.135818
0.16089 -0.0747152 0.98414 0.886511 -0.0818408 0.992687 0.0887435 0.0987655 -0.983573 -0.0948208 0.153598 0.146303
0.16752 -0.0754019 0.982981 0.865712 -0.079429 0.992797 0.0896912 0.091085 -0.982664 -0.0931023 0.160324 0.167255
0.174802 -0.0735984 0.981849 0.898595 -0.076085 0.993211 0.0879958 0.076131 -0.981659 -0.0900859 0.168016 0.140729
0.181685 -0.0718492 0.980728 0.872126 -0.0741086 0.993491 0.0865132 0.0944243 -0.98056 -0.0883985 0.175178 0.16896
0.191554 -0.0688316 0.979065 0.859976 -0.0729032 0.993784 0.0841298 0.0995632 -0.978771 -0.0874924 0.185345 0.163668
0.201234 -0.0696252 0.977066 0.873269 -0.0711661 0.993796 0.0854745 0.08898 -0.976955 -0.0867342 0.19503 0.183121
0.210102 -0.0675498 0.975343 0.837116 -0.0700661 0.994005 0.0839355 0.0995883 -0.975165 -0.0859735 0.20411 0.230746
0.219346 -0.0672508 0.973327 0.930552 -0.0693009 0.994028 0.0842986 0.0989209 -0.973183 -0.0859429 0.213376 0.204083
0.22835 -0.0659095 0.971346 0.867088 -0.0680874 0.994182 0.0834655 0.0893001 -0.971195 -0.0851957 0.222534 0.205533
0.236204 -0.0652798 0.969508 0.865022 -0.0684198 0.994147 0.0836081 0.0849374 -0.969292 -0.0860821 0.230355 0.220734
0.243709 -0.0641781 0.967723 0.83317 -0.0672936 0.994284 0.0828867 0.077915 -0.967511 -0.0853218 0.237997 0.191135
0.248982 -0.0637912 0.966405 0.877796 -0.0662721 0.994368 0.0827111 0.0864288 -0.966238 -0.0846392 0.243352 0.240031
0.254072 -0.0619263 0.965201 0.824738 -0.0648108 0.994615 0.0808738 0.0756978 -0.965011 -0.0831031 0.24869 0.209568
0.258821 -0.0617659 0.963948 0.863257 -0.0644471 0.994625 0.0810357 0.0842277 -0.963773 -0.0830975 0.253449 0.239836
0.263239 -0.0620449 0.962734 0.860133 -0.0651385 0.994509 0.0819035 0.0767566 -0.962529 -0.0842712 0.257752 0.233987
0.267457 -0.0616504 0.961596 0.931262 -0.0625329 0.994737 0.081168 0.0936118 -0.961539 -0.0818403 0.262194 0.263008
0.271516 -0.0642167 0.960289 0.799077 -0.0602745 0.994678 0.0835586 0.0700333 -0.960545 -0.0805684 0.2662 0.22254
0.276549 -0.0625434 0.958962 0.88095 -0.0613427 0.994696 0.0825642 0.0880092 -0.95904 -0.0816584 0.271245 0.254475
0.280201 -0.061869 0.957946 0.839957 -0.0650033 0.994407 0.0832375 0.0807147 -0.957738 -0.0855928 0.274612 0.247111
0.284814 -0.0609982 0.95664 0.838119 -0.0651569 0.994433 0.0828068 0.0802203 -0.956366 -0.0859162 0.279254 0.245453
0.289179 -0.0621521 0.955255 0.818932 -0.0669 0.994138 0.0849342 0.0738033 -0.954934 -0.0884678 0.283326 0.244287
0.29488 -0.0650822 0.953315 0.831426 -0.0662357 0.993886 0.08834 0.0800911 -0.953236 -0.0891932 0.288766 0.243339
0.297661 -0.0617976 0.952669 0.897852 -0.0677283 0.994021 0.0856416 0.0902087 -0.952266 -0.0900148 0.291696 0.292637
0.302613 -0.0613584 0.951136 0.851882 -0.0664793 0.994136 0.0852834 0.0844195 -0.950792 -0.0890388 0.29676 0.281284
0.306955 -0.0605002 0.949799 0.861603 -0.0608907 0.994684 0.0830379 0.077932 -0.949774 -0.0833228 0.301639 0.269284
0.310798 -0.0549596 0.948886 0.913362 -0.0555308 0.995572 0.0758522 0.0871113 -0.948852 -0.0762671 0.30637 0.313009
0.315639 -0.056331 0.947206 0.810692 -0.0579548 0.995228 0.0784993 0.0744236 -0.947108 -0.0796726 0.310868 0.265252
0.318324 -0.0525154 0.946526 0.826267 -0.0615919 0.995209 0.0759303 0.0733487 -0.945979 -0.0824687 0.313564 0.279928
0.321483 -0.0520424 0.945484 0.820116 -0.0652317 0.994899 0.0769424 0.0716107 -0.944666 -0.0864112 0.316448 0.277408
0.323292 -0.0509285 0.944928 0.838627 -0.0609858 0.995354 0.0745117 0.0711136 -0.944332 -0.0817162 0.318684 0.289776
0.324177 -0.0509641 0.944623 0.820096 -0.0529037 0.996008 0.0718921 0.0664456 -0.944516 -0.0732798 0.320187 0.290308
0.324737 -0.0526191 0.944339 0.915344 -0.0453938 0.996433 0.0711317 0.0785183 -0.944714 -0.0659662 0.32119 0.303505
0.32343 -0.0427329 0.945287 0.792456 -0.0482462 0.996936 0.0615753 0.0761159 -0.945021 -0.0655218 0.320378 0.305249
0.326996 -0.0462861 0.943891 0.83601 -0.0554663 0.996138 0.0680636 0.0598669 -0.943396 -0.0746107 0.323166 0.252599
0.324976 -0.0395011 0.944897 0.799584 -0.0569504 0.996497 0.061245 0.0663406 -0.944006 -0.0737154 0.321588 0.298352
0.326882 -0.0463009 0.94393 0.847475 -0.059009 0.99585 0.0692823 0.0622238 -0.943221 -0.0783475 0.322793 0.298891
0.325204 -0.0482624 0.944412 0.830903 -0.0523633 0.996245 0.0689423 0.0731613 -0.944193 -0.0718728 0.321456 0.277951
0.32522 -0.0521384 0.9442 0.848696 -0.0482339 0.996265 0.0716271 0.0627946 -0.944407 -0.068837 0.32149 0.293767
0.32491 -0.0528917 0.944265 0.820662 -0.0455298 0.996402 0.0714784 0.0572603 -0.944648 -0.0662162 0.321333 0.268425
0.330084 -0.0615216 0.941945 0.835669 -0.0478617 0.9955 0.0817915 0.0683598 -0.942738 -0.0720811 0.325654 0.221116
0.323989 -0.0589613 0.944222 0.838899 -0.0535609 0.995312 0.0805299 0.0743114 -0.944544 -0.0766641 0.319312 0.319397
0.323786 -0.0540954 0.944583 0.836324 -0.0535628 0.995715 0.0753841 0.0743734 -0.944613 -0.0750028 0.319501 0.304131
0.327957 -0.0645648 0.942484 0.888008 -0.0450242 0.99546 0.0838611 0.0714647 -0.943619 -0.0699374 0.323561 0.287439
0.325855 -0.0590736 0.943572 0.787133 -0.043627 0.996043 0.0774249 0.0758493 -0.944413 -0.0663945 0.321989 0.223016
0.327515 -0.0591703 0.942991 0.796913 -0.0557945 0.995084 0.0818173 0.0687264 -0.943197 -0.0794102 0.322604 0.260169
0.324063 -0.0546711 0.944454 0.783138 -0.0644424 0.994734 0.0796932 0.0791111 -0.943838 -0.0866886 0.318834 0.299595
0.326983 -0.0585541 0.943214 0.807655 -0.0614124 0.994652 0.0830371 0.0850865 -0.943033 -0.0850768 0.321638 0.282397
0.3246 -0.0583196 0.944052 0.831704 -0.0577274 0.995015 0.0813168 0.0672953 -0.944088 -0.0808931 0.319616 0.294088
0.328036 -0.0580763 0.942878 0.831796 -0.0504665 0.995606 0.0788817 0.0795317 -0.943316 -0.0734598 0.323664 0.264243
0.332257 -0.0592347 0.941327 0.938432 -0.052529 0.995315 0.081173 0.069195 -0.941725 -0.0764173 0.327589 0.262621
0.332389 -0.0609414 0.941172 0.843699 -0.05385 0.995056 0.0834484 0.0871296 -0.941604 -0.0784194 0.327464 0.263973
0.330655 -0.0587674 0.94192 0.815137 -0.0591129 0.99481 0.0828184 0.079542 -0.941899 -0.083064 0.325465 0.292534
0.330384 -0.0589979 0.942001 0.869206 -0.0600575 0.994708 0.0833626 0.089269 -0.941934 -0.0841159 0.325092 0.315946
0.333497 -0.0558961 0.941093 0.827545 -0.0607268 0.994894 0.0806115 0.088198 -0.940793 -0.0840332 0.3284 0.280487
0.333783 -0.0718827 0.939905 0.891321 -0.0544414 0.993954 0.0953497 0.0863274 -0.941077 -0.0829959 0.327851 0.300316
0.33573 -0.0645543 0.939744 0.800367 -0.0549568 0.994607 0.0879567 0.0813005 -0.940354 -0.081175 0.330372 0.288539
0.336998 -0.0740465 0.938589 0.884039 -0.0630449 0.99289 0.100967 0.0928064 -0.939392 -0.0931987 0.329934 0.296535
0.338175 -0.0721569 0.938313 0.842465 -0.0585297 0.993513 0.0974964 0.0877928 -0.939261 -0.0878901 0.331758 0.303936
0.339663 -0.0728649 0.937721 0.843258 -0.0716923 0.992088 0.103058 0.0973979 -0.937811 -0.102232 0.331752 0.296311
0.339207 -0.065048 0.93846 0.882448 -0.0804919 0.991941 0.0978488 0.106091 -0.937262 -0.108729 0.331237 0.334038
0.339799 -0.0675066 0.938072 0.883611 -0.0814227 0.991564 0.10085 0.101278 -0.936967 -0.110649 0.331436 0.302525
0.338185 -0.0696327 0.9385 1.18291 -0.0696984 0.992667 0.0987672 0.167668 -0.938495 -0.0988135 0.330852 0.496388
0.341604 -0.0769943 0.936685 0.823423 -0.0655471 0.99226 0.105467 0.0742422 -0.937556 -0.0974249 0.333913 0.2478
0.339705 -0.0738566 0.937628 1.05997 -0.0626896 0.992917 0.100924 0.135054 -0.938441 -0.093064 0.332668 0.395186
0.340201 -0.0725551 0.93755 0.918089 -0.0695845 0.992343 0.102045 0.110121 -0.937775 -0.0999548 0.332547 0.338509
0.341322 -0.0750083 0.936949 0.933552 -0.0729313 0.991692 0.105959 0.111105 -0.937113 -0.104499 0.333016 0.344401
0.343299 -0.0733681 0.936356 0.897751 -0.0747477 0.991648 0.105106 0.0962367 -0.936247 -0.106073 0.334948 0.289101
0.341612 -0.0728101 0.937016 0.897239 -0.0769111 0.991485 0.105082 0.110459 -0.936689 -0.107964 0.333103 0.3515
0.341656 -0.0737115 0.93693 0.91683 -0.0763448 0.991448 0.10584 0.111802 -0.936719 -0.107691 0.333107 0.304598
0.34224 -0.0764358 0.936498 0.826409 -0.0748945 0.991295 0.108278 0.0957429 -0.936623 -0.107196 0.333536 0.295218
0.341382 -0.0757748 0.936865 0.818458 -0.0789566 0.99091 0.108917 0.0978745 -0.936603 -0.111154 0.332296 0.361169
0.343231 -0.0788337 0.935937 0.874556 -0.0812069 0.990249 0.113189 0.0976739 -0.935734 -0.114854 0.333482 0.262033
0.338375 -0.0742415 0.938078 0.929801 -0.0759329 0.991478 0.105858 0.109014 -0.937943 -0.107051 0.329854 0.342561
0.343156 -0.0775356 0.936073 0.747313 -0.075939 0.991035 0.109927 0.0903151 -0.936203 -0.108806 0.334192 0.22096
0.336316 -0.0759662 0.93868 0.970226 -0.0711043 0.991848 0.105745 0.0840289 -0.939061 -0.102308 0.328173 0.451374
0.33982 -0.074255 0.937555 0.669947 -0.0657152 0.992567 0.102431 0.0906254 -0.938192 -0.0964196 0.332414 0.179055
0.333214 -0.0711515 0.940163 0.845424 -0.0670725 0.992833 0.0989096 0.0873104 -0.940462 -0.0960172 0.326054 0.337531
0.335978 -0.0725813 0.939069 0.908443 -0.0640181 0.992961 0.099651 0.106532 -0.939692 -0.093598 0.328967 0.270899
0.330599 -0.066862 0.9414 0.732667 -0.0728297 0.992705 0.0960821 0.0866419 -0.940957 -0.100326 0.323318 0.288691
0.33378 -0.0688694 0.940132 0.803511 -0.0781525 0.991872 0.100407 0.0893279 -0.939406 -0.106987 0.325685 0.25043
0.330901 -0.0719167 0.940921 0.768706 -0.0758064 0.991844 0.102468 0.0679903 -0.940616 -0.105235 0.32275 0.263906
0.331183 -0.0735179 0.940698 0.703753 -0.0697179 0.992328 0.102098 0.0791596 -0.940987 -0.0993966 0.323517 0.217496
0.328672 -0.071267 0.941751 0.765234 -0.0720738 0.992348 0.10025 0.0824562 -0.94169 -0.100825 0.321021 0.30658
0.330368 -0.0734339 0.940991 0.755966 -0.0714503 0.992162 0.102512 0.0967615 -0.941144 -0.101101 0.322531 0.246335
0.32867 -0.0712654 0.941752 0.738433 -0.0697388 0.992596 0.0994516 0.0751804 -0.941866 -0.0983634 0.321267 0.267071
0.33097 -0.0723454 0.940864 0.722197 -0.0710122 0.99232 0.101282 0.0837525 -0.940965 -0.100334 0.323291 0.240368
0.330747 -0.0761918 0.940639 0.689827 -0.0696667 0.992045 0.104852 0.0710076 -0.941145 -0.100211 0.322808 0.231183
0.33102 -0.0722464 0.940854 0.682792 -0.0690865 0.992533 0.100521 0.0863141 -0.941091 -0.0982748 0.323557 0.234015
0.329615 -0.07147 0.941406 0.703058 -0.0732526 0.992189 0.100973 0.0818819 -0.941269 -0.102243 0.321805 0.275332
0.334972 -0.0753193 0.939213 0.657166 -0.0701308 0.992042 0.104568 0.0798263 -0.939615 -0.100895 0.327024 0.205778
0.330209 -0.0708703 0.941244 0.708071 -0.0727376 0.992302 0.100233 0.0838837 -0.941101 -0.101561 0.322512 0.275692
0.333008 -0.0711744 0.940234 0.677092 -0.0730957 0.992198 0.100997 0.0889345 -0.940086 -0.10236 0.325208 0.257147
0.332861 -0.0724619 0.940188 0.648372 -0.0731129 0.992059 0.102344 0.0606469 -0.940137 -0.102806 0.324919 0.205527
0.332697 -0.0700438 0.940429 0.709672 -0.0720284 0.992437 0.0993989 0.0834523 -0.940279 -0.100807 0.325136 0.253065
0.331799 -0.0653614 0.941083 0.694445 -0.0766718 0.992428 0.0959598 0.0725882 -0.940229 -0.103994 0.324275 0.271067
0.336634 -0.0682958 0.939156 0.667359 -0.0715163 0.992631 0.0978191 0.0708731 -0.938916 -0.100094 0.329269 0.247399
0.33576 -0.0655898 0.939661 0.68046 -0.0702905 0.993047 0.0944325 0.0758759 -0.939321 -0.0977559 0.328815 0.240237
0.33693 -0.0630676 0.939415 0.652082 -0.0701056 0.993304 0.0918294 0.0612056 -0.938916 -0.0967984 0.330253 0.266857
0.342257 -0.0679451 0.937146 0.670834 -0.0697375 0.992794 0.0974487 0.066352 -0.937015 -0.0987068 0.335053 0.209527
0.337756 -0.060205 0.939306 0.64285 -0.0692667 0.993656 0.0885955 0.0503536 -0.938682 -0.0949863 0.331443 0.246715
0.341994 -0.0659281 0.937387 0.666249 -0.070345 0.992941 0.0954998 0.0823032 -0.937065 -0.0986008 0.334942 0.242622
0.341467 -0.0651334 0.937634 0.68936 -0.06767 0.993303 0.0936445 0.0502712 -0.937455 -0.0954262 0.334772 0.266681
0.346747 -0.067818 0.935504 0.712706 -0.0657064 0.993176 0.0963532 0.0560685 -0.935654 -0.0948787 0.339925 0.165069
0.344287 -0.0662622 0.936523 0.688781 -0.0636142 0.993568 0.0936843 0.0853813 -0.936707 -0.0918304 0.337857 0.279076
0.349713 -0.0684338 0.934354 0.669499 -0.0664476 0.993005 0.0975997 0.0761804 -0.934498 -0.0962174 0.342719 0.231798
0.352938 -0.0682858 0.933151 0.813289 -0.0642658 0.993209 0.0969874 0.116102 -0.933437 -0.0942003 0.346153 0.260925
0.355417 -0.0682238 0.932215 0.730565 -0.0642409 0.993192 0.0971789 0.0856357 -0.932497 -0.0944254 0.348615 0.234436
0.349202 -0.062806 0.93494 0.589874 -0.065591 0.993666 0.0912493 0.0576265 -0.934749 -0.0931881 0.342871 0.239976
0.355396 -0.0646977 0.932474 0.627889 -0.0654545 0.99343 0.0938739 0.0646267 -0.932421 -0.0943971 0.348826 0.227715
0.356239 -0.0632622 0.932251 0.5937 -0.0641494 0.993696 0.091945 0.0609743 -0.93219 -0.0925577 0.349935 0.227508
0.357857 -0.0608601 0.931791 0.624414 -0.0652467 0.993805 0.0899687 0.0790292 -0.931494 -0.0929922 0.35167 0.22386
0.356141 -0.0630634 0.932302 0.571746 -0.0666983 0.99346 0.0926791 0.0701182 -0.932049 -0.0951897 0.349605 0.223868
0.357813 -0.0616282 0.931758 0.566033 -0.065481 0.993707 0.0908717 0.049369 -0.931495 -0.0935274 0.351525 0.235832
0.358045 -0.0634033 0.931549 0.54248 -0.0649348 0.993585 0.0925837 0.0462458 -0.931444 -0.0936391 0.351631 0.218905
0.35465 -0.0637163 0.932825 0.503732 -0.0619718 0.99388 0.0914476 0.0486827 -0.932943 -0.0902408 0.348531 0.212777
0.353406 -0.0610985 0.933473 0.516656 -0.0625182 0.994091 0.0887351 0.0587093 -0.933379 -0.0897185 0.347498 0.214533
0.351783 -0.0652149 0.933807 0.405639 -0.0600158 0.993947 0.092024 0.0242021 -0.934156 -0.0884157 0.345739 0.230018
0.356122 -0.0595581 0.932539 0.519958 -0.0585505 0.994584 0.0858801 0.0523476 -0.932603 -0.0851845 0.350706 0.182985
0.356564 -0.0619731 0.932213 0.450202 -0.0583093 0.994376 0.0884085 0.0499807 -0.93245 -0.08588 0.350945 0.135773
0.356374 -0.0605342 0.93238 0.454247 -0.0578294 0.994557 0.0866745 0.0532845 -0.932552 -0.0848076 0.350934 0.161834
0.359474 -0.0594215 0.931261 0.451381 -0.0608367 0.994355 0.0869308 0.0438935 -0.93117 -0.0879042 0.353829 0.172058
0.357515 -0.0562355 0.932213 0.369804 -0.0638401 0.994379 0.0844691 0.0314966 -0.931723 -0.0897115 0.351915 0.160653
0.355586 -0.0559587 0.932967 0.404328 -0.0642879 0.994378 0.0841444 0.0301951 -0.93243 -0.0898991 0.349989 0.13405
0.349973 -0.0576213 0.934986 0.3764 -0.063037 0.994395 0.0848778 0.0300916 -0.934637 -0.0886436 0.344379 0.153209
0.358985 -0.0610977 0.931341 0.566226 -0.0606067 0.994223 0.0885837 0.0608631 -0.931373 -0.0882458 0.353209 0.116898
0.350179 -0.0581334 0.934877 0.335782 -0.0624265 0.994405 0.0852183 0.0302607 -0.9346 -0.0882028 0.344591 0.178556
0.350179 -0.0581334 0.934877 0.671563 -0.0624265 0.994405 0.0852183 0.0605215 -0.9346 -0.0882028 0.344591 0.357112
0.351842 -0.0595615 0.934163 0.413026 -0.0639658 0.994111 0.0874758 0.0443922 -0.933871 -0.0905321 0.34596 0.171352
0.357034 -0.0613768 0.932073 0.312613 -0.0600573 0.994266 0.0884774 0.0328149 -0.932159 -0.0875673 0.351301 0.0698299
0.351245 -0.0604101 0.934333 0.355883 -0.0625901 0.994169 0.0878085 0.0251749 -0.934189 -0.0893223 0.345416 0.113163
0.354904 -0.0625161 0.93281 0.299438 -0.062679 0.993926 0.0904593 0.0304185 -0.932799 -0.090572 0.348829 0.0935187
0.356491 -0.0634372 0.932143 0.345009 -0.0618583 0.993901 0.0912974 0.0372091 -0.932249 -0.0902074 0.350392 0.119929
0.352155 -0.0614733 0.933921 0.293036 -0.0632423 0.993997 0.0892745 0.028134 -0.933803 -0.0905017 0.346153 0.106046
0.354361 -0.0664261 0.932746 0.341825 -0.0623464 0.993576 0.0944443 0.0333172 -0.933028 -0.0916207 0.347943 0.111349
0.353426 -0.0634874 0.933306 0.270135 -0.0595814 0.994141 0.090188 0.0252429 -0.933563 -0.0874824 0.347573 0.117153
0.353582 -0.0662528 0.933054 0.293621 -0.0634075 0.993497 0.0945729 0.0317481 -0.933252 -0.0926019 0.347081 0.0902001
0.356915 -0.062517 0.932043 0.295604 -0.0614935 0.994021 0.0902225 0.0320037 -0.932111 -0.0895164 0.350937 0.0791132
0.355533 -0.0679811 0.932188 0.291356 -0.0649032 0.993148 0.0971805 0.0493104 -0.932408 -0.0950528 0.348685 0.128766
0.359962 -0.0740189 0.930026 0.285996 -0.0637416 0.992567 0.103667 0.0266688 -0.930787 -0.0965976 0.352568 0.0626316
0.35498 -0.0612096 0.932868 0.284446 -0.0694518 0.99337 0.0916076 0.0274786 -0.932291 -0.0973082 0.348376 0.14342
0.367577 -0.0683235 0.92748 0.275281 -0.0725908 0.992147 0.101856 0.0346332 -0.927156 -0.104767 0.359731 0.0941303
0.367577 -0.0683235 0.92748 0.550562 -0.0725908 0.992147 0.101856 0.0692664 -0.927156 -0.104767 0.359731 0.188261
0.368112 -0.0645353 0.927539 0.250674 -0.0657296 0.993286 0.0951958 0.0241227 -0.927455 -0.0960094 0.361398 0.135468
0.374779 -0.0679018 0.924624 0.313066 -0.0665606 0.99277 0.0998853 0.0419702 -0.924722 -0.0989784 0.36755 0.122957
0.380139 -0.0638062 0.922726 0.270244 -0.0646547 0.993344 0.0953255 0.0361288 -0.922667 -0.0958955 0.373484 0.157746
0.391076 -0.0631839 0.918187 0.302046 -0.0653129 0.99322 0.0961654 0.0363082 -0.918038 -0.0975774 0.384297 0.093392
0.409835 -0.0601755 0.910173 0.277264 -0.0634058 0.993529 0.0942371 0.0291105 -0.909953 -0.0963319 0.403367 0.14177
0.409835 -0.0601755 0.910173 0.554529 -0.0634058 0.993529 0.0942371 0.058221 -0.909953 -0.0963319 0.403367 0.28354
0.425933 -0.0601139 0.902756 0.29677 -0.0621483 0.99349 0.0954782 0.0353431 -0.902618 -0.0967721 0.419424 0.153359
0.441506 -0.0564496 0.895481 0.29343 -0.061297 0.99379 0.0928686 0.0340492 -0.895162 -0.0958923 0.435304 0.156189
0.458799 -0.0540859 0.886892 0.264307 -0.0592286 0.994064 0.0912612 0.0390054 -0.886564 -0.0944 0.452872 0.152441
0.477197 -0.052368 0.877235 0.305111 -0.0565215 0.994327 0.0901045 0.0351086 -0.876977 -0.0925802 0.47153 0.166955
0.495233 -0.0528976 0.867148 0.275882 -0.050835 0.99467 0.0897088 0.0327273 -0.867272 -0.0885083 0.489904 0.185873
0.514906 -0.0513928 0.855705 0.246293 -0.0492516 0.994779 0.0893819 0.0307943 -0.85583 -0.0881681 0.509687 0.148023
0.534547 -0.0474151 0.843807 0.229949 -0.05027 0.994873 0.0877495 0.0312088 -0.843642 -0.0893244 0.529423 0.163006
0.54686 -0.0393533 0.836299 0.251635 -0.0513957 0.995433 0.0804495 0.0342126 -0.835645 -0.0869768 0.542339 0.181063
0.553764 -0.035681 0.831909 0.221688 -0.0491023 0.995944 0.0754017 0.0304799 -0.831225 -0.0826034 0.549765 0.165678
0.55338 -0.035484 0.832173 0.234561 -0.0453513 0.996327 0.0726412 0.026843 -0.831693 -0.0779383 0.549738 0.156571
0.549893 -0.0380448 0.834368 0.240953 -0.0410819 0.996521 0.0725136 0.0293987 -0.834224 -0.0741521 0.546417 0.135208
0.539755 -0.0358793 0.841057 0.229671 -0.0415141 0.996741 0.0691627 0.017463 -0.840798 -0.0722466 0.536507 0.137967
0.528918 -0.0417347 0.847646 0.182647 -0.037952 0.996628 0.0727514 0.028423 -0.847824 -0.0706494 0.525551 0.109839
0.514779 -0.0452504 0.856128 0.255188 -0.0360517 0.99658 0.0743514 0.0104294 -0.856564 -0.0691394 0.511387 0.122815
0.497695 -0.0488524 0.865975 0.199572 -0.0369697 0.99631 0.0774524 0.0196138 -0.866564 -0.0705625 0.494053 0.0870612
0.478352 -0.0487072 0.876816 0.243493 -0.040755 0.996154 0.0775705 0.0157437 -0.877222 -0.0728407 0.474527 0.114922
0.458107 -0.0482743 0.887585 0.207705 -0.0451143 0.995975 0.0774542 0.0182415 -0.887751 -0.0755251 0.454085 0.0951201
0.437954 -0.0473439 0.89775 0.238683 -0.0483374 0.995928 0.0761021 0.0242598 -0.897697 -0.0767241 0.433882 0.0998557
0.418632 -0.0490947 0.906828 0.220067 -0.0492372 0.995842 0.0766439 0.0198024 -0.90682 -0.0767353 0.414474 0.0766904
0.399495 -0.0534223 0.915177 0.260305 -0.0478755 0.995723 0.0790227 0.0144997 -0.915484 -0.0753838 0.395229 0.0922042
0.383956 -0.0583182 0.921508 0.225953 -0.0466126 0.995507 0.0824229 0.0187173 -0.922174 -0.0746006 0.379513 0.073105
0.368764 -0.0608156 0.927531 0.218634 -0.0492528 0.995177 0.0848327 0.0167697 -0.928217 -0.0769667 0.36399 0.0719931
0.35505 -0.0587519 0.932999 0.253175 -0.0554838 0.99494 0.0837665 0.0253535 -0.933199 -0.0815076 0.349994 0.0985569
0.346328 -0.0586964 0.936275 0.215397 -0.0601455 0.994598 0.0846006 0.0189897 -0.936183 -0.0856124 0.340927 0.063106
0.336532 -0.0609357 0.939698 0.239398 -0.062042 0.994301 0.0866954 0.0220139 -0.939626 -0.0874765 0.330834 0.0820223
0.330561 -0.0622265 0.941731 0.233058 -0.0623138 0.994208 0.0875671 0.0204237 -0.941725 -0.0876291 0.324769 0.0672328
0.327984 -0.0639959 0.942513 0.233733 -0.0604511 0.994236 0.0885441 0.0272722 -0.942747 -0.086017 0.322225 0.0824645
0.331218 -0.0624916 0.941483 0.256058 -0.0607599 0.994321 0.0873744 0.0286656 -0.941596 -0.0861444 0.32554 0.0869053
0.336545 -0.064337 0.939467 0.191215 -0.0608545 0.994092 0.0898777 0.0216179 -0.939699 -0.0874186 0.330641 0.0747903
0.346988 -0.0655656 0.935575 0.206287 -0.061196 0.993845 0.0923457 0.00334632 -0.935871 -0.0892963 0.34084 0.075313
0.358391 -0.0639746 0.931377 0.184742 -0.0643552 0.993583 0.0930111 0.034589 -0.931351 -0.0932733 0.351974 0.0842885
0.371349 -0.0575943 0.926705 0.178832 -0.0654164 0.993971 0.0879884 0.0217375 -0.926186 -0.0932961 0.365342 0.0893698
0.384827 -0.0524891 0.921495 0.132684 -0.0660253 0.994258 0.0842066 0.0107305 -0.920624 -0.0932469 0.379152 0.0747465
0.397938 -0.0504547 0.916024 0.148515 -0.0620414 0.994721 0.0817414 0.0159658 -0.915312 -0.0893595 0.392707 0.0836066
0.412328 -0.0493724 0.909697 0.117038 -0.0604644 0.994846 0.0813998 0.0150104 -0.909027 -0.0885677 0.407218 0.0660462
0.425474 -0.052405 0.903452 0.126996 -0.0566695 0.99482 0.0843929 0.0124797 -0.903195 -0.0871052 0.4203 0.0768935
0.44105 -0.0636864 0.89522 0.107737 -0.0452744 0.99463 0.0930639 0.00982969 -0.89634 -0.0815764 0.435798 0.051374
0.455089 -0.0662301 0.887979 0.127685 -0.0385114 0.994833 0.0939369 0.0104024 -0.889613 -0.0769471 0.450187 0.0764027
0.471815 -0.059681 0.879675 0.0681764 -0.0489178 0.994398 0.0937014 0.0122433 -0.88034 -0.0872415 0.466252 0.0521198
0.486018 -0.0477062 0.872646 0.0740511 -0.0607667 0.994248 0.0881978 0.0116433 -0.871834 -0.0958936 0.480323 0.0618815
0.497092 -0.0393929 0.866803 0.0694182 -0.06535 0.994432 0.0826699 0.0166845 -0.865234 -0.0977401 0.49175 0.079653
0.522876 -0.0411168 0.851417 0.0632637 -0.0586468 0.994734 0.0840543 0.00796773 -0.850389 -0.0938828 0.517711 0.0426689
0.522876 -0.0411168 0.851417 0.126527 -0.0586468 0.994734 0.0840543 0.0159355 -0.850389 -0.0938828 0.517711 0.0853377
0.53214 -0.0438124 0.845522 0.0736749 -0.0506471 0.995224 0.083445 0.00865088 -0.84514 -0.0872277 0.52738 0.0636131
0.543887 -0.0453658 0.837931 0.080542 -0.046585 0.995366 0.0841269 0.0144784 -0.837864 -0.0847906 0.539253 0.0658476
0.554181 -0.0460994 0.831119 0.0814168 -0.0464309 0.995199 0.08616 0.0109182 -0.8311 -0.0863379 0.54938 0.065547
0.563462 -0.0465048 0.824832 0.0720946 -0.0463744 0.99506 0.0877819 0.013319 -0.824839 -0.0877129 0.558522 0.0570698
0.568795 -0.0427955 0.821365 0.0661722 -0.0489484 0.995114 0.085745 0.00700355 -0.821021 -0.0889758 0.563921 0.0707627
0.577668 -0.0373245 0.815418 0.0545171 -0.0503843 0.995419 0.0812576 0.00490952 -0.814715 -0.0880242 0.573141 0.0600829
0.585395 -0.0283446 0.810253 0.0349801 -0.0511481 0.996107 0.0717999 0.00260923 -0.809133 -0.0834742 0.581666 0.063139
0.591938 -0.0254254 0.805582 0.0374905 -0.0475453 0.99666 0.0663922 0.00465683 -0.80458 -0.0776017 0.588753 0.0493442
0.602029 -0.0352776 0.797695 0.0475285 -0.0381492 0.996612 0.0728662 0.00490799 -0.797563 -0.074299 0.598643 0.0394814
0.602029 -0.0352776 0.797695 0.095057 -0.0381492 0.996612 0.0728662 0.00981599 -0.797563 -0.074299 0.598643 0.0789628
0.607219 -0.0443268 0.793297 0.0546064 -0.0307585 0.996383 0.0792182 0.00953428 -0.793939 -0.0725035 0.603659 0.0271228
0.610904 -0.0421627 0.790581 0.05228 -0.0354865 0.996119 0.0805457 0.00190916 -0.790909 -0.0772606 0.607037 0.0484835
0.620458 -0.0302183 0.783657 0.024743 -0.0453306 0.996205 0.0743046 0.00647205 -0.782928 -0.0816266 0.616734 0.0402101
0.620458 -0.0302183 0.783657 0.049486 -0.0453306 0.996205 0.0743046 0.0129441 -0.782928 -0.0816266 0.616734 0.0804201
0.62395 -0.026442 0.781017 0.0398118 -0.0466284 0.996387 0.0709847 0.001024 -0.780072 -0.0807085 0.620463 0.0397472
