0.999993 -0.00137303 -0.00338692 -0.00590868 0.00136543 0.999997 -0.0022434 -0.00116763 0.00338999 0.00223876 0.999992 0.65323
0.999969 0.00150517 -0.00770404 -0.00875145 -0.00153926 0.999989 -0.00442198 0.00633033 0.0076973 0.0044337 0.999961 0.673171
0.999936 0.000624726 -0.0112949 -0.0184325 -0.000691542 0.999982 -0.00591268 -0.00441631 0.011291 0.00592011 0.999919 0.680627
0.999867 0.00236063 -0.016125 -0.0180198 -0.00247005 0.999974 -0.00676944 -0.00393372 0.0161086 0.00680837 0.999847 0.692515
0.999808 -0.000416222 -0.0196124 -0.0268385 0.000279437 0.999976 -0.00697666 -0.010215 0.0196148 0.00696984 0.999783 0.707465
0.999693 0.00244994 -0.0246709 -0.0217039 -0.00264368 0.999966 -0.00782345 -0.0122726 0.0246509 0.00788626 0.999665 0.71378
0.999528 0.00287523 -0.0305983 -0.0203392 -0.00313042 0.999961 -0.00829515 -0.00943919 0.0305733 0.00838702 0.999497 0.733873
0.999397 0.00122735 -0.0347034 -0.0360228 -0.00146442 0.999976 -0.00680663 -0.00723222 0.0346942 0.00685335 0.999374 0.735603
0.999229 7.98741e-006 -0.0392667 -0.0331624 -0.000156492 0.999993 -0.00377887 -0.0117282 0.0392664 0.0037821 0.999222 0.741765
0.999093 -0.000295307 -0.0425808 -0.0388214 0.000261559 1 -0.000798143 -0.0146175 0.042581 0.000786282 0.999093 0.753031
0.999015 0.00285147 -0.0442917 -0.052469 -0.00292273 0.999995 -0.00154429 -0.00646513 0.044287 0.00167222 0.999017 0.772366
0.998911 -0.00111289 -0.0466506 -0.0375572 0.00104321 0.999998 -0.00151805 -0.00886737 0.0466522 0.00146773 0.99891 0.772166
0.998845 -0.00272364 -0.0479676 -0.04544 0.0025985 0.999993 -0.00267095 -0.000820111 0.0479745 0.00254322 0.998845 0.791826
0.998746 -0.000514072 -0.0500537 -0.0386131 0.000426594 0.999998 -0.00175836 -0.00958951 0.0500545 0.0017348 0.998745 0.781621
0.99866 -0.000601588 -0.0517493 -0.0418159 0.00050262 0.999998 -0.00192544 -0.0115621 0.0517504 0.00189685 0.998658 0.80146
0.998528 0.00136006 -0.0542131 -0.041105 -0.00158383 0.99999 -0.00408491 -0.0104381 0.054207 0.00416476 0.998521 0.819534
0.998558 0.00120458 -0.053671 -0.0672388 -0.00160569 0.999971 -0.00743114 -0.000122723 0.0536605 0.0075066 0.998531 0.813166
0.998495 0.00565494 -0.0545579 -0.063464 -0.00613595 0.999944 -0.00865313 -0.0118645 0.0545059 0.00897487 0.998473 0.813032
0.998408 -1.60138e-005 -0.0564013 -0.0411497 -0.00046205 0.999964 -0.00846305 -0.0101004 0.0563995 0.00847564 0.998372 0.828106
0.998404 -0.000371489 -0.0564662 -0.0661249 -4.03783e-005 0.999973 -0.00729272 -0.0114519 0.0564674 0.00728337 0.998378 0.841709
0.998323 -0.000345832 -0.057886 -0.0500073 5.95225e-006 0.999983 -0.00587161 -0.0131909 0.057887 0.00586142 0.998306 0.822756
0.998306 0.000385163 -0.0581774 -0.059063 -0.00074912 0.99998 -0.00623429 -0.00678355 0.0581738 0.00626731 0.998287 0.807612
0.998233 0.000591404 -0.0594244 -0.0589185 -0.00103468 0.999972 -0.00742902 -0.00575241 0.0594183 0.00747737 0.998205 0.824127
0.998159 -0.00118151 -0.0606481 -0.0473254 0.000673718 0.999965 -0.00839253 -0.010829 0.0606558 0.00833622 0.998124 0.804787
0.998121 -0.000583938 -0.0612757 -0.0514603 0.000158693 0.999976 -0.0069445 -0.009408 0.0612783 0.00692172 0.998097 0.824592
0.998165 0.00173465 -0.0605289 -0.0637762 -0.00195847 0.999991 -0.00363865 -0.0106094 0.060522 0.00375052 0.99816 0.843777
0.998207 0.000901285 -0.0598527 -0.0547372 -0.000913871 1 -0.000182913 -0.00916356 0.0598525 0.000237283 0.998207 0.864471
0.99831 -0.00166447 -0.0580971 -0.0531861 0.00179763 0.999996 0.0022398 -0.00537292 0.0580931 -0.00234045 0.998308 0.884637
0.998266 -0.00187958 -0.0588308 -0.0332884 0.00207922 0.999992 0.00333241 -0.00920344 0.058824 -0.00344896 0.998262 0.905592
0.998399 -0.0029749 -0.0564921 -0.0531279 0.00299841 0.999995 0.000331429 0.000638407 0.0564908 -0.000500285 0.998403 0.889519
0.99841 0.000804976 -0.0563561 -0.049561 -0.00105023 0.99999 -0.0043224 -0.00879462 0.0563521 0.00437471 0.998401 0.909713
0.998487 0.00095547 -0.0549754 -0.058641 -0.00136896 0.999971 -0.00748412 -0.0108363 0.0549666 0.00754805 0.99846 0.90911
0.998481 -0.00383391 -0.0549617 -0.0366308 0.0034854 0.999973 -0.00643543 -0.0141041 0.0549849 0.00623409 0.998468 0.890198
0.998499 -0.00224772 -0.0547305 -0.0519825 0.00216246 0.999996 -0.00161694 -0.0111797 0.054734 0.00149616 0.9985 0.899004
0.99848 -0.00402678 -0.0549731 -0.0498569 0.00412909 0.99999 0.00174757 -0.0174292 0.0549655 -0.0019719 0.998486 0.898857
0.998453 -0.0059648 -0.0552801 -0.0493381 0.00602064 0.999982 0.000843682 -0.0122401 0.055274 -0.0011752 0.998471 0.899383
0.998407 -0.00267576 -0.0563573 -0.0494701 0.00247517 0.99999 -0.00362884 -0.00455722 0.0563664 0.00348357 0.998404 0.899542
0.998365 -0.000258722 -0.0571667 -0.0626247 -0.000178767 0.999971 -0.00764763 -0.0112488 0.057167 0.00764534 0.998335 0.878612
0.998284 0.00189466 -0.058527 -0.0566591 -0.00241481 0.999958 -0.00881803 -0.0140568 0.0585079 0.00894423 0.998247 0.858931
0.998187 -0.00127685 -0.0601722 -0.040676 0.000845414 0.999974 -0.0071949 -0.021039 0.0601798 0.00713099 0.998162 0.869918
0.998177 0.00416815 -0.0602121 -0.0692261 -0.00440997 0.999983 -0.00388387 -0.0219746 0.0601948 0.00414232 0.998178 0.869706
0.997994 -0.00103448 -0.0632941 -0.0372363 0.000885771 0.999997 -0.00237745 -0.0176224 0.0632963 0.00231662 0.997992 0.891783
0.998019 0.00186651 -0.0628798 -0.076797 -0.0018337 0.999998 0.000579511 -0.0122238 0.0628808 -0.000463061 0.998021 0.909415
0.998081 0.00143604 -0.061898 -0.0534544 -0.001211 0.999993 0.00367299 -0.0208277 0.0619028 -0.00359098 0.998076 0.890889
0.998096 0.00721287 -0.0612591 -0.0791807 -0.00684658 0.999957 0.0061872 -0.00349636 0.0613011 -0.00575601 0.998103 0.909286
0.998085 -0.0014859 -0.0618342 -0.0524658 0.00184837 0.999981 0.00580504 -0.0124634 0.0618245 -0.00590822 0.99807 0.931174
0.99811 0.00028643 -0.0614577 -0.0632913 -4.32447e-005 0.999992 0.00395824 3.10895e-005 0.0614583 -0.0039481 0.998102 0.950629
0.998047 0.0054178 -0.0622383 -0.0659428 -0.00532602 0.999984 0.00164044 -0.0159348 0.0622462 -0.00130575 0.99806 0.947285
0.998022 0.000503669 -0.0628698 -0.0662713 -0.000383435 0.999998 0.00192447 -0.0170558 0.0628706 -0.00189656 0.99802 0.942185
0.998079 0.00112904 -0.0619507 -0.0893307 -0.000930869 0.999994 0.00322759 -0.0140967 0.061954 -0.00316372 0.998074 0.943638
0.998009 0.00038625 -0.0630678 -0.0551541 -9.44654e-005 0.999989 0.00462943 -0.0193671 0.0630689 -0.00461426 0.997999 0.934244
0.998016 0.0026425 -0.0628979 -0.0792009 -0.00256788 0.999996 0.00126709 -0.0106178 0.062901 -0.00110306 0.998019 0.942595
0.998064 0.00277374 -0.0621309 -0.0877262 -0.00296162 0.999991 -0.00293211 -0.00820656 0.0621222 0.00311044 0.998064 0.921775
0.998065 0.000922747 -0.0621748 -0.0668146 -0.00117674 0.999991 -0.00404858 -0.0136008 0.0621705 0.00411391 0.998057 0.903407
0.998028 -0.00217825 -0.0627371 -0.0522506 0.00218142 0.999998 -1.79124e-005 -0.0209116 0.062737 -0.000118979 0.99803 0.888565
0.998005 -0.00233688 -0.0630914 -0.0545108 0.00250281 0.999994 0.00255099 -0.00892964 0.0630851 -0.0027038 0.998004 0.898638
0.997991 -0.0017118 -0.0633343 -0.057329 0.00190142 0.999994 0.00293376 -0.00964908 0.0633289 -0.00304829 0.997988 0.878413
0.997933 -0.00392282 -0.0641367 -0.0517207 0.00404969 0.99999 0.00184814 -0.0176789 0.0641288 -0.00210405 0.997939 0.898341
0.997913 -0.000428819 -0.0645659 -0.0642064 0.000477539 1 0.000739143 -0.0164323 0.0645655 -0.000768433 0.997913 0.904074
0.997941 -0.000568518 -0.0641411 -0.077915 0.000661277 0.999999 0.00142496 -0.00519228 0.0641402 -0.00146444 0.99794 0.884871
0.997786 -0.000739267 -0.0665027 -0.0554297 0.00111432 0.999984 0.00560269 -0.0133048 0.0664975 -0.00566439 0.997771 0.889404
0.997709 -0.0027119 -0.0676029 -0.0528016 0.00340573 0.999943 0.0101502 -0.00581034 0.0675715 -0.0103572 0.997661 0.896289
0.997617 0.00134904 -0.0689824 -0.058089 -0.000506137 0.999925 0.0122352 -0.00129707 0.0689938 -0.0121711 0.997543 0.912911
0.997506 0.00412946 -0.0704558 -0.076062 -0.00354094 0.999958 0.00847599 -0.00565611 0.0704878 -0.00820537 0.997479 0.926723
0.99743 0.00191421 -0.0716223 -0.0706104 -0.00186538 0.999998 0.000748653 -0.00708311 0.0716235 -0.000613126 0.997432 0.907084
0.99739 0.00255809 -0.0721583 -0.0733523 -0.00285322 0.999988 -0.00398725 -0.00919728 0.0721472 0.00418272 0.997385 0.88678
0.997179 0.00272615 -0.0750098 -0.0506849 -0.00294808 0.999992 -0.00284819 -0.0144946 0.0750014 0.00306129 0.997179 0.868257
0.997108 0.00309804 -0.0759305 -0.0737763 -0.00312998 0.999995 -0.000301622 -0.0165188 0.0759292 0.00053841 0.997113 0.856675
0.996944 0.00271229 -0.0780715 -0.0650234 -0.00257385 0.999995 0.00187386 -0.0225327 0.0780762 -0.00166719 0.996946 0.856089
0.996758 0.000587717 -0.0804515 -0.0598718 -0.000448953 0.999998 0.00174289 -0.0115587 0.0804524 -0.00170112 0.996757 0.836632
0.996698 0.00445462 -0.0810748 -0.0907092 -0.00424515 0.999987 0.00275587 -0.0142166 0.081086 -0.00240259 0.996704 0.833809
0.996554 0.00715264 -0.0826383 -0.0908213 -0.00680959 0.999967 0.00443239 -0.0297455 0.0826673 -0.00385438 0.99657 0.821628
0.996471 0.00136277 -0.0839321 -0.0783441 -0.00096106 0.999988 0.0048264 -0.00975694 0.0839377 -0.0047287 0.99646 0.826625
0.996313 -0.00100489 -0.0857818 -0.0621805 0.00155209 0.999979 0.00631257 -0.0161666 0.0857737 -0.00642244 0.996294 0.807836
0.996235 0.0023358 -0.0866635 -0.0751575 -0.00155492 0.999958 0.00907691 -0.0059084 0.0866811 -0.00890798 0.996196 0.786783
0.996142 0.000567256 -0.0877522 -0.0695345 0.000578475 0.999915 0.0130305 -0.00308258 0.0877521 -0.0130309 0.996057 0.767236
0.996069 0.00608324 -0.0883671 -0.0887079 -0.0047762 0.999876 0.014995 -0.00386278 0.0884473 -0.014514 0.995975 0.785383
0.996103 0.00457813 -0.0880795 -0.105514 -0.0036251 0.999933 0.010977 -0.00458179 0.0881239 -0.0106149 0.996053 0.803475
0.99594 0.000605664 -0.0900229 -0.0684678 -0.000255772 0.999992 0.00389818 -0.0126551 0.0900246 -0.00385933 0.995932 0.787314
0.995841 -0.00120662 -0.0911023 -0.0728563 0.00101716 0.999997 -0.00212609 -0.00940123 0.0911046 0.00202458 0.995839 0.766876
0.995808 0.00556581 -0.091301 -0.0912985 -0.00587506 0.999978 -0.00311875 -0.00258607 0.0912817 0.00364207 0.995818 0.744807
0.995728 0.00329865 -0.0922769 -0.0779063 -0.00325153 0.999994 0.00066096 -0.0109825 0.0922786 -0.000358096 0.995733 0.726137
0.995565 -0.000941507 -0.094076 -0.0635295 0.00119721 0.999996 0.0026616 -0.0125732 0.094073 -0.00276242 0.995561 0.707428
0.995551 -0.00177224 -0.0942055 -0.0780527 0.00168551 0.999998 -0.00100025 -0.0116728 0.0942071 0.00083702 0.995552 0.685861
0.995518 -0.00859225 -0.0941831 -0.0478921 0.00798657 0.999945 -0.00680599 -0.0178465 0.0942364 0.00602329 0.995532 0.668435
0.995734 -0.00352452 -0.0922063 -0.0722029 0.00242359 0.999924 -0.0120491 -0.0102715 0.0922418 0.0117742 0.995667 0.646285
0.995976 0.000513232 -0.0896238 -0.0472238 -0.00165142 0.999919 -0.0126259 -0.00500672 0.0896101 0.0127231 0.995896 0.628595
0.996324 0.00301559 -0.085608 -0.0574779 -0.00384738 0.999947 -0.00955295 -0.00907216 0.0855746 0.0098472 0.996283 0.607606
0.996721 -0.00152083 -0.0808952 -0.0487175 0.00101356 0.99998 -0.00631137 -0.016757 0.0809031 0.00620868 0.996703 0.588134
0.997195 -0.00295032 -0.0747859 -0.0393814 0.0027881 0.999994 -0.00227346 -0.0122272 0.0747921 0.00205858 0.997197 0.568894
0.99778 -0.00341935 -0.0665047 -0.0323667 0.00349497 0.999993 0.00102078 -0.0145151 0.0665008 -0.00125094 0.997786 0.549242
0.998439 0.00257177 -0.0557938 -0.0276788 -0.00251763 0.999996 0.00104069 -0.00684435 0.0557962 -0.000898601 0.998442 0.52962
0.999157 0.00582742 -0.0406478 -0.0262823 -0.00580055 0.999983 0.000778833 -0.00646122 0.0406516 -0.000542396 0.999173 0.509668
0.999718 0.00440943 -0.0233425 -0.000342834 -0.00437059 0.999989 0.00171486 -0.00901306 0.0233498 -0.00161235 0.999726 0.491605
0.999995 -0.00224854 -0.00216775 0.0258863 0.00225397 0.999994 0.0025034 -0.00578127 0.00216211 -0.00250828 0.999995 0.492782
0.99969 -0.00119696 0.0248741 0.0150692 0.00110207 0.999992 0.00382806 -0.00679484 -0.0248785 -0.00379946 0.999683 0.473207
0.998524 -0.000640159 0.0543154 0.0445124 0.000328352 0.999983 0.00574941 -0.00617295 -0.0543182 -0.00572308 0.998507 0.472227
0.996126 0.000650662 0.0879372 0.0530212 -0.00130866 0.999972 0.00742513 -0.0065225 -0.0879299 -0.00751144 0.996098 0.474216
0.992075 -0.000464504 0.125646 0.0793394 -0.000585754 0.999965 0.00832182 -0.00520141 -0.125645 -0.00832947 0.99204 0.47123
0.985915 -0.000635777 0.167246 0.100101 -0.000829618 0.999962 0.00869192 -0.00581981 -0.167245 -0.00870825 0.985877 0.446777
0.977478 -0.00199298 0.21103 0.138993 4.11529e-005 0.999957 0.00925307 -0.00551308 -0.211039 -0.00903598 0.977436 0.439305
0.966124 -0.00132565 0.258074 0.163931 -0.000631731 0.999972 0.00750154 -0.00798239 -0.258076 -0.00741045 0.966096 0.409108
0.949959 0.000726633 0.312374 0.147745 -0.00240175 0.999985 0.00497784 -0.00552414 -0.312365 -0.00547899 0.949946 0.394692
0.930036 -0.00080378 0.367468 0.189524 -0.000456913 0.999994 0.00334375 -0.000159012 -0.367468 -0.00327771 0.93003 0.373585
0.905886 -0.00113545 0.423519 0.214048 0.000259192 0.999998 0.00212658 0.000807335 -0.423521 -0.00181667 0.905885 0.346537
0.877037 -0.00128478 0.480421 0.229374 0.000718894 0.999999 0.0013619 -0.00357625 -0.480422 -0.000849062 0.877037 0.319547
0.843944 -0.00354246 0.536419 0.259894 0.00330153 0.999994 0.00140958 -0.00101107 -0.53642 0.000581394 0.843951 0.307876
0.808133 -0.00237878 0.588995 0.277224 0.0011421 0.999996 0.00247166 -0.0139571 -0.588999 -0.00132473 0.808133 0.268874
0.769336 -0.00257771 0.638839 0.284678 -0.000493946 0.999989 0.00462979 -0.00876521 -0.638844 -0.00387741 0.769326 0.248605
0.727063 -0.00113984 0.68657 0.304957 -0.00355239 0.999979 0.00542207 0.00468103 -0.686562 -0.00638115 0.727044 0.255781
0.682703 -0.0031636 0.730689 0.310905 -0.00237562 0.999976 0.00654912 -0.00551877 -0.730692 -0.00620695 0.682679 0.215012
0.636987 -0.00660896 0.770847 0.332645 0.00045359 0.999966 0.00819853 0.00104554 -0.770875 -0.00487271 0.636968 0.197577
0.590848 -0.0108578 0.80671 0.344688 0.00144267 0.999922 0.0124017 0.00438528 -0.806782 -0.00616369 0.590817 0.1811
0.544603 -0.00533465 0.838677 0.354955 -0.00621069 0.999927 0.0103933 -0.000427865 -0.838671 -0.010869 0.54453 0.179307
0.497301 -0.00206036 0.867576 0.361785 -0.00655094 0.99996 0.0061298 0.00527911 -0.867553 -0.00873179 0.497267 0.172712
0.452045 -0.0023891 0.891992 0.35493 -0.00268729 0.999988 0.00404023 -0.00452677 -0.891991 -0.00422341 0.452034 0.138249
0.410418 -0.010216 0.91184 0.361063 0.00128175 0.999943 0.0106261 -0.000570189 -0.911897 -0.00319239 0.410407 0.106205
0.371375 -0.0227078 0.928205 0.370975 -0.00235842 0.999675 0.0253998 0.00839292 -0.92848 -0.011622 0.371201 0.088082
0.337117 -0.0228212 0.941186 0.384403 -0.0180956 0.999364 0.0307134 0.0039767 -0.941289 -0.0273853 0.336489 0.0905709
0.304819 -0.0206971 0.952185 0.402654 -0.0189838 0.999433 0.0278013 0.00497742 -0.952221 -0.0265505 0.304254 0.100136
0.273379 -0.00903148 0.961864 0.391341 -0.0196755 0.999694 0.0149788 -0.00599824 -0.961705 -0.02302 0.273118 0.116007
0.245156 -0.00663453 0.969461 0.403003 -0.00945065 0.999913 0.0092328 -0.00569264 -0.969437 -0.0114255 0.245072 0.0939489
0.219559 -0.00759336 0.97557 0.396024 -0.005065 0.999947 0.00892302 -0.00396092 -0.975586 -0.00690039 0.219509 0.0691914
0.196275 -0.0142324 0.980446 0.391085 -0.00297971 0.999881 0.015111 -0.000703832 -0.980544 -0.00588735 0.196209 0.0495016
0.176528 -0.0191641 0.984109 0.395971 -0.00378443 0.99979 0.0201483 0.0101168 -0.984288 -0.00728103 0.176418 0.0391995
0.157155 -0.01908 0.98739 0.407354 -0.00951273 0.999738 0.0208327 0.0182104 -0.987528 -0.0126667 0.156933 0.0525541
0.139976 -0.0155091 0.990033 0.395849 -0.0177306 0.999678 0.018167 0.00937468 -0.989996 -0.0200968 0.139656 0.0455167
0.124533 -0.0137523 0.99212 0.388559 -0.0207048 0.99965 0.0164556 -0.000292683 -0.991999 -0.0225909 0.124204 0.0457806
0.110013 -0.0153083 0.993812 0.409452 -0.0175349 0.999696 0.01734 0.00171712 -0.993775 -0.0193341 0.109712 0.0383391
0.097083 -0.0181282 0.995111 0.430426 -0.0175027 0.999648 0.0199184 0.00264368 -0.995122 -0.0193509 0.0967316 0.0264735
0.0858429 -0.0224598 0.996055 0.450467 -0.0183178 0.999541 0.0241171 0.00594356 -0.99614 -0.0203158 0.0853921 0.0258449
0.0757126 -0.0253867 0.996806 0.470203 -0.0209435 0.999415 0.0270439 0.00987414 -0.99691 -0.0229242 0.0751366 0.0297618
0.0676209 -0.0273747 0.997335 0.490244 -0.0243605 0.99928 0.0290797 0.00930876 -0.997414 -0.026262 0.0669054 0.0299631
0.0616096 -0.0295257 0.997664 0.510169 -0.0264902 0.999162 0.031206 0.0133984 -0.997749 -0.0283509 0.0607758 0.0303526
0.0559613 -0.0305503 0.997965 0.530331 -0.028141 0.999086 0.0321626 0.012843 -0.998036 -0.0298836 0.0550505 0.028408
0.0489215 -0.0299275 0.998354 0.5498 -0.029984 0.999056 0.0314178 0.015943 -0.998352 -0.0314716 0.047978 0.0365878
0.0442339 -0.0318918 0.998512 0.570551 -0.0302365 0.99899 0.0332465 0.0114996 -0.998564 -0.0316621 0.0432249 0.0257348
0.040157 -0.0336322 0.998627 0.590249 -0.0317823 0.998885 0.0349189 0.0183527 -0.998688 -0.0331409 0.0390433 0.0290291
0.0371507 -0.03501 0.998696 0.61069 -0.0340716 0.998761 0.0362797 0.0173109 -0.998729 -0.035375 0.0359118 0.0195285
0.0354999 -0.0375603 0.998664 0.630721 -0.0351117 0.99863 0.0388071 0.0217324 -0.998753 -0.0364424 0.0341324 0.0138586
0.0346164 -0.0411395 0.998554 0.644335 -0.037668 0.998389 0.0424386 0.0197463 -0.998691 -0.0390826 0.033011 0.0229065
0.035708 -0.0420782 0.998476 0.664303 -0.0416577 0.998182 0.0435556 0.0204014 -0.998494 -0.0431495 0.0338902 0.0238675
0.0384214 -0.0431732 0.998329 0.684 -0.041889 0.998118 0.0447762 0.0277763 -0.998383 -0.0435394 0.0365407 0.0256638
0.0426742 -0.0467886 0.997993 0.704056 -0.0427435 0.997903 0.0486121 0.0298437 -0.998174 -0.0447322 0.0405848 0.0224263
0.0480791 -0.0408191 0.998009 0.688291 -0.0480054 0.997916 0.0431279 0.024415 -0.997689 -0.0499834 0.0460194 0.0447224
0.052776 -0.0454979 0.997569 0.709407 -0.0427289 0.997944 0.0477755 0.0235412 -0.997692 -0.0451465 0.0507234 0.0231522
0.0573954 -0.0457344 0.997303 0.728545 -0.0472925 0.997704 0.0484744 0.027463 -0.997231 -0.0499472 0.0551008 0.0402879
0.0612612 -0.04279 0.997204 0.747753 -0.0482524 0.997786 0.0457793 0.0319536 -0.996955 -0.050922 0.0590608 0.0510532
0.0656668 -0.0411092 0.996994 0.767602 -0.0442273 0.998049 0.0440657 0.0323054 -0.996861 -0.0469881 0.0637205 0.0539666
0.0704311 -0.0395226 0.996733 0.787862 -0.0408123 0.998264 0.0424672 0.0257573 -0.996681 -0.04367 0.0686958 0.0546474
0.0766834 -0.0416205 0.996186 0.809272 -0.035702 0.998373 0.0444601 0.0179366 -0.996416 -0.0389752 0.0750727 0.0337787
0.0782178 -0.0346294 0.996335 0.826137 -0.0364413 0.998629 0.03757 0.0353336 -0.99627 -0.0392464 0.0768487 0.073749
0.0803763 -0.0336702 0.996196 0.808633 -0.0311424 0.998857 0.0362728 0.0385901 -0.996278 -0.0339394 0.0792359 0.0317212
0.0783412 -0.0307618 0.996452 0.807118 -0.0345352 0.99884 0.0335507 0.0221049 -0.996328 -0.0370411 0.077188 0.10773
0.0769354 -0.0274379 0.996658 0.789809 -0.0332349 0.998995 0.0300678 0.0148246 -0.996482 -0.0354371 0.0759462 0.0856348
0.0825538 -0.0328048 0.996047 0.772623 -0.0278203 0.998993 0.0352076 0.0192378 -0.996198 -0.0306168 0.081558 -0.0515032
0.0828901 -0.0301642 0.996102 0.791007 -0.0344923 0.998856 0.0331179 0.00389621 -0.995962 -0.037103 0.0817548 0.0751226
0.083499 -0.0296257 0.996067 0.772431 -0.0305755 0.999011 0.0322764 0.0110284 -0.996039 -0.0331503 0.0825106 0.0565354
0.0844735 -0.0287379 0.996011 0.791769 -0.0295566 0.999072 0.031333 0.0142674 -0.995987 -0.0320856 0.0835457 0.0651935
0.083508 -0.0258511 0.996172 0.790211 -0.0279604 0.999209 0.0282738 0.0120294 -0.996115 -0.0302144 0.0827191 0.0682026
0.0793464 -0.0197985 0.99665 0.807725 -0.0264343 0.999409 0.0219578 0.01985 -0.996497 -0.0280881 0.0787762 0.0924399
0.0751002 -0.0162745 0.997043 0.828073 -0.0218138 0.999601 0.0179593 0.00878644 -0.996937 -0.0230981 0.0747152 0.0779002
0.0688366 -0.0157604 0.997503 0.814182 -0.0188318 0.999677 0.0170943 0.00896145 -0.99745 -0.0199615 0.0685175 0.0776814
0.0606243 -0.0103349 0.998107 0.810641 -0.0180234 0.999772 0.0114469 0.00568477 -0.997998 -0.0186833 0.0604242 0.0805038
0.0523767 -0.00827367 0.998593 0.801473 -0.0104897 0.999906 0.00883474 -0.00314868 -0.998572 -0.0109377 0.052285 0.0747122
0.0430453 -0.00793667 0.999042 0.813268 -0.00689876 0.999942 0.00824107 -0.000415922 -0.999049 -0.00724689 0.0429881 0.0430751
0.0339888 -0.00858002 0.999385 0.806529 -0.00724763 0.999935 0.00883123 -0.00335479 -0.999396 -0.00754334 0.0339244 0.015724
0.023469 -0.00814141 0.999691 0.826365 -0.00929446 0.999922 0.00836148 -0.00192181 -0.999681 -0.00948782 0.0233915 0.023061
0.0125461 -0.00626479 0.999902 0.806543 -0.00872737 0.999942 0.00637455 -0.00118651 -0.999883 -0.00880649 0.0124907 0.0153331
0.000624807 -0.00235645 0.999997 0.825908 -0.00668395 0.999975 0.00236057 0.00413144 -0.999977 -0.00668541 0.000609041 0.0356937
-0.01034 -0.00243815 0.999944 0.829271 -0.00204525 0.999995 0.00241713 -0.00907438 -0.999944 -0.00202015 -0.0103449 -0.0122221
-0.0215222 -0.00188377 0.999767 0.8351 -0.00179247 0.999997 0.00184562 -0.00946081 -0.999767 -0.00175233 -0.0215255 -0.018876
-0.0324939 -0.00106925 0.999471 0.843601 -0.000606701 0.999999 0.00105009 -0.00736005 -0.999472 -0.000572258 -0.0324945 -0.0152621
-0.0430385 -0.00105139 0.999073 0.830693 -9.17719e-005 0.999999 0.00104842 -0.0112895 -0.999073 -4.65647e-005 -0.0430385 -0.0328242
-0.0523886 -0.00135692 0.998626 0.809795 -0.000450284 0.999999 0.00133516 -0.0125947 -0.998627 -0.000379718 -0.0523891 -0.0497196
-0.0626002 -0.00176491 0.998037 0.819359 -0.000636131 0.999998 0.00172847 -0.0021294 -0.998038 -0.000526679 -0.0626012 -0.0386348
-0.0718376 -0.00277242 0.997412 0.798113 -0.00153458 0.999995 0.00266907 -0.00939262 -0.997415 -0.00133887 -0.0718415 -0.057982
-0.0795019 -0.00723827 0.996808 0.772877 -0.00420478 0.999967 0.00692585 -0.0201211 -0.996826 -0.00364074 -0.0795297 -0.105262
-0.0852961 -0.010616 0.996299 0.753898 -0.00878818 0.999912 0.00990212 -0.00618683 -0.996317 -0.00791105 -0.0853819 -0.0980418
-0.0920272 -0.0121615 0.995682 0.772118 -0.0123527 0.999862 0.0110709 0.00788395 -0.99568 -0.0112805 -0.0921647 -0.0464314
-0.0958274 -0.0148793 0.995287 0.750255 -0.0137867 0.999812 0.0136195 0.000996714 -0.995302 -0.0124166 -0.0960146 -0.0704168
-0.0962698 -0.0192466 0.995169 0.725583 -0.0172602 0.999695 0.0176644 -0.0155357 -0.995206 -0.0154763 -0.0965726 -0.106714
-0.0967277 -0.021061 0.995088 0.709112 -0.0208566 0.999599 0.0191291 -0.00267129 -0.995092 -0.0189038 -0.0971283 -0.0794424
-0.098718 -0.0200464 0.994914 0.691034 -0.020282 0.99963 0.018129 0.00406085 -0.994909 -0.0183892 -0.0990881 -0.0589215
-0.0966411 -0.0216093 0.995085 0.669236 -0.0198502 0.999607 0.0197797 -0.00670937 -0.995121 -0.0178411 -0.0970321 -0.0758358
-0.107571 -0.0178171 0.994038 0.667336 -0.0184233 0.999703 0.0159249 0.0153859 -0.994027 -0.0166004 -0.107867 0.0993464
-0.103067 -0.0160939 0.994544 0.6528 -0.0173492 0.999746 0.0143802 -0.00525445 -0.994523 -0.0157725 -0.10332 -0.0516971
-0.0960472 -0.0156257 0.995254 0.633212 -0.0153672 0.999781 0.0142137 -0.0125388 -0.995258 -0.0139291 -0.0962663 -0.0440371
-0.084989 -0.0142021 0.996281 0.613232 -0.0153701 0.999798 0.0129411 -0.00252187 -0.996263 -0.014213 -0.0851902 -0.0447184
-0.0714576 -0.013919 0.997347 0.59432 -0.0138499 0.99982 0.0129612 -0.00760238 -0.997347 -0.012887 -0.0716375 -0.0243018
-0.0542086 -0.0137193 0.998435 0.574595 -0.0122317 0.99984 0.0130745 0.000797925 -0.998455 -0.0115038 -0.0543677 -0.0176166
-0.0326997 -0.0125212 0.999387 0.554833 -0.0109406 0.999866 0.0121692 0.000266193 -0.999405 -0.010536 -0.0328323 -0.00598216
-0.00826893 -0.0116535 0.999898 0.534526 -0.00946455 0.999888 0.0115752 -0.00377197 -0.999921 -0.00936787 -0.0083783 0.0186772
0.0202524 -0.010558 0.999739 0.514095 -0.00970943 0.999895 0.0107564 0.00368727 -0.999748 -0.00992474 0.0201477 0.0279139
0.0532841 -0.0087607 0.998541 0.495623 -0.0109244 0.999897 0.00935554 0.00363009 -0.99852 -0.011407 0.0531828 0.0477407
0.0911337 -0.00867675 0.995801 0.473404 -0.0114328 0.999887 0.00975866 -0.00186001 -0.995773 -0.0122741 0.0910242 0.0658704
0.132775 -0.00720275 0.99112 0.48876 -0.0128615 0.999877 0.00898937 -0.0017694 -0.991063 -0.0139409 0.132666 0.0953017
0.177083 -0.00459595 0.984185 0.501193 -0.0122778 0.999901 0.00687845 0.00356305 -0.984119 -0.0133016 0.177009 0.130704
0.223506 -0.00141372 0.974702 0.492411 -0.0108333 0.999934 0.00393448 -0.00694336 -0.974642 -0.0114386 0.223475 0.165636
0.273631 0.00185968 0.961833 0.472289 -0.00552679 0.999985 -0.000361133 0.00183382 -0.961819 -0.00521703 0.273637 0.18728
0.326732 0.00109909 0.945116 0.466414 -6.31579e-006 0.999999 -0.00116073 -0.00693341 -0.945117 0.000373277 0.326732 0.216284
0.383389 -0.00133973 0.923586 0.439919 0.00359024 0.999994 -3.97718e-005 -0.00771579 -0.92358 0.00333115 0.383391 0.231857
0.441808 -0.00216194 0.897107 0.43865 0.00450879 0.99999 0.000189384 -0.0160532 -0.897098 0.00396119 0.441813 0.273803
0.500621 -0.00297904 0.865662 0.40513 0.00545065 0.999985 0.000289126 -0.0122693 -0.86565 0.00457368 0.50063 0.288211
0.558793 0.00204978 0.829304 0.369918 0.00172299 0.999992 -0.00363264 -0.00141127 -0.829305 0.00345878 0.558785 0.301681
0.613914 0.00355727 0.789365 0.324006 0.00301087 0.999972 -0.00684802 0.00129525 -0.789367 0.00658076 0.613886 0.322765
0.66768 0.00204593 0.744446 0.305196 0.00521835 0.999959 -0.00742839 -0.00545059 -0.74443 0.00884457 0.667642 0.313195
0.717353 0.000337179 0.69671 0.269695 0.00419042 0.99998 -0.00479852 -0.0164089 -0.696698 0.00636174 0.717337 0.318068
0.762778 -0.000572031 0.64666 0.230137 -9.44028e-005 0.999999 0.000995947 -0.00708006 -0.64666 -0.000820733 0.762778 0.323829
0.804156 -0.00030115 0.594418 0.207545 -0.0042305 0.999972 0.00622983 -0.000908856 -0.594403 -0.00752444 0.804132 0.362072
0.841109 -0.000940105 0.540864 0.20128 -0.00578603 0.999926 0.010736 0.0018934 -0.540834 -0.0121596 0.841041 0.388263
0.872709 -0.00200172 0.488236 0.188071 -0.00670142 0.999848 0.0160779 0.00802143 -0.488195 -0.0173032 0.872563 0.416802
0.898805 0.000654822 0.438347 0.154005 -0.00980114 0.999779 0.0186032 -0.00385278 -0.438238 -0.0210169 0.898613 0.417025
0.919504 0.000506543 0.393081 0.143555 -0.00891082 0.999769 0.019556 -0.000896537 -0.392981 -0.0214845 0.919296 0.441833
0.935303 0.00428647 0.353822 0.12496 -0.0115928 0.999761 0.0185329 0.00318587 -0.353658 -0.0214357 0.935129 0.463188
0.947714 0.00148079 0.319118 0.122971 -0.00666645 0.999863 0.0151584 0.00854578 -0.319051 -0.0164932 0.947594 0.483159
0.957562 -0.00169195 0.288221 0.124623 -0.00259062 0.999892 0.0144765 0.00556091 -0.288214 -0.0146089 0.957454 0.483935
0.963878 -0.00722388 0.266247 0.125865 0.00320344 0.999874 0.0155316 0.00150781 -0.266326 -0.0141176 0.96378 0.474946
0.968008 -0.00425155 0.250884 0.117864 0.00012387 0.999864 0.016466 -0.00190604 -0.25092 -0.0159081 0.967877 0.49757
0.971121 0.00336813 0.238566 0.115798 -0.00703849 0.99987 0.0145349 0.00686324 -0.238486 -0.0157943 0.971018 0.513894
0.973443 0.00350275 0.228901 0.0988913 -0.00675639 0.999887 0.013432 0.0085838 -0.228828 -0.0146219 0.973357 0.497008
0.974691 0.00739156 0.223434 0.0939026 -0.00989919 0.9999 0.0101051 0.00342633 -0.223337 -0.0120612 0.974667 0.518376
0.975198 0.00533338 0.221269 0.094097 -0.00660531 0.999966 0.00500877 -0.00187436 -0.221235 -0.00634609 0.9752 0.538663
0.975489 0.00240435 0.220037 0.113318 -0.00288237 0.999994 0.00185146 -0.00675827 -0.220031 -0.0024403 0.97549 0.521557
0.975023 -0.003262 0.22208 0.132557 0.00372118 0.999992 -0.00164923 0.00334229 -0.222072 0.00243444 0.975027 0.530566
0.973759 -0.000739716 0.227581 0.115599 0.00269033 0.999962 -0.00826096 0.00729334 -0.227567 0.00865645 0.973724 0.554925
0.973942 0.00371699 0.226765 0.185257 -0.000841772 0.999918 -0.0127746 -0.00496614 -0.226794 0.0122509 0.973866 0.514526
0.971734 0.0128494 0.235729 0.0641679 -0.00933599 0.999828 -0.0160144 -0.00411857 -0.235895 0.0133609 0.971687 0.563226
0.970369 0.00691046 0.241529 0.130091 -0.00391652 0.999909 -0.0128737 -0.0122877 -0.241596 0.0115463 0.970308 0.572152
0.968854 0.00305738 0.247614 0.127671 -0.000976666 0.999963 -0.00852546 -0.0151584 -0.247631 0.00801809 0.968821 0.593109
0.968031 -0.00311698 0.25081 0.169465 0.00363307 0.999992 -0.00159468 -0.0140751 -0.250804 0.00245491 0.968035 0.60338
0.966706 -0.00160134 0.255886 0.126954 0.000969915 0.999996 0.00259379 0.00776692 -0.255889 -0.00225924 0.966703 0.634257
0.965253 -0.00498854 0.261269 0.153836 0.00399703 0.999983 0.00432619 -0.00388777 -0.261287 -0.00313156 0.965256 0.648887
0.964532 -0.00395861 0.263936 0.153318 0.00350133 0.999991 0.00220295 -0.00421798 -0.263942 -0.00120069 0.964538 0.669541
0.964511 -0.00284837 0.264028 0.187937 0.00391808 0.999986 -0.00352499 -0.0113244 -0.264014 0.00443438 0.964509 0.679897
0.964937 -0.000695267 0.26248 0.193252 0.0033145 0.999949 -0.00953619 -0.010972 -0.26246 0.0100718 0.96489 0.657588
0.965696 0.00106803 0.259671 0.178386 0.00255464 0.999904 -0.0136131 -0.000148983 -0.259661 0.0138095 0.965601 0.658638
0.967321 -0.00485577 0.25351 0.216587 0.00728419 0.999936 -0.00864142 -0.00226893 -0.253452 0.0102056 0.967294 0.636197
0.967743 -0.00123274 0.251938 0.171179 0.00145377 0.999999 -0.000691185 -0.00799801 -0.251936 0.00103515 0.967743 0.654533
0.968672 0.000384465 0.248343 0.182873 -0.00169113 0.999986 0.00504822 -0.0128018 -0.248337 -0.00531005 0.968659 0.672039
0.969215 -0.000477521 0.246216 0.179595 -0.000567511 0.999991 0.0041734 -0.00855085 -0.246216 -0.00418465 0.969206 0.693671
0.969514 0.00399629 0.245003 0.165006 -0.00372004 0.999992 -0.00159031 -0.00489965 -0.245007 0.000630414 0.969521 0.717858
0.970382 -3.36118e-005 0.241575 0.176409 0.00175007 0.999975 -0.00689071 -0.00435342 -0.241569 0.0071094 0.970358 0.735728
0.971226 4.36553e-005 0.238158 0.166729 0.00237189 0.999949 -0.00985605 -0.00500407 -0.238146 0.0101373 0.971176 0.724194
0.971435 0.00508403 0.237253 0.126986 -0.00288557 0.99995 -0.00961267 -0.0201158 -0.23729 0.00865347 0.9714 0.730887
0.972401 -0.00167075 0.233311 0.182765 0.00347909 0.999967 -0.00733945 -0.00879791 -0.233291 0.00794859 0.972374 0.721805
0.972695 0.00127095 0.232084 0.171427 -8.92435e-005 0.999987 -0.00510214 -0.00976244 -0.232088 0.00494211 0.972682 0.745108
0.973091 -0.00270067 0.230407 0.186255 0.00326875 0.999992 -0.00208389 -0.00986834 -0.230399 0.00278095 0.973092 0.760859
0.972734 -0.00267704 0.231908 0.158887 0.00307165 0.999994 -0.00134051 0.00557397 -0.231903 0.00201631 0.972737 0.785773
0.973224 0.000790698 0.229856 0.201872 -0.00102563 0.999999 0.000902614 -0.0223284 -0.229855 -0.00111419 0.973224 0.754849
0.973316 0.00459009 0.229421 0.182452 -0.00435878 0.999989 -0.00151497 -0.0154638 -0.229426 0.000474551 0.973326 0.773541
0.973347 0.00509977 0.22928 0.181752 -0.00394139 0.999977 -0.0055099 -0.0136957 -0.229303 0.00445936 0.973345 0.775355
0.973265 0.008242 0.229535 0.177283 -0.00656127 0.999946 -0.00808462 -0.0175401 -0.229589 0.00636244 0.973267 0.781168
0.9725 0.00707608 0.232794 0.165591 -0.00513247 0.999947 -0.00895374 -0.0104173 -0.232845 0.00751271 0.972485 0.804289
0.971633 0.0045204 0.236451 0.176804 -0.00281954 0.999968 -0.00753092 -0.0198134 -0.236478 0.00665061 0.971614 0.822196
0.970901 0.00174436 0.239474 0.187712 0.000321641 0.999963 -0.00858786 -0.0127603 -0.239481 0.00841499 0.970865 0.825565
0.970406 -0.000835354 0.241477 0.202172 0.00348283 0.999938 -0.0105371 -0.0183945 -0.241453 0.0110663 0.970349 0.820733
0.970114 -0.00486821 0.242602 0.21303 0.00695014 0.999946 -0.00772654 -0.0151365 -0.242552 0.00918175 0.970095 0.819845
0.970056 -0.00694973 0.242781 0.21751 0.00898984 0.999933 -0.00729622 -0.0173182 -0.242714 0.00926031 0.970054 0.797908
0.969466 -0.00105534 0.245223 0.189474 0.00278386 0.999974 -0.00670225 -0.016148 -0.24521 0.00718027 0.969443 0.825588
0.968537 0.00540087 0.248811 0.175594 -0.00411772 0.999975 -0.00567728 -0.00540749 -0.248836 0.00447412 0.968535 0.808335
0.967997 0.00482971 0.250917 0.187553 -0.00466545 0.999988 -0.00124949 -0.0104279 -0.25092 3.88592e-005 0.968008 0.826118
0.968031 0.003385 0.250808 0.222477 -0.00406572 0.999989 0.00219601 -0.0191858 -0.250798 -0.00314552 0.968034 0.837962
0.967569 -0.00245389 0.252597 0.215772 0.0034967 0.999987 -0.00367956 -0.0153982 -0.252584 0.00444348 0.967565 0.860429
0.967392 -0.00660546 0.253197 0.218712 0.0109132 0.999819 -0.0156127 -0.0219907 -0.253048 0.0178668 0.967289 0.838884
0.967422 -0.00398942 0.253137 0.222311 0.0100674 0.999691 -0.0227198 -0.0183776 -0.252968 0.024528 0.967164 0.817311
0.967674 0.00194837 0.252198 0.209231 0.00150724 0.999908 -0.0135081 -0.0148485 -0.252201 0.0134515 0.967581 0.800169
0.96806 -7.90379e-005 0.250719 0.200078 -0.00177074 0.999973 0.00715231 -0.0167805 -0.250713 -0.00736783 0.968034 0.785133
0.968254 -0.000303086 0.249967 0.196328 -0.00527184 0.999752 0.0216328 -0.0124806 -0.249911 -0.0222639 0.968013 0.806761
0.968147 0.00135827 0.250379 0.184198 -0.00503934 0.999888 0.0140615 0.00968923 -0.250332 -0.0148753 0.968046 0.830155
0.968504 0.00266287 0.248985 0.202418 -0.00215846 0.999995 -0.00229884 -0.00799581 -0.24899 0.00168901 0.968505 0.846498
0.967919 0.00161349 0.251259 0.166615 0.00127057 0.999935 -0.0113158 0.00649977 -0.251261 0.011272 0.967854 0.857799
0.967086 -0.00177187 0.254443 0.162424 0.00529317 0.999899 -0.0131552 -0.00334267 -0.254394 0.0140691 0.966998 0.839666
0.966292 0.00151851 0.257442 0.167831 0.00177135 0.99992 -0.0125466 -0.0213116 -0.257441 0.0125797 0.966212 0.858732
0.966686 0.00130045 0.255962 0.192975 0.0026901 0.99988 -0.0152397 -0.00281386 -0.255951 0.0154205 0.966567 0.845958
0.968383 0.00230912 0.249458 0.222085 0.00177004 0.999868 -0.0161265 -0.0290969 -0.249463 0.0160582 0.968251 0.817567
0.967644 0.0122198 0.252024 0.111029 -0.00728284 0.999763 -0.0205127 -0.00111013 -0.252215 0.0180135 0.967504 0.820212
0.968197 0.00767225 0.250071 0.182231 -0.0020983 0.999744 -0.0225485 -0.0170803 -0.25018 0.0213066 0.967965 0.818021
0.969072 0.00182375 0.246772 0.209913 0.00340259 0.999779 -0.0207507 -0.0248112 -0.246755 0.0209486 0.968851 0.790474
0.969825 -0.00264247 0.243787 0.22328 0.00654216 0.999863 -0.015188 -0.0236961 -0.243714 0.0163246 0.96971 0.807616
0.971186 -0.00555876 0.238256 0.242996 0.00898472 0.999871 -0.0132957 -0.0309057 -0.238151 0.0150533 0.971111 0.817295
0.97167 -0.000828431 0.236341 0.190933 0.00469541 0.999864 -0.0157995 -0.0237322 -0.236296 0.0164616 0.971542 0.810695
0.9727 -0.00426049 0.232027 0.189832 0.0086949 0.999799 -0.0180923 -0.0241213 -0.231903 0.0196158 0.972541 0.790378
0.974565 -0.00478834 0.224054 0.186953 0.00895477 0.999805 -0.0175833 -0.0214132 -0.223926 0.0191424 0.974418 0.77057
0.976112 -5.58225e-005 0.217266 0.165801 0.00264044 0.999929 -0.0116058 -0.0278256 -0.21725 0.0119022 0.976043 0.754715
0.977521 -0.000664527 0.210839 0.167752 0.00141883 0.999993 -0.00342636 -0.0140625 -0.210835 0.00364848 0.977515 0.775145
0.978384 -0.00154129 0.206789 0.158098 0.000331561 0.999983 0.0058846 -0.0118856 -0.206794 -0.00568884 0.978368 0.778697
0.979398 0.00630904 0.201839 0.162596 -0.00787691 0.999945 0.00696566 -0.011821 -0.201784 -0.00841202 0.979394 0.796885
0.97962 0.00316422 0.200837 0.101846 -0.00335533 0.999994 0.000611175 0.000773006 -0.200834 -0.00127259 0.979624 0.818133
0.981118 -0.00241232 0.193394 0.164657 0.00422206 0.999951 -0.00894614 -0.0186772 -0.193363 0.00959374 0.98108 0.787195
0.98239 -0.00348735 0.186808 0.146485 0.00623962 0.99988 -0.0141472 -0.00365875 -0.186736 0.0150637 0.982295 0.770641
0.98368 -0.000675679 0.179927 0.131866 0.00321105 0.9999 -0.0138002 -0.00366176 -0.1799 0.0141527 0.983583 0.75298
0.98513 0.00678132 0.171675 0.121705 -0.00493646 0.999925 -0.0111709 -0.0241985 -0.171738 0.0101573 0.98509 0.738595
0.986261 0.00839774 0.164983 0.0890519 -0.00608862 0.999876 -0.0144969 -0.0172568 -0.165084 0.0132932 0.98619 0.763204
0.987879 0.00358047 0.155187 0.113645 -0.000312668 0.999778 -0.0210765 -0.0210906 -0.155228 0.0207725 0.98766 0.756878
0.989068 0.00136273 0.147455 0.0955446 0.00216748 0.999715 -0.0237775 -0.0201556 -0.147446 0.0238372 0.988783 0.739232
0.990366 0.000410748 0.138477 0.10781 0.00252463 0.999776 -0.0210213 -0.0215794 -0.138455 0.0211683 0.990142 0.728713
0.991487 0.0037283 0.130155 0.0975456 -0.00185804 0.999893 -0.0144879 -0.0237971 -0.130196 0.0141227 0.991388 0.750272
0.99254 0.00457041 0.121835 0.0803448 -0.00342538 0.999948 -0.00960594 -0.019358 -0.121873 0.00911695 0.992504 0.772553
0.993383 0.00271508 0.114816 0.0688578 -0.00196445 0.999976 -0.00665025 -0.0210844 -0.114832 0.0063807 0.993364 0.771443
0.994113 0.000293875 0.108351 0.0809508 0.000216783 0.999989 -0.00470117 -0.0181059 -0.108351 0.00469699 0.994102 0.790456
0.994583 0.00152251 0.103934 0.0801157 -0.000831478 0.999977 -0.00669179 -0.0150303 -0.103941 0.00656912 0.994562 0.801276
0.995075 0.00464117 0.0990141 0.0749089 -0.00337613 0.999911 -0.0129401 -0.0153512 -0.0990653 0.0125421 0.995002 0.797781
0.995487 0.00457443 0.0947879 0.0689076 -0.00270945 0.9998 -0.0197947 -0.0248657 -0.0948596 0.0194485 0.995301 0.791681
0.995707 0.00410804 0.0924696 0.0521383 -0.00207585 0.999754 -0.0220623 -0.026271 -0.0925375 0.0217756 0.995471 0.782955
0.996072 0.00178365 0.0885334 0.0690546 -0.000306538 0.999861 -0.0166951 -0.0155112 -0.0885508 0.0166023 0.995933 0.782244
0.996263 0.00398514 0.0862739 0.0589624 -0.00343503 0.999973 -0.00652393 -0.0219314 -0.0862976 0.0062032 0.99625 0.802979
0.996541 0.00217869 0.0830797 0.0439883 -0.00222462 0.999997 0.000460248 -0.0190863 -0.0830785 -0.000643476 0.996543 0.824046
0.996906 -0.0033074 0.0785312 0.0661447 0.00353696 0.99999 -0.0027842 -0.0182994 -0.0785212 0.00305335 0.996908 0.842649
0.997248 -0.0121479 0.0731381 0.0789001 0.013063 0.999842 -0.0120463 -0.0200499 -0.0729802 0.0129685 0.997249 0.821415
0.997782 -0.000814635 0.0665644 0.0577801 0.00195283 0.999853 -0.0170359 -0.0109033 -0.0665407 0.0171281 0.997637 0.826427
0.998216 0.00452383 0.0595345 0.0427015 -0.00356634 0.999863 -0.0161794 -0.0206182 -0.0595995 0.0159382 0.998095 0.807124
0.998661 -0.00194535 0.0516886 0.0313264 0.00245456 0.999949 -0.00978979 -0.0223453 -0.0516669 0.00990355 0.998615 0.807933
0.998993 -0.00499133 0.0445961 0.0290431 0.00528253 0.999965 -0.00641416 -0.0167909 -0.0445625 0.00664328 0.998985 0.82817
0.999212 -0.00847312 0.0387806 0.037296 0.00855312 0.999962 -0.00189749 -0.0157246 -0.038763 0.00222769 0.999246 0.820197
0.999428 -0.00465578 0.0334948 0.0140697 0.00473018 0.999987 -0.0021421 -0.0107374 -0.0334844 0.00229931 0.999437 0.841009
0.999645 -0.00528707 0.0261299 0.0383721 0.00553224 0.999941 -0.00931947 -0.0178093 -0.0260791 0.00946071 0.999615 0.820105
0.999782 -0.00928014 0.0186808 0.0268364 0.00964619 0.999761 -0.0196013 -0.011129 -0.0184945 0.0197773 0.999633 0.800668
0.999868 -0.0105508 0.0123948 0.0184883 0.0108412 0.999663 -0.0236026 -0.0162932 -0.0121416 0.0237338 0.999645 0.780806
0.999975 0.00368971 0.0060008 -0.00754614 -0.0035926 0.999864 -0.016113 -0.0223392 -0.00605943 0.016091 0.999852 0.787837
0.999951 0.00987601 0.00077315 -0.0173671 -0.00987348 0.999946 -0.00321071 -0.0136757 -0.000804817 0.00320292 0.999995 0.779758
0.999981 0.00444001 -0.00417067 -0.0139169 -0.00442066 0.999979 0.00463505 -0.0219318 0.00419116 -0.00461652 0.999981 0.79965
0.999967 -0.000441667 -0.00811272 -0.0102847 0.000454951 0.999999 0.00163574 -0.0149401 0.00811199 -0.00163938 0.999966 0.819871
0.999948 0.00132331 -0.0101021 -0.0166375 -0.001417 0.999956 -0.0092726 -0.0113127 0.0100894 0.00928643 0.999906 0.839831
0.999856 0.0107375 -0.0131149 -0.027713 -0.0109792 0.999769 -0.0185006 -0.0144594 0.0129132 0.018642 0.999743 0.837386
0.999871 -0.000274525 -0.0160832 -0.0165382 -8.99161e-005 0.999743 -0.0226546 -0.021166 0.0160853 0.0226531 0.999614 0.817528
0.999816 -0.00554531 -0.01834 -0.00840082 0.00521073 0.99982 -0.018241 -0.0180331 0.0184378 0.0181421 0.999665 0.797721
0.999822 -0.00151001 -0.0188281 -0.0157519 0.001337 0.999957 -0.00919806 -0.0270827 0.0188412 0.00917125 0.99978 0.817369
0.999857 0.00495706 -0.0161465 -0.0554537 -0.00501673 0.999981 -0.00365699 -0.0221437 0.0161281 0.00373747 0.999863 0.835839
0.999798 -0.000698106 -0.0200666 0.0194659 0.000613175 0.999991 -0.0042383 -0.0236074 0.0200694 0.00422514 0.99979 0.840082
0.999754 -0.00348786 -0.021925 -0.0241475 0.00318388 0.999899 -0.0138842 -0.0141406 0.0219712 0.013811 0.999663 0.860184
0.999658 -0.0106661 -0.0238778 -0.00557032 0.0100489 0.999616 -0.0258195 -0.0245773 0.024144 0.0255707 0.999381 0.840261
0.999611 -0.00952164 -0.0262217 0.00210078 0.00874391 0.999523 -0.0296163 -0.0332334 0.0264912 0.0293755 0.999217 0.819963
0.999657 0.00392349 -0.0259109 -0.0422328 -0.00457017 0.999678 -0.0249459 -0.0259862 0.0258047 0.0250558 0.999353 0.799102
0.999618 0.00484861 -0.027191 -0.0297927 -0.00523135 0.999888 -0.0140225 -0.0264677 0.0271199 0.0141594 0.999532 0.787722
0.999602 0.00147469 -0.0281622 -0.0298283 -0.00176416 0.999946 -0.0102567 -0.0294575 0.0281456 0.0103024 0.999551 0.807642
0.999521 -0.00306445 -0.03081 -0.00608977 0.00261796 0.999891 -0.0145214 -0.0199141 0.0308512 0.0144338 0.99942 0.822865
0.99968 0.00471829 -0.0248392 -0.0833148 -0.0052487 0.999759 -0.0213319 -0.0184849 0.0247325 0.0214555 0.999464 0.838799
0.999665 0.00661751 -0.0250022 -0.0363024 -0.00716641 0.999734 -0.0219284 -0.0210071 0.0248505 0.0221002 0.999447 0.853694
0.999679 0.00336687 -0.0251159 -0.0327988 -0.00386575 0.999796 -0.0198408 -0.0189522 0.0250439 0.0199315 0.999488 0.833864
0.999649 0.00287701 -0.0263515 -0.0226357 -0.00331939 0.999854 -0.0167595 -0.0258741 0.0262994 0.016841 0.999512 0.82098
0.999552 0.000738854 -0.0299171 0.00429841 -0.00119317 0.999884 -0.0151709 -0.0141302 0.0299024 0.0151998 0.999437 0.829524
0.999467 0.00192134 -0.0325771 -0.00609285 -0.00244961 0.999866 -0.0161838 -0.0217186 0.0325416 0.0162549 0.999338 0.843939
0.999367 -0.00463788 -0.035285 0.00305232 0.00392115 0.999785 -0.0203547 -0.0306342 0.0353718 0.0202035 0.99917 0.823665
0.999297 0.00213768 -0.0374249 -0.0235936 -0.00306732 0.999688 -0.0248004 -0.0384112 0.0373602 0.0248977 0.998992 0.802976
0.999238 0.00115703 -0.0390082 -0.0354288 -0.00210287 0.999705 -0.0242148 -0.0272041 0.0389687 0.0242784 0.998945 0.782967
0.999142 -0.0014905 -0.0413951 -0.0304593 0.000889096 0.999894 -0.0145429 -0.0231346 0.0414123 0.0144936 0.999037 0.770074
0.999069 -0.0026999 -0.0430474 -0.0359275 0.0024595 0.999981 -0.00563643 -0.025378 0.0430618 0.00552531 0.999057 0.789799
0.999034 -0.00879543 -0.043046 -0.0214781 0.00862828 0.999955 -0.00406732 -0.0215685 0.0430799 0.00369198 0.999065 0.773262
0.999054 0.000214076 -0.0434967 -0.0391308 -0.000689414 0.99994 -0.0109134 -0.0182193 0.0434918 0.0109331 0.998994 0.782714
0.999105 0.00184415 -0.0422675 -0.0553256 -0.00253149 0.999865 -0.0162139 -0.0108075 0.0422319 0.0163063 0.998975 0.76182
0.999155 -0.000863693 -0.0410826 -0.0376241 -5.43617e-005 0.99975 -0.0223402 -0.0238184 0.0410916 0.0223236 0.998906 0.742569
0.999196 -0.00326427 -0.0399509 -0.0314456 0.0022162 0.999653 -0.02625 -0.0283278 0.0400227 0.0261404 0.998857 0.722665
0.999303 -0.00374929 -0.0371536 -0.0268209 0.00259802 0.999516 -0.0309868 -0.0286511 0.0372518 0.0308686 0.998829 0.702808
0.999475 -0.00182224 -0.0323371 -0.0343024 0.000766027 0.999467 -0.0326449 -0.0196149 0.0323794 0.032603 0.998944 0.682761
0.999631 0.00136498 -0.0271332 -0.0222644 -0.00211595 0.999615 -0.0276679 -0.0274314 0.027085 0.0277151 0.999249 0.662962
0.999767 0.00323171 -0.0213375 -0.0140703 -0.00362415 0.999825 -0.0183791 -0.0252557 0.0212744 0.0184521 0.999603 0.643254
0.999859 0.00694559 -0.0153104 -0.0347537 -0.00715752 0.999879 -0.0138307 -0.0255979 0.0152125 0.0139384 0.999787 0.662499
0.999956 0.00333238 -0.00879147 -0.0259035 -0.00346529 0.999879 -0.015147 -0.0296563 0.00873994 0.0151768 0.999847 0.681397
0.999997 -0.00187214 -0.00152248 0.00687037 0.0018369 0.999738 -0.0228301 -0.0284985 0.00156482 0.0228273 0.999738 0.661885
0.999981 0.00133595 0.0059639 -0.0048673 -0.00114653 0.999498 -0.0316516 -0.0228246 -0.00600319 0.0316442 0.999481 0.64211
0.999903 0.00470133 0.0131059 -0.00417258 -0.00421354 0.999306 -0.0370009 -0.0192557 -0.0132707 0.0369421 0.999229 0.622222
0.999784 0.000308404 0.0207715 0.0144819 0.000427932 0.999372 -0.0354357 -0.0261335 -0.0207693 0.0354369 0.999156 0.601793
0.999628 -0.00321148 0.0270861 0.0109332 0.00402391 0.999542 -0.0299933 -0.0249348 -0.0269774 0.0300911 0.999183 0.621938
0.999417 -0.0057032 0.0336589 0.0318614 0.00651142 0.999692 -0.0239515 -0.0291849 -0.0335119 0.0241567 0.999146 0.600983
0.999167 -0.00429212 0.0405748 0.0155863 0.00518961 0.999744 -0.0220402 -0.0292718 -0.0404698 0.0222324 0.998933 0.610363
0.999023 0.00216012 0.044136 0.0237013 -0.00121773 0.999771 -0.0213677 -0.0188023 -0.044172 0.0212931 0.998797 0.603524
0.998949 0.00388537 0.0456774 0.0124519 -0.00298172 0.999799 -0.0198349 -0.0182881 -0.0457452 0.0196778 0.998759 0.607647
0.998981 0.000484072 0.0451247 0.0295807 0.000330071 0.999837 -0.0180329 -0.0156165 -0.0451261 0.0180294 0.998819 0.621728
0.998871 0.00154639 0.0474791 -0.00568755 -0.000821552 0.999883 -0.0152821 -0.0226557 -0.0474972 0.0152258 0.998755 0.631499
0.998847 0.00262495 0.0479345 0.0210107 -0.0019831 0.999908 -0.0134328 -0.0216037 -0.0479654 0.0133223 0.99876 0.639396
0.998874 0.00766019 0.0468261 0.0256011 -0.00679514 0.999804 -0.0186052 -0.0205885 -0.0469594 0.018266 0.99873 0.633023
0.998911 0.00573487 0.046308 0.0107837 -0.00446121 0.99961 -0.0275606 -0.0227021 -0.046448 0.027324 0.998547 0.631456
0.999032 -0.00247182 0.0439104 0.0288597 0.00406212 0.999338 -0.0361648 -0.0222112 -0.0437919 0.0363082 0.998381 0.610871
0.999166 -0.00391501 0.0406489 0.0243176 0.00557188 0.999155 -0.0407276 -0.0156088 -0.0404551 0.0409201 0.998343 0.59125
0.999296 0.00371692 0.0373231 0.00812142 -0.00239461 0.99937 -0.0354112 -0.0167804 -0.0374312 0.0352969 0.998676 0.581529
0.999418 0.00847691 0.0330311 0.00367278 -0.00770441 0.999695 -0.0234447 -0.0225837 -0.0332198 0.0231766 0.999179 0.583714
0.999583 -0.00541144 0.0283477 0.0180959 0.00567234 0.999942 -0.0091314 -0.0217978 -0.0282967 0.00928839 0.999556 0.603498
0.999699 -0.00663173 0.0236306 0.0274504 0.00662672 0.999978 0.000290182 -0.0150185 -0.023632 -0.000133502 0.999721 0.623378
0.999792 -0.00309089 0.0201433 0.0254568 0.00312055 0.999994 -0.00144134 -0.0157634 -0.0201387 0.0015039 0.999796 0.643466
0.999831 0.00383122 0.0179954 -0.00457768 -0.00369238 0.999963 -0.00774239 -0.0147417 -0.0180244 0.00767463 0.999808 0.663983
0.999893 0.000539699 0.0146259 -0.00548052 -0.000300498 0.999866 -0.0163518 -0.0139661 -0.0146328 0.0163457 0.999759 0.683998
0.999875 -0.00874988 0.0131416 0.0142079 0.00901843 0.999749 -0.0205173 -0.0176426 -0.0129588 0.0206333 0.999703 0.674146
0.999891 -0.00746662 0.0127145 0.0121876 0.00765902 0.999856 -0.0151512 -0.0184735 -0.0125995 0.015247 0.999804 0.689296
0.999903 -0.00616408 0.0125245 0.000404876 0.00629623 0.999925 -0.0105394 -0.0240545 -0.0124586 0.0106173 0.999866 0.709243
0.999777 0.0118387 0.0175111 -0.111899 -0.0117241 0.999909 -0.00662851 -0.0626314 -0.017588 0.00642173 0.999825 0.677624
0.999861 -0.00177292 0.01659 0.0105021 0.00193103 0.999953 -0.00951912 -0.0172746 -0.0165724 0.00954983 0.999817 0.703578
0.999862 -0.00451619 0.0159737 0.0105943 0.00474024 0.999891 -0.014016 -0.0176971 -0.0159086 0.0140898 0.999774 0.702141
0.99984 -0.00796811 0.0159958 0.0105287 0.00820622 0.999856 -0.0148757 -0.016967 -0.0158749 0.0150046 0.999761 0.682152
0.999885 -0.000521452 0.0151705 0.0110264 0.000707614 0.999924 -0.0122685 -0.0122809 -0.0151629 0.0122778 0.99981 0.666226
0.999871 0.000302903 0.0160646 -0.0046857 -0.000179659 0.999971 -0.00767263 -0.0187259 -0.0160665 0.00766875 0.999842 0.686159
0.999872 -0.000440729 0.0159935 0.00342275 0.000519294 0.999988 -0.00490848 -0.0167594 -0.0159912 0.00491616 0.99986 0.706223
0.999877 -0.00169467 0.0156239 0.0140793 0.00180602 0.999973 -0.00711533 -0.0229457 -0.0156114 0.00714267 0.999853 0.698623
0.99985 -0.00287761 0.0171039 0.00589167 0.00311895 0.999896 -0.0141005 -0.0185919 -0.0170615 0.0141518 0.999754 0.718877
0.999868 -0.000741735 0.0162254 0.0307729 0.00111939 0.999728 -0.0232789 -0.0276842 -0.0162037 0.023294 0.999597 0.697915
0.999795 0.00499332 0.0196266 -0.00656428 -0.00445249 0.999612 -0.0275037 -0.00540535 -0.0197563 0.0274107 0.999429 0.169572
0.999795 0.00499332 0.0196266 -0.0131286 -0.00445249 0.999612 -0.0275037 -0.0108107 -0.0197563 0.0274107 0.999429 0.339144
0.99982 -0.00122441 0.0189128 0.0449649 0.00163635 0.999761 -0.0217811 -0.00935213 -0.0188816 0.0218082 0.999584 0.681694
0.999818 -0.00107428 0.019035 0.00142136 0.00133738 0.999904 -0.013815 -0.0269264 -0.0190183 0.0138379 0.999723 0.662691
0.999815 0.000985088 0.0192333 0.00809593 -0.000804218 0.999955 -0.00940948 -0.019179 -0.0192417 0.00939227 0.999771 0.642902
0.99981 0.00423032 0.0190344 0.0111838 -0.00410271 0.999969 -0.00673829 -0.0162421 -0.0190623 0.00665892 0.999796 0.6417
0.999883 -0.00958429 0.0119617 0.0575035 0.00963454 0.999945 -0.00415078 -0.0116687 -0.0119213 0.00426554 0.99992 0.659397
0.999962 -0.00491753 0.00716361 0.00486403 0.00494398 0.999981 -0.00367926 -0.0293669 -0.00714538 0.00371454 0.999968 0.641312
0.999985 -0.00536853 -0.000639036 -0.00959067 0.00536457 0.999967 -0.00605386 -0.00374325 0.000671515 0.00605035 0.999981 0.638195
0.999928 -0.00326481 -0.0115347 -0.0145377 0.00315436 0.999949 -0.00958052 -0.0201864 0.0115654 0.00954345 0.999888 0.617777
0.999668 -0.000541335 -0.0257529 -0.0269047 0.000206135 0.999915 -0.0130169 -0.0137877 0.0257578 0.0130073 0.999584 0.597514
0.999008 -0.000824108 -0.0445276 -0.0436782 0.000163027 0.99989 -0.0148481 -0.0196121 0.0445349 0.0148261 0.998898 0.576293
0.997726 -0.00783175 -0.0669424 -0.0410157 0.0069257 0.999881 -0.013756 -0.00983447 0.0670422 0.0132611 0.997662 0.556683
0.995822 0.00213016 -0.0912901 -0.0737585 -0.00307056 0.999944 -0.010162 -0.0204648 0.0912633 0.0103999 0.995772 0.532808
0.992816 -0.00188177 -0.119636 -0.0740409 0.0010594 0.999975 -0.00693711 -0.0125598 0.119646 0.00676053 0.992794 0.512808
0.988372 -0.0023319 -0.152039 -0.0905216 0.00136161 0.999978 -0.00648565 -0.0189228 0.152051 0.00620322 0.988353 0.489621
0.982149 0.0020317 -0.188094 -0.11492 -0.00363439 0.99996 -0.00817622 -0.0115756 0.18807 0.00871387 0.982117 0.464122
0.973546 0.00385818 -0.22846 -0.134411 -0.00634939 0.999928 -0.0101704 -0.00970971 0.228404 0.0113519 0.9735 0.449627
0.962427 0.00261209 -0.271528 -0.161398 -0.00590958 0.999918 -0.0113272 -0.00694708 0.271476 0.0125062 0.962364 0.419347
0.948259 0.00258315 -0.317487 -0.160982 -0.00609762 0.999931 -0.0100765 -0.00444988 0.317439 0.011491 0.948209 0.398044
0.931198 0.00927673 -0.364396 -0.191107 -0.0126132 0.999897 -0.00677714 -0.00815708 0.364295 0.010907 0.93122 0.361953
0.910825 0.0129435 -0.412589 -0.20544 -0.0148284 0.999889 -0.00136692 -0.00782231 0.412526 0.00736306 0.910916 0.330691
0.887002 0.0133163 -0.461573 -0.21441 -0.0119293 0.999911 0.00592275 -0.00747228 0.461611 0.000252747 0.887082 0.3007
0.859671 0.0111653 -0.510727 -0.235812 -0.00593748 0.999912 0.0118655 -0.00203953 0.510814 -0.00716797 0.859661 0.293179
0.827659 0.00921475 -0.561155 -0.244456 0.000264943 0.999859 0.0168095 0.00409789 0.561231 -0.0140612 0.82754 0.299501
0.793544 0.0132562 -0.608369 -0.253499 0.00335426 0.999652 0.0261573 0.00278943 0.608504 -0.0227976 0.793223 0.272337
0.757785 0.0178959 -0.652259 -0.2879 0.01032 0.99917 0.0394036 0.00838971 0.652423 -0.0365907 0.756972 0.266013
0.720308 0.0232563 -0.693265 -0.319182 0.0170038 0.998545 0.0511644 0.00812191 0.693446 -0.0486422 0.718864 0.260498
0.681257 0.0303573 -0.731414 -0.357447 0.0204195 0.997963 0.0604396 0.00920772 0.731759 -0.05611 0.67925 0.242553
0.63957 0.0325561 -0.768044 -0.373577 0.026781 0.997553 0.0645859 0.0136146 0.768267 -0.0618761 0.637132 0.25421
0.595972 0.0363088 -0.802184 -0.415757 0.0302265 0.997255 0.0675945 0.0152961 0.802436 -0.0645316 0.593238 0.223077
0.550668 0.0354789 -0.83397 -0.45407 0.0341845 0.9973 0.0649992 0.0256532 0.834024 -0.0643019 0.547968 0.187873
0.501292 0.0335175 -0.864629 -0.42737 0.0342436 0.997698 0.0585297 0.0236779 0.8646 -0.0589485 0.49899 0.199112
0.449836 0.0322243 -0.89253 -0.430764 0.031044 0.998181 0.051685 0.0222798 0.892571 -0.0509574 0.448017 0.179539
0.396775 0.0315666 -0.917373 -0.453286 0.028853 0.998486 0.046837 0.0211835 0.917462 -0.0450527 0.395263 0.177371
0.34734 0.0349987 -0.937086 -0.464362 0.0275114 0.998493 0.0474895 0.0209745 0.937336 -0.0422755 0.345854 0.116248
0.2988 0.0364356 -0.95362 -0.483061 0.0325196 0.998302 0.0483323 0.0303847 0.953762 -0.045453 0.297108 0.121989
0.253973 0.0371599 -0.966497 -0.475606 0.0369428 0.99816 0.048085 0.000500075 0.966505 -0.0479174 0.252133 0.0581773
0.211383 0.0381148 -0.97666 -0.493286 0.0366029 0.99823 0.0468787 0.0145043 0.976718 -0.0456579 0.209613 0.0749008
0.171793 0.0407791 -0.984289 -0.515331 0.0365533 0.998191 0.0477349 0.0188998 0.984455 -0.0441795 0.169991 0.059958
0.137198 0.0422235 -0.989643 -0.536849 0.0386651 0.998101 0.0479447 0.0179902 0.989789 -0.0448426 0.135305 0.0464089
0.109335 0.0473095 -0.992878 -0.518073 0.0382512 0.997927 0.0517622 0.0232274 0.993269 -0.0436382 0.107299 0.0240575
0.0848949 0.0501689 -0.995126 -0.535535 0.0437314 0.997582 0.0540235 0.0270116 0.99543 -0.0481046 0.0824957 0.0165011
0.0631121 0.0546729 -0.996508 -0.555347 0.0481077 0.997171 0.0577561 0.0281435 0.996846 -0.0515848 0.0603033 0.0213625
0.0450965 0.0576228 -0.997319 -0.535821 0.0525516 0.996816 0.05997 0.0256787 0.997599 -0.0551151 0.0419248 0.00603975
0.0310865 0.0618577 -0.997601 -0.515909 0.0566416 0.99637 0.0635465 0.0239574 0.99791 -0.0584811 0.0274699 0.00221757
0.0208478 0.0627934 -0.997809 -0.535379 0.0597961 0.996161 0.0639391 0.0288551 0.997993 -0.060998 0.0170129 0.0183349
0.0152821 0.0647035 -0.997788 -0.54216 0.0611749 0.995974 0.0655229 0.0292446 0.99801 -0.0620409 0.0112623 -0.00880465
0.0102722 0.063716 -0.997915 -0.554578 0.0644678 0.995849 0.0642477 0.0327445 0.997867 -0.0649934 0.00612194 0.0144626
0.00938092 0.0646587 -0.997863 -0.574494 0.0639327 0.995827 0.0651278 0.0376339 0.99791 -0.0644071 0.00520797 -0.00266742
0.00795809 0.0631932 -0.99797 -0.594357 0.0646441 0.995881 0.0635764 0.0397495 0.997877 -0.0650188 0.00384025 0.00743633
0.00825649 0.0609987 -0.998104 -0.614826 0.0640544 0.996056 0.0614034 0.0332999 0.997912 -0.06444 0.00431669 0.00242897
0.00663869 0.058912 -0.998241 -0.632907 0.0599887 0.996442 0.0592047 0.047596 0.998177 -0.0602762 0.00308102 0.0236056
0.00746837 0.0562689 -0.998388 -0.654618 0.0575083 0.996739 0.0566062 0.0259281 0.998317 -0.0578383 0.00420808 -0.00168531
0.00706867 0.0539719 -0.998517 -0.669817 0.0536232 0.997085 0.0542741 0.0349196 0.998536 -0.0539273 0.00415393 0.0159218
0.0100519 0.0588689 -0.998215 -0.671767 0.0526589 0.996849 0.0593186 0.0383959 0.998562 -0.0531612 0.00692026 -0.0296084
0.0110903 0.0589675 -0.998198 -0.692103 0.0578384 0.996551 0.0595128 0.0434762 0.998264 -0.0583942 0.00764144 0.00814628
0.0117757 0.0581409 -0.998239 -0.712282 0.0588685 0.996536 0.0587361 0.0405448 0.998196 -0.0594565 0.00831226 0.0106867
0.0143154 0.0573177 -0.998253 -0.732355 0.0589451 0.996571 0.0580664 0.0409262 0.998159 -0.0596734 0.0108877 -0.00507388
0.0167584 0.0599686 -0.99806 -0.751493 0.0571142 0.996512 0.0608347 0.0540747 0.998227 -0.0580228 0.0132749 -0.0108832
0.00912101 0.0572249 -0.99832 -0.731387 0.0579234 0.996655 0.0576586 0.0649525 0.998279 -0.0583519 0.00577584 0.119243
0.010301 0.0567505 -0.998335 -0.762729 0.0578036 0.996685 0.0572531 0.041807 0.998275 -0.0582971 0.00698647 0.00398939
0.012877 0.0585649 -0.998201 -0.782506 0.0589252 0.996504 0.0592255 0.0438229 0.998179 -0.0595819 0.00938102 -0.0154342
0.0117297 0.0539228 -0.998476 -0.802376 0.0631326 0.996513 0.0545584 0.0426352 0.997936 -0.0636763 0.00828451 0.0246159
0.0134068 0.0542343 -0.998438 -0.823238 0.0589515 0.996748 0.0549341 0.0320781 0.998171 -0.0595959 0.010166 -0.00598459
0.0125332 0.0526116 -0.998536 -0.843108 0.0550414 0.997064 0.0532249 0.034702 0.998405 -0.0556279 0.00960058 0.0102673
0.0134309 0.0539885 -0.998451 -0.863363 0.0498193 0.997265 0.0545945 0.0266417 0.998668 -0.0504754 0.0107045 -0.0138368
0.0119383 0.0554359 -0.998391 -0.873554 0.049803 0.99719 0.0559648 0.0340006 0.998688 -0.050391 0.00914392 0.0030645
0.00857375 0.0521749 -0.998601 -0.881986 0.0545921 0.997124 0.0525665 0.0417634 0.998472 -0.0549664 0.00570076 0.0233713
0.00418706 0.0478175 -0.998847 -0.862371 0.0574059 0.997197 0.0479792 0.0383179 0.998342 -0.0575406 0.00143032 0.0102487
0.00325056 0.0519757 -0.998643 -0.864847 0.052557 0.997259 0.0520747 0.0414845 0.998613 -0.0526549 0.00050997 -0.0380069
7.26134e-005 0.0489073 -0.998803 -0.886294 0.0563154 0.997218 0.0488337 0.0236851 0.998413 -0.0562515 -0.00268182 -0.0107179
-0.00664853 0.0462596 -0.998907 -0.905071 0.0487237 0.997758 0.0458821 0.0348818 0.99879 -0.0483654 -0.00888756 0.041095
-0.00565979 0.0481164 -0.998826 -0.9251 0.0437249 0.997898 0.047824 0.0349284 0.999028 -0.0434029 -0.00775179 -0.0411869
-0.0115592 0.0475338 -0.998803 -0.946054 0.0459208 0.997841 0.0469566 0.0272295 0.998878 -0.0453231 -0.013717 0.020846
-0.0144096 0.0500167 -0.998644 -0.965708 0.0452599 0.997757 0.0493192 0.042419 0.998871 -0.0444879 -0.016641 -0.00837331
-0.014806 0.0497013 -0.998654 -0.985695 0.0500192 0.99755 0.0489048 0.0258809 0.998639 -0.0492278 -0.0172557 -0.0355385
-0.0164811 0.0510206 -0.998562 -1.00624 0.0490816 0.997535 0.050158 0.0230117 0.998659 -0.0481843 -0.0189447 -0.0188033
-0.0193949 0.0532819 -0.998391 -1.02637 0.0486581 0.997446 0.0522862 0.0250919 0.998627 -0.0475657 -0.021938 -0.00123918
-0.0197662 0.05456 -0.998315 -1.04546 0.0507154 0.997279 0.0534992 0.0374622 0.998518 -0.0495724 -0.0224794 -0.0336853
-0.0135041 0.0590715 -0.998162 -1.05925 0.0530284 0.996891 0.0582788 0.0561165 0.998502 -0.052144 -0.0165946 -0.112371
-0.00783681 0.0642632 -0.997902 -1.08497 0.0596292 0.996187 0.0636844 0.0406816 0.99819 -0.0590051 -0.0116389 -0.0453256
-0.00719063 0.0594339 -0.998206 -1.10439 0.0632403 0.996261 0.0588626 0.0652955 0.997972 -0.0627036 -0.0109224 -0.0282676
-0.00587644 0.0582634 -0.998284 -1.12587 0.0611937 0.996451 0.0577962 0.0423883 0.998109 -0.060749 -0.00942094 -0.00358571
-0.00511879 0.0562271 -0.998405 -1.14211 0.0595264 0.996665 0.0558239 0.0433713 0.998214 -0.0591457 -0.00844872 -0.00823044
-0.00429836 0.0501018 -0.998735 -1.12218 0.0582935 0.997058 0.0497668 0.0416859 0.99829 -0.0580059 -0.00720633 -0.00461768
-0.00312736 0.0456292 -0.998954 -1.14221 0.0498328 0.997724 0.045417 0.0407589 0.998753 -0.0496386 -0.00539407 -0.00819895
-0.00193 0.0478482 -0.998853 -1.12231 0.0441023 0.997887 0.0477167 0.0360515 0.999025 -0.0439596 -0.00403614 0.0129169
0.00102106 0.0503323 -0.998732 -1.10251 0.047873 0.997585 0.0503234 0.0190909 0.998853 -0.0478637 -0.00139096 -0.0254033
0.00424487 0.0527779 -0.998597 -1.08152 0.0502458 0.997334 0.0529247 0.0553811 0.998728 -0.0504 0.00158169 -0.00790085
0.00159102 0.0455859 -0.998959 -1.06067 0.0545657 0.997468 0.0456048 0.0695822 0.998509 -0.0545814 -0.000900431 0.00610299
-0.00124107 0.0475851 -0.998866 -1.04166 0.0489777 0.997671 0.0474673 0.0464253 0.998799 -0.0488632 -0.00356879 0.0239039
-0.00206475 0.0529449 -0.998595 -1.02159 0.0492014 0.997393 0.0527794 0.0379968 0.998787 -0.0490233 -0.00466433 -0.0371911
0.00394669 0.0587742 -0.998264 -0.990392 0.0527995 0.996867 0.0589007 -0.015047 0.998597 -0.0529402 0.000831078 -0.157613
0.00269934 0.0624693 -0.998043 -0.982397 0.0570471 0.996412 0.0625215 0.0221737 0.998368 -0.0571042 -0.000874036 -0.0251096
-0.000197483 0.0619365 -0.99808 -0.961966 0.0597774 0.996296 0.0618139 0.0431971 0.998212 -0.0596504 -0.00389915 0.00792886
0.00419878 0.0658508 -0.997821 -0.938066 0.0617427 0.995909 0.0659844 0.0273724 0.998083 -0.0618852 0.000115798 -0.0920337
-0.000277566 0.0672997 -0.997733 -0.921376 0.0649138 0.99563 0.0671398 0.0506237 0.997891 -0.064748 -0.00464503 -0.0193277
-0.00414053 0.0701344 -0.997529 -0.901347 0.0677875 0.995263 0.0696937 0.050515 0.997691 -0.0673314 -0.00887516 -0.0193238
-0.00739004 0.0723338 -0.997353 -0.880631 0.0713298 0.994878 0.0716258 0.0544693 0.997425 -0.0706117 -0.0125117 -0.0339833
-0.0104769 0.0753942 -0.997099 -0.861209 0.0754553 0.99437 0.074395 0.050623 0.997094 -0.074457 -0.0161068 -0.0216901
-0.0139592 0.0801733 -0.996683 -0.870594 0.0767117 0.993928 0.0788774 0.0507957 0.996956 -0.0753562 -0.0200246 -0.0323834
-0.0163495 0.0835278 -0.996371 -0.850432 0.080097 0.993411 0.0819653 0.0525117 0.996653 -0.0784662 -0.0229321 -0.0326015
-0.0157751 0.0918183 -0.995651 -0.829635 0.0823504 0.992511 0.090224 0.052611 0.996479 -0.0805689 -0.0232182 -0.0478154
-0.0185563 0.0935669 -0.99544 -0.808724 0.0896798 0.991754 0.0915487 0.0797799 0.995798 -0.087572 -0.0267943 -0.00647392
-0.0194053 0.0950572 -0.995283 -0.789651 0.0940057 0.991234 0.0928376 0.065663 0.995383 -0.0917607 -0.0281711 -0.0217934
-0.0193371 0.0967304 -0.995123 -0.773507 0.0955766 0.99093 0.0944656 0.0620883 0.995234 -0.0932838 -0.0284069 -0.031383
-0.0192603 0.0986815 -0.994933 -0.754294 0.0968952 0.990617 0.0963778 0.0495824 0.995108 -0.0945479 -0.0286413 -0.0327151
-0.0172022 0.0982079 -0.995017 -0.733463 0.0989624 0.990445 0.0960457 0.0673838 0.994942 -0.0968171 -0.0267567 -0.0106863
-0.00840269 0.111517 -0.993727 -0.706519 0.0970872 0.989158 0.110183 0.0380633 0.99524 -0.0955523 -0.0191385 -0.113752
-0.00640924 0.112991 -0.993575 -0.693848 0.112503 0.987369 0.11156 0.0601197 0.993631 -0.111065 -0.0190402 -0.0159019
-0.00434819 0.112974 -0.993588 -0.674598 0.114849 0.98708 0.111731 0.0493473 0.993373 -0.113627 -0.0172669 -0.0175708
-0.00148098 0.11443 -0.99343 -0.667582 0.113579 0.987022 0.113523 0.0591921 0.993528 -0.112665 -0.0144587 -0.0106021
0.000341464 0.11276 -0.993622 -0.686735 0.113159 0.987236 0.112074 0.0698933 0.993577 -0.112476 -0.0124227 -0.00190582
0.00378276 0.112503 -0.993644 -0.706649 0.111255 0.987435 0.112224 0.0704822 0.993785 -0.110973 -0.00878136 -0.0135518
0.0028021 0.107499 -0.994201 -0.727331 0.112142 0.9879 0.107134 0.0615012 0.993688 -0.111791 -0.00928694 0.0228802
0.00238229 0.107175 -0.994237 -0.739983 0.106909 0.988515 0.106814 0.086089 0.994266 -0.106548 -0.00910305 0.0891154
0.0038543 0.109959 -0.993929 -0.753714 0.106754 0.988211 0.10974 0.126137 0.994278 -0.106529 -0.00792971 0.0966616
-0.000133668 0.110101 -0.99392 -0.723722 0.112158 0.987651 0.109392 0.045381 0.99369 -0.111461 -0.0124807 0.314193
0.00157865 0.106947 -0.994263 -0.806398 0.109912 0.988222 0.106472 0.0762002 0.99394 -0.10945 -0.0101948 0.0218441
0.00725289 0.106797 -0.994254 -0.828879 0.107123 0.988476 0.106958 0.0464013 0.994219 -0.107283 -0.00427112 -0.0134272
-0.00167922 0.105728 -0.994394 -0.479203 0.103959 0.989026 0.104981 0.170365 0.99458 -0.103199 -0.0126521 0.630794
0.00569147 0.101351 -0.994834 -0.804814 0.106529 0.989128 0.101379 0.0669578 0.994293 -0.106556 -0.00516719 -0.192779
0.0120296 0.0980144 -0.995112 -0.799145 0.102366 0.989835 0.0987321 0.0446038 0.994674 -0.103053 0.00187401 -0.126254
0.0164442 0.0969772 -0.995151 -0.827487 0.0993633 0.9902 0.0981367 0.0679163 0.994915 -0.100495 0.00664706 -0.00513539
0.0157471 0.0938048 -0.995466 -0.789675 0.0979852 0.990653 0.0949012 0.089105 0.995063 -0.0990353 0.00640839 0.158226
0.0221017 0.0949539 -0.995236 -0.787285 0.0945583 0.990818 0.0966323 0.0590243 0.995274 -0.0962436 0.0129201 -0.0353421
0.0282044 0.0946929 -0.995107 -0.769625 0.0958408 0.99066 0.0969862 0.0316246 0.994997 -0.0981073 0.0188655 -0.00403454
0.0311338 0.093253 -0.995156 -0.733079 0.09451 0.990903 0.0958113 0.100605 0.995037 -0.0970351 0.0220373 0.124105
0.0391015 0.0927702 -0.994919 -0.728338 0.092767 0.991044 0.0960546 0.0358358 0.99492 -0.0960516 0.0301453 -0.0394449
0.0429657 0.084435 -0.995502 -0.693685 0.0913747 0.991914 0.0880743 0.0585595 0.994889 -0.0947479 0.034903 0.140984
0.0490695 0.0781828 -0.995731 -0.686047 0.0843908 0.993042 0.0821305 0.0575957 0.995224 -0.0880607 0.0421301 0.0501528
0.0543342 0.075035 -0.9957 -0.666645 0.077348 0.99386 0.0791172 0.0553114 0.995523 -0.0813141 0.0481967 0.0425093
0.056843 0.0674929 -0.996099 -0.636548 0.0742715 0.994662 0.0716339 0.060203 0.995617 -0.0780536 0.0515268 0.118547
0.0597223 0.066111 -0.996023 -0.621094 0.0685542 0.995177 0.0701654 0.0339708 0.995858 -0.072472 0.0549021 0.101725
0.0646695 0.0665523 -0.995685 -0.607843 0.0655989 0.995332 0.0707894 0.0501445 0.995748 -0.0698938 0.0600019 0.0214414
0.0671779 0.0626053 -0.995775 -0.581514 0.064055 0.9957 0.066922 0.0536746 0.995683 -0.06828 0.0628788 0.0860036
0.070575 0.0607467 -0.995655 -0.568904 0.0577731 0.99622 0.0648763 0.0274132 0.995832 -0.0621007 0.0667986 0.0286739
0.0749903 0.0588034 -0.995449 -0.5485 0.0571641 0.996365 0.0631638 0.0223357 0.995544 -0.0616406 0.0713563 -0.038241
0.0815022 0.0588294 -0.994935 -0.518321 0.0588157 0.996233 0.0637241 0.0234922 0.994936 -0.0637115 0.0777351 -0.109513
0.0899316 0.0596227 -0.994162 -0.120773 0.0598688 0.996078 0.0651533 0.00308932 0.994147 -0.0653786 0.0860093 -0.0409722
0.0899316 0.0596227 -0.994162 -0.241546 0.0598688 0.996078 0.0651533 0.00617864 0.994147 -0.0653786 0.0860093 -0.0819445
0.0861866 0.0580832 -0.994584 -0.0631835 0.0543411 0.996539 0.0629063 0.00587388 0.994796 -0.0594685 0.082732 0.0213065
0.0861866 0.0580832 -0.994584 -0.126367 0.0543411 0.996539 0.0629063 0.0117478 0.994796 -0.0594685 0.082732 0.0426129
0.0861866 0.0580832 -0.994584 -0.18955 0.0543411 0.996539 0.0629063 0.0176216 0.994796 -0.0594685 0.082732 0.0639194
0.0872121 0.034785 -0.995582 -0.110916 0.0399966 0.998462 0.0383893 0.0183888 0.995387 -0.043168 0.0856867 0.0826835
0.0872121 0.034785 -0.995582 -0.221833 0.0399966 0.998462 0.0383893 0.0367776 0.995387 -0.043168 0.0856867 0.165367
0.0872121 0.034785 -0.995582 -0.332749 0.0399966 0.998462 0.0383893 0.0551664 0.995387 -0.043168 0.0856867 0.24805
0.0872121 0.034785 -0.995582 -0.443665 0.0399966 0.998462 0.0383893 0.0735552 0.995387 -0.043168 0.0856867 0.330734
0.0872121 0.034785 -0.995582 -0.554582 0.0399966 0.998462 0.0383893 0.091944 0.995387 -0.043168 0.0856867 0.413417
0.0872121 0.034785 -0.995582 -0.665498 0.0399966 0.998462 0.0383893 0.110333 0.995387 -0.043168 0.0856867 0.496101
0.0872121 0.034785 -0.995582 -0.776414 0.0399966 0.998462 0.0383893 0.128722 0.995387 -0.043168 0.0856867 0.578784
0.0872121 0.034785 -0.995582 -0.887331 0.0399966 0.998462 0.0383893 0.14711 0.995387 -0.043168 0.0856867 0.661468
0.0872121 0.034785 -0.995582 -0.998247 0.0399966 0.998462 0.0383893 0.165499 0.995387 -0.043168 0.0856867 0.744151
0.0872121 0.034785 -0.995582 -1.10916 0.0399966 0.998462 0.0383893 0.183888 0.995387 -0.043168 0.0856867 0.826835
0.0872121 0.034785 -0.995582 -1.22008 0.0399966 0.998462 0.0383893 0.202277 0.995387 -0.043168 0.0856867 0.909518
0.0872121 0.034785 -0.995582 -1.331 0.0399966 0.998462 0.0383893 0.220666 0.995387 -0.043168 0.0856867 0.992201
0.0872121 0.034785 -0.995582 -1.44191 0.0399966 0.998462 0.0383893 0.239054 0.995387 -0.043168 0.0856867 1.07488
0.0872121 0.034785 -0.995582 -1.55283 0.0399966 0.998462 0.0383893 0.257443 0.995387 -0.043168 0.0856867 1.15757
0.0965241 -0.00322955 -0.995325 -0.107485 0.0296117 0.999561 -0.000371629 0.022783 0.99489 -0.0294374 0.0965774 0.0191639
0.0965241 -0.00322955 -0.995325 -0.21497 0.0296117 0.999561 -0.000371629 0.0455661 0.99489 -0.0294374 0.0965774 0.0383278
0.0965241 -0.00322955 -0.995325 -0.322455 0.0296117 0.999561 -0.000371629 0.0683491 0.99489 -0.0294374 0.0965774 0.0574917
0.0965241 -0.00322955 -0.995325 -0.42994 0.0296117 0.999561 -0.000371629 0.0911322 0.99489 -0.0294374 0.0965774 0.0766556
0.0965241 -0.00322955 -0.995325 -0.537425 0.0296117 0.999561 -0.000371629 0.113915 0.99489 -0.0294374 0.0965774 0.0958195
0.100786 0.00144521 -0.994907 -0.0711396 -0.00593913 0.999982 0.000850943 -0.00288285 0.99489 0.00582312 0.100793 0.00582697
0.100786 0.00144521 -0.994907 -0.142279 -0.00593913 0.999982 0.000850943 -0.0057657 0.99489 0.00582312 0.100793 0.0116539
0.100786 0.00144521 -0.994907 -0.213419 -0.00593913 0.999982 0.000850943 -0.00864855 0.99489 0.00582312 0.100793 0.0174809
0.110162 -0.000705573 -0.993913 -0.072733 -0.00178852 0.999998 -0.000908126 -0.00105262 0.993912 0.00187768 0.110161 0.0102459
0.110162 -0.000705573 -0.993913 -0.145466 -0.00178852 0.999998 -0.000908126 -0.00210525 0.993912 0.00187768 0.110161 0.0204918
0.118209 0.000497804 -0.992989 -0.135254 -0.00241482 0.999997 0.000213849 -0.00244893 0.992986 0.00237261 0.11821 0.0116967
0.127646 -7.03848e-005 -0.99182 -0.130537 -0.000370133 1 -0.000118601 0.000307747 0.99182 0.000382245 0.127646 0.0238331
0.139261 0.00106133 -0.990255 -0.121464 -0.000620965 0.999999 0.000984445 0.00168672 0.990255 0.000477819 0.139262 0.0209866
0.152524 0.00202276 -0.988298 -0.138407 -0.000329683 0.999998 0.00199583 0.0024969 0.9883 2.14142e-005 0.152524 0.0369479
0.16871 0.00262764 -0.985662 -0.159 0.00237539 0.999992 0.00307243 0.00259716 0.985663 -0.00285968 0.168702 0.0370278
0.18671 0.00038841 -0.982415 -0.173125 0.0077643 0.999968 0.00187097 -0.00212037 0.982384 -0.00797709 0.186701 0.0601099
0.209422 0.00239514 -0.977822 -0.198094 0.00558681 0.999978 0.00364594 -0.000904862 0.977809 -0.00622645 0.209404 0.0455945
0.23187 0.00202344 -0.972745 -0.186639 0.0037911 0.999988 0.00298378 -0.00544231 0.972739 -0.00437962 0.231859 0.0741534
0.258023 -0.000130819 -0.966139 -0.207544 0.00224766 0.999997 0.00046487 0.000156982 0.966136 -0.0022915 0.258023 0.0756565
0.288223 -0.00130271 -0.957563 -0.218642 0.0015012 0.999998 -0.000908588 -0.00465085 0.957562 -0.00117562 0.288224 0.0838528
0.320151 -0.00506537 -0.947353 -0.212607 0.00112317 0.999987 -0.00496723 0.0037354 0.947366 0.000526221 0.320152 0.106428
0.354899 -0.00808576 -0.93487 -0.223596 -3.21073e-005 0.999962 -0.00866094 -0.00683412 0.934905 0.00310377 0.354885 0.120619
0.394389 -0.00787983 -0.91891 -0.241979 -0.001093 0.999959 -0.00904395 0.00127889 0.918943 0.0045712 0.394364 0.128845
0.436011 -0.00366152 -0.899934 -0.248353 -0.00171017 0.999987 -0.00489717 -0.00718702 0.89994 0.00367426 0.435999 0.139773
0.478709 0.0010309 -0.877973 -0.248572 -0.00205269 0.999998 5.49688e-005 -0.00637363 0.877971 0.00177589 0.47871 0.173184
0.523813 0.00367552 -0.851826 -0.236949 -3.71661e-005 0.999991 0.00429198 -0.00520398 0.851833 -0.00221654 0.523808 0.172126
0.569007 0.00098709 -0.822332 -0.237019 0.00534399 0.999974 0.00489806 -0.00448414 0.822315 -0.00718156 0.568987 0.204248
0.614425 -0.0022424 -0.788972 -0.233745 0.00699598 0.999972 0.00260614 -0.00939076 0.788944 -0.00712091 0.614423 0.236869
0.658877 -0.00413507 -0.752239 -0.223365 0.00351838 0.999991 -0.00241525 0.000602147 0.752242 -0.00105531 0.658886 0.270982
0.70326 -0.00275741 -0.710927 -0.23373 -0.00271741 0.999975 -0.00656662 0.00150238 0.710927 0.00654992 0.703235 0.288338
0.746177 -0.00366251 -0.665737 -0.202582 -0.00589033 0.999909 -0.012103 0.00200072 0.665721 0.0129524 0.746088 0.301411
0.78764 -0.00192191 -0.616132 -0.20523 -0.0088495 0.999857 -0.0144317 0.0057101 0.616072 0.0168195 0.787511 0.323522
0.826713 -0.00255603 -0.562618 -0.182662 -0.00698206 0.999866 -0.014802 0.00126126 0.56258 0.0161652 0.826584 0.333963
0.861557 -0.0054856 -0.507632 -0.158477 -0.00185501 0.999901 -0.0139535 -0.00192517 0.507658 0.0129634 0.861461 0.353688
0.891612 -0.00810207 -0.452727 -0.148174 0.0013275 0.999882 -0.0152796 -0.00898078 0.452798 0.0130225 0.891518 0.379579
0.918012 -0.0070133 -0.39649 -0.157078 0.000781201 0.999874 -0.0158775 -0.0137904 0.396551 0.014266 0.917902 0.397437
0.939495 -0.00585998 -0.342513 -0.101697 -4.83542e-005 0.999851 -0.0172389 -0.0128608 0.342563 0.0162124 0.939355 0.402453
0.95691 -0.00374936 -0.290362 -0.103106 -0.00201409 0.999807 -0.0195478 -0.0145132 0.290379 0.0192903 0.956717 0.422667
0.970299 -0.00279311 -0.241893 -0.0797034 -0.00314926 0.999703 -0.024176 -0.00246921 0.241889 0.0242197 0.970002 0.448265
0.98079 -0.00038599 -0.195069 -0.0663353 -0.00473989 0.999656 -0.0258099 -0.0126229 0.195011 0.0262386 0.98045 0.430033
0.988243 -0.0023688 -0.152871 -0.043795 -0.00153037 0.999677 -0.0253837 -0.015309 0.152881 0.0253192 0.98792 0.444558
0.993291 -0.00228172 -0.11562 -0.0300133 -0.000581841 0.999694 -0.0247272 -0.0127031 0.115641 0.0246286 0.992986 0.465834
0.996516 -0.00148006 -0.0833911 -0.0287307 -0.000479864 0.999724 -0.0234778 -0.0188498 0.0834029 0.023436 0.99624 0.485759
0.998354 -0.00584815 -0.0570538 0.0266518 0.00449417 0.999706 -0.0238311 -0.0145584 0.0571764 0.0235354 0.998087 0.465984
0.999341 -0.00452769 -0.0360241 -0.00428213 0.00366813 0.999708 -0.0238908 -0.0126506 0.0361217 0.0237429 0.999065 0.486789
0.999812 -0.00102611 -0.0193545 -0.00331709 0.000571468 0.999724 -0.023481 -0.0171291 0.0193732 0.0234655 0.999537 0.506672
0.999978 -0.000437346 -0.00666716 0.00628816 0.000281077 0.999726 -0.0234216 -0.0158253 0.00667557 0.0234192 0.999703 0.526697
0.999996 0.00044915 0.00266054 0.00595092 -0.000384092 0.999702 -0.0244029 -0.014007 -0.00267071 0.0244018 0.999699 0.546761
0.999942 0.000589255 0.010725 0.0122949 -0.000318758 0.999682 -0.0252054 -0.0161479 -0.0107365 0.0252006 0.999625 0.566609
0.999853 -0.00295244 0.0169178 0.0227423 0.00339959 0.999644 -0.0264633 -0.0160367 -0.0168336 0.0265169 0.999507 0.586312
0.999795 -0.00276358 0.0200412 0.0290235 0.00330727 0.999626 -0.0271463 -0.0168852 -0.0199587 0.027207 0.999431 0.606043
0.999725 -0.000433138 0.0234313 0.0125745 0.00106069 0.999641 -0.026777 -0.0178889 -0.0234113 0.0267945 0.999367 0.626591
0.999666 0.000618343 0.0258483 0.0180286 4.90491e-005 0.999667 -0.025811 -0.0200883 -0.0258556 0.0258036 0.999333 0.646409
0.999612 -0.00135411 0.0278119 0.0209984 0.00201236 0.999718 -0.0236536 -0.0152411 -0.0277721 0.0237004 0.999333 0.666468
0.999646 -0.00368863 0.0263446 0.0742362 0.00422939 0.999781 -0.0205006 -0.0323145 -0.0262632 0.0206047 0.999443 0.679489
0.999667 -0.000302829 0.0258093 0.0170546 0.000820283 0.999799 -0.0200409 -0.0177018 -0.0257981 0.0200554 0.999466 0.703866
0.999698 0.000720287 0.0245538 0.00613567 -0.000188558 0.999766 -0.0216511 -0.019261 -0.0245636 0.02164 0.999464 0.724013
0.999716 -0.00191844 0.0237559 -0.00250865 0.00250688 0.99969 -0.0247652 -0.0262246 -0.023701 0.0248177 0.999411 0.743829
0.999798 0.00276647 0.0198986 0.0354984 -0.00216572 0.999543 -0.0301491 -0.0303716 -0.019973 0.0301 0.999347 0.753313
0.999762 -0.00106339 0.0217799 0.0422955 0.00181593 0.999401 -0.0345615 -0.0222768 -0.0217301 0.0345928 0.999165 0.773284
0.99977 -0.000409756 0.0214427 -0.00151943 0.00116762 0.999375 -0.0353429 -0.00779086 -0.0214148 0.0353598 0.999145 0.756094
0.999767 -0.000888478 0.0215597 0.0134375 0.00150153 0.999595 -0.0284355 -0.0298095 -0.0215257 0.0284613 0.999363 0.761412
0.999753 0.00268872 0.0220491 0.0125463 -0.00227618 0.999822 -0.018714 -0.0262544 -0.0220955 0.0186592 0.999582 0.781573
0.999729 -0.000659832 0.0232544 0.00219563 0.000976359 0.999907 -0.0136028 -0.0257701 -0.0232433 0.0136218 0.999637 0.801697
0.999726 -0.00194391 0.0233202 0.0208338 0.00232282 0.999866 -0.0162322 -0.018676 -0.0232855 0.0162819 0.999596 0.821638
0.999724 -0.000625484 0.0234958 -0.00892751 0.00118462 0.999716 -0.0237909 -0.0168047 -0.0234743 0.0238121 0.999441 0.841899
0.99976 -0.00212743 0.0217851 0.0217355 0.00280404 0.999513 -0.0310755 -0.0235462 -0.0217083 0.0311291 0.99928 0.840096
0.999824 0.000947345 0.0187615 0.0374458 -0.000289053 0.999385 -0.0350591 -0.0347546 -0.0187831 0.0350475 0.999209 0.82278
0.999816 0.00190961 0.0190865 1.89316e-005 -0.00121422 0.999337 -0.0363787 -0.0294305 -0.0191434 0.0363488 0.999156 0.803826
0.999819 0.00325076 0.0187194 0.00387276 -0.00261137 0.999416 -0.0340804 -0.0389269 -0.0188192 0.0340254 0.999244 0.80525
0.999837 0.000447637 0.0180328 0.0152298 4.81017e-005 0.999622 -0.0274812 -0.0312779 -0.0180382 0.0274776 0.99946 0.825467
0.999786 0.00388158 0.0203187 -0.0155733 -0.00345802 0.999777 -0.0208397 -0.028741 -0.020395 0.020765 0.999576 0.845568
0.999798 -0.0013729 0.0200721 0.0271719 0.00172754 0.999843 -0.0176615 -0.0178701 -0.0200447 0.0176926 0.999643 0.865589
0.999803 -0.00128867 0.0197888 0.0221447 0.00167483 0.999808 -0.01951 -0.0236468 -0.0197599 0.0195393 0.999614 0.885607
0.999817 -0.00211228 0.0189913 0.0247631 0.00256468 0.999713 -0.0238288 -0.021827 -0.0189355 0.0238731 0.999536 0.901926
0.999853 -0.00100856 0.0171009 0.0273697 0.0014761 0.999625 -0.0273493 -0.0327735 -0.0170669 0.0273705 0.99948 0.921541
0.999903 -0.0035043 0.0134994 0.0418118 0.00388926 0.999583 -0.0285966 -0.0345341 -0.0133935 0.0286464 0.9995 0.940968
0.999914 -0.001092 0.0130564 0.00388912 0.00146117 0.999598 -0.0282993 -0.0347064 -0.0130203 0.028316 0.999514 0.941757
0.999953 -0.00436104 0.00860258 0.0378682 0.0045712 0.999688 -0.0245629 -0.0354659 -0.00849277 0.0246011 0.999661 0.920944
0.99998 -0.000440504 0.00636108 0.0049419 0.000574667 0.999777 -0.0211048 -0.0327627 -0.00635036 0.021108 0.999757 0.941821
0.999978 -0.00656843 0.000508434 0.030973 0.00657821 0.999725 -0.022496 -0.0357868 -0.00036053 0.0224989 0.999747 0.961239
0.999997 -0.00157845 -0.00180153 0.00388732 0.00152767 0.999611 -0.0278524 -0.0406005 0.00184479 0.0278496 0.99961 0.965409
0.999992 0.00200641 -0.00349734 -0.022354 -0.00211807 0.999478 -0.0322231 -0.0405032 0.00343086 0.0322302 0.999475 0.95967
0.999988 -0.00012288 -0.00485181 -0.0116232 -4.11367e-005 0.999429 -0.0337908 -0.0343041 0.00485319 0.0337906 0.999417 0.940087
0.999972 2.69313e-005 -0.00753092 -0.00630385 -0.0002697 0.99948 -0.0322371 -0.0355603 0.00752614 0.0322382 0.999452 0.930802
0.999969 0.00262945 -0.00740477 -0.0230786 -0.0028444 0.99957 -0.0291689 -0.0327097 0.00732489 0.029189 0.999547 0.910623
0.999961 0.00220414 -0.00858518 -0.0194801 -0.00240926 0.99971 -0.0239563 -0.0443694 0.00852989 0.023976 0.999676 0.930241
0.99994 0.00136037 -0.0108851 -0.00297626 -0.00158106 0.999793 -0.0202913 -0.0353772 0.0108553 0.0203073 0.999735 0.95084
0.999947 0.00499477 -0.00897433 -0.0455468 -0.00516904 0.999796 -0.0195021 -0.0439013 0.00887509 0.0195475 0.99977 0.952913
0.999963 -0.000565255 -0.00855401 -0.0202873 0.000391262 0.999793 -0.0203286 -0.03536 0.00856374 0.0203245 0.999757 0.974158
0.999947 -0.000825445 -0.0103102 0.0277231 0.000602483 0.999766 -0.0216097 -0.0450055 0.0103257 0.0216023 0.999713 0.953547
0.999948 0.0011211 -0.010089 -0.0195544 -0.00136981 0.999695 -0.0246781 -0.0408158 0.0100582 0.0246906 0.999645 0.945195
0.999936 -0.00371324 -0.0107264 -0.0230866 0.00339886 0.999568 -0.0291799 -0.0265863 0.0108302 0.0291416 0.999517 0.965636
0.999936 0.00182606 -0.0111713 -0.00652884 -0.00216506 0.999535 -0.0304088 -0.0421578 0.0111105 0.0304311 0.999475 0.945316
0.999928 0.000550195 -0.0120212 -0.000721763 -0.000892901 0.999593 -0.0285217 -0.0433066 0.0120006 0.0285304 0.999521 0.925265
0.999938 0.00324655 -0.0106536 -0.0214771 -0.00352046 0.999661 -0.025793 -0.0378371 0.0105663 0.0258289 0.999611 0.905233
0.999937 0.00291471 -0.0108436 -0.0302542 -0.00317479 0.999706 -0.0240455 -0.0342939 0.0107703 0.0240784 0.999652 0.925148
0.999928 -0.00193066 -0.0118407 -0.0109734 0.00165337 0.999725 -0.0233832 -0.0299492 0.0118826 0.023362 0.999656 0.94574
0.999937 0.00296787 -0.0108042 -0.0198018 -0.0031812 0.999799 -0.0197825 -0.0277451 0.0107433 0.0198156 0.999746 0.964226
0.999955 0.00414706 -0.00849792 -0.0425626 -0.0042779 0.999872 -0.0154364 -0.0318421 0.00843282 0.0154721 0.999845 0.983392
0.999962 0.00793885 -0.00363457 -0.101777 -0.00799484 0.999845 -0.0156598 -0.0455491 0.00350969 0.0156882 0.999871 0.998622
0.999988 0.00193876 -0.00446116 0.00989874 -0.00202891 0.999792 -0.0202924 -0.038097 0.00442089 0.0203012 0.999784 1.00801
0.999978 0.00397317 -0.00535783 -1.89789e-005 -0.00410513 0.999683 -0.0248476 -0.0367537 0.00525741 0.024869 0.999677 1.00175
0.999972 -0.00222256 -0.00713386 0.0180762 0.00202676 0.999624 -0.0273374 -0.0313277 0.00719194 0.0273221 0.999601 0.981755
0.999967 0.0050599 -0.0063343 -0.0343606 -0.00523514 0.999595 -0.0279606 -0.0465499 0.00619026 0.0279928 0.999589 1.00075
0.999981 0.00412508 -0.00456374 -0.0255798 -0.00425762 0.999558 -0.0294244 -0.0376723 0.00444035 0.0294433 0.999557 0.981365
0.99999 -3.23248e-006 -0.00446245 -0.0245429 -0.000121247 0.999611 -0.0278942 -0.0455961 0.00446081 0.0278945 0.999601 1.00108
0.999996 0.00207856 -0.00175404 -0.0654299 -0.00212202 0.999681 -0.0251477 -0.0475724 0.00170121 0.0251513 0.999682 1.01922
0.999994 -0.0021164 -0.00279928 0.00615029 0.00205135 0.999732 -0.0230405 -0.0393307 0.00284729 0.0230346 0.999731 1.00675
0.999997 -0.00033297 -0.00230262 -0.0186645 0.000281566 0.999752 -0.0222885 -0.0350139 0.00230947 0.0222878 0.999749 1.02677
0.99999 0.00312348 -0.00310463 0.012911 -0.00319384 0.999732 -0.0229227 -0.0332271 0.0030322 0.0229324 0.999732 1.04504
0.999999 -0.000456773 -0.00107993 -0.0462635 0.000433158 0.999763 -0.0217677 -0.0363524 0.00108962 0.0217672 0.999762 1.06402
0.999999 0.000929849 0.00114522 -0.0246677 -0.000905111 0.99977 -0.0214154 -0.0434564 -0.00116487 0.0214143 0.99977 1.04445
1 -0.000593228 -0.000492818 0.0292998 0.000582207 0.999756 -0.0220715 -0.0328786 0.000505791 0.0220712 0.999756 1.03082
0.99999 -0.00420243 0.00154083 0.00375741 0.00423603 0.999738 -0.0224963 -0.0257876 -0.00144589 0.0225026 0.999746 1.01143
0.999991 -0.00398406 -0.00107797 0.018029 0.00395964 0.999755 -0.0217782 -0.0209627 0.00116447 0.0217738 0.999762 1.03139
0.999999 0.00105002 0.000441153 -0.0157548 -0.00103942 0.999726 -0.0233771 -0.0457174 -0.000465578 0.0233766 0.999727 1.05065
0.999999 0.000417064 -0.00103791 0.0380065 -0.000445977 0.999607 -0.0280153 -0.0494332 0.00102582 0.0280157 0.999607 1.02988
0.999997 -0.00128335 -0.00213379 0.0193274 0.00121566 0.999505 -0.0314297 -0.037429 0.00217307 0.031427 0.999504 1.01088
0.999996 -0.00180543 -0.00197459 -0.00550209 0.00174764 0.999581 -0.028887 -0.0382793 0.00202592 0.0288835 0.999581 0.994116
0.999994 0.00355575 3.90412e-005 -0.0235038 -0.00355376 0.999701 -0.0241747 -0.0432258 -0.000124989 0.0241744 0.999708 1.00045
0.999999 0.00105348 0.00087555 -0.0107636 -0.00103434 0.999767 -0.0215774 -0.0367359 -0.000898077 0.0215765 0.999767 1.02094
0.999994 -0.00338657 0.000911839 -0.0180808 0.00340351 0.999809 -0.0192664 -0.0322332 -0.000846418 0.0192694 0.999814 1.041
0.999995 0.0026909 0.00134556 0.0174711 -0.00266657 0.999839 -0.0177654 -0.0354979 -0.00139315 0.0177618 0.999841 1.04064
0.999986 -0.00476434 0.00229254 -0.0095248 0.00480459 0.999829 -0.0178852 -0.0323075 -0.00220694 0.0178959 0.999837 1.06086
0.999984 -0.00562834 0.000494206 0.00914336 0.00563688 0.999795 -0.0194296 -0.0352602 -0.000384748 0.0194321 0.999811 1.08078
0.999997 -0.00205408 -0.00149476 0.0125087 0.00202038 0.999751 -0.0222058 -0.0354051 0.00154 0.0222028 0.999752 1.07917
0.999985 -0.00421203 -0.00360397 0.0242547 0.00412747 0.999723 -0.0231578 -0.0381792 0.00370052 0.0231426 0.999725 1.06618
0.999995 0.000488117 -0.0030232 -0.0169317 -0.000554102 0.999761 -0.0218639 -0.0409697 0.0030118 0.0218655 0.999756 1.0462
0.99999 -0.00301716 -0.00324129 -0.00828783 0.00295549 0.999818 -0.0188634 -0.0341288 0.00329762 0.0188536 0.999817 1.02836
0.999998 -0.00123714 -0.00126879 -0.0359292 0.00121669 0.999871 -0.0159974 -0.0243194 0.00128842 0.0159958 0.999871 1.03189
0.999985 -0.00476299 -0.00259124 0.00484798 0.00472465 0.999882 -0.0146068 -0.0317233 0.00266051 0.0145943 0.99989 1.01229
0.999981 -0.00499772 -0.00350359 -0.00454784 0.0049356 0.999834 -0.017521 -0.0328783 0.00359058 0.0175033 0.99984 1.03227
0.999981 -0.0051622 -0.0034413 -0.0363207 0.00508295 0.99973 -0.0226535 -0.0132165 0.00355731 0.0226355 0.999737 1.03284
0.999996 0.000865334 -0.00252045 -0.0359501 -0.000926336 0.999704 -0.024303 -0.0292413 0.00249867 0.0243053 0.999701 1.01251
0.999998 0.000912163 -0.00184646 -0.0388838 -0.000955946 0.999715 -0.0238519 -0.0230086 0.00182418 0.0238536 0.999714 0.992539
0.999977 -0.00450081 -0.00511037 0.0245118 0.00438927 0.999756 -0.0216325 -0.0367242 0.00520649 0.0216095 0.999753 0.972565
0.999989 -0.000840045 -0.00455012 -0.0217076 0.000753517 0.999819 -0.0189849 -0.0343499 0.00456525 0.0189813 0.999809 0.9527
0.999988 -0.0017915 -0.00452339 -0.00749345 0.00171698 0.999864 -0.0164245 -0.0338769 0.0045522 0.0164166 0.999855 0.932922
0.999997 -0.000816699 -0.00240138 -0.0377165 0.000777816 0.999869 -0.0161488 -0.0207256 0.00241425 0.0161469 0.999867 0.928587
0.999992 0.00100582 -0.0038566 -0.0315791 -0.00107269 0.999848 -0.0173755 -0.0325282 0.00383854 0.0173795 0.999842 0.948501
0.999979 -0.00270641 -0.00582593 0.0166399 0.00259501 0.999815 -0.0190433 -0.0312056 0.00587639 0.0190278 0.999802 0.928911
0.999978 0.00213719 -0.00620284 -0.0246896 -0.00226862 0.999771 -0.0212597 -0.0256881 0.00615598 0.0212733 0.999755 0.922363
0.99998 0.000276931 -0.0063327 -0.0183191 -0.000414045 0.999765 -0.0216607 -0.0367306 0.00632521 0.0216628 0.999745 0.902117
0.999967 -0.00462048 -0.00663747 0.0156685 0.00447592 0.999756 -0.0216315 -0.031889 0.0067358 0.0216011 0.999744 0.882336
0.999967 -0.0016168 -0.00801038 0.00741965 0.00144648 0.999774 -0.021223 -0.032637 0.00804288 0.0212107 0.999743 0.870781
0.999958 0.000186105 -0.00911373 -0.00621179 -0.000370203 0.999796 -0.0202026 -0.0298335 0.00910811 0.0202052 0.999754 0.850878
0.999958 0.00348066 -0.00844063 -0.0310274 -0.00366241 0.99976 -0.0216139 -0.0331658 0.00836337 0.021644 0.999731 0.870239
0.999958 -7.49666e-005 -0.00915394 -0.0199758 -0.000139219 0.999726 -0.0233953 -0.0320106 0.00915319 0.0233956 0.999684 0.864977
0.99996 -0.00171274 -0.00879136 -0.00462944 0.00149594 0.999696 -0.024608 -0.0314708 0.00883083 0.0245938 0.999659 0.847357
0.99998 -0.000209259 -0.00626392 -0.0134665 5.88896e-005 0.999712 -0.0239962 -0.0299523 0.00626714 0.0239953 0.999692 0.827303
0.99998 -0.00201948 -0.00601979 0.0120773 0.00187457 0.999711 -0.0239803 -0.0294876 0.00606647 0.0239685 0.999694 0.807325
0.999976 0.000341551 -0.00698061 0.112312 -0.00049218 0.999767 -0.021588 -0.0610961 0.00697161 0.0215909 0.999743 0.777512
0.999977 -0.00296833 -0.00611949 0.00289803 0.00283639 0.999766 -0.0214584 -0.0311025 0.00618176 0.0214406 0.999751 0.798478
0.999982 -3.04974e-005 -0.00591858 0.0345331 -8.92815e-005 0.999795 -0.0202364 -0.0382392 0.00591799 0.0202366 0.999778 0.789166
0.999981 -0.0040367 -0.00456205 0.00836244 0.0039543 0.999831 -0.0179298 -0.0380813 0.00463366 0.0179114 0.999829 0.809908
0.999998 -0.000321877 -0.00214157 -0.0183968 0.000287486 0.999871 -0.01604 -0.0332762 0.00214646 0.0160394 0.999869 0.789932
0.999994 0.00204704 0.00265145 -0.079392 -0.00200927 0.999898 -0.014168 -0.0380466 -0.00268019 0.0141626 0.999896 0.765802
0.999993 -0.00100752 0.00353836 0.0034968 0.00105562 0.999907 -0.0136185 -0.0373342 -0.00352431 0.0136222 0.999901 0.749909
0.999975 0.00332611 0.00629965 -0.0332407 -0.00321477 0.99984 -0.0176027 -0.0217504 -0.00635719 0.017582 0.999825 0.769822
0.999994 0.00123101 0.00308096 0.142554 -0.00115934 0.999731 -0.0231557 -0.024005 -0.00310864 0.023152 0.999727 0.736799
0.999955 0.000637444 -0.00947705 0.448104 -0.000883128 0.999663 -0.0259426 -0.00692278 0.00945731 0.0259498 0.999619 0.577314
0.999972 0.00215022 -0.00711287 -0.0260794 -0.00232901 0.999679 -0.0252244 -0.0276634 0.00705635 0.0252403 0.999657 0.709829
0.999981 0.0011949 -0.00602928 -0.00854173 -0.00132406 0.999769 -0.021464 -0.0480565 0.00600224 0.0214716 0.999751 0.68912
0.999986 0.0031477 -0.00428002 -0.0376916 -0.00322655 0.999823 -0.0185417 -0.0321344 0.0042209 0.0185552 0.999819 0.669015
0.999814 0.000152064 -0.0192612 0.372761 -0.000454969 0.999876 -0.0157228 -0.0678866 0.0192564 0.0157286 0.999691 0.52919
0.999428 0.0015602 -0.0337733 0.254743 -0.00216684 0.999837 -0.017933 -0.0317898 0.0337399 0.0179959 0.999269 0.576249
-0.0109852 -0.158293 -0.987331 -0.478665 -0.127144 -0.979155 0.158397 0.0530882 -0.991823 0.127273 -0.00936986 0.437793
0.00649717 0.157196 -0.987546 -0.625617 0.155658 0.97537 0.156282 0.0810454 0.98779 -0.154735 -0.0181316 -0.00149731
-0.00559832 0.158051 -0.987415 -0.605585 0.15636 0.975423 0.155245 0.0787163 0.987684 -0.153523 -0.0301736 -0.0142767
-0.0212296 0.160417 -0.986821 -0.585265 0.157497 0.975256 0.155148 0.0773296 0.987291 -0.152128 -0.0459695 -0.0241768
-0.0390711 0.165122 -0.985499 -0.562679 0.159717 0.974604 0.156964 0.0766438 0.986389 -0.151268 -0.0644516 -0.0581652
-0.0593725 0.170707 -0.983531 -0.541958 0.166311 0.973191 0.158872 0.0701103 0.984284 -0.154139 -0.0861711 -0.0692676
-0.0836224 0.177143 -0.980626 -0.520993 0.173528 0.971626 0.160719 0.0753634 0.981272 -0.156727 -0.111989 -0.0684465
-0.111525 0.182862 -0.976793 -0.494326 0.181218 0.970186 0.160935 0.0618051 0.977099 -0.159064 -0.141338 -0.113074
-0.145109 0.187819 -0.971425 -0.474764 0.184732 0.969696 0.159889 0.0624412 0.972017 -0.156252 -0.175408 -0.107845
-0.183071 0.194658 -0.963635 -0.449026 0.188755 0.968924 0.159866 0.064849 0.964809 -0.152624 -0.214125 -0.125962
-0.222534 0.206095 -0.952892 -0.42412 0.198657 0.96648 0.16264 0.0504912 0.954471 -0.153106 -0.256017 -0.144344
-0.262289 0.219268 -0.939748 -0.394031 0.212428 0.963073 0.165421 0.0519288 0.941318 -0.15624 -0.299183 -0.166348
-0.303518 0.231348 -0.924313 -0.36685 0.226312 0.959819 0.165921 0.0541776 0.925559 -0.158824 -0.343679 -0.176864
-0.346739 0.241186 -0.906422 -0.344477 0.237393 0.957477 0.16396 0.0475866 0.907423 -0.158327 -0.38925 -0.178415
-0.388591 0.253949 -0.885724 -0.310906 0.247413 0.954725 0.165186 0.0466977 0.887572 -0.15495 -0.433828 -0.223086
-0.432229 0.273121 -0.859409 -0.338019 0.263422 0.949703 0.169331 0.0481443 0.862431 -0.153197 -0.482435 -0.21876
-0.473943 0.296859 -0.829007 -0.340369 0.28719 0.942091 0.173166 0.0566029 0.832406 -0.156012 -0.531753 -0.248989
-0.51411 0.317053 -0.796974 -0.318722 0.311254 0.934797 0.171098 0.0458194 0.799257 -0.160098 -0.579273 -0.30006
-0.556847 0.331683 -0.761517 -0.330571 0.326286 0.93046 0.166675 0.0487591 0.763845 -0.155659 -0.626348 -0.316337
-0.599431 0.344605 -0.722447 -0.321595 0.338822 0.926967 0.161032 0.0427833 0.725177 -0.148254 -0.672413 -0.327942
-0.639502 0.359854 -0.679369 -0.312347 0.354706 0.922117 0.154545 0.053484 0.682071 -0.142144 -0.717338 -0.353682
-0.676085 0.377968 -0.632494 -0.296256 0.371331 0.916208 0.150588 0.049704 0.636413 -0.133055 -0.759786 -0.39328
-0.707995 0.400434 -0.581717 -0.279734 0.392143 0.907963 0.147742 0.0556581 0.587338 -0.123516 -0.799861 -0.428665
-0.730303 0.433653 -0.527828 -0.247994 0.424675 0.893424 0.14644 0.044693 0.535079 -0.11721 -0.836632 -0.453746
-0.7391 0.483186 -0.469321 -0.21519 0.472833 0.868392 0.149415 0.031627 0.479749 -0.111478 -0.870295 -0.451195
-0.726266 0.552884 -0.408481 -0.17549 0.542356 0.825974 0.153674 0.0263244 0.422359 -0.109934 -0.899738 -0.489724
-0.692219 0.6333 -0.34607 -0.153423 0.62312 0.766391 0.156096 0.0277958 0.36408 -0.107591 -0.925132 -0.475996
-0.628009 0.724299 -0.284597 -0.12479 0.715617 0.681191 0.154505 0.0361511 0.305773 -0.106632 -0.946114 -0.472818
-0.520515 0.82438 -0.222401 -0.106534 0.817315 0.556423 0.149635 0.027392 0.247104 -0.103884 -0.963404 -0.498347
-0.356884 0.919987 -0.162043 -0.0934419 0.913971 0.379741 0.143017 0.0191404 0.193108 -0.0970617 -0.976365 -0.521695
-0.107134 0.988387 -0.107766 -0.0867445 0.983018 0.121543 0.137491 -0.00186433 0.148993 -0.091206 -0.984623 -0.54346
0.252499 0.965743 -0.0598749 -0.0916227 0.960576 -0.242745 0.135529 0.00475362 0.116351 -0.0917352 -0.988963 -0.562915
0.676471 0.736198 -0.0199839 -0.0755735 0.731517 -0.668533 0.133964 0.0312514 0.0852638 -0.105241 -0.990785 -0.569465
0.957158 0.289401 0.0098046 -0.0614759 0.285832 -0.949693 0.127998 0.0634186 0.0463539 -0.119711 -0.991726 -0.588718
0.987843 -0.152275 0.0312708 -0.0236161 -0.154982 -0.980359 0.12197 0.0885553 0.0120836 -0.125334 -0.992041 -0.608443
0.875316 -0.48117 0.0479318 0.0169261 -0.483288 -0.867262 0.119538 0.0909692 -0.0159485 -0.127798 -0.991672 -0.628532
0.721817 -0.689625 0.0582897 0.0260536 -0.690692 -0.712467 0.123834 0.0902917 -0.0438697 -0.129646 -0.990589 -0.608088
0.636397 -0.768689 0.0641527 0.0399261 -0.768741 -0.625188 0.13482 0.0901046 -0.0635269 -0.135116 -0.988791 -0.627616
0.634389 -0.770002 0.0681775 0.0795793 -0.769794 -0.621242 0.146545 0.0595867 -0.070485 -0.145449 -0.986852 -0.607222
0.647552 -0.759046 0.0672725 0.0368931 -0.758561 -0.63369 0.15173 0.0882298 -0.07254 -0.149283 -0.98613 -0.628068
0.675851 -0.734098 0.0657696 0.0513322 -0.734142 -0.662607 0.148282 0.0944811 -0.0652745 -0.148501 -0.986756 -0.646425
0.676373 -0.733821 0.0634552 0.0415007 -0.733846 -0.663988 0.143492 0.130847 -0.063164 -0.14362 -0.987615 -0.661208
0.673695 -0.736329 0.0628877 0.0452704 -0.736358 -0.66164 0.141457 0.105751 -0.0625499 -0.141607 -0.987945 -0.685725
0.671738 -0.738077 0.0633189 0.0535921 -0.738107 -0.659591 0.141909 0.0991517 -0.0629755 -0.142062 -0.987852 -0.706371
0.66885 -0.740632 0.06406 0.060441 -0.740733 -0.656684 0.141706 0.10576 -0.0628848 -0.142231 -0.987834 -0.725147
0.658734 -0.749937 0.0605265 0.0364255 -0.749242 -0.64653 0.143649 0.112618 -0.0685953 -0.139975 -0.987776 -0.705446
0.695882 -0.715951 0.0562368 0.0397638 -0.715194 -0.683778 0.144728 0.105616 -0.0651647 -0.140934 -0.987872 -0.686087
0.737132 -0.673749 0.0519446 0.0398922 -0.673128 -0.72534 0.144155 0.101039 -0.0594466 -0.141226 -0.988191 -0.67745
0.770174 -0.636055 0.047591 0.0310299 -0.635553 -0.758977 0.141513 0.0993645 -0.0538894 -0.139236 -0.988792 -0.690187
0.795116 -0.604924 0.0431068 0.0301582 -0.60443 -0.784645 0.137832 0.10463 -0.0495545 -0.135648 -0.989517 -0.703723
0.821833 -0.568369 0.0393303 0.026865 -0.567911 -0.811748 0.136166 0.109221 -0.0454664 -0.134242 -0.989905 -0.723406
0.853577 -0.519292 0.0417549 0.055919 -0.519565 -0.842664 0.141313 0.0695564 -0.0381974 -0.142316 -0.989084 -0.706794
0.841687 -0.538697 0.0369869 0.0196645 -0.537934 -0.830615 0.143893 0.113066 -0.0467929 -0.141009 -0.988902 -0.72336
0.877522 -0.478357 0.0336112 0.0332197 -0.477896 -0.866577 0.143733 0.0990574 -0.0396288 -0.142191 -0.989046 -0.745117
0.896877 -0.441215 0.0306791 0.0277405 -0.440951 -0.886653 0.139314 0.112745 -0.0342655 -0.138475 -0.989773 -0.76363
0.907364 -0.419527 0.0262125 0.0135699 -0.419071 -0.898002 0.134062 0.119536 -0.0327037 -0.132628 -0.990626 -0.783221
0.926736 -0.374969 0.023647 0.0252207 -0.374748 -0.918014 0.129667 0.108126 -0.0269127 -0.129029 -0.991276 -0.804784
0.936473 -0.350073 0.02163 0.0318681 -0.34986 -0.927977 0.128282 0.111603 -0.024836 -0.1277 -0.991502 -0.824275
0.943801 -0.330084 0.0168829 -0.00599765 -0.329431 -0.935342 0.128885 0.133706 -0.0267517 -0.127204 -0.991516 -0.841834
0.965765 -0.259076 0.0133031 -0.0132794 -0.258495 -0.956746 0.133484 0.125223 -0.0218549 -0.132353 -0.990962 -0.863271
0.980014 -0.198815 0.00668113 -0.0366671 -0.197875 -0.970834 0.135375 0.153084 -0.0204282 -0.133991 -0.990772 -0.878414
0.995276 -0.0970333 0.0031096 -0.0281939 -0.0965597 -0.986081 0.135351 0.138973 -0.0100673 -0.135012 -0.990793 -0.886208
0.998854 -0.0477288 -0.00361379 -0.0617466 -0.0468092 -0.989797 0.134573 0.135031 -0.00999992 -0.13425 -0.990897 -0.898028
0.99847 0.0552923 -0.00104048 0.0107469 0.0549397 -0.9896 0.132941 0.138595 0.00632095 -0.132795 -0.991123 -0.903858
0.999872 0.0159971 -3.71867e-005 -0.00615742 0.0158623 -0.991138 0.131883 0.134216 0.00207289 -0.131867 -0.991265 -0.899028
0.999989 -0.00462607 0.000758326 -0.0219463 -0.00468552 -0.991395 0.130824 0.137517 0.000146599 -0.130826 -0.991405 -0.918516
0.999921 -0.0125149 0.00153117 -0.00687284 -0.0126077 -0.991407 0.130201 0.136499 -0.000111445 -0.13021 -0.991486 -0.939119
0.999712 -0.0238499 0.00260992 -0.00985441 -0.023987 -0.991265 0.129684 0.143554 -0.000505835 -0.12971 -0.991552 -0.946541
0.999156 -0.0409927 0.00269757 -0.0137253 -0.0409963 -0.990715 0.129627 0.137129 -0.00264125 -0.129629 -0.991559 -0.9422
0.999229 -0.039064 0.00397244 0.0128559 -0.0392483 -0.990677 0.130454 0.141277 -0.00116067 -0.13051 -0.991446 -0.948632
0.998282 -0.0583175 0.00558369 0.0128545 -0.058542 -0.989404 0.132863 0.138489 -0.0022237 -0.132961 -0.991119 -0.951963
0.996406 -0.0843344 0.00792391 -0.0167294 -0.084632 -0.987268 0.134681 0.129499 -0.00353522 -0.134868 -0.990857 -0.932976
0.993073 -0.116827 0.0125318 0.00648944 -0.117456 -0.98425 0.132123 0.137478 -0.00310114 -0.13268 -0.991154 -0.912327
0.981998 -0.188204 0.0161183 -0.00324045 -0.188706 -0.973644 0.12809 0.13585 -0.00841362 -0.128826 -0.991632 -0.932804
0.968452 -0.248427 0.0196347 0.000822354 -0.248893 -0.960322 0.125831 0.14148 -0.0124042 -0.126748 -0.991857 -0.952196
0.951844 -0.305513 0.0255847 0.0360273 -0.306224 -0.943377 0.127545 0.129896 -0.0148307 -0.129238 -0.991503 -0.97336
0.92066 -0.389462 0.0265421 -0.00514137 -0.389507 -0.912004 0.128582 0.158348 -0.0258712 -0.128718 -0.991344 -0.980691
0.919413 -0.391906 0.0330163 0.0759327 -0.392656 -0.909898 0.133816 0.112082 -0.0224019 -0.135996 -0.990456 -0.963946
0.888408 -0.458099 0.0296152 -0.0194304 -0.457652 -0.878808 0.135095 0.189812 -0.0358608 -0.133573 -0.99039 -0.934118
0.907811 -0.418404 0.0285843 -0.00579222 -0.418292 -0.898445 0.133524 0.139353 -0.0301858 -0.133172 -0.990633 -0.922927
