0.666749 0.860443
0.665117 0.859327
0.167061 0.860438
0.167061 0.85943
0.486561 0.860435
0.480999 0.859398
0.486471 0.860538
0.490076 0.859446
0.487729 0.860306
0.491299 0.860598
0.493085 0.859134
0.492092 0.860432
0.49255 0.860357
0.490763 0.859593
0.492942 0.855871
0.491831 0.863667
0.492298 0.870724
0.492516 0.881615
0.492934 0.891922
0.492523 0.901721
0.493731 0.906165
0.483267 0.913045
0.475555 0.9151
0.491053 0.918507
0.506149 0.928696
0.506182 0.936147
0.509807 0.937333
0.51258 0.944008
0.128252 0.946881
0.128252 0.949428
0.479889 0.953304
0.478429 0.960035
0.477117 0.96987
0.477337 0.97703
0.476445 0.98083
0.476581 0.980618
0.475277 0.98057
0.473381 0.985831
0.471344 1.01335
0.473347 1.06045
0.469275 1.04463
0.46959 1.04654
0.469873 1.03506
0.470428 1.03788
0.471103 1.02578
0.471578 1.02486
0.117111 1.01252
0.117111 1.00791
0.429673 1.00366
0.445188 1.0017
0.458881 0.997628
0.45951 0.989036
0.457923 0.980541
0.453587 0.984487
0.452742 0.983564
0.452319 0.979146
0.45206 0.972598
0.449261 0.965427
0.44812 0.96585
0.446501 0.961009
0.446471 0.964335
0.444294 0.964033
0.44526 0.954338
0.443525 0.943635
0.441271 0.927331
0.438466 0.917557
0.435994 0.913813
0.451547 0.901613
0.466148 0.885961
0.468215 0.8718
0.467308 0.858085
0.469038 0.846155
0.469219 0.831775
0.469192 0.819611
0.468995 0.807556
0.470538 0.79703
0.47278 0.77941
0.472517 0.756639
0.117825 0.733996
0.117825 0.715997
0.434294 0.698293
0.109048 0.680013
0.109048 0.659839
0.402431 0.633923
0.0994509 0.614207
0.0994509 0.596759
0.362804 0.584415
0.359157 0.572595
