0.999988 -0.0027938 -0.00398654 0.00880003 0.00278629 0.999994 -0.00188774 -0.00900413 0.00399179 0.00187661 0.99999 0.670853
0.999976 -0.00302217 -0.0062819 -0.00334815 0.00299809 0.999988 -0.00383816 -0.0106233 0.00629343 0.00381923 0.999973 1.33034
0.99994 -0.00145235 -0.010819 -0.020203 0.00139709 0.999986 -0.00511387 -0.00824434 0.0108262 0.00509845 0.999928 1.98868
0.999873 0.00386532 -0.0154476 -0.0375335 -0.00395583 0.999975 -0.00583293 -0.0184191 0.0154246 0.00589329 0.999864 2.68208
0.999795 -0.00257805 -0.0200944 -0.0560068 0.00246581 0.999981 -0.00560875 -0.0322796 0.0201085 0.00555805 0.999782 3.5188
0.999782 0.000934234 -0.0208638 -0.0984624 -0.00108191 0.999974 -0.00706815 -0.0329468 0.0208567 0.00708919 0.999757 4.10669
0.999517 0.00513626 -0.0306331 -0.113156 -0.00535996 0.99996 -0.00722489 -0.043028 0.0305948 0.0073856 0.999505 4.94929
0.999388 -0.00150836 -0.0349598 -0.156305 0.00130395 0.999982 -0.00586895 -0.0510073 0.034968 0.00581977 0.999371 5.7828
0.999238 0.00333633 -0.0388834 -0.195344 -0.00346625 0.999989 -0.00327439 -0.0642233 0.038872 0.00340668 0.999238 6.56187
0.99911 0.00541387 -0.0418299 -0.212773 -0.00543022 0.999985 -0.000277302 -0.0692277 0.0418278 0.000504201 0.999125 7.25303
0.998991 0.0036258 -0.0447703 -0.269053 -0.0037122 0.999991 -0.00184695 -0.0805696 0.0447632 0.00201128 0.998996 8.07935
0.998901 0.00015566 -0.0468678 -0.293262 -0.000228095 0.999999 -0.00154017 -0.0865152 0.0468675 0.00154917 0.9989 8.87328
0.998802 -0.00126059 -0.0489253 -0.348331 0.00115705 0.999997 -0.00214456 -0.0968747 0.0489279 0.00208538 0.9988 9.71278
0.998728 -0.00106472 -0.0504182 -0.394736 0.00100533 0.999999 -0.00120342 -0.104467 0.0504194 0.0011512 0.998727 10.5767
0.998557 -0.00852266 -0.0530276 -0.454238 0.00847741 0.999963 -0.00107821 -0.115404 0.0530349 0.000627121 0.998592 11.4207
0.99856 -0.000541047 -0.0536439 -0.466288 0.000336886 0.999993 -0.00381483 -0.129302 0.0536456 0.00379127 0.998553 12.2223
0.998357 0.0105716 -0.0563244 -0.48925 -0.0109006 0.999925 -0.00553625 -0.140514 0.0562616 0.00614112 0.998397 12.9335
0.99836 0.00233782 -0.0571939 -0.598757 -0.00283334 0.999959 -0.00858434 -0.143269 0.0571715 0.00873232 0.998326 13.9235
0.998079 0.0153752 -0.060013 -0.614765 -0.0158178 0.999851 -0.00690789 -0.159718 0.0598979 0.00784389 0.998174 14.7814
0.998277 0.00766453 -0.0581793 -0.629335 -0.00801197 0.999951 -0.00574104 -0.181557 0.0581325 0.00619727 0.99829 15.5914
0.998217 0.015658 -0.0576003 -0.870318 -0.0159232 0.999865 -0.00414663 -0.215445 0.0575275 0.00505642 0.998331 16.4648
0.998019 -0.0015155 -0.0629027 -0.830418 0.00117481 0.999984 -0.00545264 -0.197621 0.0629099 0.00536793 0.998005 17.4029
0.998019 -0.00800525 -0.0624033 -0.864584 0.0076286 0.999951 -0.00627166 -0.206895 0.0624505 0.00578318 0.998031 18.3268
0.998024 -0.0027138 -0.0627768 -0.969785 0.00229452 0.999975 -0.00675008 -0.229169 0.0627935 0.0065927 0.998005 19.1843
0.998005 0.00564047 -0.0628763 -1.05828 -0.00594318 0.999972 -0.00462839 -0.228366 0.0628484 0.00499284 0.998011 20.1665
0.998092 0.0147294 -0.0599598 -1.10257 -0.0146327 0.999891 0.00205239 -0.252403 0.0599835 -0.0011711 0.998199 21.133
0.997861 -0.00370897 -0.0652648 -1.16617 0.00385015 0.999991 0.00203744 -0.245403 0.0652566 -0.00228437 0.997866 22.0596
0.998033 0.00121173 -0.0626797 -1.20175 -0.00087757 0.999985 0.00535844 -0.257865 0.0626853 -0.00529289 0.998019 22.8703
0.998246 -0.00125728 -0.0591962 -1.28999 0.00168408 0.999973 0.00716049 -0.268832 0.0591856 -0.00724762 0.998221 23.8869
0.998291 -0.00363522 -0.0583259 -1.32578 0.00386729 0.999985 0.00386652 -0.276479 0.0583109 -0.00408547 0.99829 24.9079
0.998331 0.0118026 -0.0565324 -1.42314 -0.011811 0.99993 0.000186406 -0.276659 0.0565307 0.000481609 0.998401 25.9223
0.998394 0.00645797 -0.0562738 -1.49231 -0.0066628 0.999972 -0.00345304 -0.286083 0.0562499 0.00382244 0.998409 27.0518
0.998445 -0.00273127 -0.0556729 -1.54669 0.00256908 0.999992 -0.00298463 -0.305349 0.0556807 0.00283696 0.998445 28.3089
0.99848 -0.00671455 -0.0547036 -1.60859 0.00686401 0.999973 0.0025449 -0.315906 0.054685 -0.00291652 0.998499 29.3694
0.998503 -0.00466845 -0.0545054 -1.66846 0.00493466 0.999977 0.00475055 -0.313815 0.054482 -0.0050124 0.998502 30.2911
0.998224 -0.0154415 -0.0575395 -1.69772 0.0157069 0.999868 0.00416203 -0.323105 0.0574676 -0.00505841 0.998335 31.1622
0.998216 -0.0141611 -0.0580045 -1.74259 0.0142084 0.999899 0.000403669 -0.343457 0.0579929 -0.0012271 0.998316 31.9794
0.998187 -0.0131095 -0.05874 -1.82343 0.0129281 0.99991 -0.00346636 -0.351508 0.0587802 0.00270068 0.998267 33.1937
0.997975 -0.010915 -0.0626709 -1.9014 0.0106895 0.999935 -0.0039309 -0.360199 0.0627097 0.00325302 0.998027 34.3045
0.99793 -0.0088048 -0.0637077 -1.94876 0.0086165 0.999958 -0.00322987 -0.363944 0.0637334 0.00267425 0.997963 35.1071
0.997851 0.00130172 -0.0655134 -2.01756 -0.00128571 0.999999 0.000286463 -0.393394 0.0655137 -0.000201616 0.997852 36.3841
0.997956 0.0063458 -0.063586 -2.09802 -0.0061866 0.999977 0.00270022 -0.401768 0.0636017 -0.00230132 0.997973 37.097
0.997802 0.00647484 -0.0659446 -2.14101 -0.00621922 0.999972 0.00408096 -0.397625 0.0659692 -0.00366187 0.997815 37.9498
0.997824 0.000575881 -0.0659371 -2.22165 -0.000122594 0.999976 0.00687837 -0.402568 0.0659395 -0.00685532 0.9978 39.1036
0.997798 0.00682298 -0.0659759 -2.31266 -0.00616104 0.999929 0.0102313 -0.407695 0.066041 -0.00980228 0.997769 40.2051
0.997732 0.0059218 -0.0670443 -2.35045 -0.00532047 0.999944 0.00914412 -0.41163 0.0670947 -0.00876667 0.997708 40.5965
0.997755 0.00684024 -0.0666236 -2.42614 -0.00632684 0.999949 0.00791393 -0.418925 0.0666743 -0.00747464 0.997747 41.9771
0.997755 0.00239936 -0.0669326 -2.55988 -0.00203503 0.999983 0.00551097 -0.424498 0.0669446 -0.00536239 0.997742 43.5409
0.997804 0.00747919 -0.065808 -2.62481 -0.00710732 0.999957 0.00588311 -0.434934 0.0658492 -0.00540248 0.997815 44.5535
0.997487 -0.00312314 -0.0707827 -2.67157 0.00358979 0.999973 0.00646642 -0.433514 0.0707605 -0.00670426 0.997471 45.5552
0.997598 0.00229679 -0.0692332 -2.75418 -0.00174139 0.999966 0.0080815 -0.451693 0.0692494 -0.00794152 0.997568 46.5617
0.997621 0.00482468 -0.0687619 -2.86073 -0.00451194 0.999979 0.00470264 -0.463236 0.0687831 -0.00438121 0.997622 47.9489
0.997473 -0.000666712 -0.0710435 -2.95984 0.000670883 1 3.48517e-005 -0.466083 0.0710434 -8.24254e-005 0.997473 49.104
0.997412 0.004339 -0.0717636 -3.00745 -0.00437274 0.99999 -0.000313073 -0.480189 0.0717616 0.000626066 0.997422 49.9341
0.997295 0.00405097 -0.0733932 -3.08474 -0.00389646 0.99999 0.00224826 -0.493378 0.0734016 -0.00195621 0.997301 50.8373
0.997284 0.00558198 -0.0734366 -3.16098 -0.00518164 0.999971 0.00564085 -0.508243 0.0734659 -0.00524501 0.997284 52.2485
0.997327 -0.00437318 -0.0729401 -3.27532 0.00483802 0.999969 0.00619747 -0.521817 0.0729107 -0.00653379 0.997317 53.6381
0.997333 -0.00448271 -0.0728509 -3.3046 0.00483716 0.999977 0.00468969 -0.53521 0.0728282 -0.00502957 0.997332 54.084
0.997348 -0.0059724 -0.0725342 -3.37344 0.0062601 0.999973 0.00373977 -0.544812 0.0725099 -0.00418393 0.997359 55.0608
0.997142 -0.0110798 -0.0747395 -3.44657 0.0114152 0.999927 0.00406193 -0.539534 0.074689 -0.00490348 0.997195 56.2582
0.997102 -0.0121479 -0.0750962 -3.57197 0.0128269 0.999881 0.0085661 -0.566547 0.0749832 -0.00950453 0.99714 57.5962
0.996993 -0.0123245 -0.0765102 -3.60991 0.013413 0.999816 0.013729 -0.560785 0.0763269 -0.0147139 0.996974 58.3806
0.997151 -0.00529569 -0.0752388 -3.66247 0.00650524 0.999853 0.0158402 -0.562257 0.0751438 -0.0162845 0.99704 58.7749
0.996875 -0.00473854 -0.0788584 -3.76035 0.00564001 0.999921 0.0112127 -0.558735 0.0787991 -0.0116224 0.996823 60.1822
0.996927 0.00162857 -0.0783149 -3.85154 -0.00131095 0.999991 0.00410703 -0.570645 0.0783208 -0.00399175 0.99692 61.2337
0.996774 0.00526556 -0.0800864 -3.92669 -0.00528794 0.999986 -6.72601e-005 -0.588874 0.0800849 0.000490535 0.996788 62.2999
0.996598 0.0140082 -0.0812177 -4.03396 -0.0139631 0.999902 0.00112327 -0.602274 0.0812255 1.45994e-005 0.996696 63.3181
0.996776 0.0155935 -0.0787096 -4.19235 -0.0154692 0.999878 0.00218891 -0.610886 0.0787341 -0.000964276 0.996895 64.4746
0.99646 0.0166032 -0.0824137 -4.20784 -0.0162601 0.999856 0.00483215 -0.623868 0.0824821 -0.00347498 0.996586 65.0398
0.996283 0.0108225 -0.0854598 -4.27484 -0.0104764 0.999935 0.00449659 -0.626407 0.0855029 -0.00358456 0.996331 65.8693
0.996365 0.0151485 -0.0838312 -4.37183 -0.0147019 0.999874 0.00594169 -0.642223 0.0839107 -0.00468761 0.996462 66.7759
0.996064 0.00744516 -0.0883277 -4.45633 -0.00682963 0.99995 0.00726894 -0.656578 0.0883774 -0.00663708 0.996065 67.7041
0.996005 0.00829264 -0.0889112 -4.55465 -0.00773565 0.999948 0.0066073 -0.661518 0.0889614 -0.00589312 0.996018 68.8385
0.996071 0.00514655 -0.0884036 -4.65088 -0.00452846 0.999964 0.00719079 -0.680367 0.0884374 -0.00676221 0.996059 69.7248
0.995826 0.0064591 -0.0910419 -4.73357 -0.00543752 0.999919 0.0114646 -0.693603 0.0911087 -0.0109217 0.995781 70.6102
0.99568 0.00118343 -0.0928408 -4.82184 0.000189915 0.999891 0.0147823 -0.686062 0.0928482 -0.0147361 0.995571 71.5419
0.995508 0.00814567 -0.0943295 -4.8434 -0.00656722 0.999833 0.0170317 -0.686849 0.0944525 -0.0163357 0.995395 71.6325
0.995407 0.00738341 -0.0954516 -4.9909 -0.00618379 0.999898 0.0128575 -0.701087 0.0955369 -0.0122082 0.995351 73.1355
0.995499 0.0228373 -0.0919806 -5.10264 -0.0223804 0.999732 0.00599533 -0.710588 0.0920928 -0.00390978 0.995743 74.0041
0.995244 0.00776101 -0.0971006 -5.18548 -0.00777265 0.99997 0.000258413 -0.72006 0.0970996 0.000497544 0.995275 74.9845
0.995111 0.00805478 -0.0984297 -5.26864 -0.00825139 0.999965 -0.0015905 -0.716266 0.0984134 0.0023949 0.995143 75.8197
0.995063 0.00852357 -0.0988777 -5.40732 -0.0082702 0.999961 0.00297196 -0.742001 0.0988992 -0.00213955 0.995095 76.8593
0.994967 0.00555767 -0.100053 -5.438 -0.00505194 0.999973 0.00530733 -0.756741 0.10008 -0.00477515 0.994968 77.3781
0.994803 0.00109549 -0.10181 -5.50212 -0.00105438 0.999999 0.000457544 -0.75946 0.10181 -0.00034782 0.994804 78.0313
0.994931 -0.0081471 -0.100227 -5.58606 0.00770291 0.999959 -0.00481793 -0.773253 0.100263 0.00402147 0.994953 78.6763
0.995072 -0.0133929 -0.098251 -5.64264 0.0125397 0.999878 -0.00929678 -0.791246 0.0983635 0.00801893 0.995118 79.3184
0.99534 -0.0116005 -0.0957272 -5.68746 0.0108361 0.999905 -0.00850133 -0.805696 0.0958167 0.00742441 0.995371 79.8967
0.995577 -0.0110419 -0.0933032 -5.73855 0.0105465 0.999928 -0.0058007 -0.810235 0.0933605 0.00479102 0.995621 80.4127
0.996049 -0.00467921 -0.0886839 -5.78863 0.00445804 0.999986 -0.00269173 -0.820649 0.0886953 0.00228574 0.996056 80.9101
0.99671 -0.00453975 -0.0809198 -5.81289 0.00458268 0.999989 0.000344811 -0.830183 0.0809174 -0.000714507 0.996721 81.3287
0.997268 -0.00640733 -0.0735915 -5.8417 0.00673561 0.999968 0.00421359 -0.849102 0.0735621 -0.00469777 0.99728 81.8665
0.997972 -0.00283716 -0.0635973 -5.87752 0.00315634 0.999983 0.00491898 -0.856926 0.0635822 -0.00510974 0.997964 82.4092
0.998826 -0.000924452 -0.0484376 -5.89748 0.00113373 0.99999 0.00429324 -0.858436 0.0484331 -0.00434311 0.998817 82.8689
0.999554 0.0059931 -0.0292582 -5.90456 -0.00583234 0.999967 0.00557677 -0.858851 0.0292907 -0.00540364 0.999556 83.1235
0.99994 0.0060576 -0.00916631 -5.89161 -0.00600246 0.999964 0.00603106 -0.870816 0.00920251 -0.00597567 0.99994 83.7984
0.999797 0.00810862 0.0184637 -5.87125 -0.00823202 0.999944 0.00661719 -0.878291 -0.018409 -0.00676784 0.999808 84.3718
0.998815 0.00409373 0.0484991 -5.81516 -0.0045048 0.999955 0.00836954 -0.881723 -0.0484626 -0.00857809 0.998788 84.7469
0.996708 -0.00190062 0.0810555 -5.76832 0.00101417 0.999939 0.0109761 -0.887327 -0.0810715 -0.0108577 0.996649 85.2098
0.993146 -0.00601627 0.116722 -5.6808 0.00456806 0.999909 0.0126709 -0.886376 -0.116788 -0.0120509 0.993084 85.6752
0.988159 -0.00658803 0.153294 -5.56369 0.0048305 0.999918 0.0118348 -0.886872 -0.153359 -0.0109541 0.98811 86.1898
0.974304 -9.11308e-005 0.225236 -5.52965 -0.00405827 0.99983 0.0179594 -0.905657 -0.225199 -0.018412 0.974139 86.5916
0.964119 -0.0112134 0.265234 -5.36884 0.0069507 0.999831 0.0170048 -0.918272 -0.26538 -0.0145511 0.964034 87.0515
0.94879 -0.00276879 0.315896 -5.20894 -0.000889289 0.999934 0.0114353 -0.923144 -0.315907 -0.0111306 0.948725 87.47
0.938522 -0.0110917 0.345042 -4.9411 0.00780017 0.99991 0.0109263 -0.927646 -0.345132 -0.00756319 0.938524 87.8443
0.899557 0.0148576 0.436551 -4.78752 -0.0136403 0.999889 -0.005923 -0.882388 -0.436591 -0.000626618 0.89966 88.3381
0.87746 -0.000806918 0.479649 -4.49067 -0.00293941 0.999971 0.00705956 -0.912768 -0.47964 -0.00760437 0.877432 88.6872
0.839814 -0.00589723 0.542841 -3.89473 0.00335952 0.999978 0.00566598 -0.915527 -0.542863 -0.00293468 0.839816 89.5842
0.80404 -0.00110914 0.594574 -3.75541 0.0161805 0.999669 -0.020016 -0.819545 -0.594355 0.0257141 0.803792 89.6265
0.770885 -0.0127053 0.636848 -3.49107 0.0112452 0.999917 0.0063366 -0.887823 -0.636875 0.00227668 0.770964 89.8145
0.734656 -0.0180136 0.6782 -3.14937 0.00684283 0.999793 0.0191429 -0.910773 -0.678405 -0.00942267 0.734628 90.0713
0.678914 -0.00319391 0.734211 -2.89394 -0.0122876 0.999801 0.0157114 -0.932512 -0.734115 -0.0196883 0.678739 90.318
0.624104 0.00527116 0.781324 -2.48013 -0.00412322 0.999986 -0.00345282 -0.891192 -0.781331 -0.00106665 0.624116 90.6274
0.576629 -0.0196942 0.816769 -2.1644 0.0414489 0.999127 -0.00517121 -0.790838 -0.815954 0.0368361 0.576942 90.8098
0.545665 -0.00330155 0.837997 -1.73782 -0.0177883 0.999721 0.0155216 -0.962265 -0.837815 -0.0233762 0.545454 90.9779
0.494712 -0.00692499 0.869029 -1.39242 0.00198055 0.999975 0.00684098 -0.882317 -0.869055 -0.00166316 0.494713 91.1504
0.445831 0.00175203 0.895115 -1.03083 -0.00436058 0.99999 0.000214576 -0.891962 -0.895106 -0.00399888 0.445835 91.29
0.408059 -0.0101843 0.912899 -0.539461 0.0064756 0.999945 0.00826083 -0.879861 -0.912933 0.00254066 0.408102 91.4197
0.362414 -0.019184 0.93182 -0.366368 -0.00053116 0.999784 0.0207898 -0.919116 -0.932017 -0.00802945 0.362325 91.4737
0.292548 -0.00284264 0.956247 -0.0152475 -0.0116824 0.99991 0.0065465 -0.929211 -0.956179 -0.0130864 0.292489 91.7438
0.296325 -0.0234914 0.954798 0.533815 0.0081888 0.999723 0.0220552 -0.894585 -0.955052 0.00128315 0.296435 91.733
0.248552 -0.00123182 0.968618 1.31083 0.0158929 0.99987 -0.00280662 -0.846763 -0.968488 0.0160917 0.248539 92.0059
0.238414 -0.00196107 0.971162 1.68424 -0.00411591 0.999987 0.00302971 -0.918453 -0.971155 -0.00471954 0.238403 92.0049
0.217823 -0.010673 0.97593 2.04591 -0.00826432 0.999884 0.0127795 -0.92081 -0.975953 -0.0108491 0.21771 92.0602
0.183667 -0.00572236 0.982972 2.57235 -0.00335875 0.999974 0.00644891 -0.919274 -0.982983 -0.004486 0.183642 92.075
0.167539 -0.0124418 0.985787 2.9853 0.00185867 0.999923 0.0123043 -0.898061 -0.985864 -0.000229197 0.167549 92.1736
0.143721 -0.0170757 0.989471 3.43393 0.019905 0.999699 0.014361 -0.886926 -0.989418 0.0176314 0.144018 92.222
0.128217 -0.0169228 0.991602 3.81122 0.020413 0.999688 0.0144213 -0.893347 -0.991536 0.0183925 0.128523 92.2484
0.114203 -0.0181884 0.993291 4.30841 0.0117823 0.999787 0.0169527 -0.885931 -0.993388 0.0097672 0.114393 92.292
0.0975033 -0.0108373 0.995176 4.76403 -0.00167717 0.999938 0.0110535 -0.890149 -0.995234 -0.00274683 0.0974791 92.3373
0.0850628 -0.0107754 0.996317 5.16831 -0.0157752 0.999802 0.0121599 -0.896989 -0.996251 -0.0167514 0.084876 92.3561
0.0735244 -0.0158192 0.997168 5.69623 -0.0233574 0.999573 0.0175795 -0.877738 -0.99702 -0.0245838 0.0731235 92.3904
0.064264 -0.0198787 0.997735 6.16114 -0.0207594 0.999559 0.0212522 -0.879035 -0.997717 -0.0220781 0.0638229 92.3978
0.0552007 -0.0202403 0.99827 6.7061 -0.0150196 0.999665 0.0210991 -0.878771 -0.998362 -0.0161583 0.0548782 92.4298
0.0501622 -0.0246303 0.998437 7.24165 -0.0107267 0.999625 0.0251986 -0.874792 -0.998683 -0.011974 0.0498792 92.4467
0.0441385 -0.0249995 0.998713 7.8279 -0.00827045 0.999643 0.0253883 -0.854379 -0.998991 -0.00938041 0.043916 92.4749
0.0380802 -0.0239764 0.998987 8.65051 -0.0133596 0.999611 0.0245006 -0.863927 -0.999185 -0.0142791 0.0377451 92.5139
0.0346845 -0.0258887 0.999063 9.16596 -0.01708 0.999503 0.0264931 -0.850274 -0.999252 -0.0179829 0.0342251 92.5172
0.0309736 -0.0266501 0.999165 9.76868 -0.0179211 0.999469 0.0272137 -0.827367 -0.99936 -0.018749 0.0304796 92.5294
0.0264951 -0.0279082 0.999259 10.5118 -0.0198553 0.999398 0.0284386 -0.791154 -0.999452 -0.0205941 0.025925 92.5606
0.0273225 -0.0309316 0.999148 11.1445 -0.0247565 0.999194 0.03161 -0.811336 -0.99932 -0.0255991 0.0265348 92.5428
0.0244981 -0.0329609 0.999156 11.8984 -0.0248688 0.999127 0.0335697 -0.783644 -0.999391 -0.0256702 0.023657 92.5709
0.0245014 -0.0371261 0.99901 12.7612 -0.0291334 0.998859 0.037835 -0.770779 -0.999275 -0.0300316 0.0233919 92.6107
0.0274234 -0.0397505 0.998833 13.5102 -0.029412 0.998744 0.0405545 -0.739813 -0.999191 -0.0304898 0.0262199 92.6251
0.0301522 -0.0419126 0.998666 14.2685 -0.0294704 0.998649 0.0428016 -0.723785 -0.999111 -0.0307216 0.0288762 92.6617
0.0365383 -0.0453812 0.998301 15.1691 -0.0304649 0.998453 0.0465032 -0.659163 -0.998868 -0.0321123 0.0350992 92.6993
0.0402545 -0.0440675 0.998217 15.7964 -0.0354423 0.998335 0.045502 -0.653243 -0.998561 -0.0372108 0.0386256 92.7223
0.0441526 -0.0419625 0.998143 16.5825 -0.0416009 0.998174 0.043804 -0.63618 -0.998158 -0.0434578 0.0423263 92.7696
0.049115 -0.0399918 0.997992 17.6058 -0.0448666 0.998101 0.0422042 -0.582417 -0.997785 -0.0468494 0.0472275 92.8135
0.0534512 -0.0400368 0.997768 18.7095 -0.0491706 0.997878 0.0426754 -0.534088 -0.997359 -0.0513419 0.0513691 92.874
0.0572586 -0.0373317 0.997661 19.1384 -0.0484799 0.998018 0.0401274 -0.52022 -0.997182 -0.0506642 0.0553352 92.9058
0.0615302 -0.0342272 0.997518 20.007 -0.045304 0.998286 0.037048 -0.50451 -0.997077 -0.0474711 0.0598741 92.9538
0.0603984 -0.0264398 0.997824 21.1022 -0.0383525 0.998849 0.0287885 -0.470692 -0.997437 -0.0400078 0.0593148 93.0518
0.0622746 -0.0266564 0.997703 22.1196 -0.030826 0.999115 0.0286182 -0.4555 -0.997583 -0.0325374 0.0613978 93.0869
0.0608603 -0.0242852 0.997851 23.5239 -0.0283685 0.999258 0.0260497 -0.4136 -0.997743 -0.0298929 0.0601262 93.2178
0.0630422 -0.0206195 0.997798 23.9547 -0.0305506 0.999278 0.0225804 -0.427298 -0.997543 -0.0319068 0.0623667 93.2157
0.0574815 -0.0190837 0.998164 25.1506 -0.0321601 0.999263 0.0209567 -0.377345 -0.997828 -0.0333057 0.0568254 93.3526
0.0586898 -0.0184643 0.998105 25.891 -0.0304895 0.999329 0.0202798 -0.370782 -0.997811 -0.0316219 0.0580874 93.4056
0.0612589 -0.0165514 0.997985 26.7283 -0.0314423 0.999334 0.0185038 -0.366227 -0.997627 -0.0325125 0.0606977 93.4405
0.0607791 -0.0179801 0.997989 27.7682 -0.027379 0.999432 0.0196736 -0.347534 -0.997776 -0.0285197 0.0602523 93.5163
0.0609094 -0.0128671 0.99806 28.7887 -0.0240707 0.999607 0.014356 -0.365595 -0.997853 -0.0248984 0.0605758 93.5968
0.0562336 -0.00960342 0.998371 29.5141 -0.0228505 0.999679 0.0109031 -0.350423 -0.998156 -0.0234264 0.0559961 93.6641
0.0496256 -0.00380264 0.998761 30.4854 -0.0203338 0.999782 0.00481685 -0.350895 -0.998561 -0.0205476 0.0495374 93.7123
0.0488544 -0.00474103 0.998795 31.5788 -0.0227447 0.999724 0.00585797 -0.349155 -0.998547 -0.0230035 0.0487331 93.7638
0.041567 -0.000895638 0.999135 32.6304 -0.022166 0.999753 0.00181836 -0.345115 -0.99889 -0.0222224 0.0415369 93.8238
0.0350923 -0.00505828 0.999371 33.5486 -0.0197784 0.999788 0.0057549 -0.364578 -0.999188 -0.0199679 0.0349848 93.8408
0.0239386 1.10553e-005 0.999713 34.3744 -0.0155507 0.999879 0.000361313 -0.374639 -0.999592 -0.0155549 0.0239359 93.8759
0.0139421 0.000861127 0.999902 35.3882 -0.0105424 0.999944 -0.000714165 -0.388972 -0.999847 -0.0105314 0.0139504 93.8908
0.00387398 -0.00505898 0.99998 36.5466 -0.00635638 0.999967 0.00508354 -0.382214 -0.999972 -0.00637595 0.00384169 93.9236
-0.00529885 -0.000962133 0.999985 37.4921 -0.00415324 0.999991 0.000940131 -0.420997 -0.999977 -0.00414819 -0.0053028 93.9149
-0.0153145 -0.00369137 0.999876 38.584 -0.00436424 0.999984 0.00362492 -0.420104 -0.999873 -0.00430818 -0.0153303 93.8881
-0.0287489 -0.00130074 0.999586 39.8032 -0.00283482 0.999995 0.00121974 -0.41762 -0.999583 -0.00279858 -0.0287525 93.8559
-0.0403611 -0.00391533 0.999177 40.5529 -0.00130961 0.999992 0.00386562 -0.426611 -0.999184 -0.00115251 -0.0403659 93.8267
-0.0479428 -0.000897981 0.99885 41.586 -0.00343834 0.999994 0.000733976 -0.464204 -0.998844 -0.0033992 -0.0479456 93.7548
-0.0617577 -0.00444807 0.998081 42.8617 0.00113845 0.999989 0.00452701 -0.456764 -0.998091 0.00141585 -0.0617519 93.7134
-0.0697964 -0.00411288 0.997553 43.8281 0.0017805 0.999989 0.00424751 -0.47234 -0.99756 0.0020726 -0.0697883 93.6228
-0.0791433 -0.00378274 0.996856 44.6775 0.00159271 0.999991 0.00392109 -0.485991 -0.996862 0.00189803 -0.0791365 93.5547
-0.0893154 -0.00849792 0.995967 45.5996 0.00041791 0.999963 0.00856949 -0.490159 -0.996003 0.00118161 -0.0893086 93.4845
-0.0967854 -0.00601095 0.995287 46.4514 -7.73072e-005 0.999982 0.00603178 -0.511564 -0.995305 0.000506846 -0.0967841 93.3739
-0.104814 -0.00968164 0.994445 47.3182 -0.0016419 0.999953 0.00956221 -0.489174 -0.994491 -0.000630533 -0.104825 93.2779
-0.110326 -0.00969885 0.993848 48.1585 -0.00789846 0.999929 0.0088814 -0.499947 -0.993864 -0.00687002 -0.110394 93.1849
-0.114176 -0.0141748 0.993359 48.9717 -0.0105713 0.999859 0.0130525 -0.503169 -0.993404 -0.00901085 -0.114309 93.0932
-0.117254 -0.0167854 0.99296 49.7976 -0.0128312 0.999799 0.0153859 -0.507618 -0.993019 -0.0109368 -0.117446 92.9883
-0.118479 -0.0149416 0.992844 50.5563 -0.0151409 0.999798 0.0132394 -0.532625 -0.992841 -0.013464 -0.118681 92.9135
-0.11931 -0.0154684 0.992737 51.4135 -0.0143651 0.999801 0.013852 -0.510062 -0.992753 -0.012608 -0.119509 92.807
-0.117852 -0.0183817 0.992861 52.1809 -0.0135964 0.999765 0.0168956 -0.525441 -0.992938 -0.0115082 -0.118075 92.7133
-0.116755 -0.0175264 0.993006 52.9888 -0.0175233 0.999725 0.0155846 -0.544732 -0.993006 -0.0155812 -0.11703 92.6629
-0.106885 -0.0204142 0.994062 53.8199 -0.0154269 0.999703 0.0188713 -0.544813 -0.994152 -0.0133182 -0.107168 92.5081
-0.10232 -0.0168717 0.994608 54.6264 -0.0123912 0.9998 0.015685 -0.544734 -0.994674 -0.0107195 -0.102509 92.4644
-0.0919755 -0.0158267 0.995635 55.0946 -0.012964 0.999808 0.0146954 -0.548879 -0.995677 -0.0115558 -0.092163 92.4349
-0.0765256 -0.0181916 0.996902 55.7415 -0.0142949 0.999751 0.0171462 -0.55407 -0.996965 -0.0129385 -0.0767666 92.3942
-0.0639574 -0.0159245 0.997826 56.3611 -0.0143665 0.999784 0.0150349 -0.550517 -0.997849 -0.0133737 -0.0641724 92.3772
-0.0401836 -0.0118071 0.999123 56.9441 -0.0150959 0.999823 0.0112082 -0.568596 -0.999078 -0.0146323 -0.0403548 92.3694
-0.0163335 -0.0106549 0.99981 57.4956 -0.0102393 0.999893 0.0104885 -0.559341 -0.999814 -0.010066 -0.0164408 92.3794
0.0129376 -0.01185 0.999846 58.036 -0.00759426 0.9999 0.0119489 -0.562732 -0.999887 -0.00774768 0.0128463 92.4074
0.0448151 0.00092415 0.998995 58.5548 -0.0084334 0.999964 -0.000546723 -0.564634 -0.99896 -0.00840042 0.0448213 92.4611
0.0821009 -0.0127571 0.996542 59.1008 -0.0116067 0.999838 0.0137555 -0.558611 -0.996556 -0.0126959 0.0819396 92.5367
0.121384 0.060555 0.990757 59.5846 -0.026672 0.997976 -0.0577285 -0.605833 -0.992247 -0.0194181 0.122753 92.5827
0.167823 0.0010904 0.985817 60.0998 -0.0218777 0.999757 0.00261859 -0.566246 -0.985574 -0.0220069 0.167806 92.7417
0.260634 -0.132478 0.956305 60.4481 0.0518087 0.991033 0.123168 -0.624294 -0.964047 0.0174431 0.26516 92.6038
0.244823 -0.201592 0.948379 62.3629 0.00964703 0.978604 0.205526 -0.607237 -0.96952 -0.0411684 0.24153 93.1567
0.324266 -0.00706502 0.94594 61.6782 -0.00566054 0.99994 0.00940875 -0.60189 -0.945949 -0.00840546 0.324207 93.0675
0.389694 -0.0153954 0.920816 62.501 -0.0210713 0.999449 0.0256276 -0.570484 -0.920703 -0.0293897 0.389155 93.386
0.452637 -0.0377183 0.890897 62.8566 -0.0252979 0.99816 0.0551127 -0.541701 -0.891336 -0.0474839 0.45085 93.6048
0.505918 -0.0304884 0.862042 63.3609 -0.0192521 0.998727 0.0466214 -0.528312 -0.862367 -0.0401827 0.504687 93.9413
0.563746 -0.0299312 0.825405 63.6532 -0.0209003 0.998506 0.0504831 -0.498213 -0.825683 -0.0457108 0.562279 94.2035
0.619746 -0.0188016 0.784578 64.0278 -0.0239083 0.998797 0.0428205 -0.477185 -0.784439 -0.0452957 0.61855 94.5763
0.661106 0.000850491 0.750292 64.2475 -0.0291096 0.999276 0.0245167 -0.447296 -0.749728 -0.0380488 0.660652 94.9363
0.730162 -0.0517851 0.681308 64.586 -0.00240309 0.996923 0.0783498 -0.44482 -0.683269 -0.0588453 0.727791 95.1279
0.758043 -0.000552915 0.652204 64.7871 -0.0330383 0.998683 0.0392463 -0.411837 -0.651367 -0.0512981 0.757027 95.602
0.804984 -0.00841613 0.593237 64.998 -0.0275849 0.998287 0.0515933 -0.395645 -0.592656 -0.0578961 0.803373 95.9283
0.842788 -0.00492658 0.538224 65.1906 -0.0317474 0.997762 0.0588452 -0.380303 -0.537309 -0.0666812 0.840745 96.3062
0.882098 0.0529528 0.46808 64.8868 0.016782 0.989499 -0.143565 0.106712 -0.470767 0.134494 0.871946 97.0375
0.899556 -0.00159793 0.436803 65.3689 -0.0307171 0.997286 0.0669074 -0.198613 -0.435724 -0.0736042 0.897066 97.2347
0.920761 -0.0106466 0.389982 65.4511 -0.0190992 0.997199 0.0723177 -0.147476 -0.389659 -0.0740356 0.917978 97.6971
0.938569 0.00502447 0.345054 65.5787 -0.0119925 0.999765 0.0180623 -0.0975478 -0.344882 -0.0210908 0.938409 98.271
0.948379 0.00880103 0.317018 65.7149 -0.0241907 0.99871 0.0446418 -0.114747 -0.316216 -0.0500062 0.947368 98.6646
0.95827 0.00913745 0.285717 65.8186 -0.0211417 0.999017 0.0389581 -0.0857441 -0.285081 -0.0433729 0.957522 99.157
0.965048 -0.00251363 0.262062 65.9464 -0.00628548 0.999444 0.0327328 -0.0729971 -0.261999 -0.0332359 0.964496 99.6588
0.969072 -0.00488453 0.246731 66.0703 -0.00364114 0.999412 0.0340864 -0.0602962 -0.246753 -0.0339305 0.968484 100.219
0.97243 -0.00368372 0.233165 66.2106 -0.00426064 0.999428 0.033559 -0.0492329 -0.233155 -0.0336272 0.971858 100.801
0.974134 0.000810927 0.225971 66.5843 -0.00930805 0.999289 0.0365398 0.0112607 -0.225781 -0.037698 0.973448 102.501
0.975403 0.00739001 0.220305 66.4742 -0.0145294 0.99942 0.0308042 0.0010801 -0.219949 -0.0332474 0.974945 102.149
0.976068 0.0159251 0.21688 66.6033 -0.0221102 0.999414 0.0261215 0.0215666 -0.216337 -0.0302916 0.975849 102.789
0.97607 0.0190398 0.216623 66.756 -0.0249232 0.99939 0.0244601 0.0226673 -0.216025 -0.0292737 0.975949 103.483
0.975724 0.0125901 0.218643 66.9148 -0.0176994 0.999614 0.0214254 0.0343344 -0.218288 -0.0247751 0.97557 104.179
0.974866 0.00499207 0.222738 67.081 -0.00875732 0.999835 0.0159199 0.0528882 -0.222621 -0.0174704 0.974748 104.87
0.973813 -0.00371551 0.227319 67.1814 0.00114627 0.999934 0.0114333 0.0517265 -0.227347 -0.0108733 0.973753 105.228
0.972879 -0.00175205 0.231308 67.3431 -0.00048691 0.999954 0.0096221 0.0733549 -0.231314 -0.00947376 0.972833 106.02
0.971379 -0.000878881 0.237535 67.4694 -0.00267132 0.999889 0.0146237 0.0656267 -0.237522 -0.0148397 0.971269 106.593
0.97033 0.000835953 0.241785 67.5646 -0.00567017 0.999798 0.0192988 0.0563926 -0.24172 -0.0200971 0.970138 107.037
0.969435 -0.000211952 0.24535 67.7423 -0.00631564 0.999647 0.0258182 0.0708222 -0.245268 -0.0265786 0.969091 107.642
0.968703 -0.000255067 0.248222 67.8555 -0.00754088 0.999508 0.0304559 0.0842443 -0.248107 -0.0313745 0.968224 108.113
0.967533 -0.0084106 0.252606 68.0536 0.000446306 0.999501 0.0315693 0.102625 -0.252746 -0.0304316 0.967054 108.881
0.967429 -0.0179743 0.252504 68.2204 0.0106073 0.999478 0.0305069 0.104969 -0.252921 -0.0268349 0.967115 109.538
0.967575 -0.0182495 0.251924 68.4611 0.0127706 0.999645 0.0233661 0.128563 -0.252261 -0.0193912 0.967465 110.397
0.967769 -0.0154455 0.251364 68.6623 0.0113761 0.99978 0.0176344 0.137319 -0.251581 -0.0142065 0.967732 111.196
0.968537 -0.0123029 0.248564 68.8571 0.00947465 0.999876 0.0125715 0.158078 -0.248688 -0.00982087 0.968534 111.976
0.968889 -0.00853928 0.247348 69.0424 0.00446564 0.999845 0.0170256 0.167044 -0.247455 -0.0153914 0.968777 112.736
0.968898 -0.00619536 0.247382 69.1526 4.59075e-005 0.999691 0.0248562 0.170442 -0.247459 -0.0240718 0.968599 113.255
0.97009 -0.000162141 0.242744 69.3581 -0.00731937 0.999526 0.0299183 0.184113 -0.242634 -0.0308002 0.969629 114.019
0.970494 0.00272364 0.24111 69.5183 -0.00997764 0.999533 0.0288701 0.195204 -0.240919 -0.0304239 0.970068 114.749
0.971254 0.00385336 0.238013 69.7142 -0.00974617 0.999674 0.0235866 0.213028 -0.237845 -0.0252283 0.970976 115.57
0.971996 0.00470006 0.234949 69.8988 -0.00923432 0.999792 0.0182024 0.225716 -0.234815 -0.0198623 0.971837 116.396
0.972764 0.00460164 0.231753 70.2301 -0.00839675 0.999846 0.0153919 0.244868 -0.231646 -0.0169187 0.972653 117.87
0.973902 -0.000305146 0.226969 70.3975 -0.00383837 0.999834 0.0178143 0.255494 -0.226937 -0.0182206 0.973739 118.575
0.974594 -0.00586283 0.2239 70.6206 0.00137102 0.999795 0.0202118 0.256765 -0.223973 -0.0193914 0.974402 119.521
0.974825 -0.00877044 0.2228 70.7317 0.0039834 0.999752 0.0219261 0.271105 -0.222937 -0.0204866 0.974617 120.033
0.975222 -0.0120988 0.220897 70.927 0.0066014 0.99965 0.0256082 0.282873 -0.22113 -0.0235154 0.974961 120.843
0.97484 -0.0124049 0.222562 71.1308 0.00648785 0.999606 0.0272977 0.299537 -0.222813 -0.025167 0.974536 121.978
0.975218 -0.0121795 0.220913 71.3029 0.00589148 0.999559 0.0291007 0.303566 -0.22117 -0.027078 0.974859 122.565
0.975119 0.00190685 0.221672 71.4946 -0.00745336 0.99968 0.0241875 0.32203 -0.221555 -0.0252379 0.974821 123.466
0.974788 0.000631806 0.223134 71.5791 -0.00550006 0.99976 0.0211969 0.335696 -0.223067 -0.0218897 0.974557 123.969
0.973696 0.0123457 0.227517 71.8123 -0.0166033 0.999721 0.016809 0.363648 -0.227246 -0.0201444 0.973629 125.213
0.973263 0.0274089 0.228054 72.2541 -0.0317036 0.999382 0.0151895 0.396466 -0.227497 -0.0220135 0.97353 127.248
0.973287 0.0251844 0.228208 72.5373 -0.0303619 0.999354 0.0192047 0.386504 -0.227577 -0.0256205 0.973423 128.313
0.973008 0.0183314 0.230044 72.5407 -0.0232283 0.999557 0.0185965 0.39131 -0.229601 -0.0234381 0.973003 128.283
0.97241 0.0123705 0.232951 72.7624 -0.0165532 0.999735 0.0160087 0.392353 -0.232691 -0.0194231 0.972357 129.273
0.97178 -0.00280991 0.235871 73.0247 -0.00165122 0.999824 0.0187137 0.406859 -0.235882 -0.0185751 0.971604 130.386
0.971554 -0.0123519 0.236495 73.2789 0.00861415 0.999821 0.0168316 0.423591 -0.236661 -0.0143156 0.971487 131.432
0.971225 -0.0160786 0.23762 73.4956 0.0120367 0.999757 0.0184512 0.41424 -0.237859 -0.0150601 0.971183 132.237
0.971355 -0.0161124 0.237088 73.6714 0.0110853 0.999685 0.0225217 0.412929 -0.237376 -0.0192484 0.971227 132.974
0.970969 -0.009328 0.239024 73.8694 0.00335395 0.999672 0.0253881 0.435922 -0.239183 -0.0238494 0.970682 133.845
0.970253 0.00262628 0.242078 74.0974 -0.00979739 0.999548 0.0284242 0.43327 -0.241893 -0.0299504 0.96984 134.818
0.970297 0.00401059 0.241883 74.3286 -0.00992897 0.99968 0.023254 0.45371 -0.241712 -0.024965 0.970027 135.767
0.969918 0.0017225 0.243424 74.5688 -0.00443333 0.999934 0.0105888 0.444604 -0.24339 -0.0113495 0.969862 136.754
0.970238 -0.00984042 0.241953 74.9233 0.0090366 0.999949 0.00443173 0.449109 -0.241984 -0.0021134 0.970278 138.186
0.970507 -0.0121764 0.240767 75.0419 0.00967925 0.999886 0.0115517 0.455118 -0.24088 -0.00888055 0.970514 138.577
0.9707 -0.0183829 0.239591 75.2948 0.0110425 0.999429 0.0319438 0.460687 -0.240042 -0.0283622 0.970348 139.602
0.971233 -0.0158767 0.2376 75.5833 0.00471078 0.998861 0.0474887 0.465928 -0.238083 -0.0450033 0.970202 140.798
0.97136 -0.00281363 0.237595 75.6488 -0.00716154 0.999129 0.0411104 0.486026 -0.237503 -0.0416346 0.970494 141.144
0.971708 0.00578414 0.236116 75.8906 -0.0117909 0.999642 0.0240361 0.499524 -0.235892 -0.0261401 0.971428 142.128
0.972445 0.001851 0.233126 76.5137 -0.00651793 0.999793 0.0192501 0.559722 -0.233042 -0.0202392 0.972256 144.791
0.972479 -0.00149766 0.232987 76.9462 -0.00255884 0.99985 0.0171077 0.58238 -0.232977 -0.017233 0.972329 146.701
0.973178 -0.00670098 0.229956 77.3088 0.0023387 0.999812 0.0192374 0.573566 -0.230042 -0.0181836 0.973011 148.182
0.973621 -0.0115203 0.227881 77.2252 0.00792239 0.999829 0.0166971 0.594356 -0.228034 -0.0144513 0.973546 147.945
0.975171 -0.00769044 0.22132 77.4119 0.00418328 0.999858 0.0163109 0.576302 -0.221414 -0.0149801 0.975065 148.709
0.975705 0.000151783 0.219089 77.7407 -0.00322283 0.999902 0.01366 0.599675 -0.219066 -0.0140342 0.975609 150.3
0.975512 0.0104941 0.219696 77.8963 -0.0136033 0.999828 0.0126443 0.586166 -0.219526 -0.0153232 0.975486 151.154
0.97609 0.0130871 0.21697 78.085 -0.015983 0.999805 0.0115973 0.619124 -0.216776 -0.0147878 0.976109 151.937
0.976558 0.0131668 0.214852 78.2551 -0.0174725 0.999683 0.0181533 0.607049 -0.214545 -0.0214817 0.976478 152.667
0.977016 0.00904814 0.212976 78.4175 -0.0134176 0.999728 0.0190798 0.607192 -0.212745 -0.0214989 0.976871 153.506
0.977027 0.00261213 0.213101 78.6175 -0.0060776 0.99986 0.0156086 0.603378 -0.21303 -0.0165452 0.976906 154.422
0.978346 -0.0109932 0.206685 78.7852 0.00822598 0.999865 0.0142432 0.608979 -0.206813 -0.0122346 0.978304 155.211
0.979499 -0.012312 0.201072 78.9404 0.0101207 0.999878 0.0119228 0.623061 -0.201194 -0.00964341 0.979504 156.038
0.981002 -0.013717 0.19351 79.1192 0.0105625 0.999794 0.0173237 0.628004 -0.193708 -0.0149506 0.980945 156.909
0.982546 -0.0137865 0.185511 79.277 0.00906301 0.999613 0.0262861 0.630438 -0.185801 -0.024146 0.982291 157.805
0.983131 -0.0134046 0.18241 79.3937 0.0069542 0.999329 0.0359556 0.636376 -0.18277 -0.0340805 0.982565 158.382
0.984115 -0.00368333 0.177494 79.6078 -0.00314635 0.999266 0.0381815 0.649634 -0.177505 -0.0381334 0.983381 159.522
0.984346 0.00587372 0.176149 79.6527 -0.0116933 0.999419 0.0320178 0.663722 -0.175859 -0.0335763 0.983843 160.057
0.98578 0.00368781 0.168 79.8268 -0.00771134 0.999699 0.0233035 0.674454 -0.167863 -0.0242676 0.985512 160.993
0.987012 -0.000695492 0.160648 80.0157 -0.00215072 0.999844 0.0175425 0.701005 -0.160635 -0.0176602 0.986856 162.183
0.987782 0.00259303 0.155819 80.1754 -0.00537828 0.999833 0.017456 0.706747 -0.155747 -0.0180808 0.987631 163.26
0.988948 0.00466589 0.148191 80.3056 -0.00755728 0.999792 0.0189542 0.709312 -0.148072 -0.0198646 0.988777 164.257
0.990162 0.00335757 0.139888 80.3448 -0.00585166 0.999831 0.0174216 0.711369 -0.139806 -0.0180688 0.990014 164.696
0.991534 0.0073089 0.129642 80.4343 -0.00889633 0.999892 0.0116699 0.722011 -0.129542 -0.0127244 0.991492 165.448
0.992696 0.00936735 0.120282 80.5485 -0.0106827 0.99989 0.0102955 0.717073 -0.120173 -0.0115052 0.992686 166.342
0.993841 0.0106718 0.110304 80.6898 -0.0121234 0.999848 0.0124973 0.719885 -0.110154 -0.0137576 0.993819 167.288
0.994484 0.00871052 0.10453 80.7406 -0.0106559 0.99978 0.0180666 0.72501 -0.10435 -0.0190807 0.994358 168.085
0.995634 0.00593647 0.093154 80.8139 -0.0081381 0.999696 0.0232723 0.728942 -0.0929875 -0.0239288 0.99538 168.673
0.995984 0.00482544 0.0893972 80.8659 -0.00721122 0.999626 0.0263836 0.744234 -0.0892364 -0.0269223 0.995647 169.863
0.99666 0.00513956 0.0815044 80.9359 -0.00748934 0.999564 0.0285506 0.748063 -0.0813222 -0.0290657 0.996264 170.452
0.996989 0.00652572 0.0772661 81.0629 -0.00860811 0.999608 0.0266485 0.766411 -0.0770619 -0.0272334 0.996654 171.95
0.997195 0.00734597 0.074482 81.1009 -0.00888287 0.999754 0.0203243 0.76624 -0.0743144 -0.0209289 0.997015 172.812
0.997508 0.00811194 0.0700863 81.2132 -0.00901331 0.999881 0.0125542 0.797444 -0.0699761 -0.0131546 0.997462 174.74
0.997643 0.00933212 0.0679857 81.1933 -0.0100743 0.999893 0.0105827 0.789326 -0.0678797 -0.0112427 0.99763 174.717
0.997892 0.0117317 0.0638295 81.2761 -0.0128159 0.99978 0.0166029 0.803852 -0.0636207 -0.0173859 0.997823 176.136
0.998063 0.00777797 0.0617279 81.3342 -0.00944233 0.999598 0.026717 0.819207 -0.0614953 -0.0272481 0.997735 177.602
0.998119 0.0148075 0.0594843 81.4246 -0.0168073 0.999305 0.0332604 0.830668 -0.0589505 -0.0341976 0.997675 179.292
0.998573 0.00334247 0.0532998 81.4109 -0.00495589 0.999533 0.0301674 0.832421 -0.0531741 -0.0303885 0.998123 178.823
0.998772 -0.00972131 0.0485847 81.5064 0.0086953 0.999736 0.0212848 0.84405 -0.0487788 -0.0208362 0.998592 180.613
0.999047 -0.0162947 0.0404905 81.563 0.0156656 0.999752 0.0158057 0.872823 -0.040738 -0.0151563 0.999055 181.649
0.999346 -0.0113556 0.0343422 81.5516 0.0107848 0.999801 0.0167609 0.874022 -0.0345257 -0.0163795 0.99927 182.242
0.99966 8.09452e-005 0.0260643 81.5876 -0.000677659 0.999738 0.0228859 0.881574 -0.0260556 -0.0228958 0.999398 183.222
0.999804 -0.00549554 0.0190004 81.6113 0.00498915 0.999634 0.0265967 0.894427 -0.0191396 -0.0264967 0.999466 184.584
0.999816 -0.0132869 0.0138039 81.6286 0.0128554 0.99944 0.0308933 0.909784 -0.0142067 -0.0307101 0.999427 185.486
0.999881 -0.0140442 0.00638646 81.6549 0.0138438 0.999441 0.0304165 0.92614 -0.00681007 -0.0303244 0.999517 186.883
0.999746 -0.0225516 -0.000287291 81.6471 0.0225522 0.999476 0.0232069 0.933495 -0.000236212 -0.0232075 0.999731 187.364
0.999467 -0.0319151 -0.00685215 81.638 0.0320028 0.999402 0.013095 0.949437 0.00643013 -0.0133073 0.999891 188.539
0.999287 -0.0353112 -0.0133409 81.6416 0.0354335 0.999331 0.00904653 0.961229 0.0130126 -0.0095128 0.99987 189.538
0.999532 -0.0223768 -0.0208661 81.6268 0.0227214 0.999607 0.0164263 0.957783 0.0204904 -0.0168927 0.999647 190.432
0.999637 -0.00832812 -0.0256119 81.5638 0.0090757 0.999532 0.0292121 0.984101 0.0253567 -0.0294339 0.999245 192.511
0.999522 0.00115818 -0.030894 81.5277 -2.04381e-005 0.999323 0.0368022 0.986614 0.0309157 -0.036784 0.998845 192.965
0.99939 0.00923324 -0.033667 81.5152 -0.0080939 0.999395 0.033822 0.995808 0.0339589 -0.0335289 0.998861 193.041
0.999201 0.0188874 -0.0352305 81.4474 -0.0180558 0.999554 0.0237745 1.01366 0.0356638 -0.0231193 0.999096 194.304
0.998887 0.0265518 -0.0389892 81.3976 -0.0259958 0.999554 0.0146989 1.0285 0.0393621 -0.013669 0.999132 195.34
0.999067 0.0158161 -0.0401928 81.3213 -0.0153969 0.999824 0.0107182 1.04418 0.0403552 -0.0100893 0.999134 196.9
0.999046 0.00514224 -0.0433696 81.2808 -0.00448572 0.999874 0.0152215 1.05326 0.0434425 -0.0150124 0.998943 198.051
0.999046 0.00602671 -0.0432612 81.2424 -0.00496938 0.999687 0.0245067 1.05752 0.0433953 -0.0242683 0.998763 198.706
0.99906 0.00423046 -0.0431458 81.205 -0.00294014 0.999548 0.0299258 1.06237 0.0432529 -0.0297708 0.99862 199.451
0.999007 -0.00467025 -0.0443093 81.1683 0.00597355 0.999552 0.0293268 1.07494 0.0441525 -0.0295624 0.998587 200.475
0.998933 -0.00091391 -0.0461689 81.1114 0.00185293 0.999792 0.0203001 1.08942 0.0461408 -0.020364 0.998727 201.641
0.998803 -0.00924824 -0.0480357 81.0044 0.00966525 0.999918 0.00845633 1.10833 0.0479536 -0.00891048 0.99881 203.92
0.998507 -0.0200977 -0.0507854 80.972 0.0202975 0.999788 0.00342171 1.09881 0.0507059 -0.00444742 0.998704 204.921
0.998415 -0.0204858 -0.0524139 80.9217 0.0209166 0.999752 0.00768517 1.11999 0.0522435 -0.00876931 0.998596 205.678
0.998388 -0.0157597 -0.0545318 80.8741 0.0168189 0.999678 0.0190193 1.10541 0.0542145 -0.0199058 0.998331 206.419
0.998269 -0.017825 -0.0560508 80.8173 0.019092 0.999572 0.0221515 1.10198 0.055632 -0.0231833 0.998182 207.283
0.998462 -0.00247629 -0.0553857 80.7357 0.00352279 0.999817 0.0188051 1.11478 0.055329 -0.0189712 0.998288 208.793
0.998457 0.00402235 -0.0553889 80.6114 -0.00331881 0.999913 0.0127878 1.09961 0.0554355 -0.0125843 0.998383 209.895
0.998557 0.0173491 -0.0508304 80.566 -0.0167953 0.999795 0.0113022 1.11781 0.0510161 -0.0104322 0.998643 210.97
0.998364 0.00784448 -0.0566418 80.4362 -0.00696048 0.999851 0.0157874 1.12567 0.0567572 -0.0153673 0.99827 212.771
0.998404 0.00441033 -0.0563086 80.43 -0.00331045 0.999802 0.0196115 1.11814 0.0563839 -0.0193938 0.998221 213.125
0.998394 0.0105293 -0.0556655 80.3242 -0.00930109 0.999709 0.0222776 1.12795 0.0558839 -0.0217241 0.998201 214.942
0.998308 0.0149548 -0.0561848 80.253 -0.0137054 0.999652 0.0225563 1.12128 0.0565026 -0.0217481 0.998166 215.844
0.997121 -0.0497059 -0.0572571 80.2783 0.0504156 0.998668 0.0110168 1.11017 0.0566332 -0.0138717 0.998299 216.348
0.998076 0.0255901 -0.0564724 80.1087 -0.0247856 0.999582 0.0148999 1.13038 0.0568301 -0.0134715 0.998293 217.804
0.998273 0.0182627 -0.0558427 80.0455 -0.0174681 0.99974 0.014683 1.12646 0.0560963 -0.0136822 0.998332 218.655
0.997839 0.003098 -0.0656307 80.0118 -0.00172571 0.999779 0.0209557 1.17618 0.0656811 -0.0207971 0.997624 220.499
0.997983 0.000484978 -0.0634847 79.956 0.00154932 0.999487 0.0319908 1.14439 0.0634677 -0.0320246 0.99747 220.815
0.997852 -0.00539265 -0.0652907 79.9024 0.00738655 0.999512 0.030336 1.14433 0.0650953 -0.0307531 0.997405 221.692
0.997888 0.0021284 -0.0649302 79.7844 -0.000391339 0.999642 0.0267538 1.15967 0.0649639 -0.0266719 0.997531 222.932
0.997875 -0.00854145 -0.0645919 79.7167 0.00982837 0.999759 0.0196325 1.18988 0.0644086 -0.0202256 0.997719 224.626
0.997913 -0.00842835 -0.0640179 79.7185 0.00936689 0.999853 0.0143747 1.17132 0.0638874 -0.0149443 0.997845 224.36
0.998058 -0.000106225 -0.0622975 79.5759 0.000780416 0.999941 0.0107979 1.17852 0.0622927 -0.0108255 0.997999 226.11
0.99831 -0.000268512 -0.0581045 79.5241 0.000829104 0.999953 0.00962411 1.12547 0.0580992 -0.00965603 0.998264 227.102
0.998419 -0.00609585 -0.0558811 79.5154 0.00639594 0.999966 0.00519276 1.16302 0.0558476 -0.00554196 0.998424 227.507
0.998697 -0.00613493 -0.0506638 79.481 0.00663175 0.999932 0.00964406 1.16026 0.0506012 -0.00996749 0.998669 228.185
0.999012 -0.00139788 -0.0444204 79.4504 0.00226129 0.999809 0.0193929 1.15029 0.0443848 -0.0194742 0.998825 228.74
0.999254 0.00603352 -0.0381347 79.3862 -0.00510798 0.999691 0.0243213 1.1486 0.0382697 -0.0241083 0.998977 229.548
0.999434 0.0107979 -0.0318554 79.3715 -0.0100441 0.999668 0.0237284 1.14454 0.032101 -0.023395 0.999211 230.165
0.999632 0.0108262 -0.0248872 79.3617 -0.0104537 0.999832 0.0150468 1.15136 0.025046 -0.0147811 0.999577 230.834
0.999781 0.0107835 -0.0179111 79.3508 -0.0106753 0.999924 0.0061265 1.14789 0.0179758 -0.00593395 0.999821 231.628
0.999902 0.00890858 -0.010821 79.3292 -0.00889573 0.99996 0.00123495 1.14984 0.0108316 -0.00113856 0.999941 232.453
0.999994 0.00203466 -0.00295549 79.3349 -0.00202717 0.999995 0.0025338 1.14673 0.00296063 -0.00252779 0.999992 232.853
0.999986 -0.00468262 0.00251837 79.3369 0.00466201 0.999956 0.00812968 1.14324 -0.00255633 -0.00811782 0.999964 233.65
0.999931 -0.00743712 0.00910034 79.3486 0.00731019 0.999877 0.0139021 1.13895 -0.00920261 -0.0138346 0.999862 234.059
0.999805 -0.0133967 0.0145179 79.3642 0.0131706 0.999792 0.0155556 1.13633 -0.0147233 -0.0153613 0.999774 234.573
0.999689 -0.0162448 0.0189455 79.3669 0.0159202 0.999726 0.0171636 1.13524 -0.0192191 -0.0168566 0.999673 234.967
0.999732 -0.0130385 0.0191293 79.3807 0.0126802 0.999744 0.0187345 1.1397 -0.0193686 -0.0184869 0.999641 235.827
0.999768 -0.00954825 0.0193145 79.3912 0.00915302 0.999749 0.0204486 1.14767 -0.0195049 -0.020267 0.999604 236.51
0.999816 -0.000504756 0.0191533 79.3926 6.24689e-005 0.999733 0.0230855 1.15198 -0.0191599 -0.0230801 0.99955 237.214
0.999793 0.0063533 0.0193462 79.41 -0.00683139 0.99967 0.0247473 1.1591 -0.0191826 -0.0248743 0.999507 237.87
0.999676 0.0152829 0.0203691 79.394 -0.015678 0.999689 0.0193789 1.16322 -0.0200666 -0.019692 0.999605 238.552
0.999744 0.0136623 0.0180231 79.3986 -0.0138756 0.999835 0.0117648 1.16623 -0.0178594 -0.0120119 0.999768 239.369
0.999801 0.011782 0.0161022 79.4077 -0.0118276 0.999926 0.00273647 1.16405 -0.0160688 -0.00292637 0.999867 240.052
0.9999 0.00503478 0.013193 79.423 -0.00501373 0.999986 -0.00162796 1.16985 -0.013201 0.00156165 0.999912 240.715
0.999943 0.00711814 0.00801716 79.4241 -0.00714739 0.999968 0.00362642 1.17396 -0.00799109 -0.00368351 0.999961 241.375
0.999953 0.00795608 0.00560282 79.4083 -0.00804352 0.999843 0.0157609 1.17186 -0.00547655 -0.0158052 0.99986 241.935
0.999998 0.00165175 0.00106923 79.4098 -0.00168321 0.999545 0.030126 1.16565 -0.00101898 -0.0301278 0.999546 242.386
0.999977 -0.00593425 -0.00333625 79.4188 0.00606204 0.999193 0.0396976 1.17403 0.00309798 -0.0397169 0.999206 242.728
0.999981 -0.00249829 -0.00559066 79.4023 0.00270787 0.999282 0.0377995 1.19064 0.00549221 -0.0378139 0.99927 243.675
0.999963 -0.00127253 -0.00849696 79.3933 0.00154068 0.999499 0.0316258 1.20323 0.00845245 -0.0316377 0.999464 244.461
0.999875 -0.00992081 -0.0122973 79.3746 0.0101999 0.999687 0.0228417 1.21718 0.0120669 -0.0229643 0.999663 245.298
0.999823 -0.0118065 -0.0146495 79.371 0.0120654 0.99977 0.0177106 1.23845 0.0144371 -0.0178842 0.999736 246.138
0.999748 -0.0150702 -0.0166643 79.3714 0.0154432 0.999628 0.0224891 1.25632 0.0163192 -0.0227408 0.999608 247.054
0.999698 -0.0169826 -0.0177659 79.3539 0.0174602 0.999481 0.0270817 1.25852 0.0172968 -0.0273837 0.999475 247.776
0.999423 -0.0270292 -0.0205541 79.3296 0.027623 0.999193 0.0291753 1.26124 0.0197489 -0.0297263 0.999363 248.474
0.999563 -0.0210327 -0.0207904 79.3281 0.0215801 0.999417 0.0264638 1.27373 0.0202216 -0.0269009 0.999434 249.209
0.99964 -0.0164512 -0.0212127 79.3243 0.0169052 0.999628 0.0214029 1.28346 0.0208527 -0.0217538 0.999546 249.996
0.999303 -0.0281062 -0.0245473 79.3042 0.0286163 0.999376 0.0206841 1.29378 0.0239506 -0.0213722 0.999485 251.198
0.999527 -0.0196759 -0.0236456 79.295 0.0202043 0.999547 0.0223182 1.31137 0.0231957 -0.0227854 0.999471 251.896
0.999543 -0.0193272 -0.0232586 79.2598 0.0199744 0.999411 0.0279205 1.32611 0.0227052 -0.0283723 0.99934 252.553
0.999573 -0.0163042 -0.0242296 79.2554 0.0170468 0.999381 0.0307644 1.31425 0.023713 -0.0311643 0.999233 253.294
0.99967 -0.00911717 -0.0240055 79.2077 0.00980545 0.99954 0.0287119 1.34055 0.0237327 -0.0289378 0.999299 254.992
0.999717 -0.00521454 -0.0231998 79.1821 0.00569971 0.999765 0.0208958 1.33902 0.0230854 -0.0210221 0.999512 255.629
0.999537 -0.0143095 -0.0268533 79.1754 0.0145926 0.99984 0.0103779 1.37198 0.0267004 -0.0107649 0.999586 256.531
0.999666 -0.00616954 -0.0251115 79.1309 0.00631892 0.999963 0.00587379 1.37032 0.0250743 -0.0060305 0.999667 258.281
0.999705 -0.00100535 -0.0242775 79.09 0.0011864 0.999972 0.00744422 1.36448 0.0242693 -0.00747082 0.999678 258.386
0.999702 -0.00153437 -0.0243476 79.1122 0.00187649 0.9999 0.014035 1.36561 0.0243236 -0.0140765 0.999605 258.866
0.99964 -0.00119471 -0.0267872 79.0989 0.00174816 0.999785 0.0206471 1.36643 0.0267568 -0.0206865 0.999428 259.394
0.999659 -0.000658883 -0.0261128 79.075 0.00134003 0.999659 0.0260758 1.3685 0.0260867 -0.0261019 0.999319 259.997
0.999669 -0.00052315 -0.0257059 79.0579 0.00127433 0.999572 0.0292143 1.37287 0.0256796 -0.0292374 0.999243 260.634
0.999577 -0.00715015 -0.0282003 79.05 0.00805459 0.999453 0.0320898 1.37925 0.0279554 -0.0323034 0.999087 261.214
0.999383 -0.0103078 -0.0335826 79.0256 0.0113652 0.999441 0.0314502 1.38032 0.0332397 -0.0318124 0.998941 261.813
0.999047 -0.010937 -0.0422589 79.0016 0.0121805 0.999497 0.0292806 1.39409 0.0419174 -0.0297674 0.998678 262.463
0.998481 -0.0150942 -0.052981 78.9791 0.0164629 0.999539 0.025492 1.39247 0.0525718 -0.0263255 0.99827 262.757
0.997694 -0.014 -0.0664154 78.9338 0.015474 0.999644 0.0217319 1.39892 0.0660875 -0.0227095 0.997555 263.276
0.996084 -0.0132826 -0.0874034 78.8825 0.015029 0.9997 0.0193535 1.40088 0.0871201 -0.0205913 0.995985 263.917
0.994066 -0.00964753 -0.108351 78.8183 0.0120206 0.999701 0.0212701 1.40806 0.108113 -0.0224464 0.993885 264.362
0.991081 -0.00142037 -0.133253 78.765 0.00469946 0.999694 0.0242967 1.41312 0.133178 -0.0247062 0.990784 264.59
0.986861 -0.000204286 -0.161572 78.6289 0.00471315 0.99961 0.0275234 1.4248 0.161503 -0.0279233 0.986477 265.412
0.981071 -0.00398835 -0.193609 78.5256 0.00949028 0.999577 0.0274986 1.42041 0.193417 -0.0288154 0.980693 265.836
0.974551 0.00622256 -0.224081 78.3476 -0.000364173 0.999657 0.0261759 1.41544 0.224167 -0.0254281 0.974219 266.37
0.967756 0.026732 -0.250468 77.8668 -0.0209997 0.999453 0.0255312 1.41434 0.251014 -0.0194482 0.967788 267.403
0.955804 0.0273135 -0.292732 77.5891 -0.0221033 0.999533 0.0210922 1.43818 0.293171 -0.0136897 0.955962 268.077
0.935267 0.0278474 -0.352845 77.6046 -0.020459 0.999487 0.0246526 1.44311 0.35335 -0.0158379 0.935357 268.101
0.925387 0.033045 -0.37758 76.5608 -0.0284294 0.999437 0.0177929 1.56388 0.377955 -0.00573091 0.925806 270.12
0.909115 0.0175167 -0.416177 76.0959 -0.00747296 0.99964 0.0257502 1.55754 0.416479 -0.0202998 0.908919 270.154
0.865994 0.0653367 -0.495767 75.6673 -0.0499423 0.997771 0.0442572 1.52954 0.497554 -0.0135667 0.867327 270.486
0.876029 0.0666411 -0.477632 75.7546 -0.0568441 0.997771 0.0349547 1.53769 0.478897 -0.00347076 0.877864 270.248
0.801761 0.0594971 -0.594676 75.4347 -0.0325985 0.997905 0.0558897 1.59613 0.596756 -0.0254246 0.80202 272.85
0.769021 0.0378439 -0.638102 73.0704 -0.0029697 0.998447 0.0556358 1.77179 0.639217 -0.0408902 0.767939 273.152
0.753438 0.0385421 -0.656389 74.1832 0.0103819 0.997459 0.0704861 1.67078 0.657438 -0.0599214 0.751123 272.649
0.705771 0.0459418 -0.706949 73.633 0.0200127 0.996204 0.0847187 1.71659 0.708158 -0.0739399 0.702172 273.381
0.666675 0.0498084 -0.743683 72.7519 0.0272436 0.99547 0.0910944 1.78307 0.744851 -0.0809909 0.662297 273.729
0.628057 0.059723 -0.775872 72.246 0.0245957 0.995029 0.0965025 1.83176 0.777779 -0.0796922 0.623466 274.022
0.582551 0.0616147 -0.810456 72.0813 0.0330523 0.994502 0.0993646 1.82541 0.812122 -0.0846724 0.577311 274.134
0.533757 0.0586505 -0.843601 71.5395 0.043454 0.994372 0.0966265 1.87184 0.844521 -0.088233 0.528205 274.389
0.485174 0.0575417 -0.872522 70.9919 0.0440992 0.994953 0.0901375 1.93889 0.873305 -0.0822099 0.480187 274.609
0.452769 0.0806723 -0.887971 70.4 0.0434236 0.992722 0.11233 1.98987 0.89057 -0.0894186 0.445971 275.004
0.376108 0.0593818 -0.924671 70.3214 0.0382222 0.996101 0.0795157 1.93852 0.925787 -0.0652495 0.372372 274.764
0.32734 0.0626033 -0.942831 67.4785 0.0430884 0.995776 0.0810786 2.16734 0.943924 -0.0671653 0.323259 276.027
0.289399 0.0731005 -0.954413 68.0258 0.0475981 0.994747 0.0906226 2.13002 0.956024 -0.0716544 0.2844 275.595
0.238573 0.0700581 -0.968594 67.6573 0.0517787 0.995058 0.0847257 2.1321 0.969743 -0.0703658 0.233766 275.616
0.173423 0.0738115 -0.982077 65.3095 0.0404855 0.99581 0.0819928 2.4252 0.984015 -0.0539793 0.169708 276.395
0.156261 0.0758776 -0.984797 65.0694 0.0501894 0.995147 0.0846388 2.28982 0.98644 -0.0626521 0.151695 275.996
0.119708 0.080935 -0.989505 63.8697 0.059192 0.994317 0.0884895 2.3338 0.991043 -0.0691637 0.114237 276.269
0.0939997 0.0821193 -0.99218 63.1744 0.0579275 0.994453 0.0877955 2.44897 0.993886 -0.0657272 0.0887213 276.217
0.069574 0.0880273 -0.993685 62.4271 0.0698167 0.993227 0.092875 2.47733 0.995131 -0.0758375 0.062957 276.221
0.0469622 0.0908989 -0.994752 61.7091 0.0682833 0.993229 0.0939834 2.52931 0.99656 -0.0723386 0.0404374 276.218
0.0286194 0.0945322 -0.99511 61.5639 0.069177 0.992944 0.0963159 2.53798 0.997194 -0.0715952 0.0218781 276.232
0.0149535 0.100474 -0.994827 60.425 0.068392 0.992506 0.101267 2.62013 0.997546 -0.0695525 0.00796988 276.217
0.00494338 0.0998584 -0.994989 59.8296 0.0727664 0.992328 0.0999528 2.67493 0.997337 -0.0728959 -0.00236088 276.204
-0.00079626 0.0998657 -0.995001 59.2595 0.0792168 0.99188 0.0994891 2.72006 0.996857 -0.0787415 -0.00870083 276.186
-0.00310204 0.103586 -0.994616 58.7544 0.0831212 0.991205 0.102972 2.77349 0.996535 -0.0823542 -0.011685 276.175
-0.00447345 0.102678 -0.994705 58.1236 0.089181 0.990792 0.101873 2.83395 0.996005 -0.0882531 -0.0135892 276.165
-0.00457502 0.104218 -0.994544 57.3663 0.0960518 0.990002 0.1033 2.90498 0.995366 -0.0950551 -0.0145396 276.141
-0.00455212 0.102017 -0.994772 56.8224 0.0994942 0.989893 0.101062 2.95907 0.995028 -0.098514 -0.0146563 276.134
-0.00197416 0.101444 -0.994839 55.967 0.102968 0.989574 0.100703 3.05064 0.994683 -0.102238 -0.0123991 276.1
-0.00341464 0.100499 -0.994931 55.3237 0.101399 0.989844 0.0996375 3.1066 0.99484 -0.100545 -0.0135705 276.122
-0.00332862 0.0976123 -0.995219 54.4702 0.098939 0.990373 0.0968061 3.19023 0.995088 -0.0981437 -0.0129542 276.131
-0.000288974 0.0964113 -0.995342 53.6521 0.0978725 0.990566 0.0959202 3.27337 0.995199 -0.0973889 -0.00972226 276.084
0.00237039 0.0996007 -0.995025 52.903 0.0947666 0.990527 0.0993762 3.34526 0.995497 -0.0945306 -0.00709088 276.066
0.00197313 0.0980604 -0.995179 51.0017 0.094959 0.990665 0.0978039 3.5247 0.995479 -0.0946941 -0.007357 276.048
0.00270414 0.0946314 -0.995509 51.0739 0.0955827 0.99093 0.0944558 3.51389 0.995418 -0.0954089 -0.00636551 276.057
0.003852 0.0929247 -0.995666 50.262 0.0972558 0.990918 0.0928579 3.58679 0.995252 -0.0971919 -0.00522044 276.017
0.00688301 0.0915201 -0.995779 49.4544 0.098253 0.990923 0.0917529 3.66148 0.995138 -0.0984699 -0.0021716 276.049
0.00904731 0.0879623 -0.996083 48.5503 0.100707 0.990979 0.0884263 3.73642 0.994875 -0.101112 0.000107291 276.023
0.00766252 0.0894488 -0.995962 47.5921 0.101631 0.990764 0.0897639 3.82451 0.994793 -0.101908 -0.00149902 276.025
0.0089844 0.0888856 -0.996001 47.0606 0.102372 0.990726 0.0893383 3.87985 0.994706 -0.102765 -0.000198314 276.029
0.00946357 0.0861675 -0.996236 46.0489 0.105411 0.990643 0.0866851 3.95562 0.994384 -0.105835 0.000292005 276.023
0.00967126 0.0863721 -0.996216 45.1111 0.101611 0.991021 0.0869081 4.03986 0.994777 -0.102067 0.000808093 276.026
0.00691204 0.0813848 -0.996659 43.4239 0.0994221 0.991688 0.0816684 4.16711 0.995021 -0.0996544 -0.00123686 276.007
-0.0437532 -0.0134207 -0.998952 43.5067 0.0708454 0.997351 -0.0165022 4.09351 0.996527 -0.0714932 -0.0426865 276.111
0.00671984 0.0886712 -0.996038 42.2715 0.0821695 0.992643 0.0889233 4.22765 0.996596 -0.0824415 -0.000615658 276.027
-0.000335904 0.0793453 -0.996847 41.3129 0.0833605 0.99338 0.0790412 4.27666 0.996519 -0.0830711 -0.00694794 276.04
-0.00427061 0.0727861 -0.997338 39.4801 0.0878269 0.993521 0.0721314 4.39321 0.996127 -0.0872851 -0.0106355 275.989
-0.00535822 0.0771823 -0.997003 38.526 0.0944218 0.992601 0.0763341 4.45217 0.995518 -0.0937297 -0.0126063 275.989
-0.0202349 0.0515655 -0.998465 37.7005 0.0758575 0.99587 0.0498941 4.49473 0.996913 -0.0747314 -0.024063 275.993
-0.0137003 0.0700025 -0.997453 36.1503 0.0917996 0.993421 0.0684587 4.60465 0.995683 -0.0906279 -0.0200364 275.93
-0.0187925 0.0692588 -0.997422 34.5242 0.0774301 0.994703 0.0676111 4.6711 0.996821 -0.0759599 -0.0240557 275.902
-0.0201026 0.0725343 -0.997163 32.7843 0.0697025 0.99504 0.0709747 4.76206 0.997365 -0.068078 -0.0250587 275.838
-0.0230438 0.069586 -0.99731 31.447 0.0616496 0.995775 0.0680545 4.80512 0.997832 -0.0599155 -0.0272364 275.774
-0.0260122 0.0708913 -0.997145 30.0943 0.0570817 0.99596 0.069318 4.88691 0.998031 -0.0551156 -0.0299537 275.714
-0.0234828 0.080944 -0.996442 28.8062 0.0590382 0.99509 0.0794428 4.95371 0.997979 -0.0569626 -0.0281462 275.799
-0.0259238 0.0795997 -0.99649 27.5031 0.0583399 0.995246 0.0779827 5.0298 0.99796 -0.0561135 -0.0304444 275.625
-0.0264932 0.0864122 -0.995907 26.3659 0.0652288 0.994283 0.0845361 5.06712 0.997519 -0.0627222 -0.0319783 275.617
-0.0272218 0.0831572 -0.996165 25.3516 0.0754818 0.99386 0.0809021 5.15478 0.996776 -0.07299 -0.0333315 275.608
-0.0202091 0.0822719 -0.996405 24.0073 0.0671018 0.994473 0.0807515 5.2366 0.997541 -0.0652287 -0.025618 275.545
-0.0246102 0.0801961 -0.996475 22.747 0.0751189 0.994107 0.0781503 5.32784 0.996871 -0.0729308 -0.0304894 275.539
-0.0158397 0.0780408 -0.996824 21.9981 0.0820964 0.993685 0.0764904 5.38072 0.996499 -0.0806241 -0.0221465 275.503
-0.0153816 0.0755039 -0.997027 20.4636 0.0872821 0.99344 0.0738858 5.48993 0.996065 -0.0858861 -0.0218708 275.493
-0.0145861 0.0720057 -0.997298 19.7337 0.0844543 0.993928 0.0705272 5.51728 0.996321 -0.0831973 -0.0205788 275.489
-0.0131617 0.068648 -0.997554 18.3653 0.082909 0.99428 0.0673288 5.59924 0.99647 -0.0818201 -0.018778 275.44
-0.0133609 0.0671311 -0.997655 17.08 0.0799605 0.99462 0.065856 5.6855 0.996708 -0.0788931 -0.0186568 275.406
-0.0105292 0.066844 -0.997708 14.4007 0.0778251 0.994791 0.0658272 5.83501 0.996911 -0.0769536 -0.0156765 275.368
-0.013261 0.0589158 -0.998175 14.7295 0.0732495 0.995638 0.0577929 5.81602 0.997225 -0.0723494 -0.0175187 275.388
-0.0122124 0.0645059 -0.997843 14.2088 0.0738256 0.995252 0.0634349 5.81787 0.997196 -0.0728916 -0.0169166 275.326
-0.0124074 0.0702233 -0.997454 12.6281 0.0802297 0.994385 0.0690092 5.92159 0.996699 -0.0791693 -0.0179717 275.299
-0.0167007 0.0667043 -0.997633 11.1601 0.0736804 0.995141 0.0653042 6.00603 0.997142 -0.0724154 -0.0215344 275.278
-0.0193358 0.0690516 -0.997426 10.3155 0.0639741 0.995653 0.0676888 6.0241 0.997764 -0.0625006 -0.0236692 275.245
-0.0228845 0.06789 -0.99743 8.66256 0.060257 0.995971 0.0664082 6.09879 0.997921 -0.0585825 -0.0268832 275.124
-0.0251119 0.0735699 -0.996974 7.8977 0.0606224 0.995565 0.0719389 6.16209 0.997845 -0.0586324 -0.0294605 275.17
-0.0317591 0.0742202 -0.996736 6.65662 0.0591445 0.995631 0.0722534 6.21653 0.997744 -0.0566567 -0.0360101 275.089
-0.0360074 0.0738054 -0.996622 3.34702 0.065511 0.995298 0.0713405 6.37585 0.997202 -0.062721 -0.0406732 274.932
-0.039127 0.0787258 -0.996128 1.85001 0.0672363 0.99484 0.075983 6.46252 0.99697 -0.064003 -0.0442184 274.844
-0.0435903 0.0833432 -0.995567 1.53525 0.0744818 0.994012 0.0799519 6.48949 0.996269 -0.0706665 -0.0495369 274.836
-0.0478278 0.0852381 -0.995212 0.196572 0.0774909 0.993666 0.0813817 6.57798 0.995845 -0.0732276 -0.0541301 274.74
-0.0499101 0.0909797 -0.994601 -1.04375 0.0799226 0.993013 0.0868238 6.65262 0.995551 -0.0751578 -0.0568327 274.641
-0.0506876 0.092799 -0.994394 -2.57357 0.0816187 0.992728 0.0884832 6.73631 0.995374 -0.0766762 -0.0578931 274.492
-0.051263 0.102322 -0.99343 -5.22419 0.082182 0.991796 0.0979132 6.92257 0.995298 -0.0766227 -0.0592515 274.336
-0.0512199 0.105681 -0.99308 -5.34578 0.0871369 0.991066 0.100972 6.95755 0.994879 -0.0813622 -0.059971 274.286
-0.0519803 0.107555 -0.992839 -6.58681 0.0871643 0.990878 0.102779 7.03463 0.994837 -0.0811977 -0.0608811 274.213
-0.0518412 0.110013 -0.992577 -7.75298 0.0931098 0.990117 0.104878 7.11943 0.994305 -0.0869817 -0.0615722 274.134
-0.0458503 0.1172 -0.992049 -8.15329 0.0980959 0.988822 0.112285 7.16416 0.99412 -0.0921677 -0.0568346 274.092
-0.05085 0.112412 -0.99236 -9.8334 0.103026 0.988934 0.106745 7.45818 0.993378 -0.096811 -0.0618687 274.426
-0.0449014 0.115164 -0.992331 -10.175 0.108166 0.988054 0.109773 7.40029 0.993118 -0.102407 -0.0568218 274.086
-0.0455269 0.115206 -0.992298 -11.4301 0.108581 0.988013 0.109726 7.52093 0.993045 -0.102749 -0.0574904 274.016
-0.03979 0.118106 -0.992204 -12.5896 0.113886 0.987055 0.112926 7.60996 0.992697 -0.108505 -0.0527255 273.955
-0.0357343 0.119995 -0.992131 -13.5764 0.115628 0.986594 0.11516 7.73267 0.99265 -0.110603 -0.04913 273.905
-0.0412638 0.118749 -0.992067 -14.5903 0.117033 0.986652 0.113233 7.82792 0.99227 -0.111432 -0.0546106 273.881
-0.0350558 0.113251 -0.992948 -15.8692 0.11403 0.987523 0.108607 7.92816 0.992859 -0.109419 -0.0475325 273.76
-0.0333606 0.10962 -0.993414 -16.255 0.111902 0.988127 0.105279 7.97635 0.993159 -0.107652 -0.0452312 273.728
-0.0293851 0.111949 -0.993279 -17.538 0.11346 0.98766 0.107959 8.09442 0.993108 -0.109525 -0.0417242 273.723
-0.0264034 0.110618 -0.993512 -17.7734 0.116728 0.987401 0.106835 8.1026 0.992813 -0.11315 -0.0389829 273.677
-0.020471 0.114614 -0.993199 -19.0488 0.119583 0.986557 0.111383 8.23095 0.992613 -0.116489 -0.0339017 273.661
-0.0149329 0.11242 -0.993549 -19.4439 0.117154 0.987012 0.10992 8.27351 0.993001 -0.114757 -0.0279095 273.613
-0.00963071 0.11174 -0.993691 -20.0852 0.115179 0.987247 0.109899 8.32284 0.993298 -0.113393 -0.0223779 273.618
-0.00852315 0.108709 -0.994037 -20.5738 0.114226 0.987672 0.107034 8.38121 0.993418 -0.112633 -0.0208355 273.616
-0.00200267 0.1097 -0.993963 -21.1193 0.116602 0.98721 0.108719 8.42504 0.993177 -0.11568 -0.0147682 273.603
0.000200992 0.106355 -0.994328 -21.7943 0.115815 0.987635 0.105663 8.49851 0.993271 -0.115179 -0.012119 273.582
0.00678974 0.107582 -0.994173 -22.0579 0.118172 0.987143 0.107628 8.52349 0.99297 -0.118214 -0.00601068 273.598
0.0110157 0.105625 -0.994345 -22.5848 0.11666 0.987479 0.106188 8.5629 0.993111 -0.11717 -0.00144443 273.604
0.0158618 0.105484 -0.994295 -23.0523 0.116205 0.987487 0.106615 8.61037 0.993099 -0.117233 0.00340565 273.601
0.0218019 0.10386 -0.994353 -23.4763 0.113063 0.987953 0.105671 8.64432 0.993349 -0.114729 0.0097964 273.595
0.0267665 0.0989725 -0.99473 -23.9015 0.110415 0.988705 0.101344 8.68617 0.993525 -0.112545 0.0155362 273.618
0.0318369 0.0963996 -0.994833 -24.2789 0.107513 0.989233 0.0992975 8.72364 0.993694 -0.110119 0.0211299 273.634
0.0376684 0.0952462 -0.994741 -24.6564 0.104657 0.989597 0.0987167 8.75397 0.993795 -0.107825 0.0273084 273.645
0.0432991 0.0937935 -0.99465 -24.9711 0.102526 0.98991 0.0978097 8.77432 0.993788 -0.106212 0.033246 273.652
0.0476885 0.0929205 -0.994531 -25.3246 0.0997544 0.990243 0.0973032 8.80742 0.993869 -0.103849 0.037954 273.684
0.0527458 0.0941905 -0.994156 -25.6074 0.0980988 0.990238 0.099024 8.83423 0.993778 -0.102749 0.0429909 273.7
0.0562623 0.0916878 -0.994197 -25.8754 0.096512 0.990612 0.0968189 8.848 0.99374 -0.101399 0.0468851 273.705
0.0597843 0.0892075 -0.994217 -26.1139 0.0931487 0.991154 0.0945339 8.87419 0.993856 -0.0982617 0.0509459 273.731
0.0615753 0.0836152 -0.994594 -26.3247 0.0887077 0.992083 0.088896 8.88574 0.994153 -0.093702 0.0536704 273.746
0.064862 0.0851815 -0.994252 -26.4107 0.0833367 0.992407 0.0904601 8.88818 0.994408 -0.0887251 0.0572708 273.746
0.0673708 0.0857147 -0.994039 -26.6375 0.0828766 0.992379 0.0911885 8.906 0.99428 -0.088526 0.0597536 273.766
0.0684685 0.0845971 -0.99406 -26.764 0.0838072 0.992389 0.0902273 8.9115 0.994127 -0.0894871 0.0608575 273.78
0.069558 0.0849988 -0.99395 -26.8429 0.0814486 0.992553 0.0905792 8.92149 0.994247 -0.0872564 0.062117 273.775
0.0708132 0.085414 -0.993826 -26.8833 0.0815078 0.9925 0.0911077 8.92563 0.994154 -0.0874562 0.0633202 273.772
0.071627 0.0819103 -0.994063 -26.9709 0.0822484 0.992743 0.087728 8.93551 0.994035 -0.0880437 0.0643702 273.798
0.0722064 0.0841294 -0.993835 -27.0495 0.0806536 0.99268 0.0898915 8.94114 0.994123 -0.0866471 0.0648926 273.806
0.07242 0.0840768 -0.993824 -27.0869 0.0791778 0.992811 0.0897608 8.93695 0.994226 -0.0851893 0.0652424 273.771
0.0791172 0.0822984 -0.993462 -30.2389 0.0815784 0.992709 0.0887327 9.3567 0.993522 -0.0880654 0.0718266 272.958
0.0889824 -0.00137798 -0.996032 -29.7909 0.102627 0.994689 0.00779225 9.32182 0.990732 -0.102913 0.0886513 273.116
0.0889824 -0.00137798 -0.996032 -29.3429 0.102627 0.994689 0.00779225 9.28695 0.990732 -0.102913 0.0886513 273.274
0.0889824 -0.00137798 -0.996032 -28.8949 0.102627 0.994689 0.00779225 9.25207 0.990732 -0.102913 0.0886513 273.432
0.0889824 -0.00137798 -0.996032 -28.4469 0.102627 0.994689 0.00779225 9.2172 0.990732 -0.102913 0.0886513 273.59
0.0736399 0.0898439 -0.99323 -28.3727 0.0739243 0.992702 0.0952771 9.20329 0.994541 -0.08044 0.0664608 273.686
0.0736399 0.0898439 -0.99323 -28.2984 0.0739243 0.992702 0.0952771 9.18938 0.994541 -0.08044 0.0664608 273.781
0.0736399 0.0898439 -0.99323 -28.2241 0.0739243 0.992702 0.0952771 9.17547 0.994541 -0.08044 0.0664608 273.876
0.0736399 0.0898439 -0.99323 -28.1498 0.0739243 0.992702 0.0952771 9.16157 0.994541 -0.08044 0.0664608 273.971
0.0736399 0.0898439 -0.99323 -28.0756 0.0739243 0.992702 0.0952771 9.14766 0.994541 -0.08044 0.0664608 274.067
0.0736399 0.0898439 -0.99323 -28.0013 0.0739243 0.992702 0.0952771 9.13375 0.994541 -0.08044 0.0664608 274.162
0.0736399 0.0898439 -0.99323 -27.927 0.0739243 0.992702 0.0952771 9.11984 0.994541 -0.08044 0.0664608 274.257
0.0736399 0.0898439 -0.99323 -27.8527 0.0739243 0.992702 0.0952771 9.10593 0.994541 -0.08044 0.0664608 274.352
0.0699799 0.0871353 -0.993736 -28.2932 0.0779917 0.992651 0.0925324 9.14146 0.994495 -0.0839785 0.0626697 273.864
0.0699799 0.0871353 -0.993736 -28.7336 0.0779917 0.992651 0.0925324 9.17699 0.994495 -0.0839785 0.0626697 273.375
0.0699799 0.0871353 -0.993736 -29.1741 0.0779917 0.992651 0.0925324 9.21252 0.994495 -0.0839785 0.0626697 272.886
0.0805462 0.0846698 -0.993148 -30.3764 0.0754635 0.993008 0.0907781 9.36761 0.99389 -0.0822582 0.0735935 272.955
0.08025 0.0362509 -0.996115 -28.3867 0.0688194 0.996752 0.0418184 9.24452 0.994396 -0.071908 0.0774947 274.434
0.0897661 0.0067228 -0.99594 -28.7629 -0.0021656 0.999976 0.00655485 9.19991 0.995961 0.00156841 0.0897785 273.724
0.0759252 0.0732906 -0.994416 -29.3621 0.067059 0.994662 0.0784288 9.2529 0.994856 -0.0726393 0.0706051 273.416
0.0892759 0.0958397 -0.991385 -29.5476 0.0896725 0.990544 0.103833 9.29122 0.991962 -0.0981698 0.0798375 273.449
0.0893819 0.0829487 -0.992537 -29.4614 0.0748961 0.993145 0.0897442 9.27858 0.993177 -0.0823587 0.0825566 273.66
0.0924186 0.0367785 -0.995041 -29.2898 0.0300454 0.99876 0.0397066 9.26185 0.995267 -0.033566 0.0911989 273.788
0.102279 0.0510917 -0.993443 -29.5741 0.0464013 0.997348 0.0560698 9.2762 0.993673 -0.0518319 0.0996375 273.643
0.111701 0.080028 -0.990514 -29.7746 0.0775013 0.993015 0.0889699 9.29896 0.990715 -0.0867041 0.104718 273.635
0.12341 0.0683407 -0.99 -29.872 0.0671125 0.994767 0.0770358 9.30841 0.990084 -0.0759483 0.118178 273.684
0.136936 0.061834 -0.988648 -30.0041 0.0584452 0.995807 0.0703768 9.31839 0.988854 -0.0674188 0.132747 273.75
0.153325 0.0578599 -0.98648 -30.1165 0.0571266 0.996096 0.0673029 9.32623 0.986523 -0.0666735 0.149421 273.777
0.17274 0.0604308 -0.983112 -30.2821 0.0677226 0.995025 0.0730624 9.33821 0.982637 -0.0791997 0.167788 273.776
0.195442 0.0603758 -0.978855 -30.4962 0.0742362 0.994329 0.0761525 9.35539 0.977902 -0.0875498 0.189852 273.831
0.218774 0.0578958 -0.974056 -30.6828 0.0737842 0.994399 0.0756769 9.36862 0.972982 -0.0884262 0.213277 273.908
0.242813 0.0499599 -0.968786 -30.8815 0.0733974 0.994864 0.0697008 9.38557 0.967292 -0.0880306 0.237899 273.982
0.274099 0.0471744 -0.960544 -31.0887 0.0730626 0.994888 0.0697101 9.40166 0.958922 -0.0892873 0.269252 274.047
0.307243 0.044114 -0.950608 -31.3293 0.0694653 0.99522 0.0686359 9.4207 0.949092 -0.0871222 0.30271 274.149
0.341975 0.0376264 -0.938955 -31.5571 0.0678578 0.995601 0.0646106 9.43788 0.937256 -0.0858107 0.337917 274.264
0.379992 0.0286981 -0.924544 -31.8016 0.0719572 0.995573 0.0604776 9.4598 0.922187 -0.0895086 0.376245 274.395
0.418793 0.0204537 -0.907851 -32.0319 0.0747209 0.99558 0.056899 9.48017 0.905002 -0.0916644 0.415413 274.555
0.464875 0.0302217 -0.88486 -32.2954 0.0702558 0.995007 0.0708937 9.50828 0.882584 -0.0951233 0.460431 274.715
0.505563 0.0345529 -0.862097 -32.5569 0.0555599 0.99582 0.0724947 9.52135 0.860999 -0.0845487 0.50153 274.897
0.588866 0.0256476 -0.807823 -32.988 0.0490482 0.99652 0.0673924 9.54111 0.806741 -0.0793073 0.585559 275.061
0.593471 0.0230898 -0.804524 -33.0951 0.0515755 0.996443 0.0666434 9.55622 0.803202 -0.0810446 0.590169 275.348
0.689047 0.0386711 -0.723684 -33.6149 0.0240895 0.996801 0.0762021 9.56194 0.724316 -0.06994 0.685912 275.422
0.695628 0.0147065 -0.718252 -33.6876 0.043033 0.997142 0.0620944 9.59124 0.717112 -0.0741032 0.693007 275.821
0.732394 0.0143897 -0.680729 -33.9665 0.0328261 0.997868 0.0564111 9.61614 0.680089 -0.0636608 0.73036 276.191
0.783657 -0.0167757 -0.620967 -34.1761 0.0421528 0.998767 0.0262144 9.64812 0.619762 -0.0467186 0.783398 276.529
0.826765 0.0279898 -0.56185 -34.4394 0.0107598 0.997792 0.0655402 9.65164 0.562444 -0.0602318 0.824639 276.907
0.858602 0.0180032 -0.512327 -34.719 0.0153672 0.99803 0.0608245 9.70573 0.512412 -0.0600971 0.856634 277.508
0.887449 -0.00561606 -0.460872 -34.8143 0.0272311 0.998818 0.0402646 9.72249 0.460101 -0.0482828 0.886553 277.853
0.92394 -0.0194592 -0.382042 -34.9896 0.0388962 0.998308 0.043219 10.4743 0.380555 -0.0547918 0.923134 278.838
0.937969 -0.00358703 -0.346701 -35.2508 0.023381 0.998325 0.0529265 10.0357 0.34593 -0.0577496 0.936481 279.254
0.956026 0.000261203 -0.293282 -35.2846 0.013559 0.998891 0.0450884 10.2827 0.292969 -0.0470823 0.954962 279.72
0.968558 -0.00963707 -0.248602 -35.3719 0.0193707 0.999137 0.0367369 10.3402 0.248033 -0.0403974 0.967909 280.471
0.979475 -0.000125324 -0.201564 -35.6251 0.00823131 0.99919 0.0393778 10.3083 0.201396 -0.0402288 0.978684 281.593
0.987649 0.00373459 -0.15664 -35.6036 0.00271251 0.999159 0.0409246 10.3438 0.156662 -0.040844 0.986807 281.669
0.991536 -0.00265378 -0.129803 -35.4269 0.00622242 0.999613 0.0270949 10.7191 0.129681 -0.0276733 0.99117 285.033
0.996025 0.00275614 -0.0890274 -35.7507 0.000945675 0.999138 0.0415116 10.511 0.0890651 -0.0414308 0.995164 284.968
0.998082 0.0125085 -0.0606317 -35.6843 -0.00962599 0.99882 0.0476023 10.5086 0.0611556 -0.0469273 0.997024 284.745
0.99911 -0.00692965 -0.0416146 -35.7316 0.0086454 0.999114 0.0411919 10.5665 0.0412923 -0.041515 0.998284 285.975
0.999673 -0.00871243 -0.0240267 -35.7159 0.00971867 0.999067 0.0420864 10.6086 0.0236376 -0.0423061 0.998825 286.931
0.999831 -0.0105367 -0.0150797 -35.6873 0.0111052 0.999211 0.0381271 10.6493 0.014666 -0.0382882 0.999159 287.439
0.999969 -0.00759663 -0.00225533 -35.7365 0.00768284 0.999127 0.0410536 10.6344 0.0019415 -0.0410696 0.999154 288.027
0.999967 -0.00610702 0.00539489 -35.7165 0.00588322 0.999159 0.0405682 10.6602 -0.0056381 -0.0405351 0.999162 288.417
0.999932 -0.00334362 0.0111552 -35.6922 0.00291494 0.999265 0.0382262 10.6939 -0.0112749 -0.0381911 0.999207 289.333
0.999873 -0.00366797 0.015492 -35.68 0.00308566 0.999294 0.037446 10.7192 -0.0156184 -0.0373935 0.999179 290.075
0.999853 -0.00394133 0.0166624 -35.6907 0.00332427 0.999313 0.0369003 10.7497 -0.0167964 -0.0368395 0.99918 290.744
0.999785 -0.00561834 0.0199475 -35.6651 0.00483761 0.999229 0.038974 10.7549 -0.0201511 -0.0388691 0.999041 291.161
0.999753 0.000713021 0.0222171 -35.6479 -0.00163055 0.999145 0.0413075 10.7824 -0.0221686 -0.0413335 0.998899 292.028
0.999756 -0.00478487 0.0215453 -35.6215 0.00384786 0.999054 0.0433232 10.817 -0.0217322 -0.0432297 0.998829 292.811
0.999768 -0.0024674 0.0214169 -35.6182 0.00151812 0.99902 0.0442275 10.8397 -0.021505 -0.0441847 0.998792 293.563
0.999741 -0.00340772 0.0225124 -35.6307 0.0024645 0.999123 0.0417936 10.8646 -0.0226351 -0.0417272 0.998873 294.295
0.999803 -0.00211937 0.0197227 -35.6008 0.00134092 0.999223 0.0393995 10.8895 -0.0197908 -0.0393653 0.999029 295.054
0.99986 -0.00129995 0.0166775 -35.5844 0.000735936 0.999429 0.0337805 10.911 -0.0167119 -0.0337635 0.99929 295.941
0.999874 -0.00109107 0.0158375 -35.5771 0.000625622 0.999569 0.0293643 10.9476 -0.0158627 -0.0293507 0.999443 296.847
0.999839 0.00762836 0.0162505 -35.5859 -0.00810956 0.999524 0.0297545 10.961 -0.0160158 -0.0298815 0.999425 297.527
0.999793 0.00617683 0.0194008 -35.5961 -0.00688381 0.999307 0.036588 10.9951 -0.0191613 -0.036714 0.999142 298.563
0.999837 0.00343484 0.0177339 -35.5753 -0.00425035 0.998925 0.046155 11.0188 -0.0175563 -0.0462228 0.998777 299.246
0.999848 0.00206054 0.0173271 -35.5699 -0.00294694 0.99868 0.0512878 11.0433 -0.0171986 -0.0513311 0.998534 300.125
0.999845 -0.00232874 0.0174753 -35.5282 0.00147295 0.998806 0.0488254 11.0771 -0.0175682 -0.0487921 0.998654 300.948
0.999874 0.000389636 0.0158636 -35.5535 -0.0010454 0.999144 0.0413503 11.1117 -0.0158339 -0.0413616 0.999019 301.953
0.999774 -0.0112641 0.0180054 -35.5403 0.0106324 0.999338 0.034799 11.1564 -0.0183854 -0.0345997 0.999232 303.163
0.999817 -0.0152471 0.0115479 -35.4548 0.0148992 0.99945 0.0296378 11.2487 -0.0119935 -0.0294604 0.999494 305.5
0.999917 -0.00117154 0.012868 -35.4971 0.000805078 0.999595 0.0284465 11.2263 -0.0128961 -0.0284338 0.999512 305.366
0.999933 -0.00440809 0.0107367 -35.5079 0.00407536 0.999517 0.0308164 11.2582 -0.0108673 -0.0307706 0.999467 306.372
0.999822 0.0188423 -0.000254051 -35.2922 -0.0188186 0.999081 0.0385151 11.336 0.000979531 -0.0385034 0.999258 307.796
0.999763 0.0164226 0.0142803 -35.4733 -0.0170319 0.998902 0.0436464 11.3153 -0.0135478 -0.0438793 0.998945 308.301
0.999917 -0.00187986 0.0127735 -35.4897 0.00126444 0.998846 0.0480182 11.3825 -0.012849 -0.0479981 0.998765 309.862
0.999828 0.0118624 0.0142318 -35.4588 -0.0124953 0.998898 0.045236 11.3989 -0.0136795 -0.045406 0.998875 310.524
0.999866 0.00529718 0.0154655 -35.4716 -0.00594348 0.999098 0.0420476 11.4769 -0.0152288 -0.0421339 0.998996 312.651
0.998648 -0.0424302 0.0300372 -35.6244 0.0410609 0.998151 0.0448238 11.5072 -0.0318835 -0.0435298 0.998543 313.85
0.999356 0.0335547 0.0127021 -35.4566 -0.0339886 0.998786 0.0356442 11.5478 -0.0114906 -0.0360529 0.999284 315.374
0.99994 -0.00409615 0.0101221 -35.4387 0.00371969 0.999311 0.0369351 11.5821 -0.0102665 -0.0368953 0.999266 316.401
0.999935 -0.00261916 0.0111324 -35.4788 0.00217833 0.99922 0.0394279 11.6298 -0.0112269 -0.039401 0.99916 318.147
0.999968 -0.00389662 0.00701224 -35.4673 0.00358986 0.999058 0.0432396 11.6801 -0.00717413 -0.0432131 0.99904 319.524
0.99996 -0.00891328 0.000323135 -35.4554 0.00889178 0.999074 0.0420927 11.6813 -0.00069802 -0.0420882 0.999114 319.937
0.99998 -0.00395516 0.004867 -35.4193 0.00378163 0.999375 0.0351601 11.7527 -0.00500302 -0.035141 0.99937 321.883
0.999973 -0.00707363 0.0019981 -35.4427 0.00700681 0.999474 0.0316737 11.7592 -0.0022211 -0.0316589 0.999496 322.293
0.999994 -0.00193825 0.00275365 -35.4092 0.00185433 0.999543 0.0301567 11.8056 -0.00281085 -0.0301514 0.999541 324.725
0.999999 0.000742483 -0.00137598 -35.4208 -0.000697513 0.999475 0.0323997 11.807 0.00139931 -0.0323987 0.999474 324.629
0.999989 0.00390882 -0.00246783 -35.432 -0.00381681 0.999336 0.036247 11.8266 0.00260787 -0.0362372 0.99934 325.81
0.999982 0.00480494 -0.00349104 -35.462 -0.00465712 0.999141 0.0411841 11.8514 0.00368593 -0.0411671 0.999145 326.703
0.999972 0.00570541 -0.0048693 -35.4798 -0.00548027 0.998969 0.0450603 11.8803 0.00512137 -0.0450324 0.998972 328.159
0.999899 0.0132916 -0.00508279 -35.4859 -0.0130458 0.998871 0.0456804 11.918 0.00568422 -0.0456095 0.998943 328.952
0.999971 0.00261992 -0.00715368 -35.5679 -0.00230198 0.999025 0.0440961 12.0062 0.00726223 -0.0440784 0.999002 331.062
0.999959 0.00778333 -0.00458052 -35.5606 -0.00757942 0.999048 0.0429645 12.0165 0.00491057 -0.0429281 0.999066 332.441
0.999969 0.00311454 -0.00726686 -35.5332 -0.00283058 0.999244 0.0387648 12.0571 0.0073821 -0.038743 0.999222 333.572
0.999964 0.00417057 -0.00733289 -35.556 -0.00390664 0.999357 0.0356455 12.0947 0.00747684 -0.0356156 0.999338 335.274
0.999982 0.000573524 -0.00603289 -35.5374 -0.000369184 0.999428 0.0338179 12.1442 0.00604884 -0.033815 0.99941 337.452
0.999983 0.00278408 -0.00503849 -35.5036 -0.00260264 0.99936 0.0356674 12.1899 0.00513457 -0.0356537 0.999351 338.792
0.999975 0.00645963 -0.00302504 -35.592 -0.00633883 0.999243 0.0383707 12.208 0.00327061 -0.0383506 0.999259 339.43
0.999959 0.00165234 -0.00889433 -35.556 -0.0013099 0.999263 0.0383698 12.2755 0.00895118 -0.0383566 0.999224 342.198
0.999979 0.00577993 -0.0030632 -35.5989 -0.0056476 0.999119 0.0415773 12.2632 0.00330081 -0.0415591 0.999131 341.639
0.999957 0.00906121 -0.00218082 -35.6252 -0.00895442 0.998956 0.0448048 12.3008 0.00258453 -0.0447833 0.998993 343.345
0.999956 0.00867163 -0.00362887 -35.6043 -0.0084818 0.998743 0.0494105 12.3535 0.00405278 -0.0493776 0.998772 344.354
0.999924 0.011938 -0.00322969 -35.64 -0.0117621 0.998686 0.0498704 12.4057 0.0038208 -0.0498286 0.99875 345.842
0.999909 0.0133435 -0.00220257 -35.6711 -0.0132317 0.998912 0.044723 12.4385 0.00279694 -0.0446897 0.998997 347.182
0.999915 0.013039 -0.000439006 -35.6652 -0.0130114 0.99913 0.039618 12.4706 0.000955204 -0.0396089 0.999215 347.897
0.999889 0.0148821 0.000560696 -35.6925 -0.0148926 0.999198 0.0371591 12.5115 -7.24096e-006 -0.0371634 0.999309 349.255
0.999884 0.0151874 -0.00151585 -35.7124 -0.0151216 0.999213 0.0366819 12.5369 0.00207176 -0.0366547 0.999326 350.428
0.999912 0.013276 -0.000625594 -35.7049 -0.0132457 0.999288 0.035324 12.5732 0.00109411 -0.0353126 0.999376 351.494
0.999946 0.0104193 -0.000134573 -35.7006 -0.0104077 0.999298 0.0359932 12.6044 0.000509504 -0.0359899 0.999352 352.608
0.999951 0.00992895 7.70081e-005 -35.7255 -0.00992464 0.99922 0.0382087 12.6218 0.000302424 -0.0382076 0.99927 353.517
0.998579 0.0511797 0.0148868 -35.7772 -0.0516313 0.998162 0.0317222 12.6755 -0.0132359 -0.0324457 0.999386 354.508
0.999742 0.0227032 -0.000121421 -35.663 -0.0226785 0.99888 0.041523 12.6897 0.00106399 -0.0415096 0.999138 355.765
0.999997 0.00253942 -0.000443938 -35.7496 -0.00251938 0.999178 0.0404675 12.7411 0.000546337 -0.0404663 0.999181 357.301
0.999999 0.000988021 -0.000871991 -35.7623 -0.000952106 0.999188 0.0402687 12.7839 0.00091107 -0.0402679 0.999189 358.477
0.999993 -0.00339703 0.00177456 -35.6958 0.00332009 0.999125 0.0416925 12.8307 -0.00191464 -0.0416863 0.999129 359.969
0.999998 0.00173434 0.000945923 -35.6964 -0.00177056 0.999209 0.0397393 12.8711 -0.000876253 -0.0397409 0.99921 362.311
0.999987 -0.00500187 0.000785293 -35.6917 0.00496629 0.999181 0.0401649 12.8893 -0.000985549 -0.0401605 0.999193 362.312
0.999986 -0.00525135 0.000770646 -35.7481 0.00521588 0.999168 0.0404444 12.9926 -0.000982393 -0.0404399 0.999181 365.425
0.999978 0.000510782 0.00664261 -35.7833 -0.0007714 0.999228 0.0392911 13.0137 -0.00661741 -0.0392954 0.999206 365.617
0.999994 0.00212347 0.00275209 -35.7248 -0.0022169 0.999406 0.0344029 13.0563 -0.0026774 -0.0344088 0.999404 367.293
0.999966 0.00583369 0.00586525 -35.7605 -0.0060135 0.999497 0.0311224 13.0813 -0.00568074 -0.0311566 0.999498 368.433
0.99999 -0.0043249 -0.000871498 -35.7048 0.00435225 0.999402 0.0342955 13.1225 0.000722653 -0.0342989 0.999411 369.897
0.999982 -0.00576029 -0.00138914 -35.74 0.00581147 0.999175 0.0401912 13.1676 0.00115648 -0.0401986 0.999191 371.491
0.999997 0.000473706 0.00233538 -35.7242 -0.000569372 0.999153 0.0411349 13.1875 -0.00231391 -0.0411361 0.999151 372.221
0.999987 -0.00386673 0.00329965 -35.7494 0.00371715 0.999016 0.0441918 13.2253 -0.00346728 -0.044179 0.999018 373.378
0.99999 0.000847739 0.00448357 -35.7304 -0.00105403 0.998931 0.0462112 13.2443 -0.0044396 -0.0462154 0.998922 374.062
0.999992 -0.00212155 0.0035092 -35.7578 0.00195688 0.998927 0.0462815 13.3029 -0.00360362 -0.0462742 0.998922 375.924
0.999984 -0.00432867 0.00354135 -35.7451 0.0041661 0.998992 0.0446925 13.341 -0.00373124 -0.0446771 0.998995 377.27
0.999975 -0.00628239 0.00333976 -35.7442 0.00613928 0.99913 0.0412609 13.3835 -0.00359607 -0.0412394 0.999143 378.601
0.999977 -0.00451884 0.00508984 -35.7817 0.0043121 0.999193 0.0399223 13.4423 -0.00526613 -0.0398995 0.99919 380.175
0.999964 -0.00746745 0.00411627 -35.8468 0.00729255 0.999133 0.0409821 13.5087 -0.00441873 -0.0409506 0.999151 381.926
0.999888 -0.0145357 0.00344541 -35.8584 0.0143701 0.998927 0.0440178 13.5656 -0.00408154 -0.0439633 0.999025 383.429
0.999978 -0.0059054 0.00288045 -35.7583 0.00576052 0.998833 0.0479483 13.5709 -0.00316025 -0.0479307 0.998846 384.665
0.99997 -0.00709434 0.00312079 -35.8074 0.00693228 0.998765 0.0491884 13.612 -0.0034659 -0.0491653 0.998785 386.004
0.999821 -0.0188983 -0.000247407 -35.7822 0.0188896 0.998761 0.0460292 13.6708 -0.000622771 -0.0460256 0.99894 387.742
0.99987 -0.0160314 0.00143317 -35.7857 0.0159605 0.999056 0.0404071 13.7214 -0.0020796 -0.040379 0.999182 389.048
0.999938 -0.0109276 0.00229598 -35.7731 0.0108288 0.999167 0.0393451 13.7505 -0.00272401 -0.0393177 0.999223 390.449
0.999923 -0.0123194 0.00120679 -35.7444 0.0122598 0.999089 0.0408866 13.8191 -0.00170939 -0.0408687 0.999163 392.751
0.999984 -0.00532212 0.00197204 -35.9457 0.00523146 0.999043 0.0434325 13.8706 -0.00220131 -0.0434215 0.999054 393.39
0.999977 -0.00646992 -0.00219662 -35.8088 0.00656318 0.998943 0.0454987 13.8531 0.00189992 -0.0455121 0.998962 393.88
0.999975 -0.00689294 -0.0016158 -35.8164 0.00696348 0.998788 0.0487142 13.8983 0.00127806 -0.0487242 0.998811 395.288
0.999928 -0.0117699 -0.00246838 -35.8389 0.0118787 0.998677 0.0500391 13.9356 0.00187616 -0.0500648 0.998744 396.551
0.999922 -0.0117591 -0.00421922 -35.8531 0.0119499 0.998753 0.0484753 14.0074 0.00364393 -0.0485219 0.998815 398.692
0.999982 -0.00599517 -0.000135155 -35.8901 0.00599493 0.998889 0.0467477 14.0315 -0.000145255 -0.0467477 0.998907 398.986
0.999951 -0.00709328 -0.00685466 -35.8518 0.00739729 0.998942 0.0453931 14.0575 0.00652542 -0.0454416 0.998946 400.167
0.999989 -0.00187254 -0.0042808 -35.8917 0.00206249 0.998993 0.0448082 14.1154 0.00419259 -0.0448166 0.998986 402.329
0.999977 -0.00107139 -0.00663123 -35.9042 0.00136518 0.99901 0.0444589 14.1763 0.00657704 -0.0444669 0.998989 404.139
0.999974 0.0036755 -0.0062674 -35.9064 -0.00338443 0.998943 0.0458361 14.1826 0.00642924 -0.0458136 0.998929 404.476
0.999961 0.00396725 -0.00792051 -35.9183 -0.00359552 0.998916 0.046408 14.2259 0.00809604 -0.0463777 0.998891 405.567
0.999941 0.00861783 -0.00655195 -35.9517 -0.00830712 0.998904 0.0460556 14.2314 0.00694167 -0.0459985 0.998917 406.229
0.999936 0.00678965 -0.00906605 -35.9168 -0.00638722 0.999024 0.0437021 14.2792 0.00935393 -0.0436414 0.999003 407.938
0.999958 0.00702859 -0.00595756 -35.9337 -0.00676903 0.999073 0.0425228 14.2995 0.00625091 -0.0424806 0.999078 408.367
0.999968 0.00635708 -0.00475328 -35.9781 -0.00614557 0.999045 0.0432605 14.3207 0.00502375 -0.0432299 0.999053 409.271
0.999983 0.00299259 -0.00506025 -35.9621 -0.00277235 0.999072 0.0429826 14.3499 0.00518418 -0.0429678 0.999063 410.407
0.999992 -0.00283775 -0.00267441 -35.9562 0.00295647 0.998961 0.045486 14.3565 0.00254255 -0.0454936 0.998961 411.415
0.999991 -0.00284912 -0.00314436 -35.9926 0.00298981 0.998951 0.0456857 14.3904 0.0030109 -0.0456947 0.998951 412.23
0.999995 -0.00319209 -3.70845e-005 -35.9705 0.00319038 0.99892 0.0463503 14.4116 -0.00011091 -0.0463502 0.998925 413.123
0.99998 -0.00579122 0.00257204 -35.9673 0.00565969 0.998807 0.0484959 14.4298 -0.00284982 -0.0484804 0.99882 413.828
0.999975 -0.00644182 0.00305284 -35.9586 0.00628183 0.99874 0.0497985 14.4518 -0.00336979 -0.0497781 0.998755 414.662
0.999974 -0.00579451 0.00440239 -35.9907 0.00555775 0.998631 0.0520122 14.4813 -0.00469774 -0.0519863 0.998637 415.415
0.999974 -0.00109093 0.00713626 -35.9579 0.000720703 0.998664 0.0516786 14.4679 -0.0071831 -0.0516721 0.998638 414.982
0.999965 -0.00307465 0.00781145 -35.9554 0.00269086 0.998811 0.0486768 14.5203 -0.00795182 -0.0486541 0.998784 416.73
0.999958 -0.00109591 0.0090819 -35.9435 0.000704186 0.999074 0.0430244 14.5362 -0.00912064 -0.0430162 0.999033 417.463
0.999942 0.00333111 0.0102567 -35.8801 -0.00374436 0.999171 0.0405391 14.5582 -0.0101132 -0.0405752 0.999125 418.293
0.999941 -0.00156497 0.0107923 -35.9271 0.00112151 0.99916 0.0409746 14.57 -0.0108473 -0.04096 0.999102 418.669
0.999941 -0.000314002 0.0108134 -35.9085 -0.000160623 0.999038 0.0438634 14.582 -0.0108168 -0.0438626 0.998979 418.926
0.999936 0.00136201 0.0112693 -35.9116 -0.00189276 0.998883 0.0472216 14.5793 -0.0111924 -0.0472399 0.998821 419.132
