0.999998 3.83103e-006 0.00176497 -0.00860999 3.83103e-006 0.999991 -0.00434116 -0.00748579 -0.00176497 0.00434116 0.999989 0.961861
1 -5.60471e-007 0.000632972 -0.00453264 1.22565e-006 0.999999 -0.00105089 -0.00412931 -0.000632971 0.00105089 0.999999 1.92517
1 -6.38253e-006 -0.000384535 0.00196422 7.85665e-006 0.999993 0.00383364 -0.00228292 0.000384508 -0.00383364 0.999993 2.8889
1 -1.00194e-005 -0.000578249 0.00260102 1.36814e-005 0.99998 0.00633316 -0.0076499 0.000578174 -0.00633317 0.99998 3.84975
1 0 0 -0.010107 0 1 0 -0.000233299 0 0 1 4.80831
0.999999 1.00432e-005 0.00118297 -0.0496154 -6.92062e-006 0.999997 -0.00263955 -0.00552658 -0.001183 0.00263954 0.999996 5.7402
1 6.76391e-006 -0.000516231 -0.0524877 -8.68599e-006 0.999993 -0.00372338 -0.000140288 0.000516202 0.00372338 0.999993 6.67772
0.999999 2.93674e-006 -0.00111741 -0.0523576 -3.76846e-006 1 -0.000744325 0.00213736 0.00111741 0.000744329 0.999999 7.6077
0.999998 4.71465e-006 -0.00174122 -0.0487874 -1.30803e-006 0.999998 0.00195646 0.000594326 0.00174122 -0.00195645 0.999997 8.53716
1 4.78636e-006 -0.000736692 -0.0519025 -2.48815e-006 0.999995 0.00311961 -0.00014326 0.000736703 -0.0031196 0.999995 9.46766
0.999999 -1.04253e-006 -0.00159644 -0.047896 2.92539e-006 0.999999 0.00117941 0.00626388 0.00159644 -0.00117941 0.999998 10.3908
1 0 0 -0.0662595 0 1 0 0.0210364 0 0 1 11.3412
1 -4.77772e-006 -0.000940984 -0.0712623 4.43276e-006 1 -0.000366602 0.027531 0.000940986 0.000366597 0.999999 12.2254
0.999999 -1.21555e-005 -0.00142155 -0.058431 9.87585e-006 0.999999 -0.00160365 0.0374095 0.00142157 0.00160363 0.999998 13.1354
1 -1.29442e-005 -0.000531259 -0.0780975 1.17965e-005 0.999998 -0.00216027 0.0405871 0.000531286 0.00216026 0.999998 14.0437
0.999999 -5.11319e-006 -0.00128155 -0.0866278 4.00313e-006 1 -0.000866183 0.0341532 0.00128155 0.000866177 0.999999 14.9481
0.999997 -4.59199e-006 0.00229058 -0.167096 5.26372e-006 1 -0.000293254 0.0298278 -0.00229058 0.000293265 0.999997 15.8454
0.999997 -2.63967e-006 -0.0023852 -0.168437 1.35263e-007 0.999999 -0.00104998 0.0309892 0.0023852 0.00104997 0.999997 16.7425
0.999998 5.70739e-006 -0.00183992 -0.179124 -5.49197e-006 1 0.000117087 0.027872 0.00183992 -0.000117076 0.999998 17.6344
0.999999 7.41368e-006 -0.00105269 -0.200522 -6.88355e-006 1 0.000503601 0.0320731 0.00105269 -0.000503593 0.999999 18.5263
0.999998 1.69639e-005 -0.00219055 -0.211359 -1.44841e-005 0.999999 0.00113206 0.0350573 0.00219056 -0.00113202 0.999997 19.4139
1 1.82131e-005 0.000510151 -0.25432 -1.90038e-005 0.999999 0.00155009 0.0221197 -0.000510122 -0.0015501 0.999999 20.2936
0.999997 -2.64213e-006 0.00252293 -0.309317 3.71132e-006 1 -0.000423781 0.0219433 -0.00252293 0.000423789 0.999997 21.1662
0.999999 -1.03679e-005 -0.00115291 -0.328071 9.19063e-006 0.999999 -0.00102112 0.0299548 0.00115292 0.00102111 0.999999 22.0352
0.999998 3.57511e-006 -0.00183645 -0.334704 -3.21171e-006 1 0.00019788 0.0316074 0.00183646 -0.000197873 0.999998 22.8984
0.999997 2.06883e-005 0.00247307 -0.388631 -2.56346e-005 0.999998 0.00200004 0.0332034 -0.00247303 -0.0020001 0.999995 23.7538
1 2.46441e-005 -0.000881231 -0.399711 -2.24034e-005 0.999997 0.0025426 0.0361848 0.000881291 -0.00254258 0.999996 24.6116
0.999996 1.36715e-005 -0.00280346 -0.393025 -7.87031e-006 0.999998 0.00206928 0.0321343 0.00280348 -0.00206925 0.999994 25.4385
1 -1.76567e-005 5.771e-005 -0.419359 1.77341e-005 0.999999 -0.00134204 0.0366339 -5.76862e-005 0.00134204 0.999999 26.2624
0.999999 -4.1969e-005 -0.00106878 -0.439474 3.91363e-005 0.999996 -0.0026503 0.0384427 0.00106888 0.00265026 0.999996 27.0766
1 -2.91225e-005 -0.000558889 -0.461699 2.80624e-005 0.999998 -0.00189679 0.0430234 0.000558943 0.00189677 0.999998 27.8732
0.999999 -5.89563e-006 -0.00144364 -0.469457 5.38042e-006 1 -0.000356886 0.0406805 0.00144365 0.000356878 0.999999 28.6661
1 -7.84042e-006 -0.000443518 -0.500928 7.63005e-006 1 -0.000474323 0.0404608 0.000443521 0.000474319 1 29.451
0.999999 -1.36776e-005 -0.0014197 -0.525052 1.25021e-005 1 -0.000827945 0.0378798 0.00141971 0.000827927 0.999999 30.2229
0.99999 -9.90605e-006 -0.00456038 -0.518509 6.23333e-006 1 -0.000805366 0.0504506 0.00456039 0.00080533 0.999989 30.9898
0.999997 2.16577e-005 -0.00240969 -0.539658 -2.00392e-005 1 0.000671693 0.054905 0.00240971 -0.000671643 0.999997 31.75
0.999999 6.42343e-005 -0.00167733 -0.566448 -6.02842e-005 0.999997 0.00235492 0.0540626 0.00167748 -0.00235482 0.999996 32.4942
0.999994 5.68138e-005 -0.00352636 -0.572864 -4.95156e-005 0.999998 0.00206967 0.0452262 0.00352647 -0.00206949 0.999992 33.2323
0.999995 4.62602e-006 -0.00305562 -0.5906 -3.36064e-006 1 0.00041412 0.0461268 0.00305563 -0.000414107 0.999995 33.9604
0.999996 -1.99364e-005 -0.00287506 -0.615618 1.90645e-005 1 -0.000303298 0.040265 0.00287507 0.000303242 0.999996 34.7024
0.999996 -4.69298e-005 -0.00280844 -0.636967 4.40598e-005 0.999999 -0.00102197 0.045643 0.00280848 0.00102185 0.999996 35.3927
0.999999 5.19331e-005 -0.0012563 -0.672918 -5.02215e-005 0.999999 0.00136244 0.046467 0.00125637 -0.00136237 0.999998 36.0854
0.999999 4.99497e-005 -0.00165664 -0.698656 -4.77304e-005 0.999999 0.00133963 0.0566416 0.0016567 -0.00133955 0.999998 36.7734
0.999999 8.45051e-006 -0.00170872 -0.721626 -7.80133e-006 1 0.000379926 0.0605674 0.00170873 -0.000379912 0.999998 37.45
0.999999 -6.59843e-005 0.00114124 -0.757656 6.78731e-005 0.999999 -0.00165508 0.055385 -0.00114113 0.00165516 0.999998 38.1122
0.999996 -0.000114727 0.00281555 -0.806266 0.000123182 0.999995 -0.00300312 0.0561557 -0.00281519 0.00300345 0.999992 38.7635
0.999998 -8.08186e-005 0.00207449 -0.827874 8.51671e-005 0.999998 -0.00209618 0.0623788 -0.00207432 0.00209635 0.999996 39.4008
0.99998 1.17571e-005 0.0063217 -0.887581 -1.59325e-005 1 0.000660442 0.0668248 -0.00632169 -0.000660529 0.99998 40.0355
0.999996 9.3638e-005 0.00296698 -0.913847 -0.000103211 0.999995 0.00322669 0.0612656 -0.00296667 -0.00322698 0.99999 40.6851
0.999991 0.000107558 0.0041496 -0.940432 -0.000123034 0.999993 0.0037295 0.0594338 -0.00414917 -0.00372997 0.999984 41.2904
0.999987 5.67738e-005 0.0050127 -0.966983 -6.30495e-005 0.999999 0.0012518 0.0613982 -0.00501262 -0.0012521 0.999987 41.8891
0.999982 5.08001e-005 0.0060517 -0.988277 -5.36718e-005 1 0.000474369 0.0654938 -0.00605167 -0.000474685 0.999982 42.4739
0.999985 6.36394e-005 0.00539706 -0.996229 -7.51653e-005 0.999998 0.0021354 0.0693638 -0.00539691 -0.00213578 0.999983 43.0426
0.999981 6.61202e-005 0.00618802 -0.99923 -7.3746e-005 0.999999 0.00123213 0.0756436 -0.00618794 -0.00123256 0.99998 43.5908
0.999976 7.59995e-005 0.00689285 -0.999642 -7.40386e-005 1 -0.000284742 0.0791521 -0.00689287 0.000284224 0.999976 44.118
0.999977 7.11796e-005 0.00680926 -0.993232 -7.23574e-005 1 0.000172721 0.0815557 -0.00680925 -0.00017321 0.999977 44.6255
0.99997 8.40807e-005 0.00773889 -0.993451 -8.40017e-005 1 -1.05375e-005 0.0809542 -0.00773889 9.88715e-006 0.99997 45.109
0.99997 0.000137221 0.00774154 -0.986552 -0.000119704 0.999997 -0.0022631 0.079127 -0.00774183 0.00226211 0.999967 45.5729
0.999966 0.000162887 0.00829839 -0.971676 -0.000138789 0.999996 -0.00290439 0.0840321 -0.00829883 0.00290314 0.999961 46.0122
0.999971 2.47107e-005 0.00763602 -0.944175 -2.82854e-005 1 0.000468033 0.0885047 -0.00763601 -0.000468235 0.999971 46.4332
0.999973 -3.50189e-005 0.00740643 -0.915806 2.23747e-005 0.999999 0.00170727 0.0933638 -0.00740648 -0.00170706 0.999971 46.8298
0.999962 -3.16599e-006 0.00876415 -0.906131 -8.24633e-006 0.999999 0.00130212 0.0923378 -0.00876414 -0.00130215 0.999961 47.2021
0.999962 8.69102e-005 0.0087597 -0.883205 -8.59837e-005 1 -0.000106144 0.0992071 -0.00875971 0.000105387 0.999962 47.5387
0.999847 0.00017474 0.0175187 -0.86028 -0.000171034 1 -0.000213037 0.106076 -0.0175187 0.000210008 0.999847 47.8754
0.999947 6.60753e-005 0.0102653 -0.850934 -6.92733e-005 1 0.000311179 0.103371 -0.0102653 -0.000311874 0.999947 48.1744
0.999961 -3.36022e-005 0.00884097 -0.816528 2.25125e-005 0.999999 0.00125445 0.0977295 -0.00884101 -0.0012542 0.99996 48.4482
0.999942 0.000232945 0.0107849 -0.783296 -0.00022029 0.999999 -0.00117462 0.105866 -0.0107852 0.00117218 0.999941 48.7138
0.99993 0.000482512 0.0118281 -0.740277 -0.000443655 0.999994 -0.00328758 0.101643 -0.0118296 0.0032821 0.999925 48.9719
0.999909 0.000483545 0.0134474 -0.696311 -0.000440578 0.999995 -0.00319796 0.102633 -0.0134489 0.00319175 0.999904 49.2279
0.999876 0.000299953 0.0157411 -0.65563 -0.000271286 0.999998 -0.00182322 0.116013 -0.0157416 0.00181872 0.999874 49.4824
0.999863 0.000110832 0.0165695 -0.599316 -0.00010073 1 -0.000610549 0.115472 -0.0165696 0.000608796 0.999863 49.7435
0.999846 1.07502e-005 0.0175646 -0.551951 -1.01533e-005 1 -3.40734e-005 0.109107 -0.0175646 3.38899e-005 0.999846 49.9806
0.999833 -4.96912e-005 0.0182876 -0.483297 4.45769e-005 1 0.000280067 0.10519 -0.0182876 -0.000279204 0.999833 50.2229
0.999804 -0.000156576 0.0198092 -0.40816 0.000141042 1 0.000785578 0.110382 -0.0198094 -0.00078263 0.999803 50.4675
0.999792 -2.74288e-005 0.0203845 -0.325863 2.26448e-005 1 0.000234921 0.10532 -0.0203845 -0.00023441 0.999792 50.6924
0.999758 0.000282047 0.022012 -0.26243 -0.000260845 0.999999 -0.000966061 0.101761 -0.0220123 0.000960085 0.999757 50.9334
0.999718 0.000281507 0.0237659 -0.18294 -0.000258817 1 -0.00095779 0.104601 -0.0237661 0.000951368 0.999717 51.1703
0.999676 -2.18976e-005 0.0254665 -0.0878781 2.10552e-005 1 3.33458e-005 0.106195 -0.0254665 -3.27988e-005 0.999676 51.4073
0.999635 0.000100995 0.0270088 0.0111743 -9.19502e-005 1 -0.000336127 0.104519 -0.0270089 0.000333521 0.999635 51.6453
0.999582 -1.65662e-005 0.0289096 0.127471 1.70779e-005 1 -1.74543e-005 0.102467 -0.0289096 1.79407e-005 0.999582 51.8824
0.99955 -0.000148393 0.0299897 0.267931 0.000139112 1 0.000311579 0.106299 -0.0299897 -0.000307267 0.99955 52.097
0.999474 -0.000358738 0.0324311 0.413199 0.000333176 1 0.000793602 0.110752 -0.0324314 -0.000782379 0.999474 52.3142
0.999343 -0.000355549 0.0362282 0.545442 0.000327209 1 0.00078819 0.105284 -0.0362284 -0.000775819 0.999343 52.5466
0.999266 0.000486641 0.0382964 0.697242 -0.000455029 1 -0.000834156 0.108295 -0.0382968 0.000816118 0.999266 52.7667
0.999193 0.00151737 0.0401467 0.850134 -0.00141203 0.999995 -0.00265209 0.107012 -0.0401506 0.00259326 0.99919 52.9927
0.999123 0.00124754 0.0418418 1.0233 -0.00115556 0.999997 -0.00222239 0.108523 -0.0418445 0.00217209 0.999122 53.2228
0.999079 0.00082472 0.0428902 1.22896 -0.000756536 0.999998 -0.00160594 0.109036 -0.0428914 0.00157202 0.999079 53.4424
0.998994 0.00132774 0.0448243 1.4408 -0.00122554 0.999997 -0.00230737 0.104461 -0.0448273 0.00225011 0.998992 53.6603
0.998923 0.00232316 0.0463439 1.68362 -0.00216044 0.999991 -0.00356085 0.113859 -0.0463518 0.00345689 0.998919 53.8787
0.998821 0.00027396 0.0485527 1.94693 -0.000211802 0.999999 -0.00128537 0.116441 -0.0485531 0.00127357 0.99882 54.0982
0.998672 -0.00221933 0.0514789 2.23535 0.00215909 0.999997 0.00122567 0.117037 -0.0514814 -0.00111289 0.998673 54.3133
0.998591 -0.000650998 0.0530584 2.54932 0.000666014 1 -0.00026532 0.117397 -0.0530583 0.000300284 0.998591 54.5433
0.998507 -7.97145e-005 0.0546309 2.88582 0.000122034 1 -0.000771316 0.122696 -0.0546309 0.000776831 0.998506 54.7585
0.998404 -0.000426072 0.0564803 3.24544 0.000457053 1 -0.000535609 0.124097 -0.0564801 0.000560568 0.998404 54.9551
0.998382 -0.000929848 0.0568544 3.6306 0.000942685 1 -0.000198985 0.124101 -0.0568542 0.000252259 0.998382 55.1417
0.998457 -0.000360845 0.0555324 4.03513 0.000390581 1 -0.000524629 0.126755 -0.0555322 0.00054551 0.998457 55.3133
0.998503 0.00037064 0.0546954 4.46443 -0.000321727 1 -0.00090307 0.128325 -0.0546958 0.000884121 0.998503 55.472
0.998525 0.00358668 0.0541826 4.90229 -0.00346197 0.999991 -0.00239519 0.13316 -0.0541907 0.00220408 0.998528 55.6243
0.998646 0.000670417 0.0520136 5.36179 -0.000609929 0.999999 -0.00117879 0.134985 -0.0520143 0.00114547 0.998646 55.7418
0.998743 -0.00860567 0.049376 5.84353 0.00851405 0.999962 0.00206558 0.127669 -0.0493918 -0.00164259 0.998778 55.8285
0.998888 -0.00955423 0.0461781 6.34559 0.00945547 0.999953 0.00235672 0.122437 -0.0461984 -0.00191746 0.99893 55.8976
0.999038 -0.00636275 0.0433967 6.86975 0.00630037 0.999979 0.00157397 0.12987 -0.0434058 -0.00129904 0.999057 55.9476
0.999224 3.24241e-005 0.0393765 7.38293 -4.39533e-005 1 0.000291927 0.14301 -0.0393765 -0.000293431 0.999224 55.9999
0.999433 -0.00702218 0.0329339 7.91682 0.00698296 0.999975 0.00130585 0.152687 -0.0329422 -0.00107513 0.999457 56.0143
0.999563 -0.00635083 0.02886 8.47011 0.00632013 0.999979 0.00115479 0.162933 -0.0288668 -0.000971887 0.999583 56.0216
0.999659 -0.00534778 0.0255488 9.03658 0.00532423 0.999985 0.000989901 0.180533 -0.0255537 -0.000853537 0.999673 56.0303
0.999795 -0.00318837 0.020003 9.61446 0.00317486 0.999995 0.000707359 0.204888 -0.0200052 -0.000643707 0.9998 56.031
0.99987 -0.00110046 0.0160831 10.1972 0.00109234 0.999999 0.000513622 0.23068 -0.0160837 -0.000495987 0.999871 56.0277
0.999909 0.000929126 0.0134922 10.8029 -0.000934587 0.999999 0.00039845 0.251635 -0.0134919 -0.000411024 0.999909 56.0219
0.999931 -0.000217 0.0117187 11.4043 0.000212921 1 0.000349329 0.272753 -0.0117187 -0.00034681 0.999931 56.0117
0.99995 -0.00317115 0.0095122 12.0238 0.00316889 0.999995 0.000252335 0.295021 -0.00951295 -0.000222179 0.999955 55.9855
0.999971 -0.00407335 0.00641691 12.654 0.00407262 0.999992 0.000125447 0.327364 -0.00641737 -9.93098e-005 0.999979 55.9559
0.99999 0.000749681 0.00437466 13.2931 -0.000750496 1 0.000184556 0.357476 -0.00437452 -0.000187837 0.99999 55.9373
0.999979 0.00474767 0.00443687 13.9471 -0.00474913 0.999989 0.000319686 0.392396 -0.0044353 -0.000340751 0.99999 55.932
0.999999 0.000488117 0.00139675 14.6083 -0.000488206 1 6.3448e-005 0.423157 -0.00139672 -6.41298e-005 0.999999 55.8929
0.999999 -0.00111244 0.00131918 15.2894 0.00111244 0.999999 -4.01658e-006 0.448987 -0.00131917 5.48408e-006 0.999999 55.8607
0.999998 -0.00162529 0.00122788 15.9764 0.00162533 0.999999 -2.85705e-005 0.470903 -0.00122783 3.05662e-005 0.999999 55.8356
0.999997 -0.00240269 0.000794438 16.6675 0.00240276 0.999997 -7.7443e-005 0.500864 -0.00079425 7.93516e-005 1 55.8137
1 -0.000820605 0.000360168 17.3645 0.000820613 1 -2.33938e-005 0.53408 -0.000360148 2.36893e-005 1 55.8047
0.999996 -0.00130701 -0.00242134 18.0671 0.00130665 0.999999 -0.000150524 0.570274 0.00242154 0.000147359 0.999997 55.7801
0.999999 0.00107431 -0.00115599 18.7869 -0.00107431 0.999999 1.84328e-006 0.618708 0.00115599 -6.01385e-007 0.999999 55.7542
0.999996 -0.000352113 -0.00288715 19.5238 0.000351758 1 -0.000123202 0.655723 0.00288719 0.000122186 0.999996 55.7125
0.999996 -0.00173782 -0.00215726 20.2609 0.0017375 0.999998 -0.000150382 0.709044 0.00215752 0.000146633 0.999998 55.7118
0.999994 0.00146305 -0.00301346 20.9967 -0.00146325 0.999999 -6.3734e-005 0.736021 0.00301336 6.81431e-005 0.999995 55.6959
0.99996 -0.00827505 -0.0033669 21.723 0.00827369 0.999966 -0.000418142 0.762214 0.00337024 0.000390268 0.999994 55.6568
0.999988 -0.00175781 -0.00459335 22.4522 0.00175659 0.999998 -0.000269716 0.795797 0.00459382 0.000261644 0.999989 55.6258
0.999984 0.00502697 -0.00257133 23.1885 -0.00502696 0.999987 1.01985e-005 0.844971 0.00257135 2.72761e-006 0.999997 55.6239
0.999985 0.00521889 -0.00152391 23.9175 -0.00521881 0.999986 5.72167e-005 0.892381 0.00152419 -4.92629e-005 0.999999 55.6515
0.999991 -0.00286742 -0.0031977 24.6609 0.00286683 0.999996 -0.000186625 0.916829 0.00319822 0.000177456 0.999995 55.6492
0.999981 -0.0046778 -0.00390727 25.4007 0.00467685 0.999989 -0.00025278 0.941345 0.00390841 0.000234502 0.999992 55.6313
0.999996 0.000418326 -0.00261801 26.1247 -0.000418622 1 -0.000112455 0.984128 0.00261796 0.000113551 0.999997 55.6369
0.999984 0.00403367 -0.00391741 26.8588 -0.00403418 0.999992 -0.00012194 1.02129 0.00391689 0.000137741 0.999992 55.642
0.999993 0.000241295 -0.00373353 27.5969 -0.000241859 1 -0.000150651 1.0569 0.0037335 0.000151553 0.999993 55.6515
0.999978 -0.00540764 -0.00371633 28.3378 0.005407 0.999985 -0.000182219 1.08829 0.00371726 0.000162121 0.999993 55.6468
0.999975 -0.00613971 -0.0034957 29.0734 0.00613914 0.999981 -0.000172817 1.11917 0.0034967 0.000151352 0.999994 55.6394
0.999998 -0.000962757 -0.00161212 29.8088 0.000962626 1 -8.18283e-005 1.15769 0.0016122 8.02763e-005 0.999999 55.6655
0.999997 0.00139345 -0.00219909 30.5431 -0.00139372 0.999999 -0.000122544 1.2035 0.00219892 0.000125609 0.999998 55.6817
0.999992 -0.00172574 -0.00351251 31.283 0.00172515 0.999998 -0.000172776 1.2444 0.00351281 0.000166715 0.999994 55.6892
0.999982 -0.00275127 -0.00540544 32.0244 0.00274986 0.999996 -0.000267644 1.27471 0.00540616 0.000252775 0.999985 55.6611
0.999981 -0.0039123 -0.004786 32.7636 0.00391131 0.999992 -0.000215918 1.31026 0.0047868 0.000197194 0.999989 55.6492
0.999988 0.00353392 -0.00325282 33.5057 -0.0035348 0.999994 -0.000264341 1.35798 0.00325187 0.000275836 0.999995 55.6755
0.99999 -0.00397159 -0.00227458 34.2495 0.00397151 0.999992 -3.7381e-005 1.40115 0.00227471 2.83471e-005 0.999997 55.6942
0.999994 0.00203733 -0.00291704 34.9969 -0.00203801 0.999998 -0.000228125 1.45282 0.00291657 0.000234068 0.999996 55.7205
0.999994 0.00189092 -0.00277975 35.741 -0.00189153 0.999998 -0.000216105 1.50135 0.00277934 0.000221362 0.999996 55.7512
0.999992 0.00224234 -0.00344807 36.497 -0.00224326 0.999997 -0.000264131 1.54836 0.00344747 0.000271863 0.999994 55.7792
0.999988 0.00233538 -0.00425245 37.2511 -0.00233672 0.999997 -0.000310208 1.58453 0.00425171 0.000320141 0.999991 55.8135
0.999994 0.000787644 -0.00336271 38.0055 -0.00078834 1 -0.000205595 1.63214 0.00336255 0.000208244 0.999994 55.8515
0.999996 0.0004198 -0.00275679 38.7669 -0.000420241 1 -0.000159266 1.67523 0.00275673 0.000160424 0.999996 55.9016
0.999971 0.00463049 -0.0060863 39.533 -0.00463368 0.999989 -0.000509537 1.71803 0.00608388 0.000537724 0.999981 55.9262
0.999989 0.00338241 -0.00326745 40.306 -0.00338348 0.999994 -0.000322386 1.76593 0.00326634 0.000333438 0.999995 55.9716
0.999983 -0.00218672 -0.00541259 41.0844 0.00218612 0.999998 -0.00011681 1.80382 0.00541283 0.000104976 0.999985 55.9967
0.999996 0.000515727 -0.00271778 41.8616 -0.000516145 1 -0.000153319 1.84137 0.0027177 0.000154721 0.999996 56.0632
0.999992 0.00299169 -0.00254371 42.6444 -0.00299246 0.999995 -0.000300098 1.88498 0.0025428 0.000307708 0.999997 56.1453
0.999985 -0.000993841 -0.00530497 43.4369 0.00099302 0.999999 -0.000157391 1.92643 0.00530512 0.000152121 0.999986 56.1949
0.999987 -0.00151461 -0.0049155 44.2456 0.00151411 0.999999 -0.000104613 1.96283 0.00491566 9.71691e-005 0.999988 56.2598
0.99998 0.0040428 -0.00479544 45.0216 -0.0040453 0.999992 -0.000511198 2.00059 0.00479334 0.000530587 0.999988 56.3423
0.999978 0.00278107 -0.0060813 45.812 -0.00278392 0.999996 -0.000461278 2.04093 0.00607999 0.000478198 0.999981 56.4291
0.999972 0.00251142 -0.00709666 46.6154 -0.00251485 0.999997 -0.000475045 2.08054 0.00709544 0.000492879 0.999975 56.5229
0.999962 0.004081 -0.0077656 47.4317 -0.0040861 0.999991 -0.000639926 2.11808 0.00776292 0.000671632 0.99997 56.6203
0.999966 0.00273095 -0.0078269 48.2266 -0.00273501 0.999996 -0.000508542 2.14943 0.00782548 0.000529931 0.999969 56.7147
0.999969 -0.00118967 -0.00777091 49.0424 0.00118901 0.999999 -8.92095e-005 2.18101 0.00777101 7.99671e-005 0.99997 56.815
0.999973 -0.000627424 -0.00735512 49.8579 0.000626401 1 -0.000141375 2.21734 0.00735521 0.000136764 0.999973 56.9256
0.999966 -0.000309227 -0.00827289 50.6779 0.00030752 1 -0.0002076 2.24867 0.00827295 0.000205049 0.999966 57.0313
0.999972 0.000693983 -0.00746635 51.4923 -0.000696349 1 -0.000314244 2.2808 0.00746613 0.000319434 0.999972 57.1452
0.999974 -0.00110968 -0.00714557 52.3148 0.00110931 0.999999 -5.55139e-005 2.3038 0.00714562 4.75858e-005 0.999974 57.2791
0.999975 0.000467046 -0.00701356 53.1007 -0.000469029 1 -0.000281125 2.32813 0.00701343 0.000284408 0.999975 57.4094
0.999982 -0.000564712 -0.00594132 53.8906 0.000564181 1 -9.1028e-005 2.3534 0.00594138 8.76744e-005 0.999982 57.5411
0.999988 0.00274342 -0.00413877 54.6708 -0.00274578 0.999996 -0.000566095 2.3886 0.0041372 0.000577452 0.999991 57.6947
0.999963 0.00187955 -0.00843146 55.4386 -0.00188416 0.999998 -0.000538747 2.41506 0.00843043 0.000554613 0.999964 57.8057
0.999978 0.0011274 -0.00656019 56.2078 -0.0011298 0.999999 -0.000362814 2.43495 0.00655977 0.000370218 0.999978 57.9424
0.999977 -0.00471518 -0.00494968 56.9836 0.00471883 0.999989 0.000725882 2.45624 0.0049462 -0.000749221 0.999987 58.0889
0.999988 -0.00220776 -0.00442414 57.7285 0.00220902 0.999998 0.000278415 2.48575 0.00442351 -0.000288185 0.99999 58.2324
0.999993 -0.000490995 -0.00369117 58.4787 0.00049091 1 -2.37944e-005 2.50952 0.00369118 2.19822e-005 0.999993 58.3771
0.999991 0.00282719 -0.00301598 59.2173 -0.00282915 0.999996 -0.000646206 2.53315 0.00301414 0.000654733 0.999995 58.5406
0.999994 0.00285753 -0.00193212 59.9382 -0.00285874 0.999996 -0.000621929 2.55519 0.00193033 0.000627448 0.999998 58.7075
0.999995 0.00206457 -0.00240225 60.6522 -0.00206572 0.999998 -0.000475362 2.57286 0.00240126 0.000480322 0.999997 58.8587
0.999989 0.00334072 -0.00336663 61.358 -0.00334328 0.999994 -0.00075507 2.58533 0.00336409 0.000766317 0.999994 58.9969
0.999996 0.00215487 -0.00178135 62.0498 -0.00215573 0.999998 -0.00048061 2.59678 0.00178031 0.000484448 0.999998 59.153
0.999997 0.00173009 -0.00170899 62.7264 -0.00173076 0.999998 -0.000391067 2.61112 0.00170831 0.000394023 0.999998 59.3114
0.999999 -0.00028951 -0.0013558 63.4002 0.000289562 1 3.82057e-005 2.63319 0.00135579 -3.85982e-005 0.999999 59.4659
0.999989 0.00467866 0.000906783 64.0598 -0.00467777 0.999989 -0.000977864 2.65328 -0.000911347 0.000973611 0.999999 59.6485
0.999995 -0.00239636 -0.00228551 64.7251 0.00239746 0.999997 0.0004753 2.65825 0.00228437 -0.000480777 0.999997 59.7735
1 0 0 65.3752 0 1 0 2.66569 0 0 1 59.9299
0.999996 -0.00258796 -0.00135624 66.0186 0.00258868 0.999997 0.000530988 2.68443 0.00135486 -0.000534496 0.999999 60.0467
0.999993 0.00255635 0.0026682 66.6441 -0.002555 0.999997 -0.00050707 2.70167 -0.00266949 0.000500249 0.999996 60.2036
0.999999 0.000122571 0.00158185 67.2729 -0.000122566 1 -3.69836e-006 2.69734 -0.00158185 3.50447e-006 0.999999 60.3049
1 -0.000354879 -0.00049417 67.904 0.000354912 1 6.75835e-005 2.70267 0.000494146 -6.77588e-005 1 60.4139
0.999994 -0.00282252 0.00186738 68.4846 0.00282136 0.999996 0.00062409 2.71015 -0.00186913 -0.000618818 0.999998 60.5172
0.999998 -0.0018977 0.000952071 69.0926 0.00189731 0.999998 0.000413513 2.72227 -0.000952854 -0.000411706 0.999999 60.6341
0.99999 -0.003108 0.00310073 69.6814 0.00310581 0.999995 0.000710187 2.74155 -0.00310293 -0.00070055 0.999995 60.7086
0.999994 0.000558905 0.00336788 70.2611 -0.000558775 1 -3.92983e-005 2.7549 -0.0033679 3.74161e-005 0.999994 60.8367
0.999998 -0.000550037 0.00170172 70.8304 0.000549785 1 0.000148388 2.76339 -0.0017018 -0.000147452 0.999999 60.9528
0.999994 -0.00219749 0.00267008 71.3798 0.00219616 0.999997 0.000500825 2.77158 -0.00267117 -0.000494958 0.999996 61.0771
0.999995 -0.00127135 0.00275805 71.9257 0.00127047 0.999999 0.000319909 2.7805 -0.00275845 -0.000316403 0.999996 61.1848
0.999992 -0.00217382 0.00337496 72.4671 0.00217211 0.999998 0.000512599 2.79444 -0.00337606 -0.000505264 0.999994 61.295
0.999995 0.00292558 0.0012671 73.0051 -0.00292492 0.999996 -0.00052194 2.81194 -0.00126862 0.000518231 0.999999 61.3996
0.999999 0.000719747 0.000968499 73.5473 -0.000719639 1 -0.00011165 2.82442 -0.000968579 0.000110953 1 61.4753
0.999999 -0.000317245 0.00164847 74.0906 0.00031708 1 0.000100402 2.83546 -0.0016485 -9.98789e-005 0.999999 61.5861
0.999988 -0.00462336 -0.00136336 74.6344 0.00462449 0.999989 0.000823283 2.84427 0.00135954 -0.000829578 0.999999 61.676
0.999989 -0.00450825 -0.00154325 75.178 0.00450948 0.99999 0.000796031 2.86821 0.00153965 -0.000802981 0.999998 61.7827
0.999987 0.00506932 0.000833518 75.7287 -0.00506854 0.999987 -0.000931801 2.87958 -0.00083823 0.000927564 0.999999 61.8794
0.999991 0.00134932 -0.00393149 76.2835 -0.00135077 0.999999 -0.000366059 2.89499 0.00393099 0.000371366 0.999992 61.9862
0.999989 0.00076882 -0.00471486 76.8266 -0.000770135 1 -0.000277006 2.91829 0.00471464 0.000280634 0.999989 62.1253
0.999986 0.000661568 -0.00529351 77.3882 -0.000663015 1 -0.000271529 2.93563 0.00529333 0.000275035 0.999986 62.2381
0.999975 0.00309108 -0.00636854 77.961 -0.00309614 0.999995 -0.000784463 2.9729 0.00636608 0.000804161 0.999979 62.3865
0.999956 -0.0022937 -0.00908883 78.5229 0.00229617 0.999997 0.0002606 2.99293 0.00908821 -0.000281458 0.999959 62.5156
0.999957 0.00192589 -0.00903576 79.0853 -0.00193179 0.999998 -0.000643273 3.0028 0.0090345 0.000660701 0.999959 62.6691
0.999946 -0.000645014 -0.0104011 79.6818 0.000644011 1 -9.97159e-005 3.02736 0.0104012 9.30121e-005 0.999946 62.8125
0.999929 0.00466003 -0.0109764 80.2518 -0.00467519 0.999988 -0.00135583 3.0501 0.0109699 0.00140705 0.999939 62.9605
0.999948 0.00313544 -0.00974466 80.8548 -0.00314493 0.999995 -0.000959275 3.07788 0.0097416 0.000989871 0.999952 63.1365
0.99993 0.00247458 -0.0115314 81.449 -0.00248415 0.999997 -0.000815809 3.09998 0.0115293 0.000844398 0.999933 63.3207
0.999938 0.000480573 -0.0111442 82.0585 -0.000483675 1 -0.000275697 3.11745 0.0111441 0.00028107 0.999938 63.4995
0.999944 0.00377855 -0.00989146 82.6721 -0.00379048 0.999992 -0.00118739 3.13045 0.00988689 0.00122482 0.99995 63.6947
0.999947 0.00109821 -0.0102636 83.2927 -0.00110245 0.999999 -0.00040792 3.14619 0.0102631 0.000419214 0.999947 63.9309
0.999935 0.00365003 -0.010822 83.934 -0.00366305 0.999993 -0.00118427 3.16533 0.0108176 0.00122383 0.999941 64.1484
0.999937 -0.00246465 -0.0109101 84.5934 0.00247286 0.999997 0.000739421 3.17809 0.0109082 -0.000766354 0.99994 64.3848
0.999918 -0.00611505 -0.0112753 85.264 0.00613718 0.999979 0.00192897 3.19321 0.0112633 -0.00199801 0.999935 64.6159
0.999929 -0.00369699 -0.0113087 85.9449 0.00370976 0.999993 0.00110827 3.20141 0.0113045 -0.00115015 0.999935 64.8614
0.999944 -0.000403227 -0.010541 86.6301 0.000402852 1 -3.76264e-005 3.22175 0.010541 3.33779e-005 0.999944 65.1305
0.999948 -0.00519384 -0.00873185 87.33 0.00520925 0.999985 0.00174311 3.2458 0.00872266 -0.0017885 0.99996 65.4126
0.99994 -0.00667692 -0.00873476 88.0352 0.00669724 0.999975 0.00229926 3.27658 0.00871919 -0.00235762 0.999959 65.684
0.999909 -0.0115338 -0.00697473 88.7655 0.0115635 0.999924 0.00423348 3.30634 0.00692537 -0.00431374 0.999967 65.9629
0.999972 -0.00365953 -0.0065354 89.4817 0.00366713 0.999993 0.00115137 3.34676 0.00653114 -0.0011753 0.999978 66.2649
0.999893 0.00939072 -0.0112195 90.1975 -0.00943947 0.999946 -0.00429979 3.37354 0.0111785 0.00440524 0.999928 66.5762
0.999962 -0.000643452 -0.00871602 90.9138 0.000642931 1 -6.25155e-005 3.40013 0.00871606 5.69094e-005 0.999962 66.8702
0.999975 0.0002732 -0.00705787 91.6263 -0.000275943 1 -0.000387639 3.44012 0.00705776 0.000389577 0.999975 67.2001
0.999988 0.00411341 -0.00279507 92.3249 -0.00411871 0.99999 -0.00189587 3.48513 0.00278724 0.00190735 0.999994 67.5433
0.999973 0.00596032 -0.00429808 93.0179 -0.00597218 0.999978 -0.0027517 3.50175 0.00428158 0.00277729 0.999987 67.8783
0.999965 0.00740202 -0.00384007 93.7027 -0.00741501 0.999967 -0.00337955 3.51057 0.00381493 0.0034079 0.999987 68.2174
0.999986 0.00232657 -0.00477968 94.3846 -0.00233196 0.999997 -0.00112275 3.51297 0.00477705 0.00113388 0.999988 68.5366
0.999975 0.00439511 -0.0056162 95.0693 -0.0044068 0.999988 -0.0020705 3.51713 0.00560703 0.0020952 0.999982 68.8579
0.99999 0.00253845 -0.00370126 95.7213 -0.00254291 0.999996 -0.00120188 3.52603 0.00369819 0.00121128 0.999992 69.1749
0.999992 0.000131647 -0.00396361 96.3819 -0.000131984 1 -8.47141e-005 3.53474 0.0039636 8.52365e-005 0.999992 69.5008
0.999997 -0.00170759 -0.00180141 97.0189 0.00170902 0.999998 0.000792851 3.52218 0.00180005 -0.000795928 0.999998 69.8728
0.999997 0.00247367 0.000341018 97.6315 -0.00247327 0.999996 -0.00116843 3.52403 -0.000343907 0.00116759 0.999999 70.2223
0.999981 -0.00200412 -0.00583937 98.292 0.0020095 0.999998 0.00091491 3.53407 0.00583752 -0.000926627 0.999983 70.5198
0.99999 0.000716944 -0.00430966 98.8958 -0.000718564 1 -0.000374454 3.54174 0.00430939 0.000377547 0.999991 70.8122
0.999998 -0.000521643 -0.00188825 99.497 0.000522098 1 0.000240698 3.54269 0.00188813 -0.000241684 0.999998 71.1257
0.999999 -0.00134828 -0.000537759 100.094 0.00134863 0.999999 0.000653484 3.5481 0.000536877 -0.000654209 1 71.4381
0.999999 -0.00116393 -0.00106326 100.684 0.00116453 0.999999 0.000558673 3.55012 0.00106261 -0.00055991 0.999999 71.7396
0.999999 0.00143201 -0.000147174 101.267 -0.00143211 0.999999 -0.000702639 3.53719 0.000146168 0.000702849 1 72.0388
0.999998 -0.00186224 -0.00114276 101.84 0.00186327 0.999998 0.000901847 3.54897 0.00114107 -0.000903974 0.999999 72.3371
0.999997 0.00138323 -0.00192726 102.402 -0.00138458 0.999999 -0.000699177 3.56451 0.00192629 0.000701844 0.999998 72.6292
0.99999 -0.00197786 -0.00412994 102.979 0.00198174 0.999998 0.000936189 3.56926 0.00412808 -0.000944364 0.999991 72.8508
0.999991 -0.00236394 -0.0036322 103.525 0.00236807 0.999997 0.00113433 3.57725 0.0036295 -0.00114292 0.999993 73.1256
0.999962 -0.00472369 -0.00726701 104.072 0.00474023 0.999986 0.00226005 3.58525 0.00725624 -0.00229441 0.999971 73.4004
0.999995 -0.00268089 -0.00155533 104.582 0.00268296 0.999996 0.00133312 3.59806 0.00155175 -0.00133729 0.999998 73.7161
0.999997 0.00104016 -0.00208765 105.097 -0.00104136 0.999999 -0.000572914 3.60988 0.00208705 0.000575086 0.999998 74.0054
0.999989 -0.00237743 -0.00401575 105.609 0.00238201 0.999997 0.00113678 3.61379 0.00401303 -0.00114634 0.999991 74.2896
0.999992 -0.00175305 -0.00345607 106.118 0.00175592 0.999998 0.000827471 3.62797 0.00345461 -0.000833534 0.999994 74.5677
0.99997 0.000353264 -0.00774321 106.649 -0.000356178 1 -0.000374967 3.65921 0.00774308 0.000377714 0.99997 74.794
0.999978 -0.00133522 -0.00643565 107.174 0.00133879 0.999999 0.000550857 3.67251 0.0064349 -0.000559461 0.999979 75.0406
0.99998 0.00289959 -0.00558272 107.677 -0.00290915 0.999994 -0.00170561 3.67951 0.00557774 0.00172182 0.999983 75.3229
0.999982 0.00198314 -0.00572063 108.151 -0.00199008 0.999997 -0.00120874 3.70156 0.00571822 0.0012201 0.999983 75.6284
0.999951 0.00623429 -0.00770149 108.66 -0.00626211 0.999974 -0.00359363 3.71173 0.00767889 0.00364168 0.999964 75.903
0.999958 0.00514655 -0.00757652 109.145 -0.00516926 0.999982 -0.00298077 3.72556 0.00756105 0.00301981 0.999967 76.2009
0.999963 0.00274245 -0.00817029 109.639 -0.00275567 0.999995 -0.00160672 3.73425 0.00816585 0.00162917 0.999965 76.5009
0.999972 0.00136818 -0.00739036 110.142 -0.00137417 0.999999 -0.000804867 3.74792 0.00738925 0.000814999 0.999972 76.8076
0.999971 0.00310577 -0.00689665 110.648 -0.00311851 0.999993 -0.0018371 3.75753 0.0068909 0.00185856 0.999975 77.1337
0.999971 0.00225465 -0.0072789 111.16 -0.00226433 0.999997 -0.00132153 3.76038 0.0072759 0.00133798 0.999973 77.4713
0.999965 -0.000430468 -0.00838301 111.683 0.000433279 1 0.000333487 3.75915 0.00838287 -0.000337107 0.999965 77.8118
0.999977 0.000643441 -0.0067647 112.203 -0.000645822 1 -0.000349819 3.76188 0.00676447 0.000354179 0.999977 78.1703
0.999974 0.00333393 -0.00633482 112.71 -0.00334704 0.999992 -0.00206062 3.7749 0.0063279 0.00208177 0.999978 78.5472
0.999965 0.00230735 -0.0080985 113.24 -0.00231856 0.999996 -0.00137529 3.7713 0.00809529 0.00139402 0.999966 78.9167
0.999969 0.00248173 -0.007452 113.777 -0.00249298 0.999996 -0.00150068 3.77768 0.00744824 0.00151921 0.999971 79.2958
0.999962 0.000710167 -0.00874219 114.335 -0.000712775 1 -0.000295312 3.77029 0.00874198 0.000301532 0.999962 79.6806
0.99997 0.00119633 -0.00760727 114.895 -0.00120131 0.999999 -0.000649466 3.7676 0.00760648 0.000658585 0.999971 80.0903
0.999962 0.00336795 -0.00808812 115.461 -0.00338532 0.999992 -0.00213519 3.76454 0.00808086 0.00216249 0.999965 80.5159
0.99995 -0.0010343 -0.00997794 116.053 0.00104439 0.999999 0.00100539 3.7497 0.00997689 -0.00101576 0.99995 80.9295
0.999967 -0.000960261 -0.00811861 116.63 0.000967626 0.999999 0.000903326 3.74819 0.00811774 -0.000911151 0.999967 81.3831
0.999951 0.000647995 -0.00985758 117.227 -0.000650245 1 -0.000225048 3.73915 0.00985744 0.000231447 0.999951 81.8254
0.999947 0.00278414 -0.00988842 117.809 -0.00280221 0.999994 -0.00181338 3.73194 0.00988332 0.00184099 0.999949 82.2992
0.99995 -0.000165938 -0.00995825 118.403 0.000170223 1 0.000429496 3.72474 0.00995817 -0.00043117 0.99995 82.7847
0.999958 0.000506619 -0.00911714 119.011 -0.000507713 1 -0.000117653 3.71572 0.00911708 0.000122277 0.999958 83.2762
0.999979 -0.00119912 -0.00640106 119.627 0.00120648 0.999999 0.00114687 3.70503 0.00639967 -0.00115457 0.999979 83.7814
0.999994 -0.00127646 -0.00326368 120.243 0.00128012 0.999999 0.00111843 3.6999 0.00326225 -0.0011226 0.999994 84.3039
0.999977 -0.00266093 -0.00620957 120.91 0.00267534 0.999994 0.00231432 3.69958 0.00620337 -0.00233088 0.999978 84.8112
0.999994 -0.00235399 -0.00264927 121.524 0.00235926 0.999995 0.00198481 3.69796 0.00264459 -0.00199105 0.999995 85.338
0.999985 -0.00488596 -0.00237808 122.172 0.0048956 0.99998 0.00406215 3.69486 0.00235819 -0.00407373 0.999989 85.8935
0.999971 -0.00543617 -0.0052839 122.836 0.0054602 0.999975 0.00454416 3.69551 0.00525907 -0.00457288 0.999976 86.4388
0.999984 -0.00330683 -0.00460145 123.493 0.00331958 0.999991 0.00276598 3.70755 0.00459226 -0.00278121 0.999986 86.9806
0.999987 -0.000900402 -0.00495793 124.152 0.000904061 0.999999 0.000735909 3.7164 0.00495726 -0.000740382 0.999987 87.542
0.999995 0.00130446 -0.00283543 124.8 -0.00130767 0.999999 -0.00112852 3.7267 0.00283396 0.00113223 0.999995 88.1153
0.999971 0.00461293 -0.00610597 125.48 -0.00463724 0.999981 -0.00397338 3.73492 0.00608752 0.00400158 0.999973 88.696
0.999967 0.00380663 -0.00715061 126.172 -0.00383008 0.999987 -0.00326957 3.74375 0.00713807 0.00329685 0.999969 89.2233
0.999992 -0.00238441 -0.00329167 126.829 0.00239144 0.999995 0.00213374 3.74769 0.00328656 -0.0021416 0.999992 89.8258
0.999987 -0.00144311 -0.00492301 127.49 0.00144957 0.999998 0.00131063 3.74694 0.0049211 -0.00131775 0.999987 90.4391
0.99998 -0.00435733 -0.00469131 128.154 0.00437571 0.999983 0.00391624 3.75447 0.00467417 -0.00393669 0.999981 91.0523
0.999972 -0.00360586 -0.00662707 128.82 0.00362732 0.999988 0.00322956 3.76151 0.00661534 -0.0032535 0.999973 91.6596
0.999981 -0.00338981 -0.0052166 129.466 0.00340573 0.99999 0.00304711 3.77448 0.00520622 -0.00306482 0.999982 92.2922
0.999978 -0.0028298 -0.00605957 130.119 0.00284509 0.999993 0.00251488 3.78887 0.00605241 -0.00253207 0.999978 92.9064
0.99998 0.00132382 -0.0061851 130.779 -0.00133236 0.999998 -0.00137579 3.80538 0.00618327 0.001384 0.99998 93.5453
0.999971 -0.000218537 -0.00760525 131.425 0.000218984 1 5.80273e-005 3.82951 0.00760524 -5.96911e-005 0.999971 94.1659
0.999968 -0.00252284 -0.00758887 132.078 0.00254018 0.999994 0.00227592 3.85714 0.00758309 -0.00229512 0.999969 94.8166
0.999955 -0.00452523 -0.00831885 132.731 0.00456041 0.999981 0.0042144 3.89408 0.00829962 -0.00425215 0.999957 95.4753
0.999968 0.000285315 -0.00797207 133.374 -0.000289743 1 -0.000554219 3.90929 0.00797191 0.000556512 0.999968 96.1411
0.999972 0.00105095 -0.00744231 134.034 -0.00106072 0.999999 -0.00130957 3.93296 0.00744092 0.00131742 0.999971 96.792
0.99998 0.00185562 -0.00611198 134.684 -0.00186844 0.999996 -0.00209263 3.95575 0.00610808 0.00210401 0.999979 97.4565
0.999992 -0.00165332 -0.00377408 135.328 0.00165942 0.999997 0.00161249 3.97968 0.00377141 -0.00161874 0.999992 98.1414
0.999983 -0.00430482 -0.00394668 135.98 0.0043221 0.999981 0.00437962 4.01028 0.00392775 -0.00439661 0.999983 98.8189
0.999994 -0.00326345 -0.00148613 136.642 0.00326846 0.999989 0.00337975 4.04365 0.00147509 -0.00338458 0.999993 99.5141
0.999992 -0.00381424 -0.00137057 137.278 0.00381965 0.999985 0.00396732 4.08172 0.00135542 -0.00397252 0.999991 100.183
1 -0.000760115 0.000493969 137.912 0.000759704 0.999999 0.000832499 4.11435 -0.000494601 -0.000832124 1 100.881
0.999999 0.00104911 0.000845734 138.552 -0.00104821 0.999999 -0.00106281 4.15414 -0.000846848 0.00106192 0.999999 101.576
0.999998 0.00144431 0.00150742 139.209 -0.00144213 0.999998 -0.00144455 4.18728 -0.0015095 0.00144238 0.999998 102.263
0.999995 0.00287968 0.00144165 139.865 -0.0028754 0.999991 -0.00295994 4.22368 -0.00145016 0.00295578 0.999995 102.971
0.999996 0.000751417 0.00290153 140.505 -0.000749508 1 -0.000658754 4.26424 -0.00290202 0.000656577 0.999996 103.636
0.999994 0.00121516 0.00324275 141.141 -0.00121151 0.999999 -0.00112823 4.30384 -0.00324412 0.00112429 0.999994 104.323
0.999989 0.0017997 0.00434802 141.786 -0.00179237 0.999997 -0.00168955 4.33536 -0.00435105 0.00168173 0.999989 105.024
0.999994 -0.000774085 0.00337103 142.436 0.000770983 0.999999 0.000921528 4.36704 -0.00337174 -0.000918923 0.999994 105.703
0.99999 -0.00132229 0.00419678 143.081 0.00131595 0.999998 0.00151356 4.39887 -0.00419877 -0.00150802 0.99999 106.373
0.999987 -0.00266872 0.00434223 143.737 0.00265621 0.999992 0.00288384 4.42509 -0.00434989 -0.00287227 0.999986 107.036
0.999985 0.00335638 0.00432374 144.38 -0.0033427 0.999989 -0.00316874 4.45189 -0.00433433 0.00315424 0.999986 107.691
0.999956 0.0079049 0.00513575 145.014 -0.00786541 0.99994 -0.00766472 4.47752 -0.00519603 0.00762398 0.999957 108.347
0.999972 0.00521582 0.00530294 145.658 -0.00518926 0.999974 -0.00501067 4.49621 -0.00532894 0.00498301 0.999973 109.005
0.999986 -0.000760133 0.00519307 146.325 0.000755908 0.999999 0.000815589 4.52279 -0.00519368 -0.000811652 0.999986 109.66
0.999985 -0.00109117 0.0052737 146.972 0.00108519 0.999999 0.00113638 4.53755 -0.00527493 -0.00113064 0.999985 110.298
0.999984 -0.000432516 0.00565019 147.635 0.000429619 1 0.000513989 4.55184 -0.00565041 -0.000511554 0.999984 110.954
0.999986 0.000908456 0.00528008 148.277 -0.000904458 0.999999 -0.000759369 4.57157 -0.00528076 0.000754582 0.999986 111.572
0.999983 -0.000743125 0.00575842 148.929 0.000738575 0.999999 0.000792225 4.59193 -0.00575901 -0.000787958 0.999983 112.201
0.999984 -0.00112022 0.00545683 149.592 0.00111404 0.999999 0.00113509 4.60779 -0.0054581 -0.00112899 0.999984 112.835
0.999993 -0.00109942 0.00362143 150.275 0.00109552 0.999999 0.00107852 4.62579 -0.00362261 -0.00107455 0.999993 113.418
0.999986 0.000298618 0.00523793 150.936 -0.000297817 1 -0.000153548 4.65208 -0.00523798 0.000151986 0.999986 114.005
0.999997 0.000397408 0.00260616 151.63 -0.000396628 1 -0.000299627 4.68182 -0.00260628 0.000298592 0.999997 114.572
0.99999 0.000568706 0.00440031 152.314 -0.000566886 1 -0.000414748 4.68645 -0.00440054 0.000412249 0.99999 115.158
0.999959 0.000302783 0.00905891 152.979 -0.000302016 1 -8.60154e-005 4.71141 -0.00905894 8.32759e-005 0.999959 115.773
0.999969 0.00271999 0.00744499 153.655 -0.00270353 0.999994 -0.0022194 4.72756 -0.00745098 0.0021992 0.99997 116.364
0.999952 0.00567433 0.00792633 154.342 -0.00563684 0.999973 -0.00474346 4.73834 -0.00795303 0.00469856 0.999957 116.954
0.999959 0.00479283 0.00769819 155.033 -0.00476213 0.999981 -0.00400123 4.74857 -0.00771721 0.0039644 0.999962 117.535
0.999968 0.00140809 0.00784572 155.75 -0.00139878 0.999998 -0.00119179 4.76239 -0.00784738 0.00118078 0.999969 118.114
0.999957 -0.0028204 0.00878538 156.461 0.00280066 0.999994 0.00225886 4.76962 -0.0087917 -0.00223416 0.999959 118.692
0.999962 -0.00118434 0.00868691 157.183 0.00117617 0.999999 0.000945411 4.78129 -0.00868802 -0.000935158 0.999962 119.285
0.999951 -0.00312131 0.00941488 157.913 0.00309814 0.999992 0.00247457 4.79083 -0.00942253 -0.00244528 0.999953 119.864
0.999954 0.00278665 0.00916996 158.648 -0.00276752 0.999994 -0.00209873 4.80339 -0.00917575 0.00207326 0.999956 120.444
0.999947 0.000578815 0.0102769 159.402 -0.000574526 1 -0.00042022 4.81466 -0.0102771 0.000414294 0.999947 121.011
0.999958 -0.000972245 0.00915311 160.17 0.000965586 0.999999 0.000731911 4.8203 -0.00915382 -0.000723041 0.999958 121.582
0.999946 0.00507315 0.00904462 160.909 -0.00504006 0.999981 -0.00367792 4.82352 -0.0090631 0.00363214 0.999952 122.127
0.999961 -0.00131767 0.00869993 161.679 0.0013099 0.999999 0.000897984 4.82583 -0.0087011 -0.000886553 0.999962 122.646
0.999956 -0.003038 0.00890546 162.477 0.00301936 0.999993 0.00210634 4.83545 -0.0089118 -0.00207936 0.999958 123.2
0.999947 -0.0050578 0.00899525 163.252 0.00502649 0.999981 0.00349949 4.83917 -0.00901278 -0.00345409 0.999953 123.716
0.999977 -0.00182898 0.00660589 164.03 0.00182047 0.999998 0.00129321 4.8421 -0.00660824 -0.00128116 0.999977 124.208
0.999971 0.00105669 0.00758185 164.809 -0.00105203 0.999999 -0.00061907 4.85806 -0.0075825 0.000611075 0.999971 124.709
0.999958 -0.0012677 0.00904305 165.567 0.00125943 0.999999 0.000920067 4.881 -0.0090442 -0.00090864 0.999959 125.245
0.999962 -0.00599035 0.00630607 166.346 0.00596568 0.999975 0.00392285 4.90059 -0.00632941 -0.00388508 0.999972 125.727
0.999979 -0.00136924 0.00626297 167.114 0.00136304 0.999999 0.000992693 4.91677 -0.00626432 -0.000984136 0.99998 126.205
0.999991 -0.000664749 0.00418106 167.882 0.000662637 1 0.000506474 4.93134 -0.00418139 -0.000503699 0.999991 126.667
0.999977 0.00208302 0.00651437 168.626 -0.00207562 0.999997 -0.00114208 4.95309 -0.00651673 0.00112854 0.999978 127.137
0.999987 0.000879272 0.00507554 169.388 -0.000877074 1 -0.000435389 4.98157 -0.00507592 0.000430931 0.999987 127.605
0.999994 0.00191152 0.00275749 170.123 -0.00190849 0.999998 -0.00109987 4.99628 -0.00275959 0.0010946 0.999996 128.031
0.999995 0.00101515 0.00312502 170.861 -0.00101342 0.999999 -0.000557468 5.00997 -0.00312558 0.000554298 0.999995 128.443
0.999991 -0.00202537 0.00380686 171.588 0.00202058 0.999997 0.00126077 5.02501 -0.0038094 -0.00125307 0.999992 128.882
0.999989 -0.00437002 0.00154554 172.341 0.00436599 0.999987 0.00260064 5.02973 -0.00155689 -0.00259386 0.999995 129.266
0.999979 -0.0034316 0.00554771 173.045 0.00341973 0.999992 0.00214773 5.05952 -0.00555503 -0.00212871 0.999982 129.709
0.999991 -0.00349985 0.00234388 173.761 0.00349494 0.999992 0.00209428 5.07701 -0.00235119 -0.00208607 0.999995 130.107
0.999998 0.00121027 0.00171559 174.471 -0.00120917 0.999999 -0.000641536 5.09055 -0.00171636 0.000639461 0.999998 130.492
0.999971 0.0057066 0.00503699 175.129 -0.0056909 0.999979 -0.00312586 5.10529 -0.00505472 0.00309711 0.999982 130.938
0.999994 0.0023241 0.00250537 175.816 -0.00232094 0.999997 -0.00126043 5.12256 -0.00250829 0.0012546 0.999996 131.332
0.999977 0.00465132 0.00500779 176.502 -0.00463871 0.999986 -0.00252666 5.13982 -0.00501947 0.00250337 0.999984 131.725
0.999991 -0.00323437 0.00256275 177.169 0.00322962 0.999993 0.00185905 5.16862 -0.00256875 -0.00185076 0.999995 132.098
0.999994 -0.00117231 0.00340104 177.852 0.00116984 0.999999 0.000727433 5.18397 -0.00340189 -0.00072345 0.999994 132.482
0.999993 0.00171398 0.0033445 178.517 -0.00171107 0.999998 -0.000871455 5.19294 -0.00334599 0.000865726 0.999994 132.867
0.999997 0.00144219 0.00215646 179.172 -0.00144058 0.999999 -0.000746372 5.20154 -0.00215753 0.000743263 0.999997 133.234
0.999996 -0.00108978 0.0025995 179.825 0.00108811 0.999999 0.000644498 5.21937 -0.0026002 -0.000641667 0.999996 133.581
0.999997 -9.77926e-005 0.00251451 180.475 9.75304e-005 1 0.000104375 5.23938 -0.00251452 -0.000104129 0.999997 133.923
0.999996 0.000266289 0.00277614 181.114 -0.000266049 1 -8.66874e-005 5.25583 -0.00277617 8.59484e-005 0.999996 134.267
0.999995 0.00139235 0.00281101 181.737 -0.00139042 0.999999 -0.000689531 5.26717 -0.00281197 0.000685619 0.999996 134.619
0.999994 0.00116485 0.00315675 182.352 -0.00116308 0.999999 -0.000562207 5.27376 -0.0031574 0.000558532 0.999995 134.958
0.999989 -0.00108986 0.00454243 182.969 0.00108691 0.999999 0.000653282 5.27903 -0.00454314 -0.000648338 0.999989 135.292
0.99999 0.00179958 0.00410445 183.576 -0.00179604 0.999998 -0.000866146 5.2912 -0.004106 0.000858765 0.999991 135.614
0.999989 0.000533153 0.00476428 184.177 -0.000532207 1 -0.000199943 5.30151 -0.00476439 0.000197405 0.999989 135.921
0.999991 -0.00134079 0.0039638 184.785 0.00133784 0.999999 0.00074698 5.31745 -0.0039648 -0.000741671 0.999992 136.197
0.999985 0.0013019 0.00527691 185.375 -0.0012989 0.999999 -0.000570622 5.32425 -0.00527765 0.000563759 0.999986 136.491
0.999977 -0.000275726 0.00683039 185.962 0.000274071 1 0.000243296 5.34387 -0.00683045 -0.000241419 0.999977 136.788
0.999975 -0.000870621 0.00703057 186.556 0.000866848 0.999999 0.000539669 5.3566 -0.00703103 -0.000533561 0.999975 137.068
0.999971 0.00310292 0.00689252 187.155 -0.00309343 0.999994 -0.00138647 5.3739 -0.00689679 0.00136511 0.999975 137.36
0.999965 0.00449191 0.00711784 187.758 -0.00447746 0.999988 -0.00204468 5.3912 -0.00712694 0.00201274 0.999973 137.648
0.999962 0.0050972 0.00713091 188.367 -0.00508072 0.999984 -0.00232736 5.39587 -0.00714266 0.00229104 0.999972 137.943
0.999969 0.000577241 0.00786553 188.988 -0.000575262 1 -0.000253968 5.40177 -0.00786567 0.000249436 0.999969 138.228
0.999977 0.000509996 0.00672965 189.627 -0.000508498 1 -0.000224302 5.40699 -0.00672976 0.000220874 0.999977 138.486
0.999931 0.00775461 0.00886236 190.25 -0.00772452 0.999964 -0.00342507 5.4113 -0.00888861 0.00335638 0.999955 138.788
0.999958 0.00370445 0.00837404 190.891 -0.00369056 0.999992 -0.00167305 5.4139 -0.00838017 0.00164207 0.999964 139.067
0.999945 0.00276382 0.0101462 191.534 -0.00275074 0.999995 -0.00130259 5.40895 -0.0101497 0.00127461 0.999948 139.358
0.999932 0.00573777 0.010105 192.185 -0.00571256 0.999981 -0.00252165 5.40288 -0.0101192 0.00246375 0.999946 139.659
0.999972 -0.000241523 0.00747672 192.874 0.000242115 1 -7.82475e-005 5.39443 -0.0074767 8.00555e-005 0.999972 139.9
0.999957 -0.00195244 0.00906319 193.561 0.00194752 0.999998 0.000551693 5.38625 -0.00906425 -0.000534019 0.999959 140.157
0.999957 -0.00592794 0.00712298 194.273 0.00591316 0.99998 0.00209393 5.38727 -0.00713526 -0.00205172 0.999972 140.389
0.999956 -0.00211427 0.00909017 194.985 0.00210839 0.999998 0.000656547 5.38863 -0.00909154 -0.000637353 0.999958 140.655
0.999968 0.000207946 0.00805684 195.712 -0.000206591 1 -0.000169028 5.39401 -0.00805688 0.000167358 0.999968 140.913
0.999966 -0.00418796 0.00713125 196.458 0.00417819 0.99999 0.00138437 5.39801 -0.00713697 -0.00135453 0.999974 141.16
0.999971 -0.00288487 0.00699621 197.229 0.00287837 0.999995 0.000938356 5.40164 -0.00699888 -0.000918192 0.999975 141.417
0.999981 0.00197529 0.0057593 197.987 -0.00197138 0.999998 -0.000684056 5.40702 -0.00576064 0.000672689 0.999983 141.679
0.999974 -0.00116784 0.0070522 198.764 0.00116547 0.999999 0.000339998 5.41064 -0.00705259 -0.000331771 0.999975 141.943
0.999981 -0.0046343 0.00416347 199.563 0.00462825 0.999988 0.00146084 5.4112 -0.00417019 -0.00144154 0.99999 142.177
0.999985 -0.00121281 0.0052733 200.361 0.00121081 0.999999 0.000383528 5.41077 -0.00527376 -0.000377137 0.999986 142.411
0.999984 0.00118279 0.00547142 201.143 -0.00118085 0.999999 -0.000358487 5.42428 -0.00547184 0.000352021 0.999985 142.661
0.999976 -0.00511266 0.00475506 201.97 0.00510532 0.999986 0.00155316 5.43221 -0.00476293 -0.00152884 0.999987 142.903
0.999903 -0.0102324 0.00950201 202.797 0.0102031 0.999943 0.00313055 5.44013 -0.0095335 -0.0030333 0.99995 143.144
0.999938 -0.00993384 0.00507378 203.649 0.00991884 0.999946 0.00297231 5.47907 -0.00510303 -0.0029218 0.999983 143.408
0.999987 -0.00310558 0.00413344 204.535 0.00310154 0.999995 0.000983946 5.4906 -0.00413647 -0.000971113 0.999991 143.628
0.99997 0.00494057 0.00604599 205.373 -0.0049331 0.999987 -0.00124906 5.52792 -0.00605208 0.00121919 0.999981 143.899
0.999971 0.00597446 0.00462274 206.215 -0.0059673 0.999981 -0.00156045 5.55731 -0.00463198 0.00153282 0.999988 144.143
0.999999 0.00107058 0.000650287 207.12 -0.0010704 0.999999 -0.000280087 5.57564 -0.000650586 0.000279391 1 144.33
0.999983 0.00261847 0.00530201 207.985 -0.00261509 0.999996 -0.000644244 5.59576 -0.00530367 0.000630368 0.999986 144.565
0.999972 0.00272481 0.00702498 208.856 -0.00272025 0.999996 -0.000657955 5.63499 -0.00702674 0.000638827 0.999975 144.851
0.999889 0.0135753 0.0061383 209.731 -0.0135542 0.999902 -0.00346898 5.65309 -0.00618479 0.0033854 0.999975 145.129
0.999995 -0.00182535 0.0026539 210.632 0.00182419 0.999998 0.000436938 5.66327 -0.00265469 -0.000432095 0.999996 145.329
0.999984 -0.00188196 0.00524722 211.537 0.00187968 0.999998 0.000438541 5.68547 -0.00524804 -0.000428672 0.999986 145.567
0.999938 -0.00376614 0.0104935 212.441 0.00375703 0.999993 0.000886939 5.70766 -0.0104967 -0.00084746 0.999945 145.806
0.999992 0.000904952 0.00387433 213.362 -0.000904102 1 -0.000221136 5.71657 -0.00387453 0.000217632 0.999992 146.027
0.999989 0.000235417 0.00466868 214.29 -0.000235106 1 -6.73113e-005 5.72312 -0.0046687 6.62129e-005 0.999989 146.246
0.999994 -0.000607269 0.00354345 215.219 0.000606819 1 0.000128167 5.72869 -0.00354352 -0.000126016 0.999994 146.457
0.999995 0.001759 0.00258686 216.155 -0.00175798 0.999998 -0.00039948 5.74358 -0.00258756 0.000394931 0.999997 146.667
0.999995 -0.0011512 0.00297909 217.096 0.00115048 0.999999 0.000242486 5.73547 -0.00297937 -0.000239057 0.999996 146.868
0.999999 0.000647914 0.00141403 218.037 -0.00064771 1 -0.00014495 5.74082 -0.00141412 0.000144034 0.999999 147.062
0.999982 0.00321582 0.0050684 218.965 -0.00321222 0.999995 -0.000718062 5.75863 -0.00507069 0.000701768 0.999987 147.298
0.999997 0.00153497 0.00186321 219.899 -0.00153434 0.999999 -0.000336541 5.75994 -0.00186372 0.000333681 0.999998 147.501
0.99997 0.00756717 0.00182794 220.83 -0.00756425 0.99997 -0.00159622 5.76903 -0.00183996 0.00158235 0.999997 147.72
0.999996 0.00208482 0.00164285 221.772 -0.00208407 0.999998 -0.000458277 5.76046 -0.0016438 0.000454852 0.999999 147.926
0.999997 -0.00199421 0.00113385 222.708 0.00199377 0.999998 0.00038754 5.75516 -0.00113462 -0.000385279 0.999999 148.117
0.999955 -0.00936307 0.00134509 223.648 0.00936052 0.999954 0.00188616 5.74218 -0.00136269 -0.00187349 0.999997 148.277
0.999985 0.00507608 0.00206538 224.584 -0.00507394 0.999987 -0.00104329 5.74447 -0.00207064 0.00103279 0.999997 148.484
0.999755 0.0220966 0.00143629 225.51 -0.02209 0.999746 -0.00444471 5.73087 -0.00153414 0.0044119 0.999989 148.743
0.999949 -0.00976088 0.00261389 226.429 0.00975605 0.999951 0.00185386 5.70209 -0.00263186 -0.00182826 0.999995 148.894
0.999994 0.00217388 0.00286116 227.355 -0.00217246 0.999998 -0.000498889 5.67861 -0.00286224 0.00049267 0.999996 149.078
0.999991 0.00245172 0.00344499 228.308 -0.00244978 0.999997 -0.000569259 5.66158 -0.00344638 0.000560814 0.999994 149.276
0.999994 -0.0005228 0.0033052 229.211 0.000522798 1 1.43273e-006 5.63962 -0.0033052 2.95224e-007 0.999995 149.451
0.999991 -0.00167956 0.00399414 230.156 0.00167878 0.999999 0.000198208 5.61723 -0.00399447 -0.000191501 0.999992 149.628
0.999994 -0.00119446 0.00321235 231.069 0.00119405 0.999999 0.000130315 5.60193 -0.00321251 -0.000126478 0.999995 149.782
0.999992 -2.82909e-005 0.00411571 231.991 2.87135e-005 1 -0.000102622 5.58098 -0.0041157 0.000102739 0.999992 149.944
0.999995 -0.000563114 0.00305545 232.92 0.000563059 1 1.87586e-005 5.55456 -0.00305546 -1.70381e-005 0.999995 150.096
0.99999 0.000212084 0.00448263 233.848 -0.000211408 1 -0.000151212 5.53802 -0.00448266 0.000150263 0.99999 150.256
0.999992 -0.00101172 0.00395902 234.787 0.00101146 0.999999 6.77552e-005 5.51949 -0.00395909 -6.37502e-005 0.999992 150.408
0.999991 0.00176391 0.00389311 235.72 -0.00176243 0.999998 -0.000385183 5.49828 -0.00389378 0.000378318 0.999992 150.561
0.999991 0.00124403 0.00409394 236.643 -0.00124278 0.999999 -0.000307573 5.48017 -0.00409432 0.000302482 0.999992 150.709
0.999985 0.00269588 0.00473854 237.568 -0.00269329 0.999996 -0.000552371 5.45917 -0.00474001 0.0005396 0.999989 150.865
0.999994 0.00164087 0.00294214 238.505 -0.00163989 0.999999 -0.000336545 5.43329 -0.00294269 0.000331718 0.999996 150.996
0.99998 0.00515776 0.0036875 239.422 -0.00515455 0.999986 -0.000880389 5.40471 -0.00369199 0.000861364 0.999993 151.139
0.999979 0.00544551 0.00352499 240.339 -0.00544232 0.999985 -0.000915259 5.37439 -0.00352993 0.000896056 0.999993 151.281
0.999955 0.00709215 0.00632124 241.245 -0.00708421 0.999974 -0.0012763 5.34432 -0.00633013 0.00123146 0.999979 151.45
0.999992 0.00266918 0.00287928 242.167 -0.00266774 0.999996 -0.000500979 5.30446 -0.00288061 0.000493294 0.999996 151.572
0.999997 -0.0015717 0.00181292 243.091 0.00157151 0.999999 0.000108044 5.26151 -0.00181309 -0.000105194 0.999998 151.671
0.99999 -0.00415206 0.00132991 244.017 0.00415144 0.999991 0.000462371 5.22336 -0.00133182 -0.000456845 0.999999 151.761
0.999994 0.000908064 0.00326473 244.935 -0.000907188 1 -0.000269874 5.18481 -0.00326498 0.000266911 0.999995 151.881
0.999991 -0.000159186 0.00427344 245.845 0.000159981 1 -0.000185859 5.14248 -0.00427341 0.000186541 0.999991 152.003
0.999971 0.00684965 0.00338319 246.754 -0.00684636 0.999976 -0.000983339 5.09869 -0.00338984 0.000960148 0.999994 152.133
0.999993 0.00236882 0.00291506 247.659 -0.00236756 0.999997 -0.000435348 5.05082 -0.00291608 0.000428444 0.999996 152.231
0.999936 -0.00989855 0.0055036 248.561 0.00989419 0.999951 0.000817499 5.0228 -0.00551143 -0.000762993 0.999985 152.304
0.99995 -0.00804581 0.00601654 249.471 0.00804238 0.999967 0.000593591 4.99618 -0.00602112 -0.000545174 0.999982 152.388
0.999994 -0.000208715 0.0034886 250.377 0.000209118 1 -0.000115352 4.95945 -0.00348858 0.00011608 0.999994 152.469
0.999974 -0.00111981 0.00717197 251.277 0.00112104 0.999999 -0.000167157 4.93152 -0.00717178 0.000175192 0.999974 152.565
0.999986 0.000952036 0.0052795 252.165 -0.000950533 1 -0.000287153 4.89093 -0.00527977 0.00028213 0.999986 152.652
0.999981 0.000236896 0.00619819 253.049 -0.000235283 1 -0.00026093 4.86503 -0.00619826 0.000259466 0.999981 152.728
0.999967 0.00246272 0.00772415 253.944 -0.00245891 0.999997 -0.000502212 4.83389 -0.00772537 0.000483203 0.99997 152.813
0.999974 0.00154429 0.00699187 254.844 -0.00154151 0.999999 -0.000403486 4.8221 -0.00699249 0.000392698 0.999975 152.892
0.999979 0.00370063 0.00526007 255.742 -0.00369822 0.999993 -0.00046899 4.79164 -0.00526177 0.000449527 0.999986 152.961
0.999984 0.00286511 0.00495683 256.636 -0.00286314 0.999996 -0.000404022 4.75371 -0.00495797 0.000389823 0.999988 153.018
0.999963 0.00616925 0.00599035 257.519 -0.00616552 0.999981 -0.000640694 4.70997 -0.00599419 0.000603736 0.999982 153.082
0.999974 0.00349002 0.00634625 258.404 -0.00348674 0.999994 -0.000528197 4.66913 -0.00634806 0.000506056 0.99998 153.122
0.999963 0.00506658 0.00698064 259.288 -0.00506226 0.999987 -0.000635928 4.62344 -0.00698377 0.000600566 0.999975 153.166
0.999975 0.00269265 0.00659643 260.168 -0.00268925 0.999996 -0.000523445 4.56191 -0.00659781 0.000505692 0.999978 153.196
0.999972 -0.00256429 0.00707181 261.041 0.00256717 0.999997 -0.00039754 4.51227 -0.00707077 0.000415683 0.999975 153.214
0.999976 -0.00274099 0.00636192 261.912 0.00274326 0.999996 -0.000348614 4.46562 -0.00636094 0.000366058 0.99998 153.221
0.999978 -6.13292e-005 0.00659129 262.781 6.40096e-005 1 -0.00040644 4.41497 -0.00659127 0.000406853 0.999978 153.229
0.999979 0.00110083 0.00639834 263.655 -0.00109826 0.999999 -0.000405797 4.36504 -0.00639878 0.000398761 0.999979 153.237
0.999968 -0.00462872 0.00659879 264.53 0.00463145 0.999989 -0.000399191 4.32946 -0.00659687 0.00042974 0.999978 153.223
0.999978 -0.000392794 0.00657258 265.401 0.000395326 1 -0.000383895 4.27835 -0.00657243 0.000386485 0.999978 153.223
0.999985 -0.00242168 0.0049944 266.268 0.00242328 0.999997 -0.000314568 4.22923 -0.00499363 0.000326666 0.999987 153.194
0.999969 0.00649428 0.0044696 267.129 -0.00649371 0.999979 -0.000144101 4.1779 -0.00447044 0.000115072 0.99999 153.192
0.999986 -0.00453705 0.00276599 267.994 0.00453781 0.99999 -0.000267722 4.13926 -0.00276474 0.00028027 0.999996 153.167
0.999956 -0.00886051 0.00314348 268.861 0.00886178 0.999961 -0.000391625 4.09422 -0.00313988 0.000419465 0.999995 153.131
0.999996 -0.00159564 0.00246514 269.728 0.00159604 0.999999 -0.000163099 4.06318 -0.00246488 0.000167033 0.999997 153.112
0.999996 0.00131411 0.00267188 270.592 -0.00131389 0.999999 -8.61396e-005 4.02484 -0.00267199 8.26287e-005 0.999996 153.088
0.999995 0.000964845 0.00301895 271.456 -0.000964504 1 -0.000114347 3.98747 -0.00301906 0.000111434 0.999995 153.073
0.999995 -0.00300672 0.00104588 272.313 0.00300689 0.999995 -0.000160373 3.94188 -0.0010454 0.000163517 0.999999 153.026
0.999996 -0.00265009 0.000238439 273.169 0.00265012 0.999996 -0.000110901 3.89637 -0.000238145 0.000111532 1 152.986
0.999997 -0.00252271 6.61735e-005 274.021 0.00252272 0.999997 -9.87984e-005 3.8584 -6.59241e-005 9.8965e-005 1 152.953
0.999994 -0.00328865 0.000569349 274.869 0.00328874 0.999995 -0.000147741 3.83529 -0.00056886 0.000149613 1 152.944
0.999997 -0.00131791 -0.00183804 275.72 0.00131794 0.999999 1.69668e-005 3.80366 0.00183802 -1.93892e-005 0.999998 152.908
0.999996 -0.00164912 -0.00212341 276.527 0.00164916 0.999999 1.45841e-005 3.77464 0.00212339 -1.80859e-005 0.999998 152.879
0.999999 -0.000725724 -0.00123974 277.346 0.000725746 1 1.73204e-005 3.74821 0.00123973 -1.82201e-005 0.999999 152.863
0.999997 -0.000780065 -0.00244025 278.155 0.000780204 1 5.57341e-005 3.71863 0.00244021 -5.76378e-005 0.999997 152.837
0.999996 0.00167693 -0.00233457 278.962 -0.00167663 0.999999 0.000131396 3.69752 0.00233479 -0.000127481 0.999997 152.832
0.999993 0.000274631 -0.00370168 279.748 -0.000274124 1 0.000137319 3.6747 0.00370171 -0.000136303 0.999993 152.816
0.999968 -0.00413143 -0.00687204 280.524 0.00413238 0.999991 0.000123804 3.62856 0.00687147 -0.000152198 0.999976 152.77
0.999983 0.00116877 -0.00565254 281.29 -0.00116766 0.999999 0.000199506 3.60001 0.00565277 -0.000192903 0.999984 152.745
0.99999 0.00305819 -0.00323215 282.045 -0.00305774 0.999995 0.000146881 3.58029 0.00323259 -0.000136996 0.999995 152.753
0.99999 0.000268761 -0.00440813 282.79 -0.000268066 1 0.00015823 3.56329 0.00440817 -0.000157047 0.99999 152.749
0.999995 0.00141143 -0.00276424 283.532 -0.00141114 0.999999 0.000106764 3.53344 0.00276439 -0.000102863 0.999996 152.764
0.999994 0.00121153 -0.00321355 284.253 -0.00121114 0.999999 0.000122926 3.50357 0.0032137 -0.000119033 0.999995 152.775
0.99999 0.00228201 -0.00395621 284.97 -0.00228142 0.999997 0.000152513 3.47329 0.00395655 -0.000143486 0.999992 152.789
0.999998 -0.000163211 -0.00220913 285.658 0.00016341 1 8.9866e-005 3.44651 0.00220911 -9.02268e-005 0.999998 152.822
0.999993 0.000619266 -0.00374669 286.335 -0.000618719 1 0.00014728 3.40847 0.00374678 -0.000144961 0.999993 152.839
0.999991 0.000845641 -0.00420849 287.001 -0.000844957 1 0.000164243 3.38413 0.00420863 -0.000160685 0.999991 152.846
0.999957 0.00894358 -0.00252232 287.655 -0.00894366 0.99996 -2.07517e-005 3.35328 0.00252203 4.33096e-005 0.999997 152.896
0.999983 -0.000451867 -0.00589105 288.297 0.000453672 1 0.000305126 3.31073 0.00589091 -0.000307794 0.999983 152.889
0.999986 0.00433432 -0.0030152 288.925 -0.00433418 0.999991 5.48474e-005 3.2777 0.00301541 -4.17782e-005 0.999995 152.927
0.999979 0.00577396 -0.00292649 289.542 -0.00577395 0.999983 1.33353e-005 3.24368 0.00292651 3.56231e-006 0.999996 152.971
0.999996 0.0013513 -0.00240965 290.145 -0.00135104 0.999999 0.000106854 3.1987 0.00240979 -0.000103598 0.999997 153.006
0.999992 -0.00219747 -0.00332507 290.748 0.00219839 0.999998 0.000272162 3.1635 0.00332446 -0.00027947 0.999994 153.021
0.999951 0.0096588 -0.00234583 291.312 -0.00965928 0.999953 -0.000192068 3.12827 0.00234386 0.000214718 0.999997 153.078
0.99995 0.00960271 -0.00274082 291.887 -0.00960319 0.999954 -0.000160768 3.08657 0.00273915 0.000187081 0.999996 153.135
0.999981 0.00466998 -0.00405299 292.449 -0.00466945 0.999989 0.000139494 3.03608 0.0040536 -0.000120566 0.999992 153.17
0.999989 0.00281063 -0.00371783 293 -0.00280994 0.999996 0.000190361 2.99106 0.00371835 -0.000179912 0.999993 153.201
0.999996 -0.00111129 -0.00253228 293.54 0.00111198 0.999999 0.000271283 2.94412 0.00253197 -0.000274098 0.999997 153.231
0.999998 0.000401871 -0.00192671 294.069 -0.000401593 1 0.000144237 2.89881 0.00192677 -0.000143463 0.999998 153.274
0.999971 0.00720188 -0.00266231 294.589 -0.00720228 0.999974 -0.000143717 2.85756 0.00266121 0.000162888 0.999996 153.33
0.999996 -0.0012542 -0.00266011 295.1 0.00125504 0.999999 0.000315478 2.80513 0.00265971 -0.000318816 0.999996 153.359
0.999996 0.000977322 -0.00280425 295.6 -0.000976761 1 0.000201565 2.7607 0.00280445 -0.000198825 0.999996 153.388
0.999998 -0.000900661 -0.00178253 296.096 0.000901053 1 0.000219548 2.71613 0.00178233 -0.000221154 0.999998 153.415
0.999997 -0.00175824 -0.00146391 296.582 0.0017586 0.999998 0.00024382 2.67171 0.00146348 -0.000246394 0.999999 153.443
0.999999 -0.000827823 -0.00121184 297.071 0.00082802 1 0.000161943 2.62838 0.0012117 -0.000162947 0.999999 153.47
0.999999 7.52684e-005 0.00134902 297.556 -7.50995e-005 1 -0.000125285 2.58185 -0.00134903 0.000125184 0.999999 153.523
0.99997 0.00775641 3.33247e-005 298.048 -0.00775639 0.99997 -0.000502235 2.53693 -3.72192e-005 0.000501962 1 153.576
0.999999 -0.00144479 -0.000116423 298.548 0.0014448 0.999999 0.000104102 2.49415 0.000116273 -0.00010427 1 153.599
0.999981 -0.00588998 0.00175413 299.052 0.00588961 0.999983 0.000216703 2.44778 -0.00175537 -0.000206368 0.999998 153.617
0.999968 0.00641057 0.00469176 299.557 -0.00640671 0.999979 -0.000837409 2.41393 -0.00469703 0.000807324 0.999989 153.695
0.999989 -0.00390513 0.00255621 300.074 0.00390518 0.999992 -1.47852e-005 2.36487 -0.00255613 2.47675e-005 0.999997 153.719
0.999956 -0.00781012 0.00511244 300.591 0.00781032 0.999969 -1.95879e-005 2.3158 -0.00511213 5.95168e-005 0.999987 153.743
0.999998 -8.50181e-005 0.00221834 301.121 8.54425e-005 1 -0.000191209 2.27735 -0.00221833 0.000191398 0.999998 153.768
0.999979 0.0053962 0.00357407 301.664 -0.0053941 0.999985 -0.000597216 2.23695 -0.00357724 0.000577925 0.999993 153.819
0.999994 0.00108246 0.00333091 302.22 -0.00108125 0.999999 -0.00036438 2.20445 -0.00333131 0.000360776 0.999994 153.865
0.999958 -0.00908766 0.00130187 302.79 0.0090873 0.999959 0.000277671 2.163 -0.00130434 -0.000265829 0.999999 153.861
0.999916 -0.0129538 0.000188762 303.376 0.0129537 0.999916 0.000531069 2.12694 -0.000195625 -0.000528579 1 153.837
0.999664 -0.0259055 0.000370628 303.962 0.025905 0.999664 0.00106454 2.09087 -0.000398081 -0.00105458 0.999999 153.813
0.999959 -0.00788517 0.00436309 304.557 0.00788487 0.999969 8.72497e-005 2.06269 -0.00436365 -5.28438e-005 0.99999 153.838
0.999999 -0.000770622 -0.00107649 305.163 0.000770712 1 8.3879e-005 2.04953 0.00107642 -8.47086e-005 0.999999 153.829
0.99999 0.00178783 0.00405588 305.783 -0.00178672 0.999998 -0.000278279 2.01618 -0.00405638 0.00027103 0.999992 153.892
0.999991 0.00109396 0.00409173 306.413 -0.00109293 0.999999 -0.000254896 1.98636 -0.00409201 0.000250422 0.999992 153.951
0.999925 -0.00993513 0.00711933 307.059 0.0099357 0.999951 -4.5515e-005 1.96592 -0.00711853 0.000116247 0.999975 153.984
0.999929 0.0092275 0.00748765 307.705 -0.00922345 0.999957 -0.000575401 1.92732 -0.00749264 0.000506298 0.999972 154.098
0.999968 0.00627063 0.00503795 308.363 -0.00626879 0.99998 -0.000380649 1.87658 -0.00504024 0.000349055 0.999987 154.193
0.999995 -0.00268914 0.00176186 309.044 0.00268928 0.999996 -7.34848e-005 1.84997 -0.00176166 7.82226e-005 0.999998 154.193
0.999979 -0.00537813 0.00352391 309.725 0.00537866 0.999986 -0.000142231 1.82337 -0.00352309 0.000161182 0.999994 154.192
0.999997 0.00223494 -0.000380939 310.429 -0.00223494 0.999998 5.15806e-006 1.79619 0.000380949 -4.30667e-006 1 154.182
0.999995 0.000747757 0.00302165 311.133 -0.000747229 1 -0.00017612 1.77434 -0.00302178 0.000173861 0.999995 154.198
0.999984 0.00502514 0.00249409 311.846 -0.00502473 0.999987 -0.000170157 1.74197 -0.00249492 0.000157622 0.999997 154.225
0.999957 -0.00856493 0.00367876 312.568 0.00856571 0.999963 -0.000195456 1.702 -0.00367695 0.000226958 0.999993 154.224
0.999998 3.38455e-008 0.00184479 313.302 1.47444e-007 1 -9.82707e-005 1.67267 -0.00184479 9.82708e-005 0.999998 154.225
0.999993 2.4898e-007 0.00368958 314.036 4.76177e-007 1 -0.000196541 1.64334 -0.00368958 0.000196541 0.999993 154.227
0.999921 -0.0114454 -0.0052768 314.786 0.0114466 0.999934 0.000188046 1.62484 0.0052743 -0.000248432 0.999986 154.148
0.999991 -0.00413409 0.00123426 315.553 0.00413416 0.999991 -4.9849e-005 1.60183 -0.00123404 5.49511e-005 0.999999 154.144
0.999963 -0.00826805 0.00246871 316.321 0.00826831 0.999966 -9.45948e-005 1.57882 -0.00246784 0.000115003 0.999997 154.14
0.999999 -0.00136976 -0.000633298 317.097 0.00136977 0.999999 1.71354e-005 1.54431 0.000633274 -1.80028e-005 1 154.143
0.999987 -0.00140939 -0.00484057 317.877 0.00141013 0.999999 0.000149317 1.51672 0.00484036 -0.000156141 0.999988 154.082
0.999921 0.0113652 -0.00532866 318.66 -0.0113645 0.999935 0.000162147 1.52429 0.00533016 -0.000101576 0.999986 153.96
0.999972 -0.00714954 0.00231185 319.465 0.00714963 0.999974 -3.08475e-005 1.49141 -0.00231157 4.73755e-005 0.999997 154.02
0.999887 -0.0142986 0.00462384 320.269 0.014299 0.999898 -4.51653e-005 1.45854 -0.00462272 0.000111276 0.999989 154.08
0.999989 0.00253223 -0.00384873 321.085 -0.00253185 0.999997 0.000102954 1.46075 0.00384898 -9.32089e-005 0.999993 154.098
0.99994 -0.0104955 -0.00311069 321.914 0.010496 0.999945 0.000155354 1.44148 0.00310889 -0.000187995 0.999995 154.044
0.999999 0.00121922 -0.000901427 322.75 -0.00121921 0.999999 5.64366e-006 1.43224 0.000901433 -4.54462e-006 1 154.072
0.999995 0.00243844 -0.00180285 323.586 -0.00243842 0.999997 1.23863e-005 1.42301 0.00180287 -7.9902e-006 0.999998 154.101
0.999997 -0.00235196 -0.000722678 324.436 0.002352 0.999997 4.4137e-005 1.41094 0.000722573 -4.58366e-005 1 154.134
0.999989 -0.00137256 -0.00449461 325.293 0.00137304 0.999999 0.00010428 1.39535 0.00449447 -0.00011045 0.99999 154.118
0.999984 0.00554795 -0.000512315 326.153 -0.005548 0.999985 -8.62077e-005 1.40814 0.000511828 8.90487e-005 1 154.179
0.999997 0.00246108 -0.000576883 327.023 -0.0024611 0.999997 -2.9737e-005 1.39615 0.000576808 3.11567e-005 1 154.241
0.999999 -0.000425545 -0.00119001 327.907 0.000425592 1 3.92629e-005 1.39015 0.00118999 -3.97693e-005 0.999999 154.277
0.999992 0.000904713 -0.00383263 328.792 -0.000904398 1 8.39848e-005 1.38155 0.0038327 -8.05179e-005 0.999993 154.299
0.999967 0.00316776 0.00745384 329.672 -0.0031657 0.999995 -0.00028815 1.38235 -0.00745472 0.000264544 0.999972 154.452
0.999992 -0.00239843 -0.00321074 330.573 0.00239887 0.999997 0.000131895 1.3671 0.00321041 -0.000139596 0.999995 154.465
0.999968 -0.00479639 -0.00642175 331.475 0.00479814 0.999988 0.000256087 1.35185 0.00642045 -0.000286891 0.999979 154.479
0.999994 0.00239428 -0.00264982 332.382 -0.00239425 0.999997 1.64037e-005 1.33586 0.00264985 -1.00593e-005 0.999996 154.513
0.99999 0.0038862 -0.00223327 333.291 -0.00388628 0.999992 -3.16736e-005 1.32213 0.00223313 4.03524e-005 0.999998 154.556
0.999991 0.00414203 -0.000183543 334.205 -0.00414205 0.999991 -0.000107631 1.29669 0.000183096 0.00010839 1 154.617
0.999997 -0.0012618 -0.00229167 335.123 0.00126207 0.999999 0.000115602 1.27059 0.00229153 -0.000118494 0.999997 154.643
1 0.000554793 -0.000673661 336.043 -0.000554789 1 6.86036e-006 1.24548 0.000673665 -6.48662e-006 1 154.689
0.999998 -0.00112779 -0.00164345 336.965 0.00112794 0.999999 9.13656e-005 1.2186 0.00164335 -9.32192e-005 0.999999 154.716
0.999994 0.00309796 -0.00153017 337.888 -0.00309804 0.999995 -4.56072e-005 1.19384 0.00153002 5.03475e-005 0.999999 154.763
0.999974 0.00721683 -0.000266949 338.807 -0.0072169 0.999974 -0.000233204 1.15677 0.000265259 0.000235125 1 154.83
0.999995 0.00175343 -0.00254398 339.732 -0.0017533 0.999998 5.52929e-005 1.12841 0.00254407 -5.08322e-005 0.999997 154.839
0.999994 0.00295465 -0.00169452 340.652 -0.0029547 0.999996 -2.76132e-005 1.08132 0.00169443 3.26198e-005 0.999999 154.884
0.999987 0.00248682 0.00443618 341.563 -0.00248543 0.999997 -0.000318532 1.03171 -0.00443695 0.000307502 0.99999 155.002
0.999957 0.0093181 4.26921e-006 342.478 -0.0093181 0.999957 -0.000316034 0.996049 -7.21387e-006 0.000315981 1 155.057
0.999958 -0.00689118 -0.00604862 343.387 0.00689482 0.999976 0.000581059 0.969152 0.00604447 -0.000622738 0.999982 154.993
0.99998 0.00627512 -0.000336301 344.299 -0.0062752 0.99998 -0.000231523 0.930984 0.000334842 0.000233628 1 155.026
0.999921 0.0125499 -0.000674048 345.211 -0.0125502 0.999921 -0.00046093 0.892816 0.000668211 0.000469353 1 155.059
1 0.000472898 -0.000701642 346.121 -0.000472879 1 2.76967e-005 0.835512 0.000701655 -2.73649e-005 1 155.099
0.999999 -0.000474044 0.00130664 347.029 0.000474133 1 -6.77611e-005 0.780027 -0.00130661 6.83805e-005 0.999999 155.157
0.999996 0.00244652 -0.00125233 347.939 -0.00244653 0.999997 -1.29456e-005 0.719256 0.00125229 1.60094e-005 0.999999 155.2
0.999958 0.00912132 0.000494391 348.839 -0.00912112 0.999958 -0.000413039 0.66157 -0.000498138 0.000408513 1 155.277
0.999999 -0.000142056 -0.0012772 349.738 0.000142191 1 0.000105663 0.591954 0.00127718 -0.000105845 0.999999 155.308
0.999994 -0.00304887 -0.00150922 350.638 0.00304924 0.999995 0.000243828 0.536315 0.00150847 -0.000248429 0.999999 155.337
0.999987 -0.00446982 -0.00243844 351.542 0.00447074 0.99999 0.000372325 0.479574 0.00243676 -0.000383222 0.999997 155.362
1 0.000145259 -0.000709045 352.447 -0.000145228 1 4.33847e-005 0.41623 0.000709051 -4.32817e-005 1 155.422
0.999982 -0.00550791 -0.00216296 353.344 0.0055088 0.999985 0.000404409 0.355205 0.0021607 -0.000416317 0.999998 155.455
0.999986 -0.00519307 -0.000840868 354.242 0.00519333 0.999986 0.000306653 0.303982 0.000839264 -0.000311016 1 155.509
0.999978 -0.00520999 -0.00417943 355.142 0.00521212 0.999986 0.00049885 0.263785 0.00417677 -0.000520622 0.999991 155.534
0.999982 -0.00403584 -0.00449797 356.046 0.00403792 0.999992 0.000454716 0.2203 0.0044961 -0.00047287 0.99999 155.57
0.999948 -0.0080991 -0.00614767 356.948 0.00810392 0.999967 0.000760085 0.17614 0.00614131 -0.000809866 0.999981 155.612
0.999978 0.00619459 -0.00235473 357.849 -0.0061953 0.999981 -0.000293469 0.139553 0.00235287 0.000308051 0.999997 155.704
0.99997 -0.00707674 -0.00317412 358.752 0.00707873 0.999975 0.000617835 0.113046 0.00316966 -0.000640285 0.999995 155.752
0.999985 -0.0021104 -0.00497782 359.66 0.00211216 0.999998 0.000349995 0.0781057 0.00497707 -0.000360504 0.999988 155.815
0.999983 0.00518833 -0.0026378 360.562 -0.00518908 0.999986 -0.000279624 0.0445859 0.00263631 0.000293307 0.999996 155.923
0.999958 0.00895459 0.00211384 361.46 -0.00895291 0.99996 -0.00080172 0.0276441 -0.00212093 0.000782761 0.999997 156.074
0.999978 0.000425782 -0.00654852 362.369 -0.00042369 1 0.000320904 -0.0121398 0.00654866 -0.000318122 0.999979 156.136
0.999962 0.000483539 -0.00874134 363.284 -0.000479749 1 0.000435639 -0.0825531 0.00874155 -0.000431429 0.999962 156.152
0.999939 0.00400404 -0.0102626 364.188 -0.00400204 0.999992 0.000215956 -0.216922 0.0102634 -0.000174871 0.999947 156.13
0.999967 0.0010873 -0.00804882 365.093 -0.00108438 0.999999 0.000366307 -0.266995 0.00804921 -0.000357567 0.999968 156.232
0.999868 0.00217743 -0.0160967 365.999 -0.00216578 0.999997 0.00074133 -0.317069 0.0160983 -0.00070637 0.99987 156.334
0.99995 0.00153868 -0.00983621 366.903 -0.00153457 0.999999 0.000425143 -0.363286 0.00983685 -0.000410027 0.999952 156.442
0.999951 0.00105971 -0.00986842 367.804 -0.00105497 0.999999 0.000486152 -0.419152 0.00986893 -0.000475717 0.999951 156.566
0.999947 0.000363784 -0.010335 368.706 -0.000357513 1 0.00060862 -0.47823 0.0103352 -0.000604893 0.999946 156.682
0.999956 0.00108739 -0.00934922 369.601 -0.00108331 0.999999 0.000441119 -0.531868 0.00934969 -0.000430971 0.999956 156.834
0.999958 0.00230221 -0.00887344 370.494 -0.00230032 0.999997 0.000222883 -0.580056 0.00887393 -0.000202462 0.999961 157.008
0.999965 0.00122391 -0.00827568 371.379 -0.00122099 0.999999 0.000358062 -0.641328 0.00827612 -0.000347945 0.999966 157.168
0.999977 0.00120475 -0.00674373 372.263 -0.00120305 0.999999 0.000255157 -0.693957 0.00674404 -0.000247038 0.999977 157.362
0.999978 -0.000995237 -0.00649074 373.15 0.000999365 0.999999 0.000632896 -0.752979 0.0064901 -0.000639369 0.999979 157.523
0.999981 0.00354406 -0.00506458 374.031 -0.0035457 0.999994 -0.000314838 -0.806922 0.00506344 0.00033279 0.999987 157.715
0.999987 0.00198405 -0.0046747 374.913 -0.00198427 0.999998 -4.30969e-005 -0.863272 0.00467461 5.23722e-005 0.999989 157.912
0.999988 -0.000286978 -0.00493652 375.798 0.00028908 1 0.000425246 -0.928644 0.0049364 -0.000426668 0.999988 158.092
0.999987 -0.00159055 -0.00480673 376.688 0.00159384 0.999998 0.000679855 -0.990826 0.00480564 -0.000687507 0.999988 158.274
0.999986 -0.00249135 -0.00467203 377.581 0.00249538 0.999997 0.000857351 -1.04633 0.00466988 -0.000868998 0.999989 158.456
0.999991 -0.00247283 -0.00331072 378.471 0.00247535 0.999997 0.000759605 -1.11771 0.00330883 -0.000767794 0.999994 158.662
0.999988 0.00208626 -0.00447544 379.358 -0.00208695 0.999998 -0.000149397 -1.17392 0.00447512 0.000158735 0.99999 158.88
0.999974 -0.00485623 -0.00536693 380.25 0.00486405 0.999987 0.00144513 -1.26153 0.00535984 -0.00147119 0.999985 159.087
0.99999 -0.00110551 -0.00442241 381.137 0.00110789 0.999999 0.00053605 -1.314 0.00442182 -0.000540944 0.99999 159.301
0.99999 -0.000131587 -0.00444929 382.019 0.000132978 1 0.000312376 -1.36364 0.00444925 -0.000312965 0.99999 159.52
0.999986 0.00266197 -0.0045088 382.886 -0.00266354 0.999996 -0.000343468 -1.41248 0.00450787 0.000355473 0.99999 159.749
0.999987 0.00338558 -0.00378154 383.751 -0.00338775 0.999994 -0.000567042 -1.46963 0.0037796 0.000579846 0.999993 159.986
0.999977 0.00495674 -0.00472569 384.607 -0.00496097 0.999987 -0.000884488 -1.52951 0.00472124 0.000907911 0.999988 160.226
0.999988 0.00294475 -0.00380773 385.457 -0.00294649 0.999996 -0.000451732 -1.59224 0.00380639 0.000462946 0.999993 160.46
0.999987 0.00192596 -0.00480376 386.312 -0.00192653 0.999998 -0.000113779 -1.65265 0.00480354 0.000123032 0.999988 160.69
0.999992 -3.02983e-006 -0.00389967 387.167 4.25225e-006 1 0.000313461 -1.71529 0.00389967 -0.000313475 0.999992 160.924
0.999986 0.00450875 -0.00292773 388.011 -0.00451157 0.999989 -0.000956481 -1.76819 0.00292338 0.000969676 0.999995 161.172
0.999994 0.00247402 -0.00223311 388.853 -0.00247509 0.999997 -0.000472316 -1.84163 0.00223193 0.000477841 0.999997 161.402
0.999953 0.00963444 -0.00129032 389.677 -0.00963763 0.99995 -0.00249393 -1.91112 0.00126623 0.00250624 0.999996 161.656
0.999999 0.00152926 0.000125064 390.505 -0.0015292 0.999999 -0.000429059 -1.99719 -0.00012572 0.000428868 1 161.893
0.999964 0.00844535 0.000472172 391.323 -0.00844421 0.999962 -0.00234989 -2.06744 -0.000492 0.00234582 0.999997 162.164
1 -0.000196359 -0.000665035 392.145 0.000196443 1 0.000125753 -2.15735 0.00066501 -0.000125884 1 162.396
0.999995 -0.00303408 0.000383264 392.969 0.00303378 0.999995 0.000785622 -2.25577 -0.000385646 -0.000784456 1 162.625
0.99999 0.00445695 -1.03576e-005 393.771 -0.00445696 0.999989 -0.00121196 -2.3455 4.95582e-006 0.001212 0.999999 162.872
0.999995 0.00281295 0.00158878 394.569 -0.00281145 0.999996 -0.000942805 -2.42672 -0.00159143 0.000938334 0.999998 163.122
0.999986 0.00525684 -0.000175043 395.368 -0.00525708 0.999985 -0.00140158 -2.51182 0.000167673 0.00140248 0.999999 163.354
0.999997 0.00216173 0.00111591 396.166 -0.00216092 0.999997 -0.000718924 -2.60102 -0.00111746 0.00071651 0.999999 163.589
0.999986 -0.00496742 0.00159431 396.976 0.00496559 0.999987 0.00114792 -2.68709 -0.00159999 -0.00113999 0.999998 163.814
0.999997 -0.00220091 0.000732775 397.788 0.00220054 0.999997 0.000504737 -2.77386 -0.000733884 -0.000503123 1 164.028
0.999993 0.00344075 0.00174854 398.585 -0.0034388 0.999993 -0.00111969 -2.86001 -0.00175238 0.00111367 0.999998 164.266
0.999997 -0.00215855 0.000740643 399.382 0.00215819 0.999998 0.000485678 -2.95118 -0.000741689 -0.000484078 1 164.476
0.999999 0.00104792 0.000129999 400.186 -0.00104788 0.999999 -0.000291819 -3.03353 -0.000130305 0.000291682 1 164.687
0.999997 0.00223359 -0.00123417 401.005 -0.00223414 0.999997 -0.000445099 -3.10847 0.00123317 0.000447855 0.999999 164.9
0.999995 0.00281966 -0.00157419 401.822 -0.00282054 0.999996 -0.000559535 -3.19727 0.0015726 0.000563973 0.999999 165.13
0.999998 0.0015583 0.000836608 402.641 -0.00155786 0.999999 -0.000518495 -3.29842 -0.000837415 0.000517191 1 165.365
1 -0.0008013 0.000420682 403.467 0.000801233 1 0.000161535 -3.38907 -0.000420811 -0.000161198 1 165.59
0.999996 0.00266168 -0.000288673 404.314 -0.00266187 0.999996 -0.000671545 -3.47531 0.000286885 0.000672311 1 165.828
0.999968 0.00803917 -6.98608e-005 405.132 -0.0080393 0.999965 -0.00213038 -3.5653 5.27319e-005 0.00213088 0.999998 166.083
0.999994 -0.00331614 0.001083 406.013 0.00331534 0.999994 0.000738609 -3.68271 -0.00108545 -0.000735014 0.999999 166.324
0.999985 -0.0053844 0.00107989 406.841 0.00538301 0.999985 0.00128759 -3.79175 -0.0010868 -0.00128176 0.999999 166.543
0.999997 -0.0021496 0.00101685 407.698 0.00214915 0.999998 0.000441116 -3.89754 -0.00101779 -0.000438929 0.999999 166.788
1 0.000352819 0.000494835 408.559 -0.000352744 1 -0.00015323 -3.99262 -0.000494889 0.000153055 1 167.039
0.999988 -0.00463941 0.0017412 409.431 0.00463766 0.999989 0.00100575 -4.09359 -0.00174584 -0.000997666 0.999998 167.287
0.999991 -0.00412407 -0.000829706 410.299 0.00412503 0.999991 0.00116868 -4.18927 0.000824878 -0.00117209 0.999999 167.514
0.999989 -0.00467636 -0.00054413 411.171 0.00467705 0.999988 0.00128088 -4.28134 0.000538133 -0.00128341 0.999999 167.748
0.999975 -0.00669757 -0.00240372 412.049 0.0067024 0.999976 0.00200415 -4.37531 0.00239024 -0.00202021 0.999995 167.952
0.999998 -0.00104992 -0.00148066 412.927 0.00105055 0.999999 0.000426075 -4.45888 0.00148021 -0.00042763 0.999999 168.177
0.999994 -0.00176451 -0.00283254 413.817 0.00176664 0.999998 0.000749313 -4.51519 0.00283121 -0.000754313 0.999996 168.379
0.999992 0.00354711 -0.00200721 414.678 -0.00354863 0.999993 -0.00075421 -4.58468 0.00200452 0.000761327 0.999998 168.654
0.999997 -0.00223515 0.000761057 415.545 0.00223474 0.999997 0.000529234 -4.68366 -0.000762238 -0.000527532 1 168.896
0.999997 0.00228929 -0.000924943 416.408 -0.00228978 0.999997 -0.00052593 -4.76059 0.000923736 0.000528046 0.999999 169.135
0.999996 -0.00235082 -0.00145801 417.277 0.00235196 0.999997 0.000784328 -4.84053 0.00145617 -0.000787754 0.999999 169.363
0.99992 -0.0119475 -0.00408016 418.162 0.0119623 0.999922 0.00363986 -4.92282 0.00403635 -0.00368838 0.999985 169.529
0.999936 -0.010767 -0.00346298 419.032 0.0107783 0.999937 0.00326496 -4.988 0.0034276 -0.00330207 0.999989 169.709
0.999994 0.00233123 0.00270265 419.871 -0.00232891 0.999997 -0.000859344 -5.04939 -0.00270465 0.000853045 0.999996 169.992
0.999999 0.00133446 0.000533215 420.705 -0.00133424 0.999999 -0.000412462 -5.11063 -0.000533764 0.00041175 1 170.231
0.999996 0.00266914 0.00106588 421.539 -0.00266826 0.999996 -0.000825634 -5.17187 -0.00106808 0.000822787 0.999999 170.47
0.999985 -0.00489226 -0.00239646 422.371 0.00489596 0.999987 0.00154051 -5.23391 0.00238889 -0.00155222 0.999996 170.662
0.999987 -0.00103581 0.0049636 423.185 0.00103622 0.999999 -7.84567e-005 -5.27186 -0.00496352 8.35991e-005 0.999988 170.923
0.999992 0.00302558 0.00259409 423.978 -0.00302293 0.999995 -0.00102373 -5.33604 -0.00259717 0.00101588 0.999996 171.174
0.999985 0.00461249 0.00287442 424.764 -0.00460826 0.999988 -0.00147842 -5.39872 -0.0028812 0.00146515 0.999995 171.422
0.999973 -0.00735023 -0.00080804 425.558 0.00735186 0.999971 0.00203398 -5.45283 0.000793067 -0.00203987 0.999998 171.592
0.999998 0.00183503 0.00112322 426.333 -0.00183439 0.999998 -0.00057765 -5.51049 -0.00112428 0.000575588 0.999999 171.798
0.99999 0.00435419 0.00123304 427.096 -0.00435263 0.99999 -0.00126241 -5.55606 -0.00123852 0.00125703 0.999998 172.007
0.999998 -0.00156711 0.000988058 427.866 0.00156678 0.999999 0.0003388 -5.60838 -0.000988588 -0.000337252 0.999999 172.193
0.999947 0.00939968 0.00425496 428.615 -0.0093876 0.999952 -0.00285 -5.64192 -0.00428154 0.0028099 0.999987 172.432
1 -0.000225639 0.000452957 429.374 0.00022563 1 1.86212e-005 -5.71363 -0.000452961 -1.8519e-005 1 172.619
0.999999 -0.000830795 0.00149424 430.122 0.00083067 1 8.43729e-005 -5.77579 -0.00149431 -8.31316e-005 0.999999 172.837
0.999999 -0.00159404 -0.000142141 430.871 0.0015941 0.999999 0.000424813 -5.84313 0.000141463 -0.000425039 1 173.019
0.999992 -0.00398643 -0.000230117 431.611 0.00398667 0.999992 0.00105133 -5.91817 0.000225924 -0.00105224 0.999999 173.187
0.999999 -0.000965035 0.000437375 432.345 0.000964941 1 0.000214501 -5.98433 -0.000437582 -0.000214078 1 173.375
1 0 0 433.082 0 1 0 -6.03872 0 0 1 173.568
0.999991 -0.00419221 -0.00056955 433.82 0.00419285 0.999991 0.0011281 -6.09601 0.000564816 -0.00113048 0.999999 173.74
1 0.000386973 -0.000408778 434.549 -0.000387001 1 -6.89824e-005 -6.1522 0.000408752 6.91406e-005 1 173.93
1 0.000696649 0.000604982 435.295 -0.000696511 1 -0.000227366 -6.20421 -0.000605141 0.000226944 1 174.134
0.999986 0.0052482 0.000591379 436.01 -0.00524737 0.999985 -0.00140592 -6.25582 -0.000598749 0.0014028 0.999999 174.347
0.999998 0.00116127 0.00128668 436.744 -0.00116074 0.999999 -0.000407423 -6.30213 -0.00128715 0.000405929 0.999999 174.555
1 0 0 437.487 0 1 0 -6.36458 0 0 1 174.75
0.999997 -0.00216444 -0.00127848 438.234 0.00216528 0.999997 0.000662965 -6.42459 0.00127704 -0.000665731 0.999999 174.939
0.999985 -0.00403803 -0.00366333 438.984 0.00404295 0.999991 0.0013369 -6.48217 0.0036579 -0.00135169 0.999992 175.111
0.999993 -0.00241509 -0.00268215 439.716 0.00241735 0.999997 0.000838765 -6.53983 0.00268012 -0.000845243 0.999996 175.295
0.999981 -0.00604048 0.0013421 440.426 0.00603846 0.999981 0.00150624 -6.5876 -0.00135117 -0.0014981 0.999998 175.493
0.999991 0.00319732 -0.00263287 441.141 -0.00319907 0.999995 -0.000660097 -6.63463 0.00263074 0.000668514 0.999996 175.692
0.999991 0.000114618 -0.00422442 441.856 -0.000113466 1 0.000273136 -6.67385 0.00422446 -0.000272654 0.999991 175.859
0.999998 0.000732741 -0.00201499 442.541 -0.00073285 1 -5.31806e-005 -6.72031 0.00201495 5.46571e-005 0.999998 176.05
0.999998 0.000615378 -0.00183026 443.216 -0.000615442 1 -3.468e-005 -6.75708 0.00183024 3.58064e-005 0.999998 176.242
0.999949 0.00640627 0.00777693 443.862 -0.00638811 0.999977 -0.00235857 -6.78188 -0.00779186 0.00230877 0.999967 176.512
0.999999 0.000222953 -0.00154634 444.517 -0.000222853 1 6.47859e-005 -6.83162 0.00154636 -6.44412e-005 0.999999 176.689
0.999995 0.000446005 -0.00309267 445.172 -0.000445606 1 0.000129916 -6.88135 0.00309273 -0.000128538 0.999995 176.865
0.999999 0.00116792 -0.000952561 445.812 -0.00116815 0.999999 -0.000238398 -6.9394 0.000952282 0.000239511 1 177.054
0.999995 -0.00198925 -0.00233242 446.463 0.00199095 0.999998 0.000729188 -6.9907 0.00233097 -0.000733829 0.999997 177.219
0.999999 6.73449e-005 -0.00144683 447.061 -6.72044e-005 1 9.71859e-005 -7.03992 0.00144683 -9.70886e-005 0.999999 177.388
0.999989 -0.00289821 -0.00370095 447.68 0.00290226 0.999995 0.00108956 -7.05887 0.00369777 -0.00110029 0.999993 177.527
0.999997 0.000522507 -0.00240237 448.296 -0.000522414 1 3.90942e-005 -7.10435 0.00240239 -3.7839e-005 0.999997 177.69
0.999997 0.00221747 -0.000991592 448.865 -0.00221801 0.999997 -0.000547989 -7.14211 0.000990374 0.000550187 0.999999 177.86
0.999998 0.00138697 -0.00121702 449.447 -0.00138733 0.999999 -0.000294969 -7.22542 0.00121661 0.000296657 0.999999 178.042
1 0.000394293 -0.000879532 449.991 -0.000394328 1 -4.05342e-005 -7.25921 0.000879516 4.0881e-005 1 178.202
0.999998 0.00177261 -0.00030633 450.542 -0.00177276 0.999998 -0.000480867 -7.30096 0.000305477 0.00048141 1 178.369
0.999998 0.0019729 0.00077299 451.074 -0.00197241 0.999998 -0.000629364 -7.36007 -0.00077423 0.000627838 1 178.551
0.999999 -0.00120422 -0.000730416 451.606 0.00120451 0.999999 0.000405465 -7.40468 0.000729927 -0.000406344 1 178.705
0.999999 0.00169002 3.93048e-005 452.124 -0.00169 0.999998 -0.000486402 -7.45545 -4.01267e-005 0.000486335 1 178.869
0.999987 0.00428489 -0.00273241 452.636 -0.00428759 0.99999 -0.000983295 -7.48575 0.00272817 0.000994998 0.999996 179.012
1 0 0 453.135 0 1 0 -7.53563 0 0 1 179.166
0.999997 0.00146235 -0.00210561 453.62 -0.00146283 0.999999 -0.000228531 -7.5618 0.00210527 0.000231611 0.999998 179.29
0.999995 0.00317977 -7.81413e-005 454.089 -0.00317984 0.999995 -0.000917828 -7.61671 7.52223e-005 0.000918071 1 179.442
0.999999 -0.000278153 -0.00112648 454.559 0.000278367 1 0.000189292 -7.65915 0.00112642 -0.000189605 0.999999 179.578
0.999987 -0.000466083 -0.00513108 455.023 0.000469312 1 0.000628009 -7.66739 0.00513078 -0.000630409 0.999987 179.637
0.999947 -0.000928926 -0.0102623 455.488 0.00094184 0.999999 0.0012536 -7.67563 0.0102611 -0.0012632 0.999947 179.695
0.999999 0.000935737 0.00134359 455.909 -0.000935184 0.999999 -0.000412156 -7.71906 -0.00134398 0.000410899 0.999999 179.836
0.999995 0.00187202 0.00268679 456.33 -0.00186981 0.999998 -0.000825568 -7.76249 -0.00268833 0.00082054 0.999996 179.976
0.999999 -0.00127468 -0.000231575 456.735 0.00127477 0.999999 0.000405409 -7.79654 0.000231058 -0.000405703 1 180.077
0.999997 -0.00254927 -0.000463667 457.14 0.00254964 0.999996 0.000810522 -7.83058 0.0004616 -0.000811701 1 180.178
0.999999 0.00160571 -0.000155869 457.521 -0.00160578 0.999999 -0.00046864 -7.86336 0.000155117 0.00046889 1 180.289
0.999991 0.00323017 0.00273702 457.877 -0.00322678 0.999994 -0.00123983 -7.8898 -0.00274101 0.00123098 0.999995 180.436
0.999998 -0.00152097 0.00112363 458.225 0.00152059 0.999999 0.000342503 -7.92904 -0.00112415 -0.000340794 0.999999 180.552
0.999993 -0.00304232 0.00224673 458.574 0.00304078 0.999995 0.000686715 -7.96827 -0.00224881 -0.000679878 0.999997 180.667
0.999986 -0.00103374 0.00513582 458.895 0.0010347 0.999999 -0.00018552 -7.98436 -0.00513563 0.000190832 0.999987 180.811
0.999998 0.00155754 0.000839457 459.213 -0.00155709 0.999999 -0.000532307 -8.01423 -0.000840285 0.000530999 1 180.891
0.999994 0.00311552 0.00167809 459.531 -0.00311373 0.999995 -0.00106592 -8.0441 -0.0016814 0.00106069 0.999998 180.971
0.999986 0.00467393 0.00251588 459.849 -0.00466991 0.999988 -0.00160084 -8.07397 -0.00252333 0.00158907 0.999996 181.05
0.999988 0.00230425 -0.00429264 460.151 -0.00230525 0.999997 -0.000227395 -8.12302 0.00429211 0.000237288 0.999991 181.096
0.999999 -0.000689247 0.000728406 460.436 0.000689155 1 0.000126736 -8.14899 -0.000728493 -0.000126234 1 181.175
0.999998 -0.00137859 0.00145672 460.721 0.00137822 0.999999 0.000253974 -8.17495 -0.00145707 -0.000251966 0.999999 181.254
0.999999 -0.000243811 -0.00123448 461.005 0.000244053 1 0.000195611 -8.18949 0.00123443 -0.000195912 0.999999 181.313
0.999997 -0.000487381 -0.00246901 461.289 0.000488347 1 0.00039092 -8.20403 0.00246882 -0.000392124 0.999997 181.372
0.999999 0.000781746 -0.000767255 461.56 -0.000781862 1 -0.000151687 -8.23231 0.000767137 0.000152287 1 181.459
0.999998 0.00156337 -0.00153463 461.831 -0.00156384 0.999999 -0.000302775 -8.26058 0.00153415 0.000305174 0.999999 181.547
0.999912 -0.0085209 -0.0101496 462.11 0.00855693 0.999957 0.00351188 -8.24917 0.0101193 -0.00359843 0.999942 181.524
0.999649 -0.0170042 -0.0203277 462.389 0.0171483 0.999829 0.00693657 -8.23775 0.0202063 -0.00728272 0.999769 181.501
0.999997 0.000158447 -0.00261246 462.648 -0.000158008 1 0.000168255 -8.25139 0.00261249 -0.000167842 0.999997 181.607
0.999986 0.000317333 -0.00522488 462.907 -0.000315577 1 0.000336923 -8.26503 0.00522498 -0.000335269 0.999986 181.714
0.999976 0.000176071 -0.006937 463.173 -0.000172425 1 0.000526259 -8.29764 0.00693709 -0.00052505 0.999976 181.809
0.999904 0.000355781 -0.0138736 463.439 -0.000341195 0.999999 0.0010537 -8.33025 0.0138739 -0.00104887 0.999903 181.903
0.999929 0.000899654 -0.0118773 463.73 -0.000891364 0.999999 0.000703215 -8.35147 0.011878 -0.000692578 0.999929 181.962
0.999927 7.59917e-005 -0.0120887 464.008 -6.38252e-005 0.999999 0.00100682 -8.37489 0.0120887 -0.00100598 0.999926 182.067
0.999708 0.000164139 -0.0241755 464.286 -0.000115475 0.999998 0.00201434 -8.3983 0.0241758 -0.00201096 0.999706 182.173
0.999909 0.000366909 -0.0134549 464.55 -0.000353278 0.999999 0.00101546 -8.4284 0.0134553 -0.00101062 0.999909 182.336
0.999824 0.00200874 -0.0186578 464.839 -0.0019936 0.999998 0.000830228 -8.45174 0.0186594 -0.000792885 0.999826 182.476
0.999296 0.00403192 -0.0373074 465.128 -0.00397135 0.999991 0.00169751 -8.47507 0.0373139 -0.00154815 0.999302 182.616
0.999769 0.000831904 -0.0214683 465.413 -0.000797827 0.999998 0.00159584 -8.4981 0.0214696 -0.00157835 0.999768 182.748
0.999782 0.000582699 -0.0208843 465.697 -0.000548244 0.999998 0.00165551 -8.52984 0.0208852 -0.0016437 0.999781 182.899
0.999755 0.000716041 -0.022112 465.979 -0.000678485 0.999998 0.0017059 -8.5526 0.0221131 -0.00169048 0.999754 183.056
0.999745 0.00326336 -0.0223533 466.234 -0.00325461 0.999995 0.000427706 -8.56286 0.0223546 -0.000354846 0.99975 183.229
0.999868 0.00517567 -0.015375 466.483 -0.00519633 0.999986 -0.00130455 -8.58117 0.0153681 0.00138427 0.999881 183.412
0.999952 0.00581643 -0.00786675 466.742 -0.00583601 0.99998 -0.00246827 -8.60331 0.00785223 0.00251406 0.999966 183.569
0.999994 0.00266805 -0.00213017 467.02 -0.00267083 0.999996 -0.00130355 -8.62409 0.00212668 0.00130923 0.999997 183.66
0.999967 0.000749587 0.00809678 467.259 -0.000738501 0.999999 -0.00137215 -8.65003 -0.0080978 0.00136613 0.999966 183.799
0.999868 0.00151021 0.016192 467.498 -0.00146586 0.999995 -0.00275024 -8.67597 -0.0161961 0.00272614 0.999865 183.937
0.999865 -0.00235977 0.0162316 467.724 0.00236927 0.999997 -0.000566274 -8.70034 -0.0162302 0.000604655 0.999868 184.043
0.999462 -0.0047094 0.0324602 467.949 0.00474741 0.999988 -0.00109401 -8.72472 -0.0324547 0.00124753 0.999472 184.149
0.999776 -0.00321382 0.0209192 468.213 0.00322773 0.999995 -0.000631083 -8.76056 -0.0209171 0.000698464 0.999781 184.265
0.999724 -0.00100823 0.0234837 468.456 0.00105556 0.999997 -0.00200304 -8.7872 -0.0234816 0.00202727 0.999722 184.376
0.999745 -2.07574e-005 0.0225855 468.711 7.43983e-005 0.999997 -0.00237417 -8.81236 -0.0225854 0.00237525 0.999742 184.467
0.999756 -9.83727e-005 0.0221021 468.962 0.000149 0.999997 -0.00228899 -8.83259 -0.0221019 0.00229172 0.999753 184.551
0.999765 -0.00130658 0.0216507 469.231 0.0013445 0.999998 -0.00173731 -8.85935 -0.0216484 0.00176601 0.999764 184.638
0.999787 -0.00305013 0.0204292 469.502 0.00306974 0.999995 -0.000928497 -8.88921 -0.0204263 0.000991011 0.999791 184.722
0.999828 -0.00437781 0.0180254 469.77 0.00438218 0.99999 -0.000203238 -8.91411 -0.0180243 0.000282193 0.999838 184.792
0.999862 -0.00245863 0.0164527 470.045 0.00247083 0.999997 -0.000721265 -8.94444 -0.0164509 0.000761817 0.999864 184.868
0.999903 0.000601453 0.0139245 470.32 -0.000580752 0.999999 -0.00149068 -8.96612 -0.0139254 0.00148245 0.999902 184.946
0.999945 -0.000369379 0.0104639 470.584 0.000378453 1 -0.000865257 -8.9885 -0.0104636 0.00086917 0.999945 185.012
0.999954 -0.00294262 0.00908464 470.85 0.00294247 0.999996 2.98767e-005 -9.01314 -0.00908469 -3.14403e-006 0.999959 185.08
0.999966 -0.00391014 0.00728258 471.095 0.00390684 0.999992 0.000467469 -9.02782 -0.00728435 -0.000439001 0.999973 185.132
0.999998 -0.00171394 0.00134161 471.339 0.00171346 0.999998 0.000358963 -9.03802 -0.00134222 -0.000356663 0.999999 185.181
0.999984 -0.00212133 -0.00527026 471.585 0.00212674 0.999997 0.00102067 -9.06409 0.00526808 -0.00103186 0.999986 185.218
0.999967 -0.00118348 -0.00807022 471.806 0.00119149 0.999999 0.000987902 -9.0807 0.00806904 -0.000997485 0.999967 185.274
0.999938 -0.000790782 -0.0110684 472.012 0.000803191 0.999999 0.00111666 -9.09807 0.0110675 -0.00112549 0.999938 185.348
0.999754 -0.00156906 -0.0221362 472.218 0.00161869 0.999996 0.00222437 -9.11544 0.0221327 -0.00225965 0.999752 185.422
0.999888 0.00471253 -0.0141725 472.398 -0.00471766 0.999989 -0.000328651 -9.12823 0.0141708 0.000395476 0.9999 185.506
0.999883 0.00401751 -0.0147628 472.56 -0.00401874 0.999992 -5.33922e-005 -9.14286 0.0147625 0.000112714 0.999891 185.583
0.999874 0.0020728 -0.0157081 472.725 -0.00206219 0.999998 0.000691182 -9.16217 0.0157095 -0.000658702 0.999876 185.654
0.999883 0.000913273 -0.0152778 472.881 -0.000897102 0.999999 0.00106525 -9.17378 0.0152788 -0.00105142 0.999883 185.738
0.999879 -0.00186011 -0.0154654 473.011 0.00189313 0.999996 0.00212074 -9.19584 0.0154614 -0.00214976 0.999878 185.801
0.999861 -0.0074801 -0.0148721 473.142 0.00754442 0.999962 0.00427335 -9.20764 0.0148396 -0.00438496 0.99988 185.86
0.999854 -0.00179384 -0.0169708 473.262 0.00182992 0.999996 0.00211103 -9.22207 0.016967 -0.00214178 0.999854 185.912
0.999867 0.00180711 -0.0162004 473.366 -0.00179921 0.999998 0.000502393 -9.23007 0.0162013 -0.000473179 0.999869 185.984
0.999848 0.00585023 -0.0164537 473.462 -0.00587233 0.999982 -0.00129474 -9.23728 0.0164458 0.00139116 0.999864 186.058
0.999871 0.00375476 -0.0156221 473.562 -0.00376124 0.999993 -0.000384888 -9.24324 0.0156205 0.000443597 0.999878 186.138
0.999901 0.00193333 -0.0139289 473.645 -0.00192867 0.999998 0.000347892 -9.25016 0.0139295 -0.000320994 0.999903 186.206
0.999906 -0.000298638 -0.0137148 473.728 0.000318712 0.999999 0.00146146 -9.25861 0.0137144 -0.0014657 0.999905 186.261
0.999906 -0.000161385 -0.0136949 473.812 0.000180402 0.999999 0.00138739 -9.2657 0.0136946 -0.00138973 0.999905 186.318
0.999912 -6.34774e-005 -0.0132387 473.891 8.05718e-005 0.999999 0.00129071 -9.26864 0.0132386 -0.00129167 0.999912 186.37
0.999915 -0.00117848 -0.0129514 473.968 0.00120305 0.999997 0.00188959 -9.26907 0.0129492 -0.00190501 0.999914 186.415
0.999938 -0.000908846 -0.0110983 474.036 0.000926224 0.999998 0.00156075 -9.27281 0.0110969 -0.00157094 0.999937 186.464
0.99996 0.00226739 -0.00868466 474.093 -0.00227228 0.999997 -0.000553168 -9.28101 0.00868338 0.00057288 0.999962 186.515
0.999942 0.00514377 -0.00948673 474.136 -0.00516509 0.999984 -0.00222405 -9.29135 0.00947514 0.00227292 0.999953 186.563
0.999904 0.00812271 -0.0112143 474.171 -0.00816682 0.999959 -0.00389281 -9.30205 0.0111823 0.00398402 0.99993 186.617
0.999973 0.0026034 -0.0068929 474.21 -0.0026095 0.999996 -0.000876281 -9.30878 0.00689059 0.000894244 0.999976 186.656
0.999891 0.00520056 -0.0137877 474.249 -0.00522497 0.999985 -0.00173455 -9.31551 0.0137785 0.0018064 0.999903 186.695
0.999982 -0.0037957 -0.00465115 474.289 0.00380996 0.999988 0.00305958 -9.32157 0.00463948 -0.00307725 0.999985 186.733
0.999982 -0.00276153 -0.00528668 474.332 0.00277449 0.999993 0.00244551 -9.32374 0.00527989 -0.00246014 0.999983 186.761
0.999929 -0.00550998 -0.0105799 474.375 0.00556182 0.999973 0.0048763 -9.32591 0.0105528 -0.0049348 0.999932 186.789
0.999975 0.00300992 -0.00642208 474.401 -0.00301869 0.999995 -0.00135611 -9.33025 0.00641797 0.00137546 0.999978 186.823
0.999899 0.00601092 -0.0128479 474.428 -0.00604599 0.999978 -0.00269279 -9.33459 0.0128315 0.0027702 0.999914 186.857
