1 -8.22789e-007 -0.00085052 -0.0332714 -8.22789e-007 0.999998 -0.00193479 -0.0106501 0.00085052 0.00193479 0.999998 0.665833
1 -1.71017e-006 -0.000963462 -0.102903 -1.71017e-006 0.999994 -0.00355004 -0.0155367 0.000963462 0.00355004 0.999993 1.32564
0.99995 -2.10532e-005 -0.00997822 -0.112149 -2.10532e-005 0.999991 -0.00421972 -0.0328396 0.00997822 0.00421972 0.999941 1.99822
0.99995 -2.10532e-005 -0.00997822 -0.121396 -2.10532e-005 0.999991 -0.00421972 -0.0501425 0.00997822 0.00421972 0.999941 2.67081
0.999898 -2.95819e-005 -0.0142756 -0.133611 -2.95819e-005 0.999991 -0.00414417 -0.0592204 0.0142756 0.00414417 0.99989 3.35024
0.999864 -4.49715e-005 -0.0164619 -0.175083 -4.49715e-005 0.999985 -0.00546328 -0.0650193 0.0164619 0.00546328 0.99985 4.03536
0.999772 -6.36651e-005 -0.0213636 -0.205808 -6.36651e-005 0.999982 -0.00595942 -0.0715976 0.0213636 0.00595942 0.999754 4.72791
0.999685 -5.12804e-005 -0.0250781 -0.234869 -5.12804e-005 0.999992 -0.00408901 -0.0811539 0.0250781 0.00408901 0.999677 5.42743
0.999581 -2.70582e-005 -0.0289337 -0.258983 -2.70582e-005 0.999998 -0.00186997 -0.0841108 0.0289337 0.00186997 0.99958 6.13421
0.999524 1.22319e-005 -0.0308623 -0.302385 1.22319e-005 1 0.000792484 -0.0923428 0.0308623 -0.000792484 0.999523 6.84711
0.999451 4.4038e-006 -0.0331204 -0.339722 4.4038e-006 1 0.000265854 -0.0977231 0.0331204 -0.000265854 0.999451 7.56754
0.99946 4.08799e-006 -0.0328653 -0.400878 4.08799e-006 1 0.000248705 -0.103719 0.0328653 -0.000248705 0.99946 8.29356
0.999384 -6.03233e-006 -0.0350844 -0.422721 -6.03233e-006 1 -0.000343769 -0.109606 0.0350844 0.000343769 0.999384 9.02913
0.999272 2.28656e-005 -0.0381511 -0.428644 2.28656e-005 0.999999 0.00119825 -0.124529 0.0381511 -0.00119825 0.999271 9.77222
0.999082 2.55762e-005 -0.0428368 -0.422419 2.55762e-005 0.999999 0.00119358 -0.135149 0.0428368 -0.00119358 0.999081 10.5228
0.999042 -1.80446e-005 -0.0437698 -0.473768 -1.80446e-005 1 -0.000824126 -0.143608 0.0437698 0.000824126 0.999041 11.2792
0.999033 -7.38507e-005 -0.0439698 -0.522124 -7.38507e-005 0.999994 -0.00335752 -0.151688 0.0439698 0.00335752 0.999027 12.0435
0.999019 -0.000106422 -0.0442804 -0.582813 -0.000106422 0.999988 -0.00480433 -0.159233 0.0442804 0.00480433 0.999008 12.8145
0.998941 -8.37714e-005 -0.0460119 -0.615981 -8.37714e-005 0.999993 -0.00363935 -0.17782 0.0460119 0.00363935 0.998934 13.5948
0.99883 -6.52058e-005 -0.0483554 -0.635275 -6.52058e-005 0.999996 -0.00269536 -0.186669 0.0483554 0.00269536 0.998827 14.3835
0.998754 -2.80549e-005 -0.0498952 -0.67991 -2.80549e-005 0.999999 -0.00112385 -0.194941 0.0498952 0.00112385 0.998754 15.1791
0.998706 -2.56661e-005 -0.0508535 -0.699146 -2.56661e-005 0.999999 -0.00100876 -0.209342 0.0508535 0.00100876 0.998706 15.9836
0.998622 -4.44998e-005 -0.0524801 -0.744013 -4.44998e-005 0.999999 -0.0016947 -0.220766 0.0524801 0.0016947 0.998621 16.7951
0.998515 -6.79602e-005 -0.0544834 -0.776251 -6.79602e-005 0.999997 -0.00249286 -0.233259 0.0544834 0.00249286 0.998512 17.6154
0.99849 -4.45677e-005 -0.0549377 -0.824051 -4.45677e-005 0.999999 -0.00162126 -0.238294 0.0549377 0.00162126 0.998488 18.4433
0.998487 5.22866e-005 -0.0549839 -0.973321 5.22866e-005 0.999998 0.00190045 -0.279173 0.0549839 -0.00190045 0.998485 21.1889
0.998402 0.000161316 -0.056513 -1.01702 0.000161316 0.999984 0.00570438 -0.357414 0.056513 -0.00570438 0.998386 23.9375
0.998554 0.000221709 -0.0537637 -1.22114 0.000221709 0.999966 0.00824144 -0.348111 0.0537637 -0.00824144 0.99852 26.6799
0.998765 0.000161 -0.0496889 -1.24856 0.000161 0.999979 0.00647624 -0.357254 0.0496889 -0.00647624 0.998744 27.5717
0.998765 0.000161 -0.0496889 -1.27599 0.000161 0.999979 0.00647624 -0.366396 0.0496889 -0.00647624 0.998744 28.4635
0.998923 3.56754e-005 -0.0463925 -1.35818 3.56754e-005 0.999999 0.00153715 -0.362968 0.0463925 -0.00153715 0.998922 29.3609
0.998996 -3.71412e-005 -0.0448076 -1.40257 -3.71412e-005 0.999999 -0.00165697 -0.365553 0.0448076 0.00165697 0.998994 30.2616
0.999022 -1.25099e-005 -0.0442078 -1.51019 -1.25099e-005 1 -0.000565685 -0.413696 0.0442078 0.000565685 0.999022 33.0091
0.998984 0.000100177 -0.0450647 -1.60871 0.000100177 0.99999 0.00444366 -0.444955 0.0450647 -0.00444366 0.998974 35.7572
0.998985 0.000172206 -0.0450382 -1.74759 0.000172206 0.999971 0.00764311 -0.465476 0.0450382 -0.00764311 0.998956 38.5036
0.998906 0.000157909 -0.046756 -1.82239 0.000157909 0.999977 0.00675084 -0.503778 0.046756 -0.00675084 0.998884 41.2523
0.998835 6.7142e-005 -0.0482594 -1.94678 6.7142e-005 0.999996 0.00278092 -0.516247 0.0482594 -0.00278092 0.998831 43.9994
0.99873 -1.93395e-005 -0.0503889 -2.06578 -1.93395e-005 1 -0.000767122 -0.547888 0.0503889 0.000767122 0.998729 46.7467
0.998623 -4.09907e-005 -0.0524679 -2.21553 -4.09907e-005 0.999999 -0.00156143 -0.569832 0.0524679 0.00156143 0.998621 49.4925
0.998594 -1.25352e-005 -0.0530074 -2.45222 -1.25352e-005 1 -0.000472627 -0.568295 0.0530074 0.000472627 0.998594 52.2323
0.998523 7.29233e-005 -0.0543276 -2.58715 7.29233e-005 0.999996 0.00268259 -0.614458 0.0543276 -0.00268259 0.99852 54.9786
0.998537 0.000115365 -0.0540739 -2.78913 0.000115365 0.999991 0.0042638 -0.649999 0.0540739 -0.0042638 0.998528 57.721
0.998512 0.000182414 -0.0545309 -2.96427 0.000182414 0.999978 0.00668524 -0.656576 0.0545309 -0.00668524 0.99849 60.4654
0.998525 0.000255954 -0.0542945 -3.11697 0.000255954 0.999956 0.00942121 -0.65953 0.0542945 -0.00942121 0.998481 63.2111
0.998414 0.000331455 -0.0563007 -3.25844 0.000331455 0.999931 0.0117647 -0.655491 0.0563007 -0.0117647 0.998345 65.9575
0.998568 0.000315277 -0.0534904 -3.56763 0.000315277 0.999931 0.0117793 -0.671526 0.0534904 -0.0117793 0.998499 68.69
0.998548 0.000219392 -0.0538719 -3.63018 0.000219392 0.999967 0.0081389 -0.67591 0.0538719 -0.0081389 0.998515 69.7455
0.998548 0.000219392 -0.0538719 -3.69272 0.000219392 0.999967 0.0081389 -0.680295 0.0538719 -0.0081389 0.998515 70.8009
0.998415 0.000225883 -0.0562779 -3.82036 0.000225883 0.999968 0.00802094 -0.687208 0.0562779 -0.00802094 0.998383 73.5479
0.998204 0.000268666 -0.0599138 -3.87537 0.000268666 0.99996 0.00896019 -0.697648 0.0599138 -0.00896019 0.998163 76.2974
0.998054 0.000318099 -0.0623557 -4.01233 0.000318099 0.999948 0.0101925 -0.725406 0.0623557 -0.0101925 0.998002 79.0438
0.998051 0.000208619 -0.0624054 -4.2363 0.000208619 0.999978 0.00667934 -0.739584 0.0624054 -0.00667934 0.998029 81.7846
0.998046 7.51543e-005 -0.0624885 -4.48811 7.51543e-005 0.999997 0.00240303 -0.717039 0.0624885 -0.00240303 0.998043 84.523
0.998029 3.9685e-005 -0.0627569 -4.67276 3.9685e-005 0.999999 0.00126347 -0.739262 0.0627569 -0.00126347 0.998028 87.2667
0.99795 0.000151631 -0.063996 -4.78792 0.000151631 0.999989 0.00473387 -0.773016 0.063996 -0.00473387 0.997939 90.0141
0.997961 0.000248464 -0.063824 -4.98722 0.000248464 0.99997 0.00777784 -0.802404 0.063824 -0.00777784 0.997931 92.7567
0.997925 0.000274974 -0.0643855 -5.15622 0.000274974 0.999964 0.00853247 -0.82638 0.0643855 -0.00853247 0.997889 95.5014
0.997929 0.000246426 -0.0643318 -5.33564 0.000246426 0.999971 0.00765304 -0.869165 0.0643318 -0.00765304 0.997899 98.2452
0.997947 0.00019072 -0.0640505 -5.53312 0.00019072 0.999982 0.00594912 -0.889845 0.0640505 -0.00594912 0.997929 100.988
0.997999 0.000205235 -0.063224 -5.78511 0.000205235 0.999979 0.00648574 -0.889882 0.063224 -0.00648574 0.997978 103.726
0.998042 0.000310071 -0.0625391 -6.05432 0.000310071 0.999951 0.00990613 -0.891167 0.0625391 -0.00990613 0.997993 106.463
0.997951 0.000457619 -0.0639738 -6.18231 0.000457619 0.999898 0.0142911 -0.89558 0.0639738 -0.0142911 0.997849 109.21
0.997824 0.000533005 -0.0659277 -6.33607 0.000533005 0.999869 0.0161507 -0.889337 0.0659277 -0.0161507 0.997694 111.956
0.99776 0.00040909 -0.0668918 -6.56248 0.00040909 0.999925 0.0122172 -0.900441 0.0668918 -0.0122172 0.997685 114.697
0.997673 0.000169886 -0.068185 -6.76428 0.000169886 0.999988 0.00497726 -0.924486 0.068185 -0.00497726 0.99766 117.439
0.997619 1.63604e-005 -0.0689658 -6.9669 1.63604e-005 1 0.000473885 -0.969942 0.0689658 -0.000473885 0.997619 120.181
0.997546 5.48282e-005 -0.070016 -7.17717 5.48282e-005 0.999999 0.00156424 -0.981223 0.070016 -0.00156424 0.997545 122.923
0.99747 0.000150164 -0.0710875 -7.39588 0.000150164 0.999991 0.00421939 -1.02518 0.0710875 -0.00421939 0.997461 125.664
0.997337 0.000204519 -0.0729288 -7.56353 0.000204519 0.999984 0.00560121 -1.0621 0.0729288 -0.00560121 0.997321 128.409
0.997264 0.000211741 -0.0739212 -7.81242 0.000211741 0.999984 0.00572095 -1.09092 0.0739212 -0.00572095 0.997248 131.147
0.997057 0.000278732 -0.076662 -8.07695 0.000278732 0.999974 0.00726091 -1.16034 0.076662 -0.00726091 0.997031 133.884
0.99687 0.000301291 -0.0790591 -8.26986 0.000301291 0.999971 0.00760988 -1.18088 0.0790591 -0.00760988 0.996841 136.627
0.996755 0.000330609 -0.0804995 -8.50206 0.000330609 0.999966 0.00820048 -1.21654 0.0804995 -0.00820048 0.996721 139.367
0.996714 0.000365894 -0.0809991 -8.77208 0.000365894 0.999959 0.00901948 -1.2301 0.0809991 -0.00901948 0.996673 142.103
0.996578 0.000497861 -0.0826572 -8.99952 0.000497861 0.999928 0.0120254 -1.24639 0.0826572 -0.0120254 0.996505 144.844
0.996642 0.000654121 -0.0818833 -9.32828 0.000654121 0.999873 0.0159491 -1.24079 0.0818833 -0.0159491 0.996514 147.574
0.996533 0.000734016 -0.0831948 -9.62815 0.000734016 0.999845 0.0176138 -1.21401 0.0831948 -0.0176138 0.996378 150.308
0.996739 0.000544965 -0.0806908 -10.1214 0.000544965 0.999909 0.0134848 -1.20884 0.0806908 -0.0134848 0.996648 153.013
0.996498 2.20949e-005 -0.0836156 -10.1799 2.20949e-005 1 0.000527563 -1.21826 0.0836156 -0.000527563 0.996498 153.773
0.996498 2.20949e-005 -0.0836156 -10.2384 2.20949e-005 1 0.000527563 -1.22769 0.0836156 -0.000527563 0.996498 154.532
0.996189 3.13363e-005 -0.0872251 -10.2308 3.13363e-005 1 0.000717147 -1.33566 0.0872251 -0.000717147 0.996188 157.28
0.996005 0.00026641 -0.0892959 -10.304 0.00026641 0.999982 0.00595493 -1.33918 0.0892959 -0.00595493 0.995987 157.972
0.996005 0.00026641 -0.0892959 -10.3771 0.00026641 0.999982 0.00595493 -1.34269 0.0892959 -0.00595493 0.995987 158.664
0.995975 0.000116679 -0.0896359 -10.6559 0.000116679 0.999997 0.00259816 -1.39566 0.0896359 -0.00259816 0.995971 161.399
0.996044 -0.000359673 -0.0888599 -10.6937 -0.000359673 0.999967 -0.00807914 -1.40943 0.0888599 0.00807914 0.996011 162
0.996044 -0.000359673 -0.0888599 -10.7316 -0.000359673 0.999967 -0.00807914 -1.4232 0.0888599 0.00807914 0.996011 162.601
0.99624 -0.000358015 -0.0866409 -10.935 -0.000358015 0.999966 -0.00824866 -1.46459 0.0866409 0.00824866 0.996205 165.343
0.99645 -0.00019517 -0.084183 -11.1101 -0.00019517 0.999989 -0.00462854 -1.55142 0.084183 0.00462854 0.99644 168.086
0.996953 -0.000103773 -0.0780025 -11.443 -0.000103773 0.999996 -0.0026567 -1.51975 0.0780025 0.0026567 0.99695 170.816
0.997503 4.52381e-005 -0.0706267 -11.7802 4.52381e-005 0.999999 0.00127945 -1.57054 0.0706267 -0.00127945 0.997502 173.545
0.998058 0.000142876 -0.0622891 -11.9226 0.000142876 0.999989 0.00458303 -1.64074 0.0622891 -0.00458303 0.998048 176.29
0.999339 7.9548e-005 -0.0363623 -11.9468 7.9548e-005 0.99999 0.00437383 -1.64617 0.0363623 -0.00437383 0.999329 176.79
0.999339 7.9548e-005 -0.0363623 -11.9711 7.9548e-005 0.99999 0.00437383 -1.6516 0.0363623 -0.00437383 0.999329 177.29
0.999843 4.61073e-005 -0.0177051 -11.9857 4.61073e-005 0.999986 0.00520791 -1.65678 0.0177051 -0.00520791 0.99983 177.796
0.999989 -1.46356e-005 0.00478609 -11.9767 -1.46356e-005 0.999981 0.00611579 -1.66058 -0.00478609 -0.00611579 0.99997 178.3
0.999521 -0.000117145 0.0309343 -11.7857 -0.000117145 0.999971 0.00757185 -1.71159 -0.0309343 -0.00757185 0.999493 181.043
0.998161 -0.000289318 0.0606199 -11.5329 -0.000289318 0.999954 0.0095363 -1.74408 -0.0606199 -0.0095363 0.998115 183.781
0.99567 -0.000536921 0.0929569 -11.1122 -0.000536921 0.999933 0.0115266 -1.78906 -0.0929569 -0.0115266 0.995603 186.499
0.991446 -0.000819985 0.130513 -10.6274 -0.000819985 0.999921 0.0125113 -1.82203 -0.130513 -0.0125113 0.991368 189.205
0.984866 -0.00109866 0.173314 -10.1306 -0.00109866 0.99992 0.0125818 -1.81898 -0.173314 -0.0125818 0.984786 191.91
0.975709 -0.00141443 0.219065 -9.44996 -0.00141443 0.999918 0.0127559 -1.83106 -0.219065 -0.0127559 0.975627 194.574
0.963649 -0.00148037 0.267168 -8.45257 -0.00148037 0.99994 0.0108802 -1.86762 -0.267168 -0.0108802 0.963589 197.137
0.947461 -0.00144409 0.319869 -7.37726 -0.00144409 0.99996 0.00879192 -1.91474 -0.319869 -0.00879192 0.947421 199.668
0.926969 -0.00138918 0.375136 -6.14701 -0.00138918 0.999974 0.00713571 -1.92071 -0.375136 -0.00713571 0.926942 202.127
0.902494 -0.00131422 0.4307 -4.67219 -0.00131422 0.999982 0.00580513 -1.89654 -0.4307 -0.00580513 0.902477 204.448
0.873549 -0.00133338 0.486734 -3.00799 -0.00133338 0.999986 0.00513246 -1.89713 -0.486734 -0.00513246 0.873535 206.637
0.839646 -0.00165757 0.543132 -1.2686 -0.00165757 0.999983 0.00561431 -1.93037 -0.543132 -0.00561431 0.839629 208.767
0.802098 -0.00178938 0.597189 0.586602 -0.00178938 0.999984 0.00539966 -1.98234 -0.597189 -0.00539966 0.802082 210.796
0.761471 -0.00236074 0.648194 2.55616 -0.00236074 0.999977 0.00641524 -1.99906 -0.648194 -0.00641524 0.761448 212.715
0.718689 -0.00289144 0.695326 4.68791 -0.00289144 0.99997 0.00714687 -1.97649 -0.695326 -0.00714687 0.718659 214.453
0.673412 -0.00368243 0.739258 6.93323 -0.00368243 0.999958 0.00833548 -1.99213 -0.739258 -0.00833548 0.673371 216.04
0.626226 -0.00462537 0.779628 9.24952 -0.00462537 0.999943 0.00964772 -1.97769 -0.779628 -0.00964772 0.626169 217.523
0.578836 -0.006791 0.815415 11.6635 -0.006791 0.99989 0.0131481 -2.05131 -0.815415 -0.0131481 0.578727 218.838
0.532068 -0.00637166 0.846678 14.1359 -0.00637166 0.999913 0.0115289 -2.07538 -0.846678 -0.0115289 0.531981 220.042
0.485185 -0.00522066 0.874396 16.6592 -0.00522066 0.999947 0.00886712 -2.12702 -0.874396 -0.00886712 0.485132 221.134
0.440487 -0.00510583 0.897744 19.2509 -0.00510583 0.999953 0.00819236 -2.17595 -0.897744 -0.00819236 0.440441 222.052
0.397836 -0.0092935 0.917409 21.8736 -0.0092935 0.999857 0.0141588 -2.16509 -0.917409 -0.0141588 0.397693 222.879
0.358894 -0.0199066 0.933166 24.5486 -0.0199066 0.999382 0.0289752 -2.11555 -0.933166 -0.0289752 0.358276 223.515
0.322724 -0.0228573 0.946217 27.1995 -0.0228573 0.999229 0.0319338 -2.01813 -0.946217 -0.0319338 0.321952 224.24
0.290338 -0.0214686 0.956683 29.886 -0.0214686 0.999351 0.0289414 -2.02999 -0.956683 -0.0289414 0.289689 224.827
0.259068 -0.0132608 0.965768 32.5465 -0.0132608 0.999763 0.0172848 -2.00826 -0.965768 -0.0172848 0.258831 225.523
0.231148 -0.00944959 0.972873 35.2467 -0.00944959 0.999884 0.0119571 -2.04608 -0.972873 -0.0119571 0.231032 226.042
0.205793 -0.0099981 0.978545 37.9681 -0.0099981 0.999874 0.0123187 -2.08464 -0.978545 -0.0123187 0.205667 226.437
0.181921 -0.014334 0.983209 40.69 -0.014334 0.999749 0.0172273 -2.09704 -0.983209 -0.0172273 0.18167 226.828
0.162337 -0.0194956 0.986543 43.4278 -0.0194956 0.999546 0.0229606 -2.01437 -0.986543 -0.0229606 0.161884 227.073
0.143289 -0.0210096 0.989458 46.162 -0.0210096 0.999485 0.024265 -1.9031 -0.989458 -0.024265 0.142774 227.346
0.125604 -0.0188448 0.991901 48.8909 -0.0188448 0.999594 0.0213772 -1.82668 -0.991901 -0.0213772 0.125198 227.677
0.110123 -0.0180951 0.993753 51.6264 -0.0180951 0.999632 0.0202074 -1.81176 -0.993753 -0.0202074 0.109755 227.959
0.095548 -0.0181769 0.995259 54.368 -0.0181769 0.999635 0.0200019 -1.79142 -0.995259 -0.0200019 0.0951827 228.173
0.0823735 -0.0203455 0.996394 57.1151 -0.0203455 0.999549 0.0220919 -1.78517 -0.996394 -0.0220919 0.0819224 228.298
0.0706028 -0.0233352 0.997232 59.861 -0.0233352 0.999414 0.0250384 -1.76881 -0.997232 -0.0250384 0.0700169 228.447
0.0606731 -0.0261544 0.997815 62.6095 -0.0261544 0.999272 0.0277829 -1.72812 -0.997815 -0.0277829 0.0599449 228.529
0.052212 -0.0276763 0.998252 65.3553 -0.0276763 0.999192 0.0291499 -1.68315 -0.998252 -0.0291499 0.0514038 228.674
0.0444339 -0.0294956 0.998577 68.0972 -0.0294956 0.99909 0.0308232 -1.605 -0.998577 -0.0308232 0.0435235 228.87
0.0381826 -0.029056 0.998848 70.843 -0.029056 0.999122 0.0301747 -1.52055 -0.998848 -0.0301747 0.0373049 228.997
0.0333689 -0.0297615 0.999 73.5917 -0.0297615 0.999084 0.0307581 -1.4451 -0.999 -0.0307581 0.0324526 229.035
0.0271893 -0.0287876 0.999216 76.3362 -0.0287876 0.999148 0.0295689 -1.39406 -0.999216 -0.0295689 0.0263374 229.2
0.0237683 -0.0294508 0.999284 79.0842 -0.0294508 0.999112 0.0301462 -1.32262 -0.999284 -0.0301462 0.0228799 229.278
0.020329 -0.0291475 0.999368 81.8323 -0.0291475 0.999133 0.0297336 -1.25275 -0.999368 -0.0297336 0.0194618 229.351
0.0177983 -0.03793 0.999122 84.5819 -0.03793 0.998535 0.0385834 -1.20683 -0.999122 -0.0385834 0.0163335 229.333
0.0188589 -0.0424859 0.998919 87.3286 -0.0424859 0.99816 0.0432557 -1.08083 -0.998919 -0.0432557 0.0170191 229.284
0.01997 -0.0437758 0.998842 90.0758 -0.0437758 0.998045 0.0446161 -0.96705 -0.998842 -0.0446161 0.0180146 229.332
0.0223768 -0.0437716 0.998791 92.8221 -0.0437716 0.99804 0.0447194 -0.848173 -0.998791 -0.0447194 0.020417 229.412
0.0278634 -0.047941 0.998461 95.5701 -0.047941 0.997636 0.0492392 -0.743364 -0.998461 -0.0492392 0.0254992 229.419
0.0340863 -0.0499564 0.99817 98.3161 -0.0499564 0.997416 0.0516247 -0.595271 -0.99817 -0.0516247 0.0315025 229.422
0.037961 -0.0499974 0.998028 101.06 -0.0499974 0.997402 0.0518677 -0.461673 -0.998028 -0.0518677 0.0353626 229.545
0.0402354 -0.048783 0.997999 103.8 -0.048783 0.99752 0.0507263 -0.312794 -0.997999 -0.0507263 0.0377559 229.722
0.0440959 -0.046275 0.997955 106.544 -0.046275 0.99776 0.0483106 -0.187516 -0.997955 -0.0483106 0.0418558 229.858
0.0477978 -0.0452345 0.997832 109.287 -0.0452345 0.997851 0.0474022 -0.0601209 -0.997832 -0.0474022 0.0456489 230.016
0.0518154 -0.0410499 0.997813 112.029 -0.0410499 0.998223 0.0431985 0.0284789 -0.997813 -0.0431985 0.0500382 230.197
0.0556616 -0.0377257 0.997737 114.774 -0.0377257 0.998493 0.0398589 0.0779118 -0.997737 -0.0398589 0.0541544 230.356
0.0566883 -0.0315986 0.997892 117.516 -0.0315986 0.998942 0.0334269 0.17368 -0.997892 -0.0334269 0.0556298 230.55
0.056475 -0.0294448 0.99797 120.258 -0.0294448 0.999081 0.0311439 0.268341 -0.99797 -0.0311439 0.0555561 230.733
0.0541248 -0.0269304 0.998171 122.991 -0.0269304 0.999233 0.0284194 0.324238 -0.998171 -0.0284194 0.0533581 231.028
0.0554074 -0.0256293 0.998135 125.738 -0.0256293 0.999305 0.027082 0.364081 -0.998135 -0.027082 0.054712 231.155
0.0545817 -0.0258521 0.998175 128.481 -0.0258521 0.999293 0.0272947 0.410447 -0.998175 -0.0272947 0.0538748 231.344
0.054086 -0.0231438 0.998268 131.22 -0.0231438 0.999434 0.0244247 0.4628 -0.998268 -0.0244247 0.0535197 231.593
0.0537794 -0.0219684 0.998311 133.963 -0.0219684 0.99949 0.0231778 0.474897 -0.998311 -0.0231778 0.0532694 231.786
0.0537561 -0.0180218 0.998391 136.706 -0.0180218 0.999657 0.019015 0.497089 -0.998391 -0.019015 0.0534128 231.972
0.0508098 -0.0100604 0.998658 139.44 -0.0100604 0.999893 0.0105847 0.472807 -0.998658 -0.0105847 0.0507031 232.274
0.0481509 -0.00979495 0.998792 142.188 -0.00979495 0.999899 0.010278 0.487528 -0.998792 -0.010278 0.0480501 232.377
0.0422497 -0.00785529 0.999076 144.932 -0.00785529 0.999936 0.00819423 0.511813 -0.999076 -0.00819423 0.0421853 232.556
0.0359819 -0.00390688 0.999345 147.675 -0.00390688 0.999984 0.00405005 0.51763 -0.999345 -0.00405005 0.035966 232.749
0.0293135 0.000305087 0.99957 150.422 0.000305087 1 -0.000314165 0.465473 -0.99957 0.000314165 0.0293134 232.859
0.021754 -0.000759936 0.999763 153.171 -0.000759936 0.999999 0.000776652 0.428426 -0.999763 -0.000776652 0.0217534 232.918
0.0136731 -0.00039568 0.999906 155.921 -0.00039568 1 0.000401127 0.366378 -0.999906 -0.000401127 0.0136729 232.904
0.00311453 0.000296921 0.999995 158.67 0.000296921 1 -0.000297847 0.365627 -0.999995 0.000297847 0.00311444 232.973
-0.00768226 -0.000458175 0.99997 161.419 -0.000458175 1 0.000454668 0.333267 -0.99997 -0.000454668 -0.00768247 232.996
-0.0182386 0.00201044 0.999832 164.167 0.00201044 0.999996 -0.00197409 0.261185 -0.999832 0.00197409 -0.0182426 232.912
-0.0293463 0.000607674 0.999569 166.915 0.000607674 1 -0.000590095 0.214743 -0.999569 0.000590095 -0.0293467 232.82
-0.0406197 0.000929883 0.999174 169.663 0.000929883 0.999999 -0.000892848 0.177412 -0.999174 0.000892848 -0.0406206 232.717
-0.0516698 0.000905725 0.998664 172.408 0.000905725 0.999999 -0.000860075 0.133317 -0.998664 0.000860075 -0.0516706 232.563
-0.0624358 0.00175674 0.998047 175.153 0.00175674 0.999997 -0.00165027 0.090438 -0.998047 0.00165027 -0.0624387 232.401
-0.0728739 0.0012658 0.99734 177.895 0.0012658 0.999999 -0.00117669 0.0444693 -0.99734 0.00117669 -0.0728754 232.188
-0.082758 0.000440402 0.99657 180.637 0.000440402 1 -0.000405346 0.0132541 -0.99657 0.000405346 -0.0827582 231.99
-0.0922092 0.000397206 0.99574 183.373 0.000397206 1 -0.000362123 -0.0320895 -0.99574 0.000362123 -0.0922094 231.708
-0.101922 -0.000357575 0.994792 186.109 -0.000357575 1 0.000322811 -0.0617749 -0.994792 -0.000322811 -0.101922 231.441
-0.111061 -0.0015999 0.993812 188.848 -0.0015999 0.999998 0.00143107 -0.0701021 -0.993812 -0.00143107 -0.111063 231.191
-0.123874 -0.00518619 0.992284 189.608 -0.00518619 0.999976 0.00457896 -0.0821263 -0.992284 -0.00457896 -0.123898 231.098
-0.123874 -0.00518619 0.992284 190.369 -0.00518619 0.999976 0.00457896 -0.0941504 -0.992284 -0.00457896 -0.123898 231.005
-0.123568 -0.0192199 0.99215 191.117 -0.0192199 0.999671 0.0169719 -0.0589755 -0.99215 -0.0169719 -0.123896 230.873
-0.126188 -0.0199789 0.991805 193.843 -0.0199789 0.999646 0.0175949 -0.0772714 -0.991805 -0.0175949 -0.126543 230.51
-0.128401 -0.0204511 0.991511 196.574 -0.0204511 0.999629 0.0179701 -0.0698366 -0.991511 -0.0179701 -0.128772 230.191
-0.130376 -0.021074 0.991241 199.308 -0.021074 0.999607 0.01848 -0.0717376 -0.991241 -0.01848 -0.130769 229.889
-0.123284 -0.0247207 0.992063 200.043 -0.0247207 0.999456 0.0218328 -0.075445 -0.992063 -0.0218328 -0.123828 229.769
-0.123284 -0.0247207 0.992063 200.779 -0.0247207 0.999456 0.0218328 -0.0791523 -0.992063 -0.0218328 -0.123828 229.649
-0.115983 -0.0265396 0.992897 203.499 -0.0265396 0.999369 0.0236124 -0.117153 -0.992897 -0.0236124 -0.116614 229.244
-0.107099 -0.0266427 0.993891 206.231 -0.0266427 0.999359 0.0239184 -0.0974566 -0.993891 -0.0239184 -0.10774 228.936
-0.0958415 -0.0260871 0.995055 208.971 -0.0260871 0.999379 0.0236878 -0.0825133 -0.995055 -0.0236878 -0.0964625 228.701
-0.082517 -0.0246196 0.996286 211.718 -0.0246196 0.99944 0.0226584 -0.119322 -0.996286 -0.0226584 -0.0830769 228.561
-0.0649947 -0.0238339 0.997601 214.464 -0.0238339 0.999467 0.0223256 -0.107319 -0.997601 -0.0223256 -0.0655281 228.43
-0.0439471 -0.021677 0.998799 217.214 -0.021677 0.99955 0.0207395 -0.136454 -0.998799 -0.0207395 -0.0443972 228.414
-0.0187797 -0.0199071 0.999625 219.964 -0.0199071 0.999611 0.0195328 -0.147794 -0.999625 -0.0195328 -0.0191687 228.403
0.00964101 -0.0167074 0.999814 222.712 -0.0167074 0.999718 0.0168669 -0.122988 -0.999814 -0.0168669 0.00935915 228.501
0.0424997 -0.0151003 0.998982 225.451 -0.0151003 0.999762 0.0157545 -0.109086 -0.998982 -0.0157545 0.0422615 228.745
0.0803471 -0.0148821 0.996656 228.181 -0.0148821 0.999759 0.0161282 -0.095002 -0.996656 -0.0161282 0.0801063 229.079
0.122409 -0.0137278 0.992385 230.888 -0.0137278 0.999785 0.0155235 -0.0604777 -0.992385 -0.0155235 0.122195 229.564
0.167218 -0.0117808 0.985849 233.564 -0.0117808 0.999833 0.0139462 -0.0663506 -0.985849 -0.0139462 0.167052 230.194
0.21495 -0.00790362 0.976593 236.193 -0.00790362 0.99992 0.00983201 -0.0688857 -0.976593 -0.00983201 0.214871 231.003
0.266959 -0.00618593 0.963688 238.795 -0.00618593 0.999948 0.0081323 -0.0616915 -0.963688 -0.0081323 0.266907 231.894
0.320638 4.71781e-005 0.947202 241.254 4.71781e-005 1 -6.57781e-005 -0.0511381 -0.947202 6.57781e-005 0.320638 233.124
0.457432 -0.00696956 0.889217 241.785 -0.00696956 0.99991 0.0114224 -0.0382793 -0.889217 -0.0114224 0.457342 233.2
0.457432 -0.00696956 0.889217 242.317 -0.00696956 0.99991 0.0114224 -0.0254204 -0.889217 -0.0114224 0.457342 233.277
0.58467 -0.00914008 0.81122 242.761 -0.00914008 0.999799 0.0178523 0.0287422 -0.81122 -0.0178523 0.584469 233.515
0.58467 -0.00914008 0.81122 243.206 -0.00914008 0.999799 0.0178523 0.0829049 -0.81122 -0.0178523 0.584469 233.753
0.640077 -0.00780546 0.768271 245.171 -0.00780546 0.999831 0.0166611 0.124825 -0.768271 -0.0166611 0.639908 235.676
0.691879 -0.00750309 0.721974 247.029 -0.00750309 0.999817 0.0175809 0.168198 -0.721974 -0.0175809 0.691696 237.703
0.739033 -0.00754025 0.673627 248.666 -0.00754025 0.999782 0.0194634 0.211527 -0.673627 -0.0194634 0.738815 239.912
0.782743 -0.00842277 0.622288 250.155 -0.00842277 0.999673 0.0241253 0.21099 -0.622288 -0.0241253 0.782416 242.224
0.822369 -0.00896107 0.568884 251.443 -0.00896107 0.999548 0.0286989 0.288746 -0.568884 -0.0286989 0.821917 244.653
0.85785 -0.00929638 0.513815 252.661 -0.00929638 0.999392 0.0336028 0.333887 -0.513815 -0.0336028 0.857242 247.118
0.887523 -0.00936394 0.460669 253.62 -0.00936394 0.99922 0.0383515 0.379697 -0.460669 -0.0383515 0.886743 249.695
0.912362 -0.00907371 0.409283 254.581 -0.00907371 0.999061 0.0423758 0.435499 -0.409283 -0.0423758 0.911423 252.271
0.931682 -0.00829137 0.36318 255.381 -0.00829137 0.998994 0.0440771 0.489374 -0.36318 -0.0440771 0.930676 254.901
0.946184 -0.00715431 0.32355 256.032 -0.00715431 0.999049 0.0430128 0.569365 -0.32355 -0.0430128 0.945233 257.572
0.957432 -0.00588279 0.2886 256.634 -0.00588279 0.999187 0.0398836 0.681758 -0.2886 -0.0398836 0.956619 260.253
0.966185 -0.00509829 0.2578 257.173 -0.00509829 0.999231 0.0388684 0.768309 -0.2578 -0.0388684 0.965416 262.948
0.971758 -0.00474703 0.235932 257.712 -0.00474703 0.999202 0.0396564 0.83493 -0.235932 -0.0396564 0.97096 265.644
0.975405 -0.00453405 0.220375 258.253 -0.00453405 0.999164 0.0406252 0.893954 -0.220375 -0.0406252 0.974569 268.34
0.978087 -0.00408682 0.208156 258.693 -0.00408682 0.999238 0.0388217 1.02148 -0.208156 -0.0388217 0.977325 271.051
0.980014 -0.00376098 0.198892 259.182 -0.00376098 0.999292 0.0374281 1.14795 -0.198892 -0.0374281 0.979307 273.754
0.981369 -0.00334846 0.192101 259.706 -0.00334846 0.999398 0.0345261 1.26997 -0.192101 -0.0345261 0.980768 276.451
0.981867 -0.00291676 0.189547 260.103 -0.00291676 0.999531 0.0304898 1.31399 -0.189547 -0.0304898 0.981398 279.172
0.981948 -0.0026673 0.189133 260.59 -0.0026673 0.999606 0.0279455 1.34194 -0.189133 -0.0279455 0.981554 281.878
0.981583 -0.00238892 0.191019 261.13 -0.00238892 0.99969 0.0247782 1.39583 -0.191019 -0.0247782 0.981274 284.574
0.980978 -0.00183811 0.194108 261.762 -0.00183811 0.999822 0.0187572 1.49331 -0.194108 -0.0187572 0.980801 287.249
0.979746 -0.00133376 0.200241 262.193 -0.00133376 0.999912 0.0131861 1.5971 -0.200241 -0.0131861 0.979658 289.963
0.97764 -0.00170658 0.21028 262.287 -0.00170658 0.99987 0.0160489 1.59964 -0.21028 -0.0160489 0.977509 290.442
0.97764 -0.00170658 0.21028 262.382 -0.00170658 0.99987 0.0160489 1.60219 -0.21028 -0.0160489 0.977509 290.92
0.97644 -0.00226979 0.215779 262.475 -0.00226979 0.999781 0.020788 1.60671 -0.215779 -0.020788 0.976221 291.404
0.975693 -0.00306055 0.219119 262.587 -0.00306055 0.999615 0.0275902 1.60894 -0.219119 -0.0275902 0.975308 291.889
0.974734 -0.00372715 0.223339 262.694 -0.00372715 0.99945 0.0329458 1.6143 -0.223339 -0.0329458 0.974184 292.38
0.974588 -0.00398203 0.223972 262.826 -0.00398203 0.999376 0.0350954 1.62575 -0.223972 -0.0350954 0.973964 292.87
0.974595 -0.0030386 0.223953 262.979 -0.0030386 0.999637 0.0267865 1.63883 -0.223953 -0.0267865 0.974232 293.529
0.974595 -0.0030386 0.223953 263.132 -0.0030386 0.999637 0.0267865 1.65191 -0.223953 -0.0267865 0.974232 294.188
0.975133 -0.00230499 0.221609 263.294 -0.00230499 0.999786 0.0205414 1.66427 -0.221609 -0.0205414 0.974919 294.844
0.975551 -0.00175713 0.219765 263.82 -0.00175713 0.999874 0.0157945 1.7273 -0.219765 -0.0157945 0.975425 297.543
0.976041 -0.00220559 0.217576 264.391 -0.00220559 0.999797 0.0200292 1.7813 -0.217576 -0.0200292 0.975838 300.232
0.976353 -0.00303106 0.216163 264.986 -0.00303106 0.999611 0.0277073 1.84406 -0.216163 -0.0277073 0.975964 302.917
0.977042 -0.00349968 0.213017 265.594 -0.00349968 0.999467 0.0324723 1.90524 -0.213017 -0.0324723 0.976509 305.598
0.97781 -0.00338658 0.209464 266.235 -0.00338658 0.999483 0.0319685 1.93586 -0.209464 -0.0319685 0.977294 308.272
0.97832 -0.0027723 0.207079 266.77 -0.0027723 0.999645 0.0264804 1.99983 -0.207079 -0.0264804 0.977966 310.968
0.979367 -0.00222753 0.202076 267.35 -0.00222753 0.99976 0.0218165 2.04511 -0.202076 -0.0218165 0.979127 313.656
0.980139 -0.00188756 0.1983 267.884 -0.00188756 0.999821 0.0188466 2.10259 -0.1983 -0.0188466 0.97996 316.353
0.980982 -0.00207349 0.194088 268.454 -0.00207349 0.999774 0.0211609 2.13585 -0.194088 -0.0211609 0.980756 319.043
0.981524 -0.00225952 0.191327 268.958 -0.00225952 0.999724 0.023398 2.17476 -0.191327 -0.023398 0.981247 321.747
0.98165 -0.00247495 0.190673 269.427 -0.00247495 0.999666 0.0257177 2.21148 -0.190673 -0.0257177 0.981317 324.456
0.982153 -0.00274984 0.188062 270.01 -0.00274984 0.999576 0.0289768 2.24443 -0.188062 -0.0289768 0.98173 327.143
0.982268 -0.00292609 0.187461 270.529 -0.00292609 0.999517 0.0309338 2.31437 -0.187461 -0.0309338 0.981785 329.843
0.983016 -0.00312068 0.183491 271.178 -0.00312068 0.999427 0.0337159 2.32085 -0.183491 -0.0337159 0.982443 332.515
0.982689 -0.00245793 0.185248 271.318 -0.00245793 0.999651 0.0263023 2.34295 -0.185248 -0.0263023 0.98234 333.353
0.982689 -0.00245793 0.185248 271.459 -0.00245793 0.999651 0.0263023 2.36505 -0.185248 -0.0263023 0.98234 334.19
0.982312 -0.00214718 0.187238 271.891 -0.00214718 0.999739 0.0227295 2.43557 -0.187238 -0.0227295 0.982052 336.905
0.981852 -0.00216267 0.189638 272.401 -0.00216267 0.999742 0.0225985 2.46242 -0.189638 -0.0225985 0.981594 339.607
0.981055 -0.00220526 0.193719 272.857 -0.00220526 0.999743 0.022549 2.53972 -0.193719 -0.022549 0.980798 342.318
0.981141 -0.00216066 0.193279 273.52 -0.00216066 0.999752 0.0221443 2.5637 -0.193279 -0.0221443 0.980894 344.987
0.980539 -0.0022296 0.19631 273.695 -0.0022296 0.999745 0.0224912 2.57078 -0.19631 -0.0224912 0.980284 345.858
0.980539 -0.0022296 0.19631 273.871 -0.0022296 0.999745 0.0224912 2.57786 -0.19631 -0.0224912 0.980284 346.729
0.980463 -0.00221059 0.196691 274.039 -0.00221059 0.99975 0.0222555 2.59669 -0.196691 -0.0222555 0.980213 347.597
0.98005 -0.00220756 0.19874 274.554 -0.00220756 0.999756 0.0219912 2.63595 -0.19874 -0.0219912 0.979805 350.298
0.979563 -0.0024098 0.201123 275.078 -0.0024098 0.999716 0.0237152 2.69843 -0.201123 -0.0237152 0.979279 352.997
0.979493 -0.00298559 0.201454 275.642 -0.00298559 0.999565 0.02933 2.72756 -0.201454 -0.02933 0.979059 355.688
0.979416 -0.00334636 0.201825 276.195 -0.00334636 0.999456 0.0328107 2.75052 -0.201825 -0.0328107 0.978872 358.382
0.979157 -0.00149463 0.203097 276.389 -0.00149463 0.999893 0.0145642 2.75902 -0.203097 -0.0145642 0.97905 359.314
0.979157 -0.00149463 0.203097 276.584 -0.00149463 0.999893 0.0145642 2.76752 -0.203097 -0.0145642 0.97905 360.245
0.979125 -0.000670963 0.203257 277.134 -0.000670963 0.999978 0.00653313 2.78369 -0.203257 -0.00653313 0.979104 362.939
0.979226 -0.00156584 0.202766 277.68 -0.00156584 0.999882 0.0152834 2.81439 -0.202766 -0.0152834 0.979108 365.634
0.979499 -0.00367807 0.201416 278.217 -0.00367807 0.99934 0.0361357 2.83251 -0.201416 -0.0361357 0.978839 368.331
0.97959 -0.00514542 0.200941 278.742 -0.00514542 0.998703 0.0506575 2.85143 -0.200941 -0.0506575 0.978293 371.031
0.979598 -0.00449817 0.200917 279.242 -0.00449817 0.999008 0.0442974 2.91645 -0.200917 -0.0442974 0.978606 373.734
0.979816 -0.00275365 0.199884 279.73 -0.00275365 0.999624 0.0272692 2.99843 -0.199884 -0.0272692 0.97944 376.439
0.979455 -0.00196314 0.201651 280.154 -0.00196314 0.999812 0.0192689 3.08285 -0.201651 -0.0192689 0.979268 379.155
0.979185 -0.00187216 0.202961 280.626 -0.00187216 0.999832 0.018255 3.15357 -0.202961 -0.018255 0.979017 381.863
0.978602 -0.00186123 0.205752 280.991 -0.00186123 0.999838 0.0178969 3.20886 -0.205752 -0.0178969 0.97844 384.588
0.978367 -0.00175341 0.20687 281.388 -0.00175341 0.999858 0.0167672 3.19871 -0.20687 -0.0167672 0.978225 387.31
0.979639 -0.00158634 0.200762 281.967 -0.00158634 0.999876 0.0156413 3.19411 -0.200762 -0.0156413 0.979515 389.998
0.980402 -0.00127622 0.197002 282.117 -0.00127622 0.999917 0.0128289 3.19362 -0.197002 -0.0128289 0.980319 390.842
0.980402 -0.00127622 0.197002 282.268 -0.00127622 0.999917 0.0128289 3.19314 -0.197002 -0.0128289 0.980319 391.687
0.979965 -0.00167571 0.199163 282.634 -0.00167571 0.99986 0.0166577 3.10681 -0.199163 -0.0166577 0.979825 394.411
0.980169 -0.00213465 0.19815 283.156 -0.00213465 0.99977 0.0213296 3.12801 -0.19815 -0.0213296 0.97994 397.111
0.980713 -0.00214103 0.19544 283.729 -0.00214103 0.999762 0.021696 3.15168 -0.19544 -0.021696 0.980476 399.8
0.981323 -0.00187579 0.192359 284.271 -0.00187579 0.999812 0.019319 3.16378 -0.192359 -0.019319 0.981134 402.496
0.982086 -0.00153225 0.188425 284.737 -0.00153225 0.999869 0.016117 3.20408 -0.188425 -0.016117 0.981955 405.206
0.983348 -0.00143663 0.181729 285.26 -0.00143663 0.999876 0.015678 3.21703 -0.181729 -0.015678 0.983224 407.906
0.984643 -0.00194959 0.174567 285.634 -0.00194959 0.999752 0.0221621 3.20832 -0.174567 -0.0221621 0.984396 410.63
0.985571 -0.0026 0.169242 286.027 -0.0026 0.999531 0.0304963 3.21878 -0.169242 -0.0304963 0.985103 413.352
0.986117 -0.00332798 0.166021 286.39 -0.00332798 0.999202 0.0397968 3.25652 -0.166021 -0.0397968 0.985319 416.078
0.986873 -0.00324937 0.161465 286.812 -0.00324937 0.999196 0.0399681 3.36389 -0.161465 -0.0399681 0.986069 418.793
0.987479 -0.00276144 0.157724 287.175 -0.00276144 0.999391 0.0347862 3.41633 -0.157724 -0.0347862 0.98687 421.519
0.98852 -0.00185637 0.151082 287.552 -0.00185637 0.9997 0.0244296 3.47106 -0.151082 -0.0244296 0.988219 424.242
0.989267 -0.00149813 0.146113 287.881 -0.00149813 0.999791 0.0203943 3.48948 -0.146113 -0.0203943 0.989058 426.972
0.989966 -0.00146894 0.141296 288.15 -0.00146894 0.999785 0.0206858 3.55079 -0.141296 -0.0206858 0.989751 429.708
0.991004 -0.0015459 0.13382 288.465 -0.0015459 0.999734 0.0229971 3.56363 -0.13382 -0.0229971 0.990739 432.44
0.991827 -0.00128678 0.127586 288.677 -0.00128678 0.999797 0.0200867 3.58498 -0.127586 -0.0200867 0.991624 435.182
0.993046 -0.000812203 0.117723 288.969 -0.000812203 0.999905 0.0137499 3.59846 -0.117723 -0.0137499 0.992951 437.916
0.993983 -0.000619993 0.109534 289.247 -0.000619993 0.999936 0.0112861 3.623 -0.109534 -0.0112861 0.993919 440.652
0.99483 -0.000703584 0.101556 289.491 -0.000703584 0.999904 0.0138196 3.64556 -0.101556 -0.0138196 0.994734 443.391
0.995632 -0.000960335 0.0933558 289.734 -0.000960335 0.999789 0.0205266 3.64886 -0.0933558 -0.0205266 0.995421 446.13
0.996345 -0.00109143 0.0854143 289.901 -0.00109143 0.999674 0.0255054 3.66663 -0.0854143 -0.0255054 0.996019 448.875
0.996921 -0.00111882 0.078406 290.065 -0.00111882 0.999593 0.0284895 3.70101 -0.078406 -0.0284895 0.996514 451.62
0.997432 -0.00108909 0.0716098 290.258 -0.00108909 0.999538 0.0303713 3.73992 -0.0716098 -0.0303713 0.99697 454.363
0.997696 -0.000982936 0.0678426 290.398 -0.000982936 0.999581 0.0289375 3.74887 -0.0678426 -0.0289375 0.997276 457.11
0.998048 -0.000741225 0.0624402 290.572 -0.000741225 0.999718 0.0237154 3.76158 -0.0624402 -0.0237154 0.997767 459.854
0.99824 -0.000485492 0.0593098 290.677 -0.000485492 0.999866 0.0163559 3.80381 -0.0593098 -0.0163559 0.998106 462.602
0.998407 -0.000379301 0.0564265 290.802 -0.000379301 0.99991 0.0134328 3.84931 -0.0564265 -0.0134328 0.998316 465.348
0.998589 -0.000495108 0.0530927 290.928 -0.000495108 0.999826 0.0186359 3.89358 -0.0530927 -0.0186359 0.998416 468.095
0.998715 -0.000731617 0.0506715 291.03 -0.000731617 0.999583 0.0288523 3.9216 -0.0506715 -0.0288523 0.998299 470.843
0.99889 -0.000842747 0.0471031 291.137 -0.000842747 0.99936 0.0357518 3.95564 -0.0471031 -0.0357518 0.99825 473.591
0.999072 -0.000697106 0.043071 291.2 -0.000697106 0.999476 0.0323466 3.99565 -0.043071 -0.0323466 0.998548 476.34
0.999282 -0.000427746 0.0378963 291.28 -0.000427746 0.999745 0.0225635 4.04329 -0.0378963 -0.0225635 0.999027 479.088
0.999539 -0.00026717 0.0303593 291.395 -0.00026717 0.999845 0.0175951 4.1036 -0.0303593 -0.0175951 0.999384 481.835
0.999738 -0.000219202 0.0228943 291.428 -0.000219202 0.999817 0.0191448 4.12819 -0.0228943 -0.0191448 0.999555 484.585
0.999884 -0.000193863 0.0152485 291.44 -0.000193863 0.999677 0.0254215 4.14104 -0.0152485 -0.0254215 0.999561 487.335
0.999974 -9.74464e-005 0.00719057 291.503 -9.74464e-005 0.999633 0.0270986 4.28216 -0.00719057 -0.0270986 0.999607 490.081
1 -1.45225e-005 0.000941387 291.547 -1.45225e-005 0.999524 0.030846 4.35059 -0.000941387 -0.030846 0.999524 492.829
0.999991 6.19199e-005 -0.00417019 291.477 6.19199e-005 0.999559 0.0296897 4.43578 0.00417019 -0.0296897 0.99955 495.577
0.999942 0.000122104 -0.010802 291.456 0.000122104 0.999744 0.022604 4.45677 0.010802 -0.022604 0.999686 498.327
0.999838 0.000109852 -0.0179847 291.407 0.000109852 0.999925 0.0122148 4.48846 0.0179847 -0.0122148 0.999764 501.076
0.999717 9.46916e-005 -0.0237789 291.34 9.46916e-005 0.999968 0.00796309 4.51328 0.0237789 -0.00796309 0.999686 503.825
0.999542 0.000236104 -0.0302681 291.323 0.000236104 0.999878 0.0155964 4.46123 0.0302681 -0.0155964 0.99942 506.575
0.999371 0.000514107 -0.0354556 291.175 0.000514107 0.99958 0.0289848 4.49488 0.0354556 -0.0289848 0.998951 509.321
0.999214 0.000730575 -0.0396278 290.999 0.000730575 0.999321 0.0368448 4.52009 0.0396278 -0.0368448 0.998535 512.065
0.999036 0.000737666 -0.0438923 290.893 0.000737666 0.999436 0.0335869 4.57307 0.0438923 -0.0335869 0.998472 514.812
0.998965 0.000518748 -0.0454896 290.724 0.000518748 0.99974 0.0227926 4.62281 0.0454896 -0.0227926 0.998705 517.557
0.998871 0.000329475 -0.0474983 290.487 0.000329475 0.999904 0.0138646 4.6655 0.0474983 -0.0138646 0.998775 520.296
0.998813 0.000251067 -0.0487145 290.295 0.000251067 0.999947 0.0103013 4.68234 0.0487145 -0.0103013 0.99876 523.039
0.998688 0.000364138 -0.0512064 290.182 0.000364138 0.999899 0.0142123 4.72188 0.0512064 -0.0142123 0.998587 525.787
0.998669 0.000594152 -0.0515729 290.047 0.000594152 0.999735 0.0230229 4.7339 0.0515729 -0.0230229 0.998404 528.533
0.99864 0.000738573 -0.0521325 289.913 0.000738573 0.999599 0.0283095 4.77585 0.0521325 -0.0283095 0.998239 531.28
0.998518 0.000735494 -0.0544091 289.783 0.000735494 0.999635 0.0270107 4.82761 0.0544091 -0.0270107 0.998153 534.026
0.998428 0.000491102 -0.0560415 289.619 0.000491102 0.999847 0.0175113 4.85985 0.0560415 -0.0175113 0.998275 536.771
0.998309 0.000157415 -0.0581378 289.498 0.000157415 0.999985 0.00541061 4.86908 0.0581378 -0.00541061 0.998294 539.519
0.997979 3.80622e-005 -0.0635524 289.531 3.80622e-005 0.999999 0.00119661 4.8681 0.0635524 -0.00119661 0.997978 542.268
0.997842 0.000567021 -0.0656619 289.477 0.000567021 0.999851 0.017251 4.86447 0.0656619 -0.017251 0.997693 543.014
0.997842 0.000567021 -0.0656619 289.422 0.000567021 0.999851 0.017251 4.86085 0.0656619 -0.017251 0.997693 543.759
0.997691 0.000693567 -0.0679191 289.373 0.000693567 0.999792 0.0203976 4.86164 0.0679191 -0.0203976 0.997482 544.513
0.9978 0.000529259 -0.0663 289.298 0.000529259 0.999873 0.015947 4.86825 0.0663 -0.015947 0.997672 545.272
0.997674 0.000319817 -0.0681715 289.258 0.000319817 0.999956 0.00937158 4.87495 0.0681715 -0.00937158 0.99763 546.041
0.997685 0.000316453 -0.0680113 289.194 0.000316453 0.999957 0.00929493 4.87613 0.0680113 -0.00929493 0.997641 546.816
0.99773 0.000428418 -0.0673425 289.122 0.000428418 0.999919 0.0127086 4.87435 0.0673425 -0.0127086 0.997649 547.598
0.997723 0.000553373 -0.0674403 289.054 0.000553373 0.999866 0.016391 4.8697 0.0674403 -0.016391 0.997589 548.389
0.997739 0.000664886 -0.0672116 288.99 0.000664886 0.999805 0.0197606 4.86861 0.0672116 -0.0197606 0.997543 549.188
0.997703 0.000649705 -0.0677332 288.93 0.000649705 0.999816 0.0191604 4.87116 0.0677332 -0.0191604 0.997519 549.995
0.997612 0.000526979 -0.0690592 288.796 0.000526979 0.999884 0.0152426 4.83988 0.0690592 -0.0152426 0.997496 552.742
0.997525 0.00034384 -0.0703145 288.613 0.00034384 0.999952 0.00976773 4.83281 0.0703145 -0.00976773 0.997477 555.486
0.997404 0.000367786 -0.072004 288.409 0.000367786 0.999948 0.0102022 4.83142 0.072004 -0.0102022 0.997352 558.228
0.997231 0.000736154 -0.0743581 288.207 0.000736154 0.999804 0.0197709 4.84576 0.0743581 -0.0197709 0.997036 560.971
0.997079 0.00109032 -0.0763737 288.006 0.00109032 0.999593 0.0285047 4.84927 0.0763737 -0.0285047 0.996672 563.713
0.997062 0.0011545 -0.0765934 287.802 0.0011545 0.999546 0.0300951 4.85074 0.0765934 -0.0300951 0.996608 566.456
0.996917 0.000919656 -0.0784559 287.637 0.000919656 0.999726 0.0234045 4.87061 0.0784559 -0.0234045 0.996643 569.201
0.997006 0.000716501 -0.0773219 287.374 0.000716501 0.999829 0.0185036 4.89353 0.0773219 -0.0185036 0.996834 571.938
0.997066 0.0004881 -0.0765411 287.137 0.0004881 0.999919 0.0127347 4.87858 0.0765411 -0.0127347 0.996985 574.678
0.997127 0.00034197 -0.0757419 286.963 0.00034197 0.999959 0.00901673 4.85038 0.0757419 -0.00901673 0.997087 577.422
0.997628 8.49446e-005 -0.0688327 286.916 8.49446e-005 0.999997 0.00246521 4.85123 0.0688327 -0.00246521 0.997625 578.091
0.997628 8.49446e-005 -0.0688327 286.868 8.49446e-005 0.999997 0.00246521 4.85207 0.0688327 -0.00246521 0.997625 578.759
0.997976 0.00023697 -0.0635976 286.635 0.00023697 0.999972 0.00744453 4.84585 0.0635976 -0.00744453 0.997948 581.499
0.998357 0.000487232 -0.0573037 286.494 0.000487232 0.999856 0.01699 4.81415 0.0573037 -0.01699 0.998212 584.245
0.998617 0.00057105 -0.0525805 286.376 0.00057105 0.999764 0.0217034 4.80554 0.0525805 -0.0217034 0.998381 586.993
0.998919 0.000479779 -0.0464731 286.211 0.000479779 0.999787 0.0206343 4.78545 0.0464731 -0.0206343 0.998706 589.738
0.99924 0.00025127 -0.0389707 286.055 0.00025127 0.999917 0.0128899 4.78235 0.0389707 -0.0128899 0.999157 592.483
0.999497 6.6405e-005 -0.0316991 285.985 6.6405e-005 0.999991 0.00418864 4.76793 0.0316991 -0.00418864 0.999489 595.232
0.999705 -1.04658e-005 -0.0242793 285.879 -1.04658e-005 1 -0.000861988 4.77721 0.0242793 0.000861988 0.999705 597.98
0.999874 3.35662e-006 -0.0158822 285.75 3.35662e-006 1 0.000422661 4.76897 0.0158822 -0.000422661 0.999874 600.727
0.999939 3.13984e-005 -0.011062 285.787 3.13984e-005 0.999984 0.00567657 4.75246 0.011062 -0.00567657 0.999923 603.477
0.999989 2.74855e-005 -0.00466137 285.783 2.74855e-005 0.99993 0.0117924 4.71175 0.00466137 -0.0117924 0.99992 606.227
1 -6.20072e-006 0.000939309 285.814 -6.20072e-006 0.999913 0.0132022 4.69081 -0.000939309 -0.0132022 0.999912 608.977
0.999989 -3.40173e-005 0.00479196 285.785 -3.40173e-005 0.999899 0.0141969 4.69203 -0.00479196 -0.0141969 0.999888 611.726
0.999978 -5.15218e-005 0.00670454 285.729 -5.15218e-005 0.999882 0.0153681 4.71844 -0.00670454 -0.0153681 0.999859 614.476
0.999984 -4.91242e-005 0.00558662 285.78 -4.91242e-005 0.999845 0.0175849 4.72308 -0.00558662 -0.0175849 0.99983 617.225
0.999994 -3.57225e-005 0.00351701 285.832 -3.57225e-005 0.999794 0.020312 4.73053 -0.00351701 -0.020312 0.999788 619.975
0.999993 -3.92037e-005 0.00370237 285.812 -3.92037e-005 0.999776 0.0211752 4.79142 -0.00370237 -0.0211752 0.999769 622.724
0.999993 -2.94252e-005 0.0036548 285.745 -2.94252e-005 0.99987 0.0161011 4.80806 -0.0036548 -0.0161011 0.999864 625.473
0.999997 -9.20305e-006 0.0025735 285.706 -9.20305e-006 0.999974 0.00715207 4.82254 -0.0025735 -0.00715207 0.999971 628.223
0.999999 8.77546e-007 0.00124098 285.676 8.77546e-007 0.999999 -0.00141428 4.80914 -0.00124098 0.00141428 0.999998 630.973
0.999998 -7.00251e-006 -0.00219477 285.695 -7.00251e-006 0.99998 -0.00638101 4.83319 0.00219477 0.00638101 0.999977 633.722
0.999985 -1.94557e-006 -0.00539851 285.629 -1.94557e-006 1 -0.000720775 4.83437 0.00539851 0.000720775 0.999985 636.472
0.999957 5.33292e-005 -0.00925595 285.523 5.33292e-005 0.999934 0.0115226 4.82896 0.00925595 -0.0115226 0.999891 639.22
0.999906 0.000175685 -0.0136748 285.472 0.000175685 0.99967 0.0256893 4.8311 0.0136748 -0.0256893 0.999576 641.969
0.999831 0.000323184 -0.0183575 285.472 0.000323184 0.99938 0.0351961 4.83049 0.0183575 -0.0351961 0.999212 644.719
0.999791 0.000339979 -0.0204186 285.385 0.000339979 0.999446 0.0332882 4.85699 0.0204186 -0.0332882 0.999237 647.468
0.999738 0.000315736 -0.0228817 285.288 0.000315736 0.999619 0.0275884 4.87561 0.0228817 -0.0275884 0.999357 650.216
0.999647 0.000251999 -0.0265494 285.156 0.000251999 0.99982 0.0189783 4.91918 0.0265494 -0.0189783 0.999467 652.962
0.999594 0.000195918 -0.028492 285.098 0.000195918 0.999905 0.0137491 4.97671 0.028492 -0.0137491 0.999499 655.711
0.999591 0.00026132 -0.0285943 285.012 0.00026132 0.999833 0.0182725 5.0197 0.0285943 -0.0182725 0.999424 658.459
0.999536 0.000336587 -0.0304523 284.97 0.000336587 0.999756 0.0220981 5.044 0.0304523 -0.0220981 0.999292 661.209
0.999471 0.000410451 -0.0325163 284.904 0.000410451 0.999681 0.0252351 5.03202 0.0325163 -0.0252351 0.999153 663.958
0.999425 0.000365756 -0.033915 284.853 0.000365756 0.999767 0.0215603 5.07572 0.033915 -0.0215603 0.999192 666.707
0.999424 0.000284995 -0.0339308 284.737 0.000284995 0.999859 0.0167926 5.09202 0.0339308 -0.0167926 0.999283 669.455
0.99942 0.000260819 -0.034049 284.64 0.000260819 0.999883 0.0153149 5.11631 0.034049 -0.0153149 0.999303 672.203
0.999409 0.000317584 -0.0343736 284.526 0.000317584 0.999829 0.0184714 5.13029 0.0343736 -0.0184714 0.999238 674.951
0.999435 0.000387872 -0.0335969 284.379 0.000387872 0.999734 0.0230801 5.14335 0.0335969 -0.0230801 0.999169 677.697
0.999468 0.00042248 -0.0326093 284.207 0.00042248 0.999664 0.0259004 5.16419 0.0326093 -0.0259004 0.999133 680.441
0.999476 0.000384589 -0.0323656 284.115 0.000384589 0.999718 0.0237557 5.1663 0.0323656 -0.0237557 0.999194 683.19
0.999519 0.000259134 -0.0310104 283.999 0.000259134 0.99986 0.0167075 5.18967 0.0310104 -0.0167075 0.999379 685.937
0.999527 0.000111084 -0.0307533 283.906 0.000111084 0.999974 0.00722243 5.1919 0.0307533 -0.00722243 0.999501 688.686
0.999538 2.94825e-005 -0.0303884 283.787 2.94825e-005 0.999998 0.00193993 5.19663 0.0303884 -0.00193993 0.999536 691.433
0.999505 6.29014e-005 -0.0314747 283.813 6.29014e-005 0.999992 0.00399594 5.13706 0.0314747 -0.00399594 0.999497 694.182
0.999481 0.000292933 -0.032228 283.795 0.000292933 0.999835 0.0181726 5.13076 0.032228 -0.0181726 0.999315 694.73
0.999481 0.000292933 -0.032228 283.778 0.000292933 0.999835 0.0181726 5.12446 0.032228 -0.0181726 0.999315 695.277
0.99937 0.000381001 -0.03549 283.777 0.000381001 0.99977 0.0214617 5.14304 0.03549 -0.0214617 0.99914 695.83
0.999222 0.000480701 -0.0394282 283.804 0.000480701 0.999703 0.0243705 5.13895 0.0394282 -0.0243705 0.998925 696.389
0.998803 0.000638059 -0.0489091 283.791 0.000638059 0.99966 0.0260716 5.1441 0.0489091 -0.0260716 0.998463 697.056
0.998803 0.000638059 -0.0489091 283.777 0.000638059 0.99966 0.0260716 5.14926 0.0489091 -0.0260716 0.998463 697.724
0.99834 0.000706501 -0.0575895 283.671 0.000706501 0.999699 0.0245117 5.13037 0.0575895 -0.0245117 0.998039 700.472
0.997648 0.00071232 -0.0685464 283.461 0.00071232 0.999784 0.0207569 5.13617 0.0685464 -0.0207569 0.997432 703.214
0.996539 0.000723628 -0.0831267 283.236 0.000723628 0.999849 0.0173788 5.13454 0.0831267 -0.0173788 0.996387 705.954
0.994819 0.000763434 -0.101657 282.828 0.000763434 0.999888 0.01498 5.21486 0.101657 -0.01498 0.994707 708.673
0.992308 0.000990047 -0.123789 282.443 0.000990047 0.999873 0.0159332 5.2211 0.123789 -0.0159332 0.992181 711.396
0.988911 0.00145609 -0.148501 281.982 0.00145609 0.999809 0.0194999 5.21271 0.148501 -0.0194999 0.98872 714.107
0.984374 0.00202627 -0.176079 281.367 0.00202627 0.999737 0.0228325 5.2266 0.176079 -0.0228325 0.984111 716.787
0.978137 0.0024326 -0.207946 280.693 0.0024326 0.999729 0.0231375 5.20731 0.207946 -0.0231375 0.977867 719.453
0.969981 0.00264206 -0.243167 279.837 0.00264206 0.999767 0.0214017 5.22111 0.243167 -0.0214017 0.969748 722.066
0.959158 0.00283942 -0.282858 278.923 0.00283942 0.999803 0.0196647 5.25462 0.282858 -0.0196647 0.95896 724.66
0.945828 0.00320631 -0.324651 277.79 0.00320631 0.99981 0.0192155 5.26906 0.324651 -0.0192155 0.945639 727.166
0.929316 0.00398351 -0.369264 276.592 0.00398351 0.999776 0.0208104 5.32956 0.369264 -0.0208104 0.929091 729.64
0.909863 0.00542431 -0.414873 275.207 0.00542431 0.999674 0.0249665 5.3724 0.414873 -0.0249665 0.909537 732.016
0.886792 0.00765053 -0.462106 273.67 0.00765053 0.999483 0.0312288 5.3871 0.462106 -0.0312288 0.886275 734.296
0.860238 0.0106336 -0.509782 271.984 0.0106336 0.999191 0.0387859 5.4218 0.509782 -0.0387859 0.859429 736.469
0.830406 0.0138375 -0.556986 270.14 0.0138375 0.998871 0.0454458 5.49069 0.556986 -0.0454458 0.829277 738.508
0.796271 0.0171685 -0.604697 268.246 0.0171685 0.998553 0.0509585 5.56431 0.604697 -0.0509585 0.794824 740.5
0.760468 0.0218483 -0.649007 266.187 0.0218483 0.998007 0.0591976 5.68649 0.649007 -0.0591976 0.758476 742.318
0.722781 0.0280973 -0.690505 264.008 0.0280973 0.997152 0.0699858 5.81397 0.690505 -0.0699858 0.719934 743.992
0.684284 0.035572 -0.728348 261.724 0.035572 0.995992 0.0820636 5.95267 0.728348 -0.0820636 0.680276 745.516
0.643782 0.0425078 -0.764027 259.364 0.0425078 0.994928 0.0911721 6.12531 0.764027 -0.0911721 0.63871 746.917
0.600521 0.0472372 -0.798212 256.983 0.0472372 0.994414 0.0943863 6.3401 0.798212 -0.0943863 0.594935 748.277
0.555452 0.0521669 -0.829911 254.511 0.0521669 0.993878 0.0973885 6.51453 0.829911 -0.0973885 0.54933 749.469
0.507724 0.0543697 -0.859803 251.994 0.0543697 0.993995 0.0949614 6.67159 0.859803 -0.0949614 0.501719 750.565
0.457655 0.054811 -0.887439 249.427 0.054811 0.994461 0.0896872 6.90208 0.887439 -0.0896872 0.452116 751.525
0.404693 0.0535344 -0.912884 246.846 0.0535344 0.995186 0.0820932 7.09758 0.912884 -0.0820932 0.399878 752.454
0.351366 0.0544856 -0.934651 244.211 0.0544856 0.995423 0.0785113 7.27159 0.934651 -0.0785113 0.346789 753.222
0.301555 0.0584363 -0.951656 241.518 0.0584363 0.995111 0.0796215 7.44153 0.951656 -0.0796215 0.296666 753.752
0.253423 0.0637455 -0.965253 238.814 0.0637455 0.994557 0.0824169 7.65132 0.965253 -0.0824169 0.24798 754.203
0.207606 0.0675751 -0.975876 236.095 0.0675751 0.994237 0.0832224 7.83194 0.975876 -0.0832224 0.201843 754.574
0.166853 0.0736599 -0.983226 233.351 0.0736599 0.993488 0.0869287 8.01806 0.983226 -0.0869287 0.160341 754.586
0.092441 0.0796473 -0.992528 232.786 0.0796473 0.99301 0.0871042 8.05362 0.992528 -0.0871042 0.0854512 754.624
0.092441 0.0796473 -0.992528 232.22 0.0796473 0.99301 0.0871042 8.08917 0.992528 -0.0871042 0.0854512 754.662
0.0645929 0.0842563 -0.994348 231.648 0.0842563 0.992411 0.0895654 8.13586 0.994348 -0.0895654 0.0570035 754.667
0.0396838 0.0866484 -0.995448 228.909 0.0866484 0.992182 0.0898183 8.38368 0.995448 -0.0898183 0.0318656 754.668
0.0179483 0.0902483 -0.995758 226.169 0.0902483 0.991706 0.0915078 8.60708 0.995758 -0.0915078 0.00965469 754.599
0.000468528 0.0953224 -0.995446 223.431 0.0953224 0.990909 0.0949328 8.82734 0.995446 -0.0949328 -0.00862209 754.468
-0.0122789 0.100746 -0.994836 220.706 0.100746 0.989973 0.0990098 9.0708 0.994836 -0.0990098 -0.0223055 754.197
-0.0212436 0.105818 -0.994159 217.974 0.105818 0.989035 0.103011 9.32542 0.994159 -0.103011 -0.0322081 754.003
-0.0267581 0.106449 -0.993958 215.243 0.106449 0.988964 0.103049 9.60324 0.993958 -0.103049 -0.0377943 753.837
-0.0336453 0.105138 -0.993888 212.504 0.105138 0.989306 0.101094 9.83465 0.993888 -0.101094 -0.0443395 753.877
-0.0373902 0.103189 -0.993959 209.77 0.103189 0.989736 0.0988687 10.1352 0.993959 -0.0988687 -0.0476544 753.836
-0.0401672 0.103615 -0.993806 207.032 0.103615 0.989678 0.0989971 10.3833 0.993806 -0.0989971 -0.0504888 753.789
-0.0443463 0.101136 -0.993884 204.296 0.101136 0.990206 0.0962491 10.6613 0.993884 -0.0962491 -0.0541405 753.838
-0.0435337 0.102559 -0.993774 201.564 0.102559 0.98992 0.0976689 10.9162 0.993774 -0.0976689 -0.0536133 753.658
-0.0442952 0.0966117 -0.994336 198.827 0.0966117 0.991062 0.0919897 11.1686 0.994336 -0.0919897 -0.0532332 753.584
-0.0448243 0.0909859 -0.994843 196.091 0.0909859 0.992077 0.0866334 11.4283 0.994843 -0.0866334 -0.0527476 753.48
-0.0403917 0.092878 -0.994858 193.37 0.092878 0.991709 0.0888131 11.6997 0.994858 -0.0888131 -0.0486831 753.194
-0.0386331 0.0937956 -0.994842 190.634 0.0937956 0.99153 0.089841 11.9267 0.994842 -0.089841 -0.0471035 753.025
-0.035283 0.093586 -0.994986 189.888 0.093586 0.99154 0.0899432 11.9965 0.994986 -0.0899432 -0.0437429 752.987
-0.035283 0.093586 -0.994986 189.142 0.093586 0.99154 0.0899432 12.0663 0.994986 -0.0899432 -0.0437429 752.949
-0.0333069 0.0932274 -0.995088 188.388 0.0932274 0.991589 0.0897792 12.1341 0.995088 -0.0897792 -0.041718 752.901
-0.0314542 0.0902525 -0.995422 187.627 0.0902525 0.992103 0.0870997 12.2073 0.995422 -0.0870997 -0.0393513 752.867
-0.0307668 0.0872322 -0.995713 186.856 0.0872322 0.992618 0.0842656 12.2623 0.995713 -0.0842656 -0.0381491 752.832
-0.0242379 0.0912553 -0.995533 186.082 0.0912553 0.99187 0.0886978 12.3221 0.995533 -0.0886978 -0.0323683 752.753
-0.0252139 0.0880209 -0.995799 185.296 0.0880209 0.992443 0.0854955 12.3893 0.995799 -0.0854955 -0.032771 752.735
-0.0253821 0.0856308 -0.996004 184.502 0.0856308 0.992849 0.0831774 12.4485 0.996004 -0.0831774 -0.0325332 752.707
-0.0254721 0.0845129 -0.996097 183.7 0.0845129 0.993035 0.0820919 12.5031 0.996097 -0.0820919 -0.0324371 752.681
-0.0271749 0.0816417 -0.996291 182.888 0.0816417 0.993511 0.079187 12.5509 0.996291 -0.079187 -0.0336639 752.674
-0.0273953 0.084188 -0.996073 182.071 0.084188 0.993101 0.0816213 12.609 0.996073 -0.0816213 -0.0342939 752.629
-0.029258 0.0813811 -0.996254 181.245 0.0813811 0.993565 0.0787715 12.6702 0.996254 -0.0787715 -0.0356927 752.607
-0.0311708 0.0800681 -0.996302 180.411 0.0800681 0.993783 0.0773606 12.7308 0.996302 -0.0773606 -0.0373879 752.56
-0.0361064 0.0770886 -0.99637 179.567 0.0770886 0.994264 0.0741322 12.7836 0.99637 -0.0741322 -0.041842 752.534
-0.0407043 0.0759274 -0.996282 178.715 0.0759274 0.994461 0.0726864 12.8317 0.996282 -0.0726864 -0.0462438 752.518
-0.0414284 0.077708 -0.996115 177.856 0.077708 0.994202 0.0743269 12.8832 0.996115 -0.0743269 -0.0472268 752.457
-0.0393051 0.078382 -0.996148 176.991 0.078382 0.994089 0.0751272 12.9292 0.996148 -0.0751272 -0.0452165 752.357
-0.0405183 0.0771349 -0.996197 175.63 0.0771349 0.994282 0.0738493 13.0245 0.996197 -0.0738493 -0.0462364 752.186
-0.0405183 0.0771349 -0.996197 174.269 0.0771349 0.994282 0.0738493 13.1198 0.996197 -0.0738493 -0.0462364 752.015
-0.0366602 0.0799903 -0.996121 171.545 0.0799903 0.993828 0.0768623 13.2751 0.996121 -0.0768623 -0.0428324 751.672
-0.0323092 0.0845277 -0.995897 168.811 0.0845277 0.993079 0.0815462 13.5271 0.995897 -0.0815462 -0.0392305 751.522
-0.0308669 0.0885499 -0.995593 166.071 0.0885499 0.992394 0.08552 13.6825 0.995593 -0.08552 -0.0384732 751.343
-0.031839 0.0891501 -0.995509 163.33 0.0891501 0.992297 0.0860113 13.8739 0.995509 -0.0860113 -0.0395415 751.24
-0.0353308 0.0881263 -0.995483 160.588 0.0881263 0.992499 0.0847345 14.0921 0.995483 -0.0847345 -0.0428321 751.25
-0.0324427 0.0876246 -0.995625 159.218 0.0876246 0.992563 0.0844998 14.1854 0.995625 -0.0844998 -0.0398795 751.196
-0.0324427 0.0876246 -0.995625 157.847 0.0876246 0.992563 0.0844998 14.2786 0.995625 -0.0844998 -0.0398795 751.142
-0.029329 0.0826063 -0.996151 156.477 0.0826063 0.993371 0.0799436 14.3777 0.996151 -0.0799436 -0.0359584 751.07
-0.029329 0.0826063 -0.996151 155.108 0.0826063 0.993371 0.0799436 14.4768 0.996151 -0.0799436 -0.0359584 750.999
-0.0245661 0.0802103 -0.996475 152.363 0.0802103 0.993721 0.0780111 14.6412 0.996475 -0.0780111 -0.0308456 750.934
-0.0218461 0.0786423 -0.996664 149.621 0.0786423 0.993948 0.0767042 14.8268 0.996664 -0.0767042 -0.0278985 750.856
-0.0170632 0.0800399 -0.996646 146.887 0.0800399 0.993701 0.0784331 14.9995 0.996646 -0.0784331 -0.0233621 750.609
-0.0149588 0.0758471 -0.997007 145.986 0.0758471 0.994332 0.0745056 15.052 0.997007 -0.0745056 -0.0206268 750.588
-0.0149588 0.0758471 -0.997007 145.085 0.0758471 0.994332 0.0745056 15.1046 0.997007 -0.0745056 -0.0206268 750.566
-0.0112631 0.0745462 -0.997154 142.357 0.0745462 0.994505 0.0735061 15.2756 0.997154 -0.0735061 -0.0167584 750.268
-0.014632 0.0750124 -0.997075 141.477 0.0750124 0.994454 0.0737144 15.3316 0.997075 -0.0737144 -0.0201777 750.243
-0.014632 0.0750124 -0.997075 140.597 0.0750124 0.994454 0.0737144 15.3876 0.997075 -0.0737144 -0.0201777 750.218
-0.0245964 0.0674118 -0.997422 139.713 0.0674118 0.995565 0.0656239 15.4682 0.997422 -0.0656239 -0.0290316 750.295
-0.0308189 0.0668504 -0.997287 138.79 0.0668504 0.995665 0.0646758 15.5197 0.997287 -0.0646758 -0.0351543 750.27
-0.0308189 0.0668504 -0.997287 137.866 0.0668504 0.995665 0.0646758 15.5711 0.997287 -0.0646758 -0.0351543 750.245
-0.0291126 0.0734221 -0.996876 135.147 0.0734221 0.994762 0.0711222 15.6662 0.996876 -0.0711222 -0.034351 749.845
-0.040813 0.0705807 -0.996671 134.292 0.0705807 0.995214 0.0675873 15.7173 0.996671 -0.0675873 -0.0455993 749.816
-0.040813 0.0705807 -0.996671 133.437 0.0705807 0.995214 0.0675873 15.7685 0.996671 -0.0675873 -0.0455993 749.788
-0.0445416 0.072753 -0.996355 130.701 0.072753 0.994933 0.0693967 15.9127 0.996355 -0.0693967 -0.0496089 749.551
-0.0474245 0.0761832 -0.995965 127.96 0.0761832 0.994459 0.0724404 16.0544 0.995965 -0.0724404 -0.0529656 749.369
-0.0506701 0.0799435 -0.995511 125.219 0.0799435 0.993917 0.0757465 16.2154 0.995511 -0.0757465 -0.0567528 749.228
-0.0529973 0.083632 -0.995086 122.48 0.083632 0.993358 0.0790325 16.3614 0.995086 -0.0790325 -0.0596396 749.025
-0.0543443 0.0882928 -0.994611 119.743 0.0882928 0.992606 0.0832906 16.5609 0.994611 -0.0832906 -0.0617381 748.847
-0.0557531 0.0915001 -0.994243 117.009 0.0915001 0.99207 0.0861691 16.7602 0.994243 -0.0861691 -0.0636832 748.63
-0.0501451 0.0961471 -0.994103 114.3 0.0961471 0.991197 0.0910162 16.984 0.994103 -0.0910162 -0.0589479 748.216
-0.0460794 0.103095 -0.993604 113.611 0.103095 0.98984 0.0979237 17.0172 0.993604 -0.0979237 -0.0562399 748.127
-0.0460794 0.103095 -0.993604 112.923 0.103095 0.98984 0.0979237 17.0504 0.993604 -0.0979237 -0.0562399 748.038
-0.0452925 0.105977 -0.993337 112.225 0.105977 0.989256 0.100709 17.1079 0.993337 -0.100709 -0.0560369 747.993
-0.0412616 0.111601 -0.992896 111.523 0.111601 0.988039 0.106417 17.1635 0.992896 -0.106417 -0.0532228 747.922
-0.0444961 0.108838 -0.993063 108.786 0.108838 0.988659 0.103479 17.4361 0.993063 -0.103479 -0.0558371 747.88
-0.0411121 0.110129 -0.993067 108.036 0.110129 0.98835 0.105047 17.5082 0.993067 -0.105047 -0.0527617 747.876
-0.0411121 0.110129 -0.993067 107.286 0.110129 0.98835 0.105047 17.5803 0.993067 -0.105047 -0.0527617 747.872
-0.0379517 0.110312 -0.993172 106.531 0.110312 0.988276 0.105553 17.6449 0.993172 -0.105553 -0.0496754 747.83
-0.0328426 0.113108 -0.99304 105.777 0.113108 0.987613 0.108749 17.7115 0.99304 -0.108749 -0.0452292 747.779
-0.0289342 0.112446 -0.993236 105.031 0.112446 0.987711 0.108545 17.7733 0.993236 -0.108545 -0.0412228 747.73
-0.0204563 0.11334 -0.993346 103.664 0.11334 0.987412 0.110329 17.8992 0.993346 -0.110329 -0.0330448 747.652
-0.0204563 0.11334 -0.993346 102.297 0.11334 0.987412 0.110329 18.0252 0.993346 -0.110329 -0.0330448 747.573
-0.0161256 0.115714 -0.993152 99.561 0.115714 0.986823 0.113098 18.2956 0.993152 -0.113098 -0.0293028 747.511
-0.0142935 0.115176 -0.993242 96.8281 0.115176 0.986921 0.112786 18.5883 0.993242 -0.112786 -0.0273722 747.601
-0.00519416 0.112877 -0.993595 96.1117 0.112877 0.987325 0.111575 18.6548 0.993595 -0.111575 -0.0178695 747.584
-0.00519416 0.112877 -0.993595 95.3953 0.112877 0.987325 0.111575 18.7212 0.993595 -0.111575 -0.0178695 747.568
0.00106131 0.112744 -0.993624 92.6663 0.112744 0.987275 0.112144 18.9631 0.993624 -0.112144 -0.0116633 747.33
0.00931295 0.110014 -0.993886 91.9853 0.110014 0.987783 0.110369 19.0248 0.993886 -0.110369 -0.00290385 747.311
0.00931295 0.110014 -0.993886 91.3043 0.110014 0.987783 0.110369 19.0865 0.993886 -0.110369 -0.00290385 747.292
0.0118041 0.108081 -0.994072 88.5699 0.108081 0.988179 0.108724 19.3478 0.994072 -0.108724 -1.69723e-005 747.423
0.0221463 0.107261 -0.993984 88.0992 0.107261 0.988234 0.109031 19.3922 0.993984 -0.109031 0.0103808 747.426
0.0221463 0.107261 -0.993984 87.6286 0.107261 0.988234 0.109031 19.4366 0.993984 -0.109031 0.0103808 747.429
0.0297006 0.103584 -0.994177 84.9001 0.103584 0.988942 0.106133 19.6343 0.994177 -0.106133 0.0186426 747.148
0.0404677 0.098429 -0.994321 84.493 0.098429 0.989903 0.101998 19.6726 0.994321 -0.101998 0.0303709 747.172
0.0404677 0.098429 -0.994321 84.086 0.098429 0.989903 0.101998 19.7108 0.994321 -0.101998 0.0303709 747.196
0.0451233 0.101916 -0.993769 81.3423 0.101916 0.989122 0.106067 19.7415 0.993769 -0.106067 0.0342455 747.379
0.0546595 0.0991496 -0.99357 80.9985 0.0991496 0.989601 0.104208 19.772 0.99357 -0.104208 0.0442605 747.404
0.0546595 0.0991496 -0.99357 80.6548 0.0991496 0.989601 0.104208 19.8026 0.99357 -0.104208 0.0442605 747.429
0.0593643 0.0980991 -0.993404 77.9238 0.0980991 0.989769 0.103602 20.0793 0.993404 -0.103602 0.0491336 747.596
0.0641277 0.0994406 -0.992975 75.1877 0.0994406 0.989434 0.105508 20.3496 0.992975 -0.105508 0.0535617 747.65
0.0676431 0.0970522 -0.992978 72.4548 0.0970522 0.989897 0.103362 20.5874 0.992978 -0.103362 0.0575406 747.843
0.0739223 0.093134 -0.992906 72.2963 0.093134 0.990634 0.0998548 20.5975 0.992906 -0.0998548 0.0645559 747.855
0.0739223 0.093134 -0.992906 72.1378 0.093134 0.990634 0.0998548 20.6075 0.992906 -0.0998548 0.0645559 747.867
0.078165 0.0928033 -0.992612 70.7718 0.0928033 0.990657 0.0999286 20.7492 0.992612 -0.0999286 0.0688222 747.935
0.078165 0.0928033 -0.992612 69.4058 0.0928033 0.990657 0.0999286 20.8909 0.992612 -0.0999286 0.0688222 748.004
0.0812851 0.0918795 -0.992447 68.0376 0.0918795 0.990811 0.0992534 21.0266 0.992447 -0.0992534 0.0720963 748.001
0.0812851 0.0918795 -0.992447 66.6693 0.0918795 0.990811 0.0992534 21.1623 0.992447 -0.0992534 0.0720963 747.999
0.091837 0.0975593 -0.990983 65.7955 0.0975593 0.98952 0.106456 21.3367 0.990983 -0.106456 0.0813567 747.783
0.091837 0.0975593 -0.990983 64.9217 0.0975593 0.98952 0.106456 21.511 0.990983 -0.106456 0.0813567 747.568
0.091837 0.0975593 -0.990983 64.0479 0.0975593 0.98952 0.106456 21.6854 0.990983 -0.106456 0.0813567 747.353
0.0941952 0.102126 -0.990302 63.8661 0.102126 0.988486 0.111653 21.7064 0.990302 -0.111653 0.0826808 747.341
0.0941952 0.102126 -0.990302 63.6844 0.102126 0.988486 0.111653 21.7275 0.990302 -0.111653 0.0826808 747.329
0.0941952 0.102126 -0.990302 63.5027 0.102126 0.988486 0.111653 21.7486 0.990302 -0.111653 0.0826808 747.317
0.0941952 0.102126 -0.990302 63.321 0.102126 0.988486 0.111653 21.7696 0.990302 -0.111653 0.0826808 747.304
0.0941952 0.102126 -0.990302 63.1393 0.102126 0.988486 0.111653 21.7907 0.990302 -0.111653 0.0826808 747.292
0.0941952 0.102126 -0.990302 62.9576 0.102126 0.988486 0.111653 21.8118 0.990302 -0.111653 0.0826808 747.28
0.0941952 0.102126 -0.990302 62.7758 0.102126 0.988486 0.111653 21.8328 0.990302 -0.111653 0.0826808 747.268
0.0941952 0.102126 -0.990302 62.5941 0.102126 0.988486 0.111653 21.8539 0.990302 -0.111653 0.0826808 747.256
0.0941952 0.102126 -0.990302 62.4124 0.102126 0.988486 0.111653 21.875 0.990302 -0.111653 0.0826808 747.244
0.0941952 0.102126 -0.990302 62.2307 0.102126 0.988486 0.111653 21.8961 0.990302 -0.111653 0.0826808 747.232
0.0941952 0.102126 -0.990302 62.049 0.102126 0.988486 0.111653 21.9171 0.990302 -0.111653 0.0826808 747.22
0.0941952 0.102126 -0.990302 61.8673 0.102126 0.988486 0.111653 21.9382 0.990302 -0.111653 0.0826808 747.208
0.0941952 0.102126 -0.990302 61.6855 0.102126 0.988486 0.111653 21.9593 0.990302 -0.111653 0.0826808 747.196
0.0941952 0.102126 -0.990302 61.5038 0.102126 0.988486 0.111653 21.9803 0.990302 -0.111653 0.0826808 747.183
0.0941952 0.102126 -0.990302 61.3221 0.102126 0.988486 0.111653 22.0014 0.990302 -0.111653 0.0826808 747.171
0.0947516 0.0938255 -0.99107 60.6613 0.0938255 0.990275 0.102721 22.0907 0.99107 -0.102721 0.085027 747.339
0.0947516 0.0938255 -0.99107 60.0004 0.0938255 0.990275 0.102721 22.18 0.99107 -0.102721 0.085027 747.506
0.0947516 0.0938255 -0.99107 59.3396 0.0938255 0.990275 0.102721 22.2694 0.99107 -0.102721 0.085027 747.673
0.0947516 0.0938255 -0.99107 58.6787 0.0938255 0.990275 0.102721 22.3587 0.99107 -0.102721 0.085027 747.84
0.0985773 0.0926286 -0.990809 57.321 0.0926286 0.990482 0.101814 22.544 0.990809 -0.101814 0.089059 747.953
0.0985773 0.0926286 -0.990809 55.9632 0.0926286 0.990482 0.101814 22.7294 0.990809 -0.101814 0.089059 748.067
0.101912 0.0917702 -0.990551 53.2386 0.0917702 0.990623 0.101218 22.8985 0.990551 -0.101218 0.0925343 748.399
0.114801 0.0891575 -0.989379 53.1285 0.0891575 0.99102 0.0996506 22.9087 0.989379 -0.0996506 0.105821 748.414
0.114801 0.0891575 -0.989379 53.0183 0.0891575 0.99102 0.0996506 22.919 0.989379 -0.0996506 0.105821 748.429
0.123835 0.0860275 -0.988567 50.3876 0.0860275 0.991553 0.0970639 23.2649 0.988567 -0.0970639 0.115388 749.152
0.149471 0.084961 -0.985109 50.2468 0.084961 0.991513 0.0984045 23.2816 0.985109 -0.0984045 0.140984 749.179
0.149471 0.084961 -0.985109 50.1059 0.084961 0.991513 0.0984045 23.2983 0.985109 -0.0984045 0.140984 749.207
0.165556 0.0843782 -0.982584 49.9639 0.0843782 0.991468 0.099358 23.3158 0.982584 -0.099358 0.157024 749.235
0.183168 0.0821069 -0.979647 49.8238 0.0821069 0.991747 0.0984728 23.3296 0.979647 -0.0984728 0.174914 749.279
0.227885 0.0788381 -0.970491 49.6312 0.0788381 0.99195 0.0990936 23.3488 0.970491 -0.0990936 0.219835 749.337
0.227885 0.0788381 -0.970491 49.4386 0.0788381 0.99195 0.0990936 23.368 0.970491 -0.0990936 0.219835 749.395
0.253203 0.0748359 -0.964514 49.2491 0.0748359 0.992501 0.0966532 23.3932 0.964514 -0.0966532 0.245704 749.467
0.283232 0.0716551 -0.956371 49.0547 0.0716551 0.992837 0.0956081 23.4129 0.956371 -0.0956081 0.276069 749.533
0.315387 0.0663674 -0.94664 48.8627 0.0663674 0.993566 0.0917687 23.4317 0.94664 -0.0917687 0.308953 749.611
0.34911 0.0606136 -0.93512 48.6781 0.0606136 0.994355 0.0870822 23.447 0.93512 -0.0870822 0.343465 749.711
0.386087 0.0566444 -0.920722 48.498 0.0566444 0.994774 0.0849529 23.468 0.920722 -0.0849529 0.380861 749.821
0.427012 0.0565547 -0.902476 48.3134 0.0565547 0.994418 0.0890756 23.4845 0.902476 -0.0890756 0.42143 749.929
0.469321 0.0561265 -0.881242 48.138 0.0561265 0.994064 0.0932033 23.504 0.881242 -0.0932033 0.463385 750.055
0.513217 0.0547302 -0.856512 47.9711 0.0547302 0.993847 0.0962998 23.5205 0.856512 -0.0962998 0.507064 750.195
0.558606 0.0517471 -0.827817 47.8003 0.0517471 0.993933 0.0970498 23.5418 0.827817 -0.0970498 0.552539 750.334
0.6496 0.04302 -0.759058 47.4713 0.04302 0.994718 0.0931925 23.5835 0.759058 -0.0931925 0.644318 750.661
0.6496 0.04302 -0.759058 47.1423 0.04302 0.994718 0.0931925 23.6252 0.759058 -0.0931925 0.644318 750.988
0.694579 0.0377709 -0.718425 45.2957 0.0377709 0.995329 0.0888463 23.8848 0.718425 -0.0888463 0.689908 753.009
0.780509 0.0290841 -0.624467 45.0181 0.0290841 0.996146 0.0827465 23.9307 0.624467 -0.0827465 0.776656 753.414
0.780509 0.0290841 -0.624467 44.7406 0.0290841 0.996146 0.0827465 23.9766 0.624467 -0.0827465 0.776656 753.82
0.820313 0.0259834 -0.571325 43.3772 0.0259834 0.996243 0.0826154 24.2329 0.571325 -0.0826154 0.816555 756.194
0.855857 0.0232202 -0.516691 42.161 0.0232202 0.996259 0.0832345 24.4951 0.516691 -0.0832345 0.852117 758.646
0.886141 0.0200143 -0.462984 41.1452 0.0200143 0.996482 0.0813837 24.7504 0.462984 -0.0813837 0.882623 761.189
0.912539 0.0172281 -0.408626 40.2332 0.0172281 0.996606 0.0804914 24.9682 0.408626 -0.0804914 0.909146 763.774
0.934745 0.014485 -0.355023 39.454 0.014485 0.996785 0.0788068 25.2034 0.355023 -0.0788068 0.93153 766.401
0.952537 0.011817 -0.304195 38.8663 0.011817 0.997058 0.0757354 25.3935 0.304195 -0.0757354 0.949594 769.081
0.966772 0.0093626 -0.255469 38.2724 0.0093626 0.997362 0.0719828 25.6157 0.255469 -0.0719828 0.964134 771.757
0.977893 0.00738838 -0.208975 37.7523 0.00738838 0.997531 0.0698416 25.8391 0.208975 -0.0698416 0.975424 774.448
0.985857 0.00595504 -0.167485 37.5714 0.00595504 0.997493 0.0705191 25.9643 0.167485 -0.0705191 0.983349 777.189
0.995107 0.00360781 -0.0987344 37.5439 0.00360781 0.99734 0.0728051 25.9939 0.0987344 -0.0728051 0.992447 777.672
0.995107 0.00360781 -0.0987344 37.5163 0.00360781 0.99734 0.0728051 26.0234 0.0987344 -0.0728051 0.992447 778.154
0.997345 0.00265299 -0.0727784 37.4962 0.00265299 0.997349 0.0727125 26.0597 0.0727784 -0.0727125 0.994694 778.641
0.998679 0.00187237 -0.0513491 37.4644 0.00187237 0.997346 0.0727823 26.0878 0.0513491 -0.0727823 0.996025 779.133
0.99941 0.00125878 -0.0343341 37.4377 0.00125878 0.997316 0.0732054 26.118 0.0343341 -0.0732054 0.996726 779.63
0.999756 0.000811675 -0.0220548 37.435 0.000811675 0.997295 0.0734968 26.1536 0.0220548 -0.0734968 0.997052 780.133
0.999912 0.000479446 -0.0132435 37.6278 0.000479446 0.997382 0.0723067 26.3646 0.0132435 -0.0723067 0.997295 782.868
0.999999 -3.95127e-005 0.00113071 37.6391 -3.95127e-005 0.997561 0.0698049 26.4132 -0.00113071 -0.0698049 0.99756 783.549
0.999999 -3.95127e-005 0.00113071 37.6504 -3.95127e-005 0.997561 0.0698049 26.4618 -0.00113071 -0.0698049 0.99756 784.23
0.999979 -0.000223411 0.00642535 37.6636 -0.000223411 0.997585 0.0694558 26.5036 -0.00642535 -0.0694558 0.997564 784.883
0.999979 -0.000223411 0.00642535 37.6768 -0.000223411 0.997585 0.0694558 26.5453 -0.00642535 -0.0694558 0.997564 785.537
0.999956 -0.000330336 0.00933619 37.6812 -0.000330336 0.997499 0.0706746 26.7197 -0.00933619 -0.0706746 0.997456 788.281
0.999938 -0.000422785 0.0111553 37.6802 -0.000422785 0.997131 0.0756886 26.7696 -0.0111553 -0.0756886 0.997069 789.016
0.999938 -0.000422785 0.0111553 37.6791 -0.000422785 0.997131 0.0756886 26.8194 -0.0111553 -0.0756886 0.997069 789.751
0.999956 -0.000356068 0.00938564 37.6526 -0.000356068 0.997126 0.0757645 26.8764 -0.00938564 -0.0757645 0.997082 790.493
0.999951 -0.000365117 0.00987386 37.6295 -0.000365117 0.997269 0.0738535 26.9318 -0.00987386 -0.0738535 0.99722 791.242
0.999966 -0.000290931 0.00824755 37.6326 -0.000290931 0.997515 0.0704609 27.1053 -0.00824755 -0.0704609 0.99748 793.986
0.999954 -0.000307773 0.00959973 37.5158 -0.000307773 0.997946 0.0640538 27.3211 -0.00959973 -0.0640538 0.9979 796.725
0.999955 -0.000286411 0.00947695 37.5023 -0.000286411 0.998175 0.0603871 27.3695 -0.00947695 -0.0603871 0.99813 797.499
0.999955 -0.000286411 0.00947695 37.4887 -0.000286411 0.998175 0.0603871 27.4179 -0.00947695 -0.0603871 0.99813 798.272
0.999947 -0.000346581 0.0103139 37.446 -0.000346581 0.997744 0.0671289 27.5723 -0.0103139 -0.0671289 0.997691 801.017
0.999947 -0.000396259 0.0103046 37.4445 -0.000396259 0.997047 0.0767934 27.7509 -0.0103046 -0.0767934 0.996994 803.762
0.999932 -0.000476685 0.0116534 37.4403 -0.000476685 0.996659 0.0816714 27.9381 -0.0116534 -0.0816714 0.996591 806.505
0.999957 -0.000366728 0.0092789 37.5315 -0.000366728 0.996881 0.0789207 28.1464 -0.0092789 -0.0789207 0.996838 809.246
0.999978 -0.000239418 0.00669007 37.613 -0.000239418 0.997442 0.0714819 28.3558 -0.00669007 -0.0714819 0.997419 811.987
0.999961 -0.000281613 0.00883615 37.4632 -0.000281613 0.997971 0.0636753 28.551 -0.00883615 -0.0636753 0.997932 814.726
0.999943 -0.000314563 0.0107165 37.3917 -0.000314563 0.998278 0.0586543 28.7254 -0.0107165 -0.0586543 0.998221 817.469
0.999946 -0.000298944 0.0104339 37.4006 -0.000298944 0.99836 0.0572537 28.881 -0.0104339 -0.0572537 0.998305 820.215
0.999961 -0.000261119 0.00877158 37.4149 -0.000261119 0.998229 0.0594837 28.9902 -0.00877158 -0.0594837 0.998191 822.962
0.999945 -0.000351169 0.010529 37.3814 -0.000351169 0.997778 0.0666292 29.1255 -0.010529 -0.0666292 0.997722 825.709
0.999942 -0.0003959 0.0107586 37.3993 -0.0003959 0.997295 0.0734952 29.2977 -0.0107586 -0.0734952 0.997238 828.453
0.999994 -0.000128625 0.00343287 37.6445 -0.000128625 0.997196 0.0748321 29.5289 -0.00343287 -0.0748321 0.99719 831.183
0.999993 0.000131519 -0.00378786 37.6873 0.000131519 0.997592 0.0693584 29.6029 0.00378786 -0.0693584 0.997585 832.209
0.999993 0.000131519 -0.00378786 37.7301 0.000131519 0.997592 0.0693584 29.6769 0.00378786 -0.0693584 0.997585 833.234
0.999979 0.000211629 -0.00645881 37.7841 0.000211629 0.997855 0.0654609 29.8602 0.00645881 -0.0654609 0.997834 835.978
0.999975 0.000223372 -0.00706925 37.7427 0.000223372 0.998005 0.0631316 30.0346 0.00706925 -0.0631316 0.99798 838.722
0.999979 0.000205838 -0.00650268 37.6805 0.000205838 0.997998 0.0632445 30.1845 0.00650268 -0.0632445 0.997977 841.467
0.999977 0.000226586 -0.00680382 37.8708 0.000226586 0.997784 0.066531 30.3395 0.00680382 -0.066531 0.997761 844.206
0.999929 0.000406583 -0.011919 37.8717 0.000406583 0.997675 0.0681428 30.3901 0.011919 -0.0681428 0.997604 845.161
0.999929 0.000406583 -0.011919 37.8726 0.000406583 0.997675 0.0681428 30.4407 0.011919 -0.0681428 0.997604 846.115
0.999906 0.000427089 -0.0136732 37.8729 0.000427089 0.998051 0.0624073 30.5701 0.0136732 -0.0624073 0.997957 848.862
0.999871 0.000468888 -0.0160644 37.8856 0.000468888 0.998298 0.0583226 30.7307 0.0160644 -0.0583226 0.998169 851.607
0.999884 0.000437938 -0.0152211 37.6456 0.000437938 0.998346 0.0574925 30.8609 0.0152211 -0.0574925 0.99823 854.344
0.999852 0.000509328 -0.0171986 37.4892 0.000509328 0.998248 0.0591728 31.0149 0.0171986 -0.0591728 0.9981 857.085
0.999811 0.000612661 -0.019427 37.4432 0.000612661 0.998013 0.0630046 31.154 0.019427 -0.0630046 0.997824 859.831
0.999808 0.000666126 -0.0195792 37.3444 0.000666126 0.997688 0.0679589 31.298 0.0195792 -0.0679589 0.997496 862.576
0.999752 0.000802205 -0.0222659 37.4072 0.000802205 0.997408 0.0719545 31.3989 0.0222659 -0.0719545 0.997159 865.323
0.999728 0.000841497 -0.0232969 37.3746 0.000841497 0.997394 0.0721371 31.4526 0.0232969 -0.0721371 0.997123 866.403
0.999728 0.000841497 -0.0232969 37.3421 0.000841497 0.997394 0.0721371 31.5063 0.0232969 -0.0721371 0.997123 867.484
0.999747 0.000789874 -0.0224795 37.2308 0.000789874 0.997534 0.0701794 31.6711 0.0224795 -0.0701794 0.997281 870.227
0.999677 0.000865321 -0.025396 37.2476 0.000865321 0.997681 0.0680561 31.7754 0.025396 -0.0680561 0.997358 872.974
0.999709 0.000775787 -0.0241028 37.1682 0.000775787 0.99793 0.0642971 31.9373 0.0241028 -0.0642971 0.99764 875.719
0.999761 0.000681004 -0.0218655 37.007 0.000681004 0.998062 0.0622224 32.0865 0.0218655 -0.0622224 0.997823 878.46
0.999821 0.000599395 -0.0188928 36.877 0.000599395 0.997989 0.0633827 32.2334 0.0188928 -0.0633827 0.99781 881.203
0.999859 0.000558071 -0.0167581 36.7481 0.000558071 0.997785 0.0665247 32.3619 0.0167581 -0.0665247 0.997644 883.947
0.999867 0.000553072 -0.0162913 36.6627 0.000553072 0.997698 0.067815 32.4909 0.0162913 -0.067815 0.997565 886.692
0.999864 0.000564318 -0.0164905 36.8229 0.000564318 0.997661 0.068357 32.6166 0.0164905 -0.068357 0.997525 889.435
0.999881 0.00059199 -0.0153915 36.808 0.00059199 0.997046 0.0768059 32.6753 0.0153915 -0.0768059 0.996927 890.468
0.999881 0.00059199 -0.0153915 36.7932 0.00059199 0.997046 0.0768059 32.734 0.0153915 -0.0768059 0.996927 891.501
0.999941 0.000416652 -0.0108156 36.7325 0.000416652 0.997036 0.0769302 32.7733 0.0108156 -0.0769302 0.996978 892.54
0.99994 0.00039228 -0.0109304 36.7137 0.00039228 0.997427 0.071683 32.8501 0.0109304 -0.071683 0.997368 893.588
0.999957 0.000312403 -0.00925219 36.6948 0.000312403 0.997722 0.0674522 32.9781 0.00925219 -0.0674522 0.99768 896.335
0.999968 0.000258439 -0.00794943 36.6072 0.000258439 0.997888 0.0649511 33.1371 0.00794943 -0.0649511 0.997857 899.079
0.999979 0.000206123 -0.00644815 36.5993 0.000206123 0.997958 0.0638665 33.2705 0.00644815 -0.0638665 0.997938 901.826
0.999977 0.000216506 -0.00679862 36.6132 0.000216506 0.997974 0.0636259 33.3827 0.00679862 -0.0636259 0.997951 904.574
0.99999 0.000144522 -0.00445714 36.4282 0.000144522 0.997899 0.0647813 33.5311 0.00445714 -0.0647813 0.99789 907.313
1 -1.72826e-005 0.0005178 36.2368 -1.72826e-005 0.997774 0.0666795 33.6727 -0.0005178 -0.0666795 0.997774 910.053
0.999995 -0.000109465 0.00316968 36.0488 -0.000109465 0.997618 0.0689877 33.8562 -0.00316968 -0.0689877 0.997612 912.79
0.999997 -8.38364e-005 0.00240893 36.0121 -8.38364e-005 0.997581 0.0695204 34.0378 -0.00240893 -0.0695204 0.997578 915.534
1 -3.03462e-005 0.000873434 36.0984 -3.03462e-005 0.997589 0.0694033 34.166 -0.000873434 -0.0694033 0.997588 918.28
0.999999 -4.63624e-005 0.00132602 36.0699 -4.63624e-005 0.997558 0.0698416 34.3539 -0.00132602 -0.0698416 0.997557 921.023
1 1.18223e-005 -0.000335464 36.1582 1.18223e-005 0.997519 0.0703961 34.4717 0.000335464 -0.0703961 0.997519 923.769
1 -1.95256e-005 0.000558193 36.176 -1.95256e-005 0.997556 0.0698746 34.5287 -0.000558193 -0.0698746 0.997556 924.835
1 -1.95256e-005 0.000558193 36.1938 -1.95256e-005 0.997556 0.0698746 34.5857 -0.000558193 -0.0698746 0.997556 925.901
0.999999 -3.65111e-005 0.00103972 36.1727 -3.65111e-005 0.997537 0.0701459 34.6602 -0.00103972 -0.0701459 0.997536 927.044
0.999999 -3.65111e-005 0.00103972 36.1516 -3.65111e-005 0.997537 0.0701459 34.7346 -0.00103972 -0.0701459 0.997536 928.188
0.999998 -6.23367e-005 0.00190623 36.2189 -6.23367e-005 0.997863 0.0653333 34.942 -0.00190623 -0.0653333 0.997862 930.929
1 -1.16197e-005 0.000372765 36.2191 -1.16197e-005 0.998059 0.0622829 35.0946 -0.000372765 -0.0622829 0.998058 933.675
1 -6.75622e-006 0.000207041 36.1471 -6.75622e-006 0.997873 0.0651952 35.2282 -0.000207041 -0.0651952 0.997873 936.421
1 2.81008e-006 -8.02604e-005 36.195 2.81008e-006 0.997551 0.0699384 35.3797 8.02604e-005 -0.0699384 0.997551 939.166
