0.999993 -0.00137303 -0.00338692 -0.00572106 0.00136543 0.999997 -0.0022434 -0.00113055 0.00338999 0.00223876 0.999992 0.632488
0.999969 0.00150517 -0.00770404 -0.00880728 -0.00153926 0.999989 -0.00442198 0.00637072 0.0076973 0.0044337 0.999961 0.677466
0.999936 0.000624726 -0.0112949 -0.01754 -0.000691542 0.999982 -0.00591268 -0.00420248 0.011291 0.00592011 0.999919 0.647673
0.999867 0.00236063 -0.016125 -0.0180198 -0.00247005 0.999974 -0.00676944 -0.00393372 0.0161086 0.00680837 0.999847 0.692515
0.999808 -0.000416222 -0.0196124 -0.0268385 0.000279437 0.999976 -0.00697666 -0.010215 0.0196148 0.00696984 0.999783 0.707465
0.999693 0.00244994 -0.0246709 -0.0217039 -0.00264368 0.999966 -0.00782345 -0.0122726 0.0246509 0.00788626 0.999665 0.71378
0.999528 0.00287523 -0.0305983 -0.0195886 -0.00313042 0.999961 -0.00829515 -0.00909083 0.0305733 0.00838702 0.999497 0.706789
0.999397 0.00122735 -0.0347034 -0.0360228 -0.00146442 0.999976 -0.00680663 -0.00723222 0.0346942 0.00685335 0.999374 0.735603
0.999229 7.98741e-006 -0.0392667 -0.0331624 -0.000156492 0.999993 -0.00377887 -0.0117282 0.0392664 0.0037821 0.999222 0.741765
0.999093 -0.000295307 -0.0425808 -0.0388214 0.000261559 1 -0.000798143 -0.0146175 0.042581 0.000786282 0.999093 0.753031
0.999015 0.00285147 -0.0442917 -0.0526158 -0.00292273 0.999995 -0.00154429 -0.00648322 0.044287 0.00167222 0.999017 0.774526
0.998911 -0.00111289 -0.0466506 -0.0375572 0.00104321 0.999998 -0.00151805 -0.00886737 0.0466522 0.00146773 0.99891 0.772166
0.998845 -0.00272364 -0.0479676 -0.0457474 0.0025985 0.999993 -0.00267095 -0.000825658 0.0479745 0.00254322 0.998845 0.797182
0.998746 -0.000514072 -0.0500537 -0.0386131 0.000426594 0.999998 -0.00175836 -0.00958951 0.0500545 0.0017348 0.998745 0.781621
0.99866 -0.000601588 -0.0517493 -0.0412247 0.00050262 0.999998 -0.00192544 -0.0113986 0.0517504 0.00189685 0.998658 0.790128
0.998528 0.00136006 -0.0542131 -0.041105 -0.00158383 0.99999 -0.00408491 -0.0104381 0.054207 0.00416476 0.998521 0.819534
0.998558 0.00120458 -0.053671 -0.0643619 -0.00160569 0.999971 -0.00743114 -0.000117472 0.0536605 0.0075066 0.998531 0.778375
0.998495 0.00565494 -0.0545579 -0.063464 -0.00613595 0.999944 -0.00865313 -0.0118645 0.0545059 0.00897487 0.998473 0.813032
0.998408 -1.60138e-005 -0.0564013 -0.0411497 -0.00046205 0.999964 -0.00846305 -0.0101004 0.0563995 0.00847564 0.998372 0.828106
0.998404 -0.000371489 -0.0564662 -0.0617486 -4.03783e-005 0.999973 -0.00729272 -0.010694 0.0564674 0.00728337 0.998378 0.786001
0.998323 -0.000345832 -0.057886 -0.049452 5.95225e-006 0.999983 -0.00587161 -0.0130444 0.057887 0.00586142 0.998306 0.81362
0.998306 0.000385163 -0.0581774 -0.059063 -0.00074912 0.99998 -0.00623429 -0.00678355 0.0581738 0.00626731 0.998287 0.807612
0.998233 0.000591404 -0.0594244 -0.0589185 -0.00103468 0.999972 -0.00742902 -0.00575241 0.0594183 0.00747737 0.998205 0.824127
0.998159 -0.00118151 -0.0606481 -0.0470649 0.000673718 0.999965 -0.00839253 -0.0107694 0.0606558 0.00833622 0.998124 0.800359
0.998121 -0.000583938 -0.0612757 -0.0522878 0.000158693 0.999976 -0.0069445 -0.00955929 0.0612783 0.00692172 0.998097 0.837852
0.998165 0.00173465 -0.0605289 -0.0610677 -0.00195847 0.999991 -0.00363865 -0.0101588 0.060522 0.00375052 0.99816 0.807943
0.998207 0.000901285 -0.0598527 -0.0552003 -0.000913871 1 -0.000182913 -0.00924109 0.0598525 0.000237283 0.998207 0.871784
0.99831 -0.00166447 -0.0580971 -0.053675 0.00179763 0.999996 0.0022398 -0.00542231 0.0580931 -0.00234045 0.998308 0.892769
0.998266 -0.00187958 -0.0588308 -0.0341764 0.00207922 0.999992 0.00333241 -0.00944896 0.058824 -0.00344896 0.998262 0.929751
0.998399 -0.0029749 -0.0564921 -0.0531279 0.00299841 0.999995 0.000331429 0.000638407 0.0564908 -0.000500285 0.998403 0.889519
0.99841 0.000804976 -0.0563561 -0.050601 -0.00105023 0.99999 -0.0043224 -0.00897916 0.0563521 0.00437471 0.998401 0.928803
0.998487 0.00095547 -0.0549754 -0.058641 -0.00136896 0.999971 -0.00748412 -0.0108363 0.0549666 0.00754805 0.99846 0.90911
0.998481 -0.00383391 -0.0549617 -0.0351301 0.0034854 0.999973 -0.00643543 -0.0135263 0.0549849 0.00623409 0.998468 0.853729
0.998499 -0.00224772 -0.0547305 -0.0519825 0.00216246 0.999996 -0.00161694 -0.0111797 0.054734 0.00149616 0.9985 0.899004
0.99848 -0.00402678 -0.0549731 -0.0498569 0.00412909 0.99999 0.00174757 -0.0174292 0.0549655 -0.0019719 0.998486 0.898857
0.998453 -0.0059648 -0.0552801 -0.0493381 0.00602064 0.999982 0.000843682 -0.0122401 0.055274 -0.0011752 0.998471 0.899383
0.998407 -0.00267576 -0.0563573 -0.0494701 0.00247517 0.99999 -0.00362884 -0.00455722 0.0563664 0.00348357 0.998404 0.899542
0.998365 -0.000258722 -0.0571667 -0.0594589 -0.000178767 0.999971 -0.00764763 -0.0106801 0.057167 0.00764534 0.998335 0.834196
0.998284 0.00189466 -0.058527 -0.0539808 -0.00241481 0.999958 -0.00881803 -0.0133923 0.0585079 0.00894423 0.998247 0.818328
0.998187 -0.00127685 -0.0601722 -0.040676 0.000845414 0.999974 -0.0071949 -0.021039 0.0601798 0.00713099 0.998162 0.869918
0.998177 0.00416815 -0.0602121 -0.0692261 -0.00440997 0.999983 -0.00388387 -0.0219746 0.0601948 0.00414232 0.998178 0.869706
0.997994 -0.00103448 -0.0632941 -0.0373859 0.000885771 0.999997 -0.00237745 -0.0176932 0.0632963 0.00231662 0.997992 0.895366
0.998019 0.00186651 -0.0628798 -0.0769409 -0.0018337 0.999998 0.000579511 -0.0122468 0.0628808 -0.000463061 0.998021 0.91112
0.998081 0.00143604 -0.061898 -0.0521555 -0.001211 0.999993 0.00367299 -0.0203216 0.0619028 -0.00359098 0.998076 0.86924
0.998096 0.00721287 -0.0612591 -0.078978 -0.00684658 0.999957 0.0061872 -0.00348741 0.0613011 -0.00575601 0.998103 0.906959
0.998085 -0.0014859 -0.0618342 -0.0540606 0.00184837 0.999981 0.00580504 -0.0128423 0.0618245 -0.00590822 0.99807 0.959479
0.99811 0.00028643 -0.0614577 -0.0643241 -4.32447e-005 0.999992 0.00395824 3.15969e-005 0.0614583 -0.0039481 0.998102 0.966142
0.998047 0.0054178 -0.0622383 -0.0626112 -0.00532602 0.999984 0.00164044 -0.0151297 0.0622462 -0.00130575 0.99806 0.899424
0.998022 0.000503669 -0.0628698 -0.0662713 -0.000383435 0.999998 0.00192447 -0.0170558 0.0628706 -0.00189656 0.99802 0.942185
0.998079 0.00112904 -0.0619507 -0.0893307 -0.000930869 0.999994 0.00322759 -0.0140967 0.061954 -0.00316372 0.998074 0.943638
0.998009 0.00038625 -0.0630678 -0.0551541 -9.44654e-005 0.999989 0.00462943 -0.0193671 0.0630689 -0.00461426 0.997999 0.934244
0.998016 0.0026425 -0.0628979 -0.0792009 -0.00256788 0.999996 0.00126709 -0.0106178 0.062901 -0.00110306 0.998019 0.942595
0.998064 0.00277374 -0.0621309 -0.0824187 -0.00296162 0.999991 -0.00293211 -0.00771005 0.0621222 0.00311044 0.998064 0.866006
0.998065 0.000922747 -0.0621748 -0.0663673 -0.00117674 0.999991 -0.00404858 -0.0135097 0.0621705 0.00411391 0.998057 0.897359
0.998028 -0.00217825 -0.0627371 -0.0522506 0.00218142 0.999998 -1.79124e-005 -0.0209116 0.062737 -0.000118979 0.99803 0.888565
0.998005 -0.00233688 -0.0630914 -0.0545108 0.00250281 0.999994 0.00255099 -0.00892964 0.0630851 -0.0027038 0.998004 0.898638
0.997991 -0.0017118 -0.0633343 -0.0560645 0.00190142 0.999994 0.00293376 -0.00943623 0.0633289 -0.00304829 0.997988 0.859037
0.997933 -0.00392282 -0.0641367 -0.0517207 0.00404969 0.99999 0.00184814 -0.0176789 0.0641288 -0.00210405 0.997939 0.898341
0.997913 -0.000428819 -0.0645659 -0.0642064 0.000477539 1 0.000739143 -0.0164323 0.0645655 -0.000768433 0.997913 0.904074
0.997941 -0.000568518 -0.0641411 -0.077915 0.000661277 0.999999 0.00142496 -0.00519228 0.0641402 -0.00146444 0.99794 0.884871
0.997786 -0.000739267 -0.0665027 -0.0554297 0.00111432 0.999984 0.00560269 -0.0133048 0.0664975 -0.00566439 0.997771 0.889404
0.997709 -0.0027119 -0.0676029 -0.0528016 0.00340573 0.999943 0.0101502 -0.00581034 0.0675715 -0.0103572 0.997661 0.896289
0.997617 0.00134904 -0.0689824 -0.058089 -0.000506137 0.999925 0.0122352 -0.00129707 0.0689938 -0.0121711 0.997543 0.912911
0.997506 0.00412946 -0.0704558 -0.076062 -0.00354094 0.999958 0.00847599 -0.00565611 0.0704878 -0.00820537 0.997479 0.926723
0.99743 0.00191421 -0.0716223 -0.0700698 -0.00186538 0.999998 0.000748653 -0.00702889 0.0716235 -0.000613126 0.997432 0.90014
0.99739 0.00255809 -0.0721583 -0.0716993 -0.00285322 0.999988 -0.00398725 -0.00899002 0.0721472 0.00418272 0.997385 0.866797
0.997179 0.00272615 -0.0750098 -0.049395 -0.00294808 0.999992 -0.00284819 -0.0141257 0.0750014 0.00306129 0.997179 0.846161
0.997108 0.00309804 -0.0759305 -0.0737763 -0.00312998 0.999995 -0.000301622 -0.0165188 0.0759292 0.00053841 0.997113 0.856675
0.996944 0.00271229 -0.0780715 -0.062125 -0.00257385 0.999995 0.00187386 -0.0215284 0.0780762 -0.00166719 0.996946 0.81793
0.996758 0.000587717 -0.0804515 -0.0595032 -0.000448953 0.999998 0.00174289 -0.0114876 0.0804524 -0.00170112 0.996757 0.831481
0.996698 0.00445462 -0.0810748 -0.0907092 -0.00424515 0.999987 0.00275587 -0.0142166 0.081086 -0.00240259 0.996704 0.833809
0.996554 0.00715264 -0.0826383 -0.0870913 -0.00680959 0.999967 0.00443239 -0.0285238 0.0826673 -0.00385438 0.99657 0.787884
0.996471 0.00136277 -0.0839321 -0.0783441 -0.00096106 0.999988 0.0048264 -0.00975694 0.0839377 -0.0047287 0.99646 0.826625
0.996313 -0.00100489 -0.0857818 -0.0583228 0.00155209 0.999979 0.00631257 -0.0151636 0.0857737 -0.00642244 0.996294 0.757717
0.996235 0.0023358 -0.0866635 -0.0715824 -0.00155492 0.999958 0.00907691 -0.00562735 0.0866811 -0.00890798 0.996196 0.749357
0.996142 0.000567256 -0.0877522 -0.0690895 0.000578475 0.999915 0.0130305 -0.00306286 0.0877521 -0.0130309 0.996057 0.762326
0.996069 0.00608324 -0.0883671 -0.090496 -0.0047762 0.999876 0.014995 -0.00394065 0.0884473 -0.014514 0.995975 0.801214
0.996103 0.00457813 -0.0880795 -0.105655 -0.0036251 0.999933 0.010977 -0.0045879 0.0881239 -0.0106149 0.996053 0.804546
0.99594 0.000605664 -0.0900229 -0.0668143 -0.000255772 0.999992 0.00389818 -0.0123495 0.0900246 -0.00385933 0.995932 0.7683
0.995841 -0.00120662 -0.0911023 -0.0669384 0.00101716 0.999997 -0.00212609 -0.00863759 0.0911046 0.00202458 0.995839 0.704584
0.995808 0.00556581 -0.091301 -0.0871717 -0.00587506 0.999978 -0.00311875 -0.00246917 0.0912817 0.00364207 0.995818 0.711141
0.995728 0.00329865 -0.0922769 -0.0720664 -0.00325153 0.999994 0.00066096 -0.0101592 0.0922786 -0.000358096 0.995733 0.671705
0.995565 -0.000941507 -0.094076 -0.0586915 0.00119721 0.999996 0.0026616 -0.0116157 0.094073 -0.00276242 0.995561 0.653556
0.995551 -0.00177224 -0.0942055 -0.0735035 0.00168551 0.999998 -0.00100025 -0.0109925 0.0942071 0.00083702 0.995552 0.645886
0.995518 -0.00859225 -0.0941831 -0.0430135 0.00798657 0.999945 -0.00680599 -0.0160285 0.0942364 0.00602329 0.995532 0.600344
0.995734 -0.00352452 -0.0922063 -0.0643903 0.00242359 0.999924 -0.0120491 -0.00916009 0.0922418 0.0117742 0.995667 0.576354
0.995976 0.000513232 -0.0896238 -0.0388585 -0.00165142 0.999919 -0.0126259 -0.00411982 0.0896101 0.0127231 0.995896 0.517245
0.996324 0.00301559 -0.085608 -0.0501559 -0.00384738 0.999947 -0.00955295 -0.00791647 0.0855746 0.0098472 0.996283 0.530204
0.996721 -0.00152083 -0.0808952 -0.0450816 0.00101356 0.99998 -0.00631137 -0.0155064 0.0809031 0.00620868 0.996703 0.54424
0.997195 -0.00295032 -0.0747859 -0.0367032 0.0027881 0.999994 -0.00227346 -0.0113956 0.0747921 0.00205858 0.997197 0.530204
0.99778 -0.00341935 -0.0665047 -0.031648 0.00349497 0.999993 0.00102078 -0.0141928 0.0665008 -0.00125094 0.997786 0.537046
0.998439 0.00257177 -0.0557938 -0.0265782 -0.00251763 0.999996 0.00104069 -0.00657218 0.0557962 -0.000898601 0.998442 0.508559
0.999157 0.00582742 -0.0406478 -0.0258801 -0.00580055 0.999983 0.000778833 -0.00636233 0.0406516 -0.000542396 0.999173 0.501867
0.999718 0.00440943 -0.0233425 -0.000342834 -0.00437059 0.999989 0.00171486 -0.00901306 0.0233498 -0.00161235 0.999726 0.491605
0.999995 -0.00224854 -0.00216775 0.0258863 0.00225397 0.999994 0.0025034 -0.00578127 0.00216211 -0.00250828 0.999995 0.492782
0.99969 -0.00119696 0.0248741 0.0101295 0.00110207 0.999992 0.00382806 -0.00456747 -0.0248785 -0.00379946 0.999683 0.318088
0.998524 -0.000640159 0.0543154 0.0426567 0.000328352 0.999983 0.00574941 -0.0059156 -0.0543182 -0.00572308 0.998507 0.45254
0.996126 0.000650662 0.0879372 0.0530212 -0.00130866 0.999972 0.00742513 -0.0065225 -0.0879299 -0.00751144 0.996098 0.474216
0.992075 -0.000464504 0.125646 0.075371 -0.000585754 0.999965 0.00832182 -0.00494125 -0.125645 -0.00832947 0.99204 0.44766
0.985915 -0.000635777 0.167246 0.099603 -0.000829618 0.999962 0.00869192 -0.00579083 -0.167245 -0.00870825 0.985877 0.444553
0.977478 -0.00199298 0.21103 0.138993 4.11529e-005 0.999957 0.00925307 -0.00551308 -0.211039 -0.00903598 0.977436 0.439305
0.966124 -0.00132565 0.258074 0.160895 -0.000631731 0.999972 0.00750154 -0.00783454 -0.258076 -0.00741045 0.966096 0.401531
0.949959 0.000726633 0.312374 0.147745 -0.00240175 0.999985 0.00497784 -0.00552414 -0.312365 -0.00547899 0.949946 0.394692
0.930036 -0.00080378 0.367468 0.189524 -0.000456913 0.999994 0.00334375 -0.000159012 -0.367468 -0.00327771 0.93003 0.373585
0.905886 -0.00113545 0.423519 0.214048 0.000259192 0.999998 0.00212658 0.000807335 -0.423521 -0.00181667 0.905885 0.346537
0.877037 -0.00128478 0.480421 0.229374 0.000718894 0.999999 0.0013619 -0.00357625 -0.480422 -0.000849062 0.877037 0.319547
0.843944 -0.00354246 0.536419 0.259894 0.00330153 0.999994 0.00140958 -0.00101107 -0.53642 0.000581394 0.843951 0.307876
0.808133 -0.00237878 0.588995 0.277224 0.0011421 0.999996 0.00247166 -0.0139571 -0.588999 -0.00132473 0.808133 0.268874
0.769336 -0.00257771 0.638839 0.284678 -0.000493946 0.999989 0.00462979 -0.00876521 -0.638844 -0.00387741 0.769326 0.248605
0.727063 -0.00113984 0.68657 0.293783 -0.00355239 0.999979 0.00542207 0.00450951 -0.686562 -0.00638115 0.727044 0.246409
0.682703 -0.0031636 0.730689 0.308786 -0.00237562 0.999976 0.00654912 -0.00548115 -0.730692 -0.00620695 0.682679 0.213546
0.636987 -0.00660896 0.770847 0.315343 0.00045359 0.999966 0.00819853 0.000991158 -0.770875 -0.00487271 0.636968 0.187301
0.590848 -0.0108578 0.80671 0.344688 0.00144267 0.999922 0.0124017 0.00438528 -0.806782 -0.00616369 0.590817 0.1811
0.544603 -0.00533465 0.838677 0.336704 -0.00621069 0.999927 0.0103933 -0.000405865 -0.838671 -0.010869 0.54453 0.170087
0.497301 -0.00206036 0.867576 0.361785 -0.00655094 0.99996 0.0061298 0.00527911 -0.867553 -0.00873179 0.497267 0.172712
0.452045 -0.0023891 0.891992 0.349982 -0.00268729 0.999988 0.00404023 -0.00446366 -0.891991 -0.00422341 0.452034 0.136322
0.410418 -0.010216 0.91184 0.361063 0.00128175 0.999943 0.0106261 -0.000570189 -0.911897 -0.00319239 0.410407 0.106205
0.371375 -0.0227078 0.928205 0.370975 -0.00235842 0.999675 0.0253998 0.00839292 -0.92848 -0.011622 0.371201 0.088082
0.337117 -0.0228212 0.941186 0.367282 -0.0180956 0.999364 0.0307134 0.00379959 -0.941289 -0.0273853 0.336489 0.086537
0.304819 -0.0206971 0.952185 0.405276 -0.0189838 0.999433 0.0278013 0.00500983 -0.952221 -0.0265505 0.304254 0.100788
0.273379 -0.00903148 0.961864 0.37875 -0.0196755 0.999694 0.0149788 -0.00580526 -0.961705 -0.02302 0.273118 0.112274
0.245156 -0.00663453 0.969461 0.403003 -0.00945065 0.999913 0.0092328 -0.00569264 -0.969437 -0.0114255 0.245072 0.0939489
0.219559 -0.00759336 0.97557 0.396024 -0.005065 0.999947 0.00892302 -0.00396092 -0.975586 -0.00690039 0.219509 0.0691914
0.196275 -0.0142324 0.980446 0.391085 -0.00297971 0.999881 0.015111 -0.000703832 -0.980544 -0.00588735 0.196209 0.0495016
0.176528 -0.0191641 0.984109 0.395971 -0.00378443 0.99979 0.0201483 0.0101168 -0.984288 -0.00728103 0.176418 0.0391995
0.157155 -0.01908 0.98739 0.394912 -0.00951273 0.999738 0.0208327 0.0176542 -0.987528 -0.0126667 0.156933 0.050949
0.139976 -0.0155091 0.990033 0.395849 -0.0177306 0.999678 0.018167 0.00937468 -0.989996 -0.0200968 0.139656 0.0455167
0.124533 -0.0137523 0.99212 0.388559 -0.0207048 0.99965 0.0164556 -0.000292683 -0.991999 -0.0225909 0.124204 0.0457806
0.110013 -0.0153083 0.993812 0.431681 -0.0175349 0.999696 0.01734 0.00181034 -0.993775 -0.0193341 0.109712 0.0404204
0.097083 -0.0181282 0.995111 0.443901 -0.0175027 0.999648 0.0199184 0.00272644 -0.995122 -0.0193509 0.0967316 0.0273023
0.0858429 -0.0224598 0.996055 0.480183 -0.0183178 0.999541 0.0241171 0.00633564 -0.99614 -0.0203158 0.0853921 0.0275498
0.0757126 -0.0253867 0.996806 0.503812 -0.0209435 0.999415 0.0270439 0.0105799 -0.99691 -0.0229242 0.0751366 0.0318892
0.0676209 -0.0273747 0.997335 0.496649 -0.0243605 0.99928 0.0290797 0.00943037 -0.997414 -0.026262 0.0669054 0.0303545
0.0616096 -0.0295257 0.997664 0.51462 -0.0264902 0.999162 0.031206 0.0135153 -0.997749 -0.0283509 0.0607758 0.0306174
0.0559613 -0.0305503 0.997965 0.544251 -0.028141 0.999086 0.0321626 0.0131801 -0.998036 -0.0298836 0.0550505 0.0291536
0.0489215 -0.0299275 0.998354 0.554187 -0.029984 0.999056 0.0314178 0.0160702 -0.998352 -0.0314716 0.047978 0.0368797
0.0442339 -0.0318918 0.998512 0.591995 -0.0302365 0.99899 0.0332465 0.0119318 -0.998564 -0.0316621 0.0432249 0.026702
0.040157 -0.0336322 0.998627 0.607626 -0.0317823 0.998885 0.0349189 0.0188929 -0.998688 -0.0331409 0.0390433 0.0298837
0.0371507 -0.03501 0.998696 0.62379 -0.0340716 0.998761 0.0362797 0.0176822 -0.998729 -0.035375 0.0359118 0.0199474
0.0354999 -0.0375603 0.998664 0.64837 -0.0351117 0.99863 0.0388071 0.0223405 -0.998753 -0.0364424 0.0341324 0.0142464
0.0346164 -0.0411395 0.998554 0.644335 -0.037668 0.998389 0.0424386 0.0197463 -0.998691 -0.0390826 0.033011 0.0229065
0.035708 -0.0420782 0.998476 0.664746 -0.0416577 0.998182 0.0435556 0.020415 -0.998494 -0.0431495 0.0338902 0.0238834
0.0384214 -0.0431732 0.998329 0.697142 -0.041889 0.998118 0.0447762 0.0283099 -0.998383 -0.0435394 0.0365407 0.0261569
0.0426742 -0.0467886 0.997993 0.708869 -0.0427435 0.997903 0.0486121 0.0300478 -0.998174 -0.0447322 0.0405848 0.0225796
0.0480791 -0.0408191 0.998009 0.688291 -0.0480054 0.997916 0.0431279 0.024415 -0.997689 -0.0499834 0.0460194 0.0447224
0.052776 -0.0454979 0.997569 0.722898 -0.0427289 0.997944 0.0477755 0.0239888 -0.997692 -0.0451465 0.0507234 0.0235925
0.0573954 -0.0457344 0.997303 0.72876 -0.0472925 0.997704 0.0484744 0.0274711 -0.997231 -0.0499472 0.0551008 0.0402997
0.0612612 -0.04279 0.997204 0.752866 -0.0482524 0.997786 0.0457793 0.0321721 -0.996955 -0.050922 0.0590608 0.0514023
0.0656668 -0.0411092 0.996994 0.795753 -0.0442273 0.998049 0.0440657 0.0334902 -0.996861 -0.0469881 0.0637205 0.0559458
0.0704311 -0.0395226 0.996733 0.770522 -0.0408123 0.998264 0.0424672 0.0251904 -0.996681 -0.04367 0.0686958 0.0534447
0.0766834 -0.0416205 0.996186 0.897927 -0.035702 0.998373 0.0444601 0.0199016 -0.996416 -0.0389752 0.0750727 0.0374791
0.0782178 -0.0346294 0.996335 0.844072 -0.0364413 0.998629 0.03757 0.0361007 -0.99627 -0.0392464 0.0768487 0.0753501
0.0803763 -0.0336702 0.996196 0.790164 -0.0311424 0.998857 0.0362728 0.0377086 -0.996278 -0.0339394 0.0792359 0.0309967
0.0783412 -0.0307618 0.996452 0.807118 -0.0345352 0.99884 0.0335507 0.0221049 -0.996328 -0.0370411 0.077188 0.10773
0.0769354 -0.0274379 0.996658 0.77977 -0.0332349 0.998995 0.0300678 0.0146362 -0.996482 -0.0354371 0.0759462 0.0845463
0.0825538 -0.0328048 0.996047 0.710649 -0.0278203 0.998993 0.0352076 0.0176947 -0.996198 -0.0306168 0.081558 -0.047372
0.0828901 -0.0301642 0.996102 0.807608 -0.0344923 0.998856 0.0331179 0.00397797 -0.995962 -0.037103 0.0817548 0.0766991
0.083499 -0.0296257 0.996067 0.772394 -0.0305755 0.999011 0.0322764 0.0110278 -0.996039 -0.0331503 0.0825106 0.0565326
0.0844735 -0.0287379 0.996011 0.815626 -0.0295566 0.999072 0.031333 0.0146973 -0.995987 -0.0320856 0.0835457 0.0671579
0.083508 -0.0258511 0.996172 0.790211 -0.0279604 0.999209 0.0282738 0.0120294 -0.996115 -0.0302144 0.0827191 0.0682026
0.0793464 -0.0197985 0.99665 0.815156 -0.0264343 0.999409 0.0219578 0.0200326 -0.996497 -0.0280881 0.0787762 0.0932903
0.0751002 -0.0162745 0.997043 0.828073 -0.0218138 0.999601 0.0179593 0.00878644 -0.996937 -0.0230981 0.0747152 0.0779002
0.0688366 -0.0157604 0.997503 0.814182 -0.0188318 0.999677 0.0170943 0.00896145 -0.99745 -0.0199615 0.0685175 0.0776814
0.0606243 -0.0103349 0.998107 0.810641 -0.0180234 0.999772 0.0114469 0.00568477 -0.997998 -0.0186833 0.0604242 0.0805038
0.0523767 -0.00827367 0.998593 0.801473 -0.0104897 0.999906 0.00883474 -0.00314868 -0.998572 -0.0109377 0.052285 0.0747122
0.0430453 -0.00793667 0.999042 0.813268 -0.00689876 0.999942 0.00824107 -0.000415922 -0.999049 -0.00724689 0.0429881 0.0430751
0.0339888 -0.00858002 0.999385 0.776504 -0.00724763 0.999935 0.00883123 -0.0032299 -0.999396 -0.00754334 0.0339244 0.0151387
0.023469 -0.00814141 0.999691 0.804374 -0.00929446 0.999922 0.00836148 -0.00187066 -0.999681 -0.00948782 0.0233915 0.0224472
0.0125461 -0.00626479 0.999902 0.804918 -0.00872737 0.999942 0.00637455 -0.00118412 -0.999883 -0.00880649 0.0124907 0.0153023
0.000624807 -0.00235645 0.999997 0.803357 -0.00668395 0.999975 0.00236057 0.00401864 -0.999977 -0.00668541 0.000609041 0.0347191
-0.01034 -0.00243815 0.999944 0.829271 -0.00204525 0.999995 0.00241713 -0.00907438 -0.999944 -0.00202015 -0.0103449 -0.0122221
-0.0215222 -0.00188377 0.999767 0.8351 -0.00179247 0.999997 0.00184562 -0.00946081 -0.999767 -0.00175233 -0.0215255 -0.018876
-0.0324939 -0.00106925 0.999471 0.843601 -0.000606701 0.999999 0.00105009 -0.00736005 -0.999472 -0.000572258 -0.0324945 -0.0152621
-0.0430385 -0.00105139 0.999073 0.830693 -9.17719e-005 0.999999 0.00104842 -0.0112895 -0.999073 -4.65647e-005 -0.0430385 -0.0328242
-0.0523886 -0.00135692 0.998626 0.782523 -0.000450284 0.999999 0.00133516 -0.0121706 -0.998627 -0.000379718 -0.0523891 -0.0480451
-0.0626002 -0.00176491 0.998037 0.819359 -0.000636131 0.999998 0.00172847 -0.0021294 -0.998038 -0.000526679 -0.0626012 -0.0386348
-0.0718376 -0.00277242 0.997412 0.772481 -0.00153458 0.999995 0.00266907 -0.00909097 -0.997415 -0.00133887 -0.0718415 -0.0561199
-0.0795019 -0.00723827 0.996808 0.671699 -0.00420478 0.999967 0.00692585 -0.0174871 -0.996826 -0.00364074 -0.0795297 -0.0914822
-0.0852961 -0.010616 0.996299 0.713264 -0.00878818 0.999912 0.00990212 -0.00585337 -0.996317 -0.00791105 -0.0853819 -0.0927575
-0.0920272 -0.0121615 0.995682 0.738773 -0.0123527 0.999862 0.0110709 0.00754347 -0.99568 -0.0112805 -0.0921647 -0.0444262
-0.0958274 -0.0148793 0.995287 0.713657 -0.0137867 0.999812 0.0136195 0.000948094 -0.995302 -0.0124166 -0.0960146 -0.0669818
-0.0962698 -0.0192466 0.995169 0.692246 -0.0172602 0.999695 0.0176644 -0.0148219 -0.995206 -0.0154763 -0.0965726 -0.101811
-0.0967277 -0.021061 0.995088 0.708996 -0.0208566 0.999599 0.0191291 -0.00267086 -0.995092 -0.0189038 -0.0971283 -0.0794294
-0.098718 -0.0200464 0.994914 0.681342 -0.020282 0.99963 0.018129 0.0040039 -0.994909 -0.0183892 -0.0990881 -0.0580951
-0.0966411 -0.0216093 0.995085 0.667598 -0.0198502 0.999607 0.0197797 -0.00669294 -0.995121 -0.0178411 -0.0970321 -0.07565
-0.107571 -0.0178171 0.994038 0.667336 -0.0184233 0.999703 0.0159249 0.0153859 -0.994027 -0.0166004 -0.107867 0.0993464
-0.103067 -0.0160939 0.994544 0.650613 -0.0173492 0.999746 0.0143802 -0.00523684 -0.994523 -0.0157725 -0.10332 -0.0515239
-0.0960472 -0.0156257 0.995254 0.595191 -0.0153672 0.999781 0.0142137 -0.0117859 -0.995258 -0.0139291 -0.0962663 -0.0413929
-0.084989 -0.0142021 0.996281 0.587089 -0.0153701 0.999798 0.0129411 -0.00241436 -0.996263 -0.014213 -0.0851902 -0.042812
-0.0714576 -0.013919 0.997347 0.57978 -0.0138499 0.99982 0.0129612 -0.00741639 -0.997347 -0.012887 -0.0716375 -0.0237073
-0.0542086 -0.0137193 0.998435 0.56613 -0.0122317 0.99984 0.0130745 0.000786171 -0.998455 -0.0115038 -0.0543677 -0.0173571
-0.0326997 -0.0125212 0.999387 0.542227 -0.0109406 0.999866 0.0121692 0.000260144 -0.999405 -0.010536 -0.0328323 -0.00584624
-0.00826893 -0.0116535 0.999898 0.484093 -0.00946455 0.999888 0.0115752 -0.00341608 -0.999921 -0.00936787 -0.0083783 0.016915
0.0202524 -0.010558 0.999739 0.510307 -0.00970943 0.999895 0.0107564 0.0036601 -0.999748 -0.00992474 0.0201477 0.0277082
0.0532841 -0.0087607 0.998541 0.495623 -0.0109244 0.999897 0.00935554 0.00363009 -0.99852 -0.011407 0.0531828 0.0477407
0.0911337 -0.00867675 0.995801 0.473404 -0.0114328 0.999887 0.00975866 -0.00186001 -0.995773 -0.0122741 0.0910242 0.0658704
0.132775 -0.00720275 0.99112 0.49412 -0.0128615 0.999877 0.00898937 -0.0017888 -0.991063 -0.0139409 0.132666 0.0963468
0.177083 -0.00459595 0.984185 0.502901 -0.0122778 0.999901 0.00687845 0.00357519 -0.984119 -0.0133016 0.177009 0.131149
0.223506 -0.00141372 0.974702 0.492411 -0.0108333 0.999934 0.00393448 -0.00694336 -0.974642 -0.0114386 0.223475 0.165636
0.273631 0.00185968 0.961833 0.472289 -0.00552679 0.999985 -0.000361133 0.00183382 -0.961819 -0.00521703 0.273637 0.18728
0.326732 0.00109909 0.945116 0.44954 -6.31579e-006 0.999999 -0.00116073 -0.00668257 -0.945117 0.000373277 0.326732 0.208459
0.383389 -0.00133973 0.923586 0.439919 0.00359024 0.999994 -3.97718e-005 -0.00771579 -0.92358 0.00333115 0.383391 0.231857
0.441808 -0.00216194 0.897107 0.431494 0.00450879 0.99999 0.000189384 -0.0157913 -0.897098 0.00396119 0.441813 0.269336
0.500621 -0.00297904 0.865662 0.386693 0.00545065 0.999985 0.000289126 -0.0117109 -0.86565 0.00457368 0.50063 0.275095
0.558793 0.00204978 0.829304 0.363063 0.00172299 0.999992 -0.00363264 -0.00138512 -0.829305 0.00345878 0.558785 0.296091
0.613914 0.00355727 0.789365 0.309795 0.00301087 0.999972 -0.00684802 0.00123844 -0.789367 0.00658076 0.613886 0.308608
0.66768 0.00204593 0.744446 0.291408 0.00521835 0.999959 -0.00742839 -0.00520435 -0.74443 0.00884457 0.667642 0.299046
0.717353 0.000337179 0.69671 0.248955 0.00419042 0.99998 -0.00479852 -0.0151471 -0.696698 0.00636174 0.717337 0.293609
0.762778 -0.000572031 0.64666 0.215109 -9.44028e-005 0.999999 0.000995947 -0.00661776 -0.64666 -0.000820733 0.762778 0.302685
0.804156 -0.00030115 0.594418 0.208319 -0.0042305 0.999972 0.00622983 -0.000912245 -0.594403 -0.00752444 0.804132 0.363422
0.841109 -0.000940105 0.540864 0.196246 -0.00578603 0.999926 0.010736 0.00184605 -0.540834 -0.0121596 0.841041 0.378553
0.872709 -0.00200172 0.488236 0.190493 -0.00670142 0.999848 0.0160779 0.00812472 -0.488195 -0.0173032 0.872563 0.422169
0.898805 0.000654822 0.438347 0.154005 -0.00980114 0.999779 0.0186032 -0.00385278 -0.438238 -0.0210169 0.898613 0.417025
0.919504 0.000506543 0.393081 0.147243 -0.00891082 0.999769 0.019556 -0.000919575 -0.392981 -0.0214845 0.919296 0.453186
0.935303 0.00428647 0.353822 0.12496 -0.0115928 0.999761 0.0185329 0.00318587 -0.353658 -0.0214357 0.935129 0.463188
0.947714 0.00148079 0.319118 0.122971 -0.00666645 0.999863 0.0151584 0.00854578 -0.319051 -0.0164932 0.947594 0.483159
0.957562 -0.00169195 0.288221 0.124623 -0.00259062 0.999892 0.0144765 0.00556091 -0.288214 -0.0146089 0.957454 0.483935
0.963878 -0.00722388 0.266247 0.125865 0.00320344 0.999874 0.0155316 0.00150781 -0.266326 -0.0141176 0.96378 0.474946
0.968008 -0.00425155 0.250884 0.124731 0.00012387 0.999864 0.016466 -0.0020171 -0.25092 -0.0159081 0.967877 0.526563
0.971121 0.00336813 0.238566 0.108352 -0.00703849 0.99987 0.0145349 0.00642188 -0.238486 -0.0157943 0.971018 0.480846
0.973443 0.00350275 0.228901 0.0934175 -0.00675639 0.999887 0.013432 0.00810867 -0.228828 -0.0146219 0.973357 0.469498
0.974691 0.00739156 0.223434 0.0968452 -0.00989919 0.9999 0.0101051 0.0035337 -0.223337 -0.0120612 0.974667 0.53462
0.975198 0.00533338 0.221269 0.0950883 -0.00660531 0.999966 0.00500877 -0.00189411 -0.221235 -0.00634609 0.9752 0.544338
0.975489 0.00240435 0.220037 0.113318 -0.00288237 0.999994 0.00185146 -0.00675827 -0.220031 -0.0024403 0.97549 0.521557
0.975023 -0.003262 0.22208 0.132557 0.00372118 0.999992 -0.00164923 0.00334229 -0.222072 0.00243444 0.975027 0.530566
0.973759 -0.000739716 0.227581 0.112438 0.00269033 0.999962 -0.00826096 0.00709393 -0.227567 0.00865645 0.973724 0.539752
0.973942 0.00371699 0.226765 0.181257 -0.000841772 0.999918 -0.0127746 -0.00485889 -0.226794 0.0122509 0.973866 0.503415
0.971734 0.0128494 0.235729 0.0710808 -0.00933599 0.999828 -0.0160144 -0.00456227 -0.235895 0.0133609 0.971687 0.623902
0.970369 0.00691046 0.241529 0.12778 -0.00391652 0.999909 -0.0128737 -0.0120693 -0.241596 0.0115463 0.970308 0.561985
0.968854 0.00305738 0.247614 0.210919 -0.000976666 0.999963 -0.00852546 -0.0250425 -0.247631 0.00801809 0.968821 0.979847
0.968031 -0.00311698 0.25081 0.178203 0.00363307 0.999992 -0.00159468 -0.0148008 -0.250804 0.00245491 0.968035 0.63449
0.966706 -0.00160134 0.255886 0.120794 0.000969915 0.999996 0.00259379 0.0073901 -0.255889 -0.00225924 0.966703 0.603485
0.965253 -0.00498854 0.261269 0.156727 0.00399703 0.999983 0.00432619 -0.00396083 -0.261287 -0.00313156 0.965256 0.661081
0.964532 -0.00395861 0.263936 0.153698 0.00350133 0.999991 0.00220295 -0.00422843 -0.263942 -0.00120069 0.964538 0.6712
0.964511 -0.00284837 0.264028 0.187937 0.00391808 0.999986 -0.00352499 -0.0113244 -0.264014 0.00443438 0.964509 0.679897
0.964937 -0.000695267 0.26248 0.188603 0.0033145 0.999949 -0.00953619 -0.010708 -0.26246 0.0100718 0.96489 0.641768
0.965696 0.00106803 0.259671 0.178386 0.00255464 0.999904 -0.0136131 -0.000148983 -0.259661 0.0138095 0.965601 0.658638
0.967321 -0.00485577 0.25351 0.216587 0.00728419 0.999936 -0.00864142 -0.00226893 -0.253452 0.0102056 0.967294 0.636197
0.967743 -0.00123274 0.251938 0.171179 0.00145377 0.999999 -0.000691185 -0.00799801 -0.251936 0.00103515 0.967743 0.654533
0.968672 0.000384465 0.248343 0.187729 -0.00169113 0.999986 0.00504822 -0.0131418 -0.248337 -0.00531005 0.968659 0.689886
0.969215 -0.000477521 0.246216 0.197221 -0.000567511 0.999991 0.0041734 -0.00939008 -0.246216 -0.00418465 0.969206 0.761751
0.969514 0.00399629 0.245003 0.166402 -0.00372004 0.999992 -0.00159031 -0.00494109 -0.245007 0.000630414 0.969521 0.723929
0.970382 -3.36118e-005 0.241575 0.177473 0.00175007 0.999975 -0.00689071 -0.00437968 -0.241569 0.0071094 0.970358 0.740166
0.971226 4.36553e-005 0.238158 0.161231 0.00237189 0.999949 -0.00985605 -0.00483909 -0.238146 0.0101373 0.971176 0.700317
0.971435 0.00508403 0.237253 0.117795 -0.00288557 0.99995 -0.00961267 -0.0186599 -0.23729 0.00865347 0.9714 0.677989
0.972401 -0.00167075 0.233311 0.182765 0.00347909 0.999967 -0.00733945 -0.00879791 -0.233291 0.00794859 0.972374 0.721805
0.972695 0.00127095 0.232084 0.172354 -8.92435e-005 0.999987 -0.00510214 -0.00981523 -0.232088 0.00494211 0.972682 0.749137
0.973091 -0.00270067 0.230407 0.186255 0.00326875 0.999992 -0.00208389 -0.00986834 -0.230399 0.00278095 0.973092 0.760859
0.972734 -0.00267704 0.231908 0.158887 0.00307165 0.999994 -0.00134051 0.00557397 -0.231903 0.00201631 0.972737 0.785773
0.973224 0.000790698 0.229856 0.183518 -0.00102563 0.999999 0.000902614 -0.0202984 -0.229855 -0.00111419 0.973224 0.686219
0.973316 0.00459009 0.229421 0.182452 -0.00435878 0.999989 -0.00151497 -0.0154638 -0.229426 0.000474551 0.973326 0.773541
0.973347 0.00509977 0.22928 0.181752 -0.00394139 0.999977 -0.0055099 -0.0136957 -0.229303 0.00445936 0.973345 0.775355
0.973265 0.008242 0.229535 0.177283 -0.00656127 0.999946 -0.00808462 -0.0175401 -0.229589 0.00636244 0.973267 0.781168
0.9725 0.00707608 0.232794 0.169237 -0.00513247 0.999947 -0.00895374 -0.0106467 -0.232845 0.00751271 0.972485 0.821999
0.971633 0.0045204 0.236451 0.1779 -0.00281954 0.999968 -0.00753092 -0.0199363 -0.236478 0.00665061 0.971614 0.827292
0.970901 0.00174436 0.239474 0.187712 0.000321641 0.999963 -0.00858786 -0.0127603 -0.239481 0.00841499 0.970865 0.825565
0.970406 -0.000835354 0.241477 0.202172 0.00348283 0.999938 -0.0105371 -0.0183945 -0.241453 0.0110663 0.970349 0.820733
0.970114 -0.00486821 0.242602 0.205992 0.00695014 0.999946 -0.00772654 -0.0146365 -0.242552 0.00918175 0.970095 0.792761
0.970056 -0.00694973 0.242781 0.215435 0.00898984 0.999933 -0.00729622 -0.017153 -0.242714 0.00926031 0.970054 0.790294
0.969466 -0.00105534 0.245223 0.19128 0.00278386 0.999974 -0.00670225 -0.0163019 -0.24521 0.00718027 0.969443 0.833459
0.968537 0.00540087 0.248811 0.170164 -0.00411772 0.999975 -0.00567728 -0.00524028 -0.248836 0.00447412 0.968535 0.78334
0.967997 0.00482971 0.250917 0.192253 -0.00466545 0.999988 -0.00124949 -0.0106892 -0.25092 3.88592e-005 0.968008 0.846822
0.968031 0.003385 0.250808 0.224447 -0.00406572 0.999989 0.00219601 -0.0193556 -0.250798 -0.00314552 0.968034 0.845382
0.967569 -0.00245389 0.252597 0.219609 0.0034967 0.999987 -0.00367956 -0.015672 -0.252584 0.00444348 0.967565 0.87573
0.967392 -0.00660546 0.253197 0.214369 0.0109132 0.999819 -0.0156127 -0.021554 -0.253048 0.0178668 0.967289 0.822226
0.967422 -0.00398942 0.253137 0.200296 0.0100674 0.999691 -0.0227198 -0.0165577 -0.252968 0.024528 0.967164 0.736373
0.967674 0.00194837 0.252198 0.192001 0.00150724 0.999908 -0.0135081 -0.0136258 -0.252201 0.0134515 0.967581 0.734274
0.96806 -7.90379e-005 0.250719 0.189409 -0.00177074 0.999973 0.00715231 -0.0158857 -0.250713 -0.00736783 0.968034 0.743266
0.968254 -0.000303086 0.249967 0.213745 -0.00527184 0.999752 0.0216328 -0.0135878 -0.249911 -0.0222639 0.968013 0.878331
0.968147 0.00135827 0.250379 0.208152 -0.00503934 0.999888 0.0140615 0.0109493 -0.250332 -0.0148753 0.968046 0.938114
0.968504 0.00266287 0.248985 0.2057 -0.00215846 0.999995 -0.00229884 -0.00812543 -0.24899 0.00168901 0.968505 0.86022
0.967919 0.00161349 0.251259 0.166615 0.00127057 0.999935 -0.0113158 0.00649977 -0.251261 0.011272 0.967854 0.857799
0.967086 -0.00177187 0.254443 0.162424 0.00529317 0.999899 -0.0131552 -0.00334267 -0.254394 0.0140691 0.966998 0.839666
0.966292 0.00151851 0.257442 0.168742 0.00177135 0.99992 -0.0125466 -0.0214274 -0.257441 0.0125797 0.966212 0.863396
0.966686 0.00130045 0.255962 0.192975 0.0026901 0.99988 -0.0152397 -0.00281386 -0.255951 0.0154205 0.966567 0.845958
0.968383 0.00230912 0.249458 0.205125 0.00177004 0.999868 -0.0161265 -0.0268749 -0.249463 0.0160582 0.968251 0.755135
0.967644 0.0122198 0.252024 0.105809 -0.00728284 0.999763 -0.0205127 -0.00105794 -0.252215 0.0180135 0.967504 0.781656
0.968197 0.00767225 0.250071 0.164061 -0.0020983 0.999744 -0.0225485 -0.0153773 -0.25018 0.0213066 0.967965 0.736457
0.969072 0.00182375 0.246772 0.201358 0.00340259 0.999779 -0.0207507 -0.0237999 -0.246755 0.0209486 0.968851 0.758256
0.969825 -0.00264247 0.243787 0.224087 0.00654216 0.999863 -0.015188 -0.0237817 -0.243714 0.0163246 0.96971 0.810535
0.971186 -0.00555876 0.238256 0.242996 0.00898472 0.999871 -0.0132957 -0.0309057 -0.238151 0.0150533 0.971111 0.817295
0.97167 -0.000828431 0.236341 0.176316 0.00469541 0.999864 -0.0157995 -0.0219153 -0.236296 0.0164616 0.971542 0.74863
0.9727 -0.00426049 0.232027 0.189321 0.0086949 0.999799 -0.0180923 -0.0240564 -0.231903 0.0196158 0.972541 0.788252
0.974565 -0.00478834 0.224054 0.166131 0.00895477 0.999805 -0.0175833 -0.0190282 -0.223926 0.0191424 0.974418 0.684745
0.976112 -5.58225e-005 0.217266 0.155713 0.00264044 0.999929 -0.0116058 -0.0261324 -0.21725 0.0119022 0.976043 0.708791
0.977521 -0.000664527 0.210839 0.170975 0.00141883 0.999993 -0.00342636 -0.0143327 -0.210835 0.00364848 0.977515 0.790036
0.978384 -0.00154129 0.206789 0.158098 0.000331561 0.999983 0.0058846 -0.0118856 -0.206794 -0.00568884 0.978368 0.778697
0.979398 0.00630904 0.201839 0.162596 -0.00787691 0.999945 0.00696566 -0.011821 -0.201784 -0.00841202 0.979394 0.796885
0.97962 0.00316422 0.200837 0.101846 -0.00335533 0.999994 0.000611175 0.000773006 -0.200834 -0.00127259 0.979624 0.818133
0.981118 -0.00241232 0.193394 0.159641 0.00422206 0.999951 -0.00894614 -0.0181083 -0.193363 0.00959374 0.98108 0.763216
0.98239 -0.00348735 0.186808 0.143584 0.00623962 0.99988 -0.0141472 -0.00358628 -0.186736 0.0150637 0.982295 0.755378
0.98368 -0.000675679 0.179927 0.126091 0.00321105 0.9999 -0.0138002 -0.00350139 -0.1799 0.0141527 0.983583 0.720003
0.98513 0.00678132 0.171675 0.121705 -0.00493646 0.999925 -0.0111709 -0.0241985 -0.171738 0.0101573 0.98509 0.738595
0.986261 0.00839774 0.164983 0.0890519 -0.00608862 0.999876 -0.0144969 -0.0172568 -0.165084 0.0132932 0.98619 0.763204
0.987879 0.00358047 0.155187 0.113645 -0.000312668 0.999778 -0.0210765 -0.0210906 -0.155228 0.0207725 0.98766 0.756878
0.989068 0.00136273 0.147455 0.0921265 0.00216748 0.999715 -0.0237775 -0.0194345 -0.147446 0.0238372 0.988783 0.712786
0.990366 0.000410748 0.138477 0.10781 0.00252463 0.999776 -0.0210213 -0.0215794 -0.138455 0.0211683 0.990142 0.728713
0.991487 0.0037283 0.130155 0.0975542 -0.00185804 0.999893 -0.0144879 -0.0237991 -0.130196 0.0141227 0.991388 0.750338
0.99254 0.00457041 0.121835 0.0830483 -0.00342538 0.999948 -0.00960594 -0.0200094 -0.121873 0.00911695 0.992504 0.798547
0.993383 0.00271508 0.114816 0.0688578 -0.00196445 0.999976 -0.00665025 -0.0210844 -0.114832 0.0063807 0.993364 0.771443
0.994113 0.000293875 0.108351 0.0833785 0.000216783 0.999989 -0.00470117 -0.0186488 -0.108351 0.00469699 0.994102 0.814162
0.994583 0.00152251 0.103934 0.0801157 -0.000831478 0.999977 -0.00669179 -0.0150303 -0.103941 0.00656912 0.994562 0.801276
0.995075 0.00464117 0.0990141 0.0749089 -0.00337613 0.999911 -0.0129401 -0.0153512 -0.0990653 0.0125421 0.995002 0.797781
0.995487 0.00457443 0.0947879 0.0689076 -0.00270945 0.9998 -0.0197947 -0.0248657 -0.0948596 0.0194485 0.995301 0.791681
0.995707 0.00410804 0.0924696 0.0521383 -0.00207585 0.999754 -0.0220623 -0.026271 -0.0925375 0.0217756 0.995471 0.782955
0.996072 0.00178365 0.0885334 0.0690546 -0.000306538 0.999861 -0.0166951 -0.0155112 -0.0885508 0.0166023 0.995933 0.782244
0.996263 0.00398514 0.0862739 0.0598783 -0.00343503 0.999973 -0.00652393 -0.0222721 -0.0862976 0.0062032 0.99625 0.815453
0.996541 0.00217869 0.0830797 0.0446197 -0.00222462 0.999997 0.000460248 -0.0193603 -0.0830785 -0.000643476 0.996543 0.835875
0.996906 -0.0033074 0.0785312 0.0651306 0.00353696 0.99999 -0.0027842 -0.0180189 -0.0785212 0.00305335 0.996908 0.82973
0.997248 -0.0121479 0.0731381 0.0766569 0.013063 0.999842 -0.0120463 -0.0194798 -0.0729802 0.0129685 0.997249 0.798062
0.997782 -0.000814635 0.0665644 0.0577801 0.00195283 0.999853 -0.0170359 -0.0109033 -0.0665407 0.0171281 0.997637 0.826427
0.998216 0.00452383 0.0595345 0.0419661 -0.00356634 0.999863 -0.0161794 -0.020263 -0.0595995 0.0159382 0.998095 0.793223
0.998661 -0.00194535 0.0516886 0.0313264 0.00245456 0.999949 -0.00978979 -0.0223453 -0.0516669 0.00990355 0.998615 0.807933
0.998993 -0.00499133 0.0445961 0.029251 0.00528253 0.999965 -0.00641416 -0.0169111 -0.0445625 0.00664328 0.998985 0.834099
0.999212 -0.00847312 0.0387806 0.037296 0.00855312 0.999962 -0.00189749 -0.0157246 -0.038763 0.00222769 0.999246 0.820197
0.999428 -0.00465578 0.0334948 0.0144078 0.00473018 0.999987 -0.0021421 -0.0109955 -0.0334844 0.00229931 0.999437 0.861219
0.999645 -0.00528707 0.0261299 0.0379963 0.00553224 0.999941 -0.00931947 -0.0176349 -0.0260791 0.00946071 0.999615 0.812073
0.999782 -0.00928014 0.0186808 0.026798 0.00964619 0.999761 -0.0196013 -0.0111131 -0.0184945 0.0197773 0.999633 0.799523
0.999868 -0.0105508 0.0123948 0.0176122 0.0108412 0.999663 -0.0236026 -0.0155211 -0.0121416 0.0237338 0.999645 0.743806
0.999975 0.00368971 0.0060008 -0.00754614 -0.0035926 0.999864 -0.016113 -0.0223392 -0.00605943 0.016091 0.999852 0.787837
0.999951 0.00987601 0.00077315 -0.0173671 -0.00987348 0.999946 -0.00321071 -0.0136757 -0.000804817 0.00320292 0.999995 0.779758
0.999981 0.00444001 -0.00417067 -0.0144945 -0.00442066 0.999979 0.00463505 -0.022842 0.00419116 -0.00461652 0.999981 0.832838
0.999967 -0.000441667 -0.00811272 -0.0111106 0.000454951 0.999999 0.00163574 -0.0161398 0.00811199 -0.00163938 0.999966 0.885707
0.999948 0.00132331 -0.0101021 -0.0172684 -0.001417 0.999956 -0.0092726 -0.0117417 0.0100894 0.00928643 0.999906 0.871676
0.999856 0.0107375 -0.0131149 -0.027713 -0.0109792 0.999769 -0.0185006 -0.0144594 0.0129132 0.018642 0.999743 0.837386
0.999871 -0.000274525 -0.0160832 -0.0154515 -8.99161e-005 0.999743 -0.0226546 -0.0197752 0.0160853 0.0226531 0.999614 0.76381
0.999816 -0.00554531 -0.01834 -0.00839884 0.00521073 0.99982 -0.018241 -0.0180288 0.0184378 0.0181421 0.999665 0.797533
0.999822 -0.00151001 -0.0188281 -0.0158281 0.001337 0.999957 -0.00919806 -0.0272137 0.0188412 0.00917125 0.99978 0.821321
0.999857 0.00495706 -0.0161465 -0.0549855 -0.00501673 0.999981 -0.00365699 -0.0219567 0.0161281 0.00373747 0.999863 0.828782
0.999798 -0.000698106 -0.0200666 0.0194659 0.000613175 0.999991 -0.0042383 -0.0236074 0.0200694 0.00422514 0.99979 0.840082
0.999754 -0.00348786 -0.021925 -0.0247351 0.00318388 0.999899 -0.0138842 -0.0144846 0.0219712 0.013811 0.999663 0.881114
0.999658 -0.0106661 -0.0238778 -0.00454048 0.0100489 0.999616 -0.0258195 -0.0200335 0.024144 0.0255707 0.999381 0.684913
0.999611 -0.00952164 -0.0262217 0.00197818 0.00874391 0.999523 -0.0296163 -0.031294 0.0264912 0.0293755 0.999217 0.772113
0.999657 0.00392349 -0.0259109 -0.0405986 -0.00457017 0.999678 -0.0249459 -0.0249806 0.0258047 0.0250558 0.999353 0.768179
0.999618 0.00484861 -0.027191 -0.0113853 -0.00523135 0.999888 -0.0140225 -0.0101146 0.0271199 0.0141594 0.999532 0.301027
0.999602 0.00147469 -0.0281622 -0.0304141 -0.00176416 0.999946 -0.0102567 -0.030036 0.0281456 0.0103024 0.999551 0.823504
0.999521 -0.00306445 -0.03081 -0.00608977 0.00261796 0.999891 -0.0145214 -0.0199141 0.0308512 0.0144338 0.99942 0.822865
0.99968 0.00471829 -0.0248392 -0.0837949 -0.0052487 0.999759 -0.0213319 -0.0185914 0.0247325 0.0214555 0.999464 0.843632
0.999665 0.00661751 -0.0250022 -0.0351209 -0.00716641 0.999734 -0.0219284 -0.0203234 0.0248505 0.0221002 0.999447 0.82591
0.999679 0.00336687 -0.0251159 -0.032435 -0.00386575 0.999796 -0.0198408 -0.018742 0.0250439 0.0199315 0.999488 0.824614
0.999649 0.00287701 -0.0263515 -0.0226357 -0.00331939 0.999854 -0.0167595 -0.0258741 0.0262994 0.016841 0.999512 0.82098
0.999552 0.000738854 -0.0299171 0.00429841 -0.00119317 0.999884 -0.0151709 -0.0141302 0.0299024 0.0151998 0.999437 0.829524
0.999467 0.00192134 -0.0325771 -0.00609285 -0.00244961 0.999866 -0.0161838 -0.0217186 0.0325416 0.0162549 0.999338 0.843939
0.999367 -0.00463788 -0.035285 0.00298417 0.00392115 0.999785 -0.0203547 -0.0299502 0.0353718 0.0202035 0.99917 0.805274
0.999297 0.00213768 -0.0374249 -0.0219544 -0.00306732 0.999688 -0.0248004 -0.0357426 0.0373602 0.0248977 0.998992 0.747189
0.999238 0.00115703 -0.0390082 -0.0340836 -0.00210287 0.999705 -0.0242148 -0.0261712 0.0389687 0.0242784 0.998945 0.753239
0.999142 -0.0014905 -0.0413951 -0.0304593 0.000889096 0.999894 -0.0145429 -0.0231346 0.0414123 0.0144936 0.999037 0.770074
0.999069 -0.0026999 -0.0430474 -0.0354432 0.0024595 0.999981 -0.00563643 -0.0250359 0.0430618 0.00552531 0.999057 0.779151
0.999034 -0.00879543 -0.043046 -0.0214781 0.00862828 0.999955 -0.00406732 -0.0215685 0.0430799 0.00369198 0.999065 0.773262
0.999054 0.000214076 -0.0434967 -0.0391308 -0.000689414 0.99994 -0.0109134 -0.0182193 0.0434918 0.0109331 0.998994 0.782714
0.999105 0.00184415 -0.0422675 -0.0550308 -0.00253149 0.999865 -0.0162139 -0.0107499 0.0422319 0.0163063 0.998975 0.75776
0.999155 -0.000863693 -0.0410826 -0.0361259 -5.43617e-005 0.99975 -0.0223402 -0.0228699 0.0410916 0.0223236 0.998906 0.712999
0.999196 -0.00326427 -0.0399509 -0.0291784 0.0022162 0.999653 -0.02625 -0.0262855 0.0400227 0.0261404 0.998857 0.670562
0.999303 -0.00374929 -0.0371536 -0.0256105 0.00259802 0.999516 -0.0309868 -0.0273581 0.0372518 0.0308686 0.998829 0.671092
0.999475 -0.00182224 -0.0323371 -0.0325733 0.000766027 0.999467 -0.0326449 -0.0186262 0.0323794 0.032603 0.998944 0.648346
0.999631 0.00136498 -0.0271332 -0.020418 -0.00211595 0.999615 -0.0276679 -0.0251565 0.027085 0.0277151 0.999249 0.607982
0.999767 0.00323171 -0.0213375 -0.0135684 -0.00362415 0.999825 -0.0183791 -0.0243548 0.0212744 0.0184521 0.999603 0.620309
0.999859 0.00694559 -0.0153104 -0.0364546 -0.00715752 0.999879 -0.0138307 -0.0268506 0.0152125 0.0139384 0.999787 0.694921
0.999956 0.00333238 -0.00879147 -0.0259035 -0.00346529 0.999879 -0.015147 -0.0296563 0.00873994 0.0151768 0.999847 0.681397
0.999997 -0.00187214 -0.00152248 0.00604221 0.0018369 0.999738 -0.0228301 -0.0250633 0.00156482 0.0228273 0.999738 0.582101
0.999981 0.00133595 0.0059639 -0.00484527 -0.00114653 0.999498 -0.0316516 -0.0227213 -0.00600319 0.0316442 0.999481 0.639204
0.999903 0.00470133 0.0131059 -0.00402953 -0.00421354 0.999306 -0.0370009 -0.0185955 -0.0132707 0.0369421 0.999229 0.60089
0.999784 0.000308404 0.0207715 0.0131917 0.000427932 0.999372 -0.0354357 -0.0238053 -0.0207693 0.0354369 0.999156 0.548181
0.999628 -0.00321148 0.0270861 0.010937 0.00402391 0.999542 -0.0299933 -0.0249436 -0.0269774 0.0300911 0.999183 0.622158
0.999417 -0.0057032 0.0336589 0.0314383 0.00651142 0.999692 -0.0239515 -0.0287974 -0.0335119 0.0241567 0.999146 0.593002
0.999167 -0.00429212 0.0405748 0.0155863 0.00518961 0.999744 -0.0220402 -0.0292718 -0.0404698 0.0222324 0.998933 0.610363
0.999023 0.00216012 0.044136 0.0237013 -0.00121773 0.999771 -0.0213677 -0.0188023 -0.044172 0.0212931 0.998797 0.603524
0.998949 0.00388537 0.0456774 0.0124519 -0.00298172 0.999799 -0.0198349 -0.0182881 -0.0457452 0.0196778 0.998759 0.607647
0.998981 0.000484072 0.0451247 0.0295807 0.000330071 0.999837 -0.0180329 -0.0156165 -0.0451261 0.0180294 0.998819 0.621728
0.998871 0.00154639 0.0474791 -0.00568755 -0.000821552 0.999883 -0.0152821 -0.0226557 -0.0474972 0.0152258 0.998755 0.631499
0.998847 0.00262495 0.0479345 0.0210107 -0.0019831 0.999908 -0.0134328 -0.0216037 -0.0479654 0.0133223 0.99876 0.639396
0.998874 0.00766019 0.0468261 0.0256011 -0.00679514 0.999804 -0.0186052 -0.0205885 -0.0469594 0.018266 0.99873 0.633023
0.998911 0.00573487 0.046308 0.0107837 -0.00446121 0.99961 -0.0275606 -0.0227021 -0.046448 0.027324 0.998547 0.631456
0.999032 -0.00247182 0.0439104 0.0284513 0.00406212 0.999338 -0.0361648 -0.0218968 -0.0437919 0.0363082 0.998381 0.602226
0.999166 -0.00391501 0.0406489 0.0230818 0.00557188 0.999155 -0.0407276 -0.0148156 -0.0404551 0.0409201 0.998343 0.561204
0.999296 0.00371692 0.0373231 0.00812142 -0.00239461 0.99937 -0.0354112 -0.0167804 -0.0374312 0.0352969 0.998676 0.581529
0.999418 0.00847691 0.0330311 0.00367278 -0.00770441 0.999695 -0.0234447 -0.0225837 -0.0332198 0.0231766 0.999179 0.583714
0.999583 -0.00541144 0.0283477 0.0189961 0.00567234 0.999942 -0.0091314 -0.0228822 -0.0282967 0.00928839 0.999556 0.633521
0.999699 -0.00663173 0.0236306 0.0309305 0.00662672 0.999978 0.000290182 -0.0169225 -0.023632 -0.000133502 0.999721 0.702407
0.999792 -0.00309089 0.0201433 0.028671 0.00312055 0.999994 -0.00144134 -0.0177537 -0.0201387 0.0015039 0.999796 0.72471
0.999831 0.00383122 0.0179954 -0.00496232 -0.00369238 0.999963 -0.00774239 -0.0159804 -0.0180244 0.00767463 0.999808 0.719774
0.999893 0.000539699 0.0146259 -0.00548463 -0.000300498 0.999866 -0.0163518 -0.0139765 -0.0146328 0.0163457 0.999759 0.684511
0.999875 -0.00874988 0.0131416 0.0142079 0.00901843 0.999749 -0.0205173 -0.0176426 -0.0129588 0.0206333 0.999703 0.674146
0.999891 -0.00746662 0.0127145 0.0121876 0.00765902 0.999856 -0.0151512 -0.0184735 -0.0125995 0.015247 0.999804 0.689296
0.999903 -0.00616408 0.0125245 0.000407088 0.00629623 0.999925 -0.0105394 -0.0241859 -0.0124586 0.0106173 0.999866 0.713119
0.999777 0.0118387 0.0175111 -0.0968986 -0.0117241 0.999909 -0.00662851 -0.0542354 -0.017588 0.00642173 0.999825 0.586786
0.999861 -0.00177292 0.01659 0.0105021 0.00193103 0.999953 -0.00951912 -0.0172746 -0.0165724 0.00954983 0.999817 0.703578
0.999862 -0.00451619 0.0159737 0.0105943 0.00474024 0.999891 -0.014016 -0.0176971 -0.0159086 0.0140898 0.999774 0.702141
0.99984 -0.00796811 0.0159958 0.0105017 0.00820622 0.999856 -0.0148757 -0.0169235 -0.0158749 0.0150046 0.999761 0.680403
0.999885 -0.000521452 0.0151705 0.0110264 0.000707614 0.999924 -0.0122685 -0.0122809 -0.0151629 0.0122778 0.99981 0.666226
0.999871 0.000302903 0.0160646 -0.00478309 -0.000179659 0.999971 -0.00767263 -0.0191151 -0.0160665 0.00766875 0.999842 0.700421
0.999872 -0.000440729 0.0159935 0.00350717 0.000519294 0.999988 -0.00490848 -0.0171728 -0.0159912 0.00491616 0.99986 0.723643
0.999877 -0.00169467 0.0156239 0.0140793 0.00180602 0.999973 -0.00711533 -0.0229457 -0.0156114 0.00714267 0.999853 0.698623
0.99985 -0.00287761 0.0171039 0.00592241 0.00311895 0.999896 -0.0141005 -0.0186889 -0.0170615 0.0141518 0.999754 0.722627
0.999868 -0.000741735 0.0162254 0.029099 0.00111939 0.999728 -0.0232789 -0.0261784 -0.0162037 0.023294 0.999597 0.659952
0.999795 0.00499332 0.0196266 -0.0221851 -0.00445249 0.999612 -0.0275037 -0.0182683 -0.0197563 0.0274107 0.999429 0.573099
0.999795 0.00499332 0.0196266 -0.0443702 -0.00445249 0.999612 -0.0275037 -0.0365367 -0.0197563 0.0274107 0.999429 1.1462
0.99982 -0.00122441 0.0189128 0.0434856 0.00163635 0.999761 -0.0217811 -0.00904446 -0.0188816 0.0218082 0.999584 0.659267
0.999818 -0.00107428 0.019035 0.00140923 0.00133738 0.999904 -0.013815 -0.0266966 -0.0190183 0.0138379 0.999723 0.657035
0.999815 0.000985088 0.0192333 0.00808669 -0.000804218 0.999955 -0.00940948 -0.0191571 -0.0192417 0.00939227 0.999771 0.642169
0.99981 0.00423032 0.0190344 0.0111838 -0.00410271 0.999969 -0.00673829 -0.0162421 -0.0190623 0.00665892 0.999796 0.6417
0.999883 -0.00958429 0.0119617 0.0553008 0.00963454 0.999945 -0.00415078 -0.0112218 -0.0119213 0.00426554 0.99992 0.634139
0.999962 -0.00491753 0.00716361 0.00477655 0.00494398 0.999981 -0.00367926 -0.0288387 -0.00714538 0.00371454 0.999968 0.629778
0.999985 -0.00536853 -0.000639036 -0.00959067 0.00536457 0.999967 -0.00605386 -0.00374325 0.000671515 0.00605035 0.999981 0.638195
0.999928 -0.00326481 -0.0115347 -0.0047115 0.00315436 0.999949 -0.00958052 -0.00654219 0.0115654 0.00954345 0.999888 0.200215
0.999668 -0.000541335 -0.0257529 -0.0252684 0.000206135 0.999915 -0.0130169 -0.0129492 0.0257578 0.0130073 0.999584 0.561174
0.999008 -0.000824108 -0.0445276 -0.0410315 0.000163027 0.99989 -0.0148481 -0.0184237 0.0445349 0.0148261 0.998898 0.541372
0.997726 -0.00783175 -0.0669424 -0.0131829 0.0069257 0.999881 -0.013756 -0.00316092 0.0670422 0.0132611 0.997662 0.178924
0.995822 0.00213016 -0.0912901 -0.0675593 -0.00307056 0.999944 -0.010162 -0.0187448 0.0912633 0.0103999 0.995772 0.488027
0.992816 -0.00188177 -0.119636 -0.0696716 0.0010594 0.999975 -0.00693711 -0.0118186 0.119646 0.00676053 0.992794 0.482546
0.988372 -0.0023319 -0.152039 -0.0824596 0.00136161 0.999978 -0.00648565 -0.0172375 0.152051 0.00620322 0.988353 0.446015
0.982149 0.0020317 -0.188094 -0.10929 -0.00363439 0.99996 -0.00817622 -0.0110085 0.18807 0.00871387 0.982117 0.441385
0.973546 0.00385818 -0.22846 -0.120939 -0.00634939 0.999928 -0.0101704 -0.00873651 0.228404 0.0113519 0.9735 0.404561
0.962427 0.00261209 -0.271528 -0.145926 -0.00590958 0.999918 -0.0113272 -0.00628114 0.271476 0.0125062 0.962364 0.379149
0.948259 0.00258315 -0.317487 -0.147881 -0.00609762 0.999931 -0.0100765 -0.00408775 0.317439 0.011491 0.948209 0.365652
0.931198 0.00927673 -0.364396 -0.181735 -0.0126132 0.999897 -0.00677714 -0.00775703 0.364295 0.010907 0.93122 0.344202
0.910825 0.0129435 -0.412589 -0.198656 -0.0148284 0.999889 -0.00136692 -0.00756401 0.412526 0.00736306 0.910916 0.319771
0.887002 0.0133163 -0.461573 -0.213612 -0.0119293 0.999911 0.00592275 -0.00744448 0.461611 0.000252747 0.887082 0.299581
0.859671 0.0111653 -0.510727 -0.235812 -0.00593748 0.999912 0.0118655 -0.00203953 0.510814 -0.00716797 0.859661 0.293179
0.827659 0.00921475 -0.561155 -0.244456 0.000264943 0.999859 0.0168095 0.00409789 0.561231 -0.0140612 0.82754 0.299501
0.793544 0.0132562 -0.608369 -0.253499 0.00335426 0.999652 0.0261573 0.00278943 0.608504 -0.0227976 0.793223 0.272337
0.757785 0.0178959 -0.652259 -0.297038 0.01032 0.99917 0.0394036 0.008656 0.652423 -0.0365907 0.756972 0.274456
0.720308 0.0232563 -0.693265 -0.320227 0.0170038 0.998545 0.0511644 0.00814851 0.693446 -0.0486422 0.718864 0.261352
0.681257 0.0303573 -0.731414 -0.351158 0.0204195 0.997963 0.0604396 0.00904572 0.731759 -0.05611 0.67925 0.238286
0.63957 0.0325561 -0.768044 -0.363322 0.026781 0.997553 0.0645859 0.0132409 0.768267 -0.0618761 0.637132 0.247231
0.595972 0.0363088 -0.802184 -0.464073 0.0302265 0.997255 0.0675945 0.0170737 0.802436 -0.0645316 0.593238 0.249001
0.550668 0.0354789 -0.83397 -0.460623 0.0341845 0.9973 0.0649992 0.0260234 0.834024 -0.0643019 0.547968 0.190585
0.501292 0.0335175 -0.864629 -0.41113 0.0342436 0.997698 0.0585297 0.0227782 0.8646 -0.0589485 0.49899 0.191546
0.449836 0.0322243 -0.89253 -0.430764 0.031044 0.998181 0.051685 0.0222798 0.892571 -0.0509574 0.448017 0.179539
0.396775 0.0315666 -0.917373 -0.463019 0.028853 0.998486 0.046837 0.0216384 0.917462 -0.0450527 0.395263 0.18118
0.34734 0.0349987 -0.937086 -0.445984 0.0275114 0.998493 0.0474895 0.0201444 0.937336 -0.0422755 0.345854 0.111648
0.2988 0.0364356 -0.95362 -0.494129 0.0325196 0.998302 0.0483323 0.0310809 0.953762 -0.045453 0.297108 0.124784
0.253973 0.0371599 -0.966497 -0.420676 0.0369428 0.99816 0.048085 0.000442319 0.966505 -0.0479174 0.252133 0.0514581
0.211383 0.0381148 -0.97666 -0.492084 0.0366029 0.99823 0.0468787 0.014469 0.976718 -0.0456579 0.209613 0.0747182
0.171793 0.0407791 -0.984289 -0.495524 0.0365533 0.998191 0.0477349 0.0181734 0.984455 -0.0441795 0.169991 0.0576535
0.137198 0.0422235 -0.989643 -0.536602 0.0386651 0.998101 0.0479447 0.017982 0.989789 -0.0448426 0.135305 0.0463876
0.109335 0.0473095 -0.992878 -0.48952 0.0382512 0.997927 0.0517622 0.0219472 0.993269 -0.0436382 0.107299 0.0227316
0.0848949 0.0501689 -0.995126 -0.535535 0.0437314 0.997582 0.0540235 0.0270116 0.99543 -0.0481046 0.0824957 0.0165011
0.0631121 0.0546729 -0.996508 -0.543731 0.0481077 0.997171 0.0577561 0.0275549 0.996846 -0.0515848 0.0603033 0.0209157
0.0450965 0.0576228 -0.997319 -0.526265 0.0525516 0.996816 0.05997 0.0252207 0.997599 -0.0551151 0.0419248 0.00593204
0.0310865 0.0618577 -0.997601 -0.397945 0.0566416 0.99637 0.0635465 0.0184794 0.99791 -0.0584811 0.0274699 0.00171052
0.0208478 0.0627934 -0.997809 -0.509496 0.0597961 0.996161 0.0639391 0.0274601 0.997993 -0.060998 0.0170129 0.0174485
0.0152821 0.0647035 -0.997788 -0.54216 0.0611749 0.995974 0.0655229 0.0292446 0.99801 -0.0620409 0.0112623 -0.00880465
0.0102722 0.063716 -0.997915 -0.526396 0.0644678 0.995849 0.0642477 0.0310805 0.997867 -0.0649934 0.00612194 0.0137276
0.00938092 0.0646587 -0.997863 -0.601779 0.0639327 0.995827 0.0651278 0.0394213 0.99791 -0.0644071 0.00520797 -0.0027941
0.00795809 0.0631932 -0.99797 -0.624202 0.0646441 0.995881 0.0635764 0.0417455 0.997877 -0.0650188 0.00384025 0.00780974
0.00825649 0.0609987 -0.998104 -0.64593 0.0640544 0.996056 0.0614034 0.0349846 0.997912 -0.06444 0.00431669 0.00255185
0.00663869 0.058912 -0.998241 -0.632907 0.0599887 0.996442 0.0592047 0.047596 0.998177 -0.0602762 0.00308102 0.0236056
0.00746837 0.0562689 -0.998388 -0.660531 0.0575083 0.996739 0.0566062 0.0261624 0.998317 -0.0578383 0.00420808 -0.00170054
0.00706867 0.0539719 -0.998517 -0.669817 0.0536232 0.997085 0.0542741 0.0349196 0.998536 -0.0539273 0.00415393 0.0159218
0.0100519 0.0588689 -0.998215 -0.671767 0.0526589 0.996849 0.0593186 0.0383959 0.998562 -0.0531612 0.00692026 -0.0296084
0.0110903 0.0589675 -0.998198 -0.68967 0.0578384 0.996551 0.0595128 0.0433233 0.998264 -0.0583942 0.00764144 0.00811764
0.0117757 0.0581409 -0.998239 -0.753164 0.0588685 0.996536 0.0587361 0.0428719 0.998196 -0.0594565 0.00831226 0.0113001
0.0143154 0.0573177 -0.998253 -0.73618 0.0589451 0.996571 0.0580664 0.04114 0.998159 -0.0596734 0.0108877 -0.00510039
0.0167584 0.0599686 -0.99806 -0.804407 0.0571142 0.996512 0.0608347 0.0578822 0.998227 -0.0580228 0.0132749 -0.0116495
0.00912101 0.0572249 -0.99832 -0.731387 0.0579234 0.996655 0.0576586 0.0649525 0.998279 -0.0583519 0.00577584 0.119243
0.010301 0.0567505 -0.998335 -0.826105 0.0578036 0.996685 0.0572531 0.0452808 0.998275 -0.0582971 0.00698647 0.00432088
0.012877 0.0585649 -0.998201 -0.816714 0.0589252 0.996504 0.0592255 0.0457387 0.998179 -0.0595819 0.00938102 -0.0161089
0.0117297 0.0539228 -0.998476 -0.863612 0.0631326 0.996513 0.0545584 0.0458891 0.997936 -0.0636763 0.00828451 0.0264946
0.0134068 0.0542343 -0.998438 -0.877759 0.0589515 0.996748 0.0549341 0.0342026 0.998171 -0.0595959 0.010166 -0.00638094
0.0125332 0.0526116 -0.998536 -0.883815 0.0550414 0.997064 0.0532249 0.0363775 0.998405 -0.0556279 0.00960058 0.010763
0.0134309 0.0539885 -0.998451 -0.900905 0.0498193 0.997265 0.0545945 0.0278001 0.998668 -0.0504754 0.0107045 -0.0144385
0.0119383 0.0554359 -0.998391 -0.873554 0.049803 0.99719 0.0559648 0.0340006 0.998688 -0.050391 0.00914392 0.0030645
0.00857375 0.0521749 -0.998601 -0.831725 0.0545921 0.997124 0.0525665 0.0393834 0.998472 -0.0549664 0.00570076 0.0220395
0.00418706 0.0478175 -0.998847 -0.852789 0.0574059 0.997197 0.0479792 0.0378921 0.998342 -0.0575406 0.00143032 0.0101348
0.00325056 0.0519757 -0.998643 -0.864847 0.052557 0.997259 0.0520747 0.0414845 0.998613 -0.0526549 0.00050997 -0.0380069
7.26134e-005 0.0489073 -0.998803 -0.853967 0.0563154 0.997218 0.0488337 0.0228212 0.998413 -0.0562515 -0.00268182 -0.010327
-0.00664853 0.0462596 -0.998907 -0.965953 0.0487237 0.997758 0.0458821 0.0372281 0.99879 -0.0483654 -0.00888756 0.0438593
-0.00565979 0.0481164 -0.998826 -1.12165 0.0437249 0.997898 0.047824 0.0423495 0.999028 -0.0434029 -0.00775179 -0.0499378
-0.0115592 0.0475338 -0.998803 -1.09838 0.0459208 0.997841 0.0469566 0.0316137 0.998878 -0.0453231 -0.013717 0.0242023
-0.0144096 0.0500167 -0.998644 -1.07043 0.0452599 0.997757 0.0493192 0.047019 0.998871 -0.0444879 -0.016641 -0.00928134
-0.014806 0.0497013 -0.998654 -0.998703 0.0500192 0.99755 0.0489048 0.0262224 0.998639 -0.0492278 -0.0172557 -0.0360075
-0.0164811 0.0510206 -0.998562 -1.02011 0.0490816 0.997535 0.050158 0.023329 0.998659 -0.0481843 -0.0189447 -0.0190626
-0.0193949 0.0532819 -0.998391 -1.60296 0.0486581 0.997446 0.0522862 0.0391881 0.998627 -0.0475657 -0.021938 -0.00193533
-0.0197662 0.05456 -0.998315 -1.45984 0.0507154 0.997279 0.0534992 0.0523108 0.998518 -0.0495724 -0.0224794 -0.0470368
-0.0135041 0.0590715 -0.998162 -1.61308 0.0530284 0.996891 0.0582788 0.0854566 0.998502 -0.052144 -0.0165946 -0.171123
-0.00783681 0.0642632 -0.997902 -1.41761 0.0596292 0.996187 0.0636844 0.0531542 0.99819 -0.0590051 -0.0116389 -0.059222
-0.00719063 0.0594339 -0.998206 -1.34756 0.0632403 0.996261 0.0588626 0.0796731 0.997972 -0.0627036 -0.0109224 -0.0344919
-0.00587644 0.0582634 -0.998284 -1.16879 0.0611937 0.996451 0.0577962 0.0440041 0.998109 -0.060749 -0.00942094 -0.00372239
-0.00511879 0.0562271 -0.998405 -1.08625 0.0595264 0.996665 0.0558239 0.0412497 0.998214 -0.0591457 -0.00844872 -0.00782784
-0.00429836 0.0501018 -0.998735 -0.998863 0.0582935 0.997058 0.0497668 0.0371049 0.99829 -0.0580059 -0.00720633 -0.00411023
-0.00312736 0.0456292 -0.998954 -1.47611 0.0498328 0.997724 0.045417 0.0526737 0.998753 -0.0496386 -0.00539407 -0.0105957
-0.00193 0.0478482 -0.998853 -0.974944 0.0441023 0.997887 0.0477167 0.0313176 0.999025 -0.0439596 -0.00403614 0.0112208
0.00102106 0.0503323 -0.998732 -0.895035 0.047873 0.997585 0.0503234 0.0154983 0.998853 -0.0478637 -0.00139096 -0.0206228
0.00424487 0.0527779 -0.998597 -0.949049 0.0502458 0.997334 0.0529247 0.0485976 0.998728 -0.0504 0.00158169 -0.00693309
0.00159102 0.0455859 -0.998959 -0.776554 0.0545657 0.997468 0.0456048 0.0509436 0.998509 -0.0545814 -0.000900431 0.00446821
-0.00124107 0.0475851 -0.998866 -0.863839 0.0489777 0.997671 0.0474673 0.0385001 0.998799 -0.0488632 -0.00356879 0.0198233
-0.00206475 0.0529449 -0.998595 -0.819506 0.0492014 0.997393 0.0527794 0.0304807 0.998787 -0.0490233 -0.00466433 -0.0298343
0.00394669 0.0587742 -0.998264 -0.811237 0.0527995 0.996867 0.0589007 -0.0123251 0.998597 -0.0529402 0.000831078 -0.129102
0.00269934 0.0624693 -0.998043 -0.874118 0.0570471 0.996412 0.0625215 0.0197297 0.998368 -0.0571042 -0.000874036 -0.0223421
-0.000197483 0.0619365 -0.99808 -0.799131 0.0597774 0.996296 0.0618139 0.035885 0.998212 -0.0596504 -0.00389915 0.00658672
0.00419878 0.0658508 -0.997821 -0.79724 0.0617427 0.995909 0.0659844 0.0232632 0.998083 -0.0618852 0.000115798 -0.0782172
-0.000277566 0.0672997 -0.997733 -0.791246 0.0649138 0.99563 0.0671398 0.0434739 0.997891 -0.064748 -0.00464503 -0.016598
-0.00414053 0.0701344 -0.997529 -0.846864 0.0677875 0.995263 0.0696937 0.0474616 0.997691 -0.0673314 -0.00887516 -0.0181558
-0.00739004 0.0723338 -0.997353 -0.83611 0.0713298 0.994878 0.0716258 0.0517156 0.997425 -0.0706117 -0.0125117 -0.0322653
-0.0104769 0.0753942 -0.997099 -0.821048 0.0754553 0.99437 0.074395 0.0482623 0.997094 -0.074457 -0.0161068 -0.0206786
-0.0139592 0.0801733 -0.996683 -0.840268 0.0767117 0.993928 0.0788774 0.0490263 0.996956 -0.0753562 -0.0200246 -0.0312554
-0.0163495 0.0835278 -0.996371 -0.827252 0.080097 0.993411 0.0819653 0.0510804 0.996653 -0.0784662 -0.0229321 -0.0317128
-0.0157751 0.0918183 -0.995651 -0.806594 0.0823504 0.992511 0.090224 0.0511499 0.996479 -0.0805689 -0.0232182 -0.0464874
-0.0185563 0.0935669 -0.99544 -0.755997 0.0896798 0.991754 0.0915487 0.0745784 0.995798 -0.087572 -0.0267943 -0.00605183
-0.0194053 0.0950572 -0.995283 -0.763776 0.0940057 0.991234 0.0928376 0.0635114 0.995383 -0.0917607 -0.0281711 -0.0210793
-0.0193371 0.0967304 -0.995123 -0.747256 0.0955766 0.99093 0.0944656 0.0599812 0.995234 -0.0932838 -0.0284069 -0.0303179
-0.0192603 0.0986815 -0.994933 -0.728277 0.0968952 0.990617 0.0963778 0.0478723 0.995108 -0.0945479 -0.0286413 -0.0315867
-0.0172022 0.0982079 -0.995017 -0.692761 0.0989624 0.990445 0.0960457 0.0636446 0.994942 -0.0968171 -0.0267567 -0.0100933
-0.00840269 0.111517 -0.993727 -0.642791 0.0970872 0.989158 0.110183 0.03463 0.99524 -0.0955523 -0.0191385 -0.103491
-0.00640924 0.112991 -0.993575 -0.658557 0.112503 0.987369 0.11156 0.0570619 0.993631 -0.111065 -0.0190402 -0.0150931
-0.00434819 0.112974 -0.993588 -0.666809 0.114849 0.98708 0.111731 0.0487775 0.993373 -0.113627 -0.0172669 -0.0173679
-0.00148098 0.11443 -0.99343 -0.667582 0.113579 0.987022 0.113523 0.0591921 0.993528 -0.112665 -0.0144587 -0.0106021
0.000341464 0.11276 -0.993622 -0.662574 0.113159 0.987236 0.112074 0.0674343 0.993577 -0.112476 -0.0124227 -0.00183877
0.00378276 0.112503 -0.993644 -0.732612 0.111255 0.987435 0.112224 0.0730718 0.993785 -0.110973 -0.00878136 -0.0140497
0.0028021 0.107499 -0.994201 -0.792012 0.112142 0.9879 0.107134 0.0669705 0.993688 -0.111791 -0.00928694 0.024915
0.00238229 0.107175 -0.994237 -0.982901 0.106909 0.988515 0.106814 0.11435 0.994266 -0.106548 -0.00910305 0.11837
0.0038543 0.109959 -0.993929 -1.30665 0.106754 0.988211 0.10974 0.218674 0.994278 -0.106529 -0.00792971 0.167574
-0.000133668 0.110101 -0.99392 -2.27173 0.112158 0.987651 0.109392 0.142449 0.99369 -0.111461 -0.0124807 0.98624
0.00157865 0.106947 -0.994263 -1.57958 0.109912 0.988222 0.106472 0.149262 0.99394 -0.10945 -0.0101948 0.0427885
0.00725289 0.106797 -0.994254 -0.954545 0.107123 0.988476 0.106958 0.0534362 0.994219 -0.107283 -0.00427112 -0.0154629
0.0163825 0.104918 -0.994346 -0.541067 0.107957 0.98848 0.106077 0.0476198 0.994021 -0.109084 0.00486721 0.00189329
0.0163825 0.104918 -0.994346 -1.08213 0.107957 0.98848 0.106077 0.0952396 0.994021 -0.109084 0.00486721 0.00378657
0.0242173 0.101764 -0.994514 -0.526227 0.106454 0.988887 0.103781 0.0531488 0.994023 -0.108383 0.013115 0.0120861
0.0242173 0.101764 -0.994514 -1.05245 0.106454 0.988887 0.103781 0.106298 0.994023 -0.108383 0.013115 0.0241721
0.0333909 0.100045 -0.994422 -0.49588 0.105001 0.98912 0.103038 0.0393068 0.993911 -0.107856 0.0225227 0.0195989
0.0333909 0.100045 -0.994422 -0.99176 0.105001 0.98912 0.103038 0.0786136 0.993911 -0.107856 0.0225227 0.0391979
0.0389679 0.0999145 -0.994233 -0.487895 0.101097 0.989489 0.1034 0.0231473 0.994113 -0.104544 0.0284572 0.00230123
0.0418801 0.0984687 -0.994259 -0.37742 0.0997574 0.989747 0.102224 0.054682 0.99413 -0.103466 0.0316277 0.067626
0.0498331 0.0979474 -0.993943 -0.471213 0.0979944 0.989898 0.102462 0.0260212 0.993939 -0.102507 0.0397314 -0.0208501
0.0536465 0.0895938 -0.994533 -0.299704 0.0966413 0.990826 0.0944728 0.0275871 0.993872 -0.101181 0.0444958 0.0639869
0.0596731 0.0833753 -0.99473 -0.354903 0.0896872 0.992028 0.088529 0.0321938 0.994181 -0.0944973 0.0517197 0.029412
0.0648811 0.0802576 -0.99466 -0.342367 0.0826388 0.992905 0.0855065 0.0306848 0.994465 -0.0877452 0.0577884 0.025158
0.067332 0.0727277 -0.995076 -0.279818 0.0795999 0.993769 0.0780183 0.0285484 0.99455 -0.0844611 0.0611234 0.0549196
0.0761541 0.0721307 -0.994484 -0.276972 0.074159 0.994208 0.0777895 0.0115534 0.994334 -0.0796739 0.0703639 0.023971
0.0761541 0.0721307 -0.994484 -0.553943 0.074159 0.994208 0.0777895 0.0231069 0.994334 -0.0796739 0.0703639 0.0479419
0.0784409 0.0683705 -0.994572 -0.245206 0.0698809 0.994814 0.0738986 0.0245471 0.994467 -0.0752982 0.0732564 0.0388717
0.0818128 0.0665069 -0.994426 -0.219662 0.0635825 0.99539 0.0718024 0.0121178 0.994617 -0.0691025 0.077207 0.0134
0.0862255 0.0645092 -0.994185 -0.23332 0.0629199 0.995557 0.0700552 0.0109211 0.994287 -0.0685945 0.0817835 -0.0137836
0.0875372 0.0655578 -0.994002 -0.140412 0.0658393 0.99527 0.0714396 0.00985799 0.993983 -0.071698 0.0828069 0.0220148
0.0875372 0.0655578 -0.994002 -0.280824 0.0658393 0.99527 0.0714396 0.019716 0.993983 -0.071698 0.0828069 0.0440295
0.0908655 0.0609281 -0.993998 -0.0763695 0.0607554 0.995928 0.0666004 0.00690376 0.994008 -0.0664424 0.0867939 0.00815595
0.0908655 0.0609281 -0.993998 -0.152739 0.0607554 0.995928 0.0666004 0.0138075 0.994008 -0.0664424 0.0867939 0.0163119
0.0908655 0.0609281 -0.993998 -0.229108 0.0607554 0.995928 0.0666004 0.0207113 0.994008 -0.0664424 0.0867939 0.0244679
0.0977671 0.0679959 -0.992884 -0.453047 0.053047 0.995889 0.0734252 0.0245322 0.993795 -0.059848 0.0937582 -0.31088
0.0977671 0.0679959 -0.992884 -0.906095 0.053047 0.995889 0.0734252 0.0490645 0.993795 -0.059848 0.0937582 -0.62176
0.0977671 0.0679959 -0.992884 -1.35914 0.053047 0.995889 0.0734252 0.0735967 0.993795 -0.059848 0.0937582 -0.932639
0.0977671 0.0679959 -0.992884 -1.81219 0.053047 0.995889 0.0734252 0.0981289 0.993795 -0.059848 0.0937582 -1.24352
0.0977671 0.0679959 -0.992884 -2.26524 0.053047 0.995889 0.0734252 0.122661 0.993795 -0.059848 0.0937582 -1.5544
0.0977671 0.0679959 -0.992884 -2.71828 0.053047 0.995889 0.0734252 0.147193 0.993795 -0.059848 0.0937582 -1.86528
0.768108 0.0144723 -0.640157 -0.0367696 -0.0164974 -0.998965 -0.0423789 0.0111852 -0.640108 0.0431125 -0.767075 0.124793
0.768108 0.0144723 -0.640157 -0.0735393 -0.0164974 -0.998965 -0.0423789 0.0223703 -0.640108 0.0431125 -0.767075 0.249587
0.768108 0.0144723 -0.640157 -0.110309 -0.0164974 -0.998965 -0.0423789 0.0335555 -0.640108 0.0431125 -0.767075 0.37438
0.768108 0.0144723 -0.640157 -0.147079 -0.0164974 -0.998965 -0.0423789 0.0447407 -0.640108 0.0431125 -0.767075 0.499174
0.768108 0.0144723 -0.640157 -0.183848 -0.0164974 -0.998965 -0.0423789 0.0559258 -0.640108 0.0431125 -0.767075 0.623967
0.768108 0.0144723 -0.640157 -0.220618 -0.0164974 -0.998965 -0.0423789 0.067111 -0.640108 0.0431125 -0.767075 0.748761
0.768108 0.0144723 -0.640157 -0.257387 -0.0164974 -0.998965 -0.0423789 0.0782962 -0.640108 0.0431125 -0.767075 0.873554
0.768108 0.0144723 -0.640157 -0.294157 -0.0164974 -0.998965 -0.0423789 0.0894814 -0.640108 0.0431125 -0.767075 0.998347
0.768108 0.0144723 -0.640157 -0.330927 -0.0164974 -0.998965 -0.0423789 0.100667 -0.640108 0.0431125 -0.767075 1.12314
0.768108 0.0144723 -0.640157 -0.367696 -0.0164974 -0.998965 -0.0423789 0.111852 -0.640108 0.0431125 -0.767075 1.24793
0.768108 0.0144723 -0.640157 -0.404466 -0.0164974 -0.998965 -0.0423789 0.123037 -0.640108 0.0431125 -0.767075 1.37273
0.768108 0.0144723 -0.640157 -0.441236 -0.0164974 -0.998965 -0.0423789 0.134222 -0.640108 0.0431125 -0.767075 1.49752
0.768108 0.0144723 -0.640157 -0.478005 -0.0164974 -0.998965 -0.0423789 0.145407 -0.640108 0.0431125 -0.767075 1.62231
-0.756921 -0.119074 -0.642567 -0.046456 -0.123157 0.991633 -0.0386858 -0.0017529 0.641797 0.0498544 -0.765252 -0.0528039
-0.756921 -0.119074 -0.642567 -0.0929121 -0.123157 0.991633 -0.0386858 -0.00350579 0.641797 0.0498544 -0.765252 -0.105608
-0.756921 -0.119074 -0.642567 -0.139368 -0.123157 0.991633 -0.0386858 -0.00525869 0.641797 0.0498544 -0.765252 -0.158412
-0.755373 -0.108956 -0.646174 -0.0561863 -0.110111 0.993164 -0.0387448 -0.00828638 0.645978 0.0418841 -0.762206 -0.037648
-0.755373 -0.108956 -0.646174 -0.112373 -0.110111 0.993164 -0.0387448 -0.0165728 0.645978 0.0418841 -0.762206 -0.0752959
-0.747402 -0.106616 -0.655761 -0.03555 -0.108589 0.99337 -0.0377425 -0.00359716 0.655437 0.0429993 -0.754024 -0.0362627
-0.747402 -0.106616 -0.655761 -0.0711 -0.108589 0.99337 -0.0377425 -0.00719432 0.655437 0.0429993 -0.754024 -0.0725253
-0.741938 -0.100513 -0.662891 -0.0877871 -0.101208 0.99416 -0.0374666 -0.00523766 0.662786 0.0392919 -0.747778 -0.0891206
-0.734506 -0.0968661 -0.671653 -0.0857434 -0.0978551 0.994534 -0.0364198 -0.00344448 0.67151 0.0389742 -0.73997 -0.0885041
-0.725911 -0.0924007 -0.681553 -0.122702 -0.0939081 0.99497 -0.0348718 -0.00506592 0.681347 0.0386895 -0.730937 -0.105795
-0.715231 -0.0868041 -0.693477 -0.114056 -0.0870739 0.995593 -0.0348153 -0.00429804 0.693443 0.0354828 -0.719638 -0.104919
-0.70232 -0.0876009 -0.706451 -0.142348 -0.0841902 0.995656 -0.0397648 -0.011284 0.706866 0.0315487 -0.706644 -0.106181
-0.684779 -0.0939278 -0.722672 -0.150845 -0.0920286 0.994866 -0.0421024 -0.0102505 0.722917 0.0376757 -0.689907 -0.139926
-0.667289 -0.0979594 -0.738329 -0.165338 -0.098188 0.994231 -0.0431712 -0.0178416 0.738299 0.0436874 -0.673058 -0.112728
-0.646955 -0.0986841 -0.756115 -0.180505 -0.0996201 0.99403 -0.0444974 -0.0126193 0.755993 0.0465364 -0.652924 -0.130022
-0.623005 -0.0971299 -0.776164 -0.191536 -0.0974208 0.99417 -0.0462143 -0.0174873 0.776128 0.0468228 -0.628835 -0.133662
-0.596289 -0.0994329 -0.796588 -0.207521 -0.0989562 0.993836 -0.0499801 -0.0107998 0.796648 0.0490248 -0.602452 -0.115589
-0.565912 -0.102913 -0.818017 -0.224439 -0.101183 0.993348 -0.0549715 -0.0221991 0.818233 0.0516607 -0.572561 -0.117154
-0.529951 -0.105031 -0.841499 -0.259608 -0.10276 0.992942 -0.0592174 -0.0158195 0.841779 0.0550905 -0.537004 -0.136254
-0.490604 -0.102943 -0.865281 -0.254164 -0.101833 0.992966 -0.0603957 -0.0244763 0.865412 0.058484 -0.497636 -0.126763
-0.44866 -0.0971727 -0.888404 -0.281718 -0.0993976 0.99333 -0.0584518 -0.0277412 0.888158 0.0620802 -0.455326 -0.108104
-0.402488 -0.0885399 -0.911133 -0.274449 -0.0919054 0.994191 -0.0560124 -0.0257582 0.9108 0.0611938 -0.408287 -0.0990613
-0.353144 -0.0842728 -0.931766 -0.322631 -0.0840876 0.994763 -0.0581009 -0.0294726 0.931782 0.0578319 -0.358381 -0.0868768
-0.299661 -0.085471 -0.950209 -0.331376 -0.0837507 0.994491 -0.0630422 -0.0359358 0.950363 0.0606894 -0.305168 -0.061361
-0.24371 -0.0876597 -0.965879 -0.348555 -0.0890595 0.993722 -0.0677153 -0.0285929 0.96575 0.0695178 -0.249987 -0.0318696
-0.184741 -0.0847408 -0.979127 -0.371736 -0.0915254 0.993429 -0.0687097 -0.0280313 0.978516 0.0769216 -0.191283 -0.0307663
-0.12399 -0.080075 -0.989047 -0.362234 -0.0895102 0.993578 -0.0692205 -0.0259234 0.988238 0.0799472 -0.130361 0.00252958
-0.0607985 -0.0721949 -0.995536 -0.386539 -0.0830308 0.99429 -0.0670338 -0.0207676 0.994691 0.0785846 -0.0664457 0.0131407
0.0043635 -0.0654411 -0.997847 -0.378163 -0.0729228 0.995179 -0.0655851 -0.0226412 0.997328 0.0730519 -0.000429684 0.0371296
0.0688955 -0.062958 -0.995635 -0.380722 -0.0632466 0.995723 -0.0673401 -0.0254592 0.995617 0.06761 0.064619 0.0679404
0.131287 -0.0637995 -0.989289 -0.399539 -0.0611683 0.995504 -0.0723178 -0.0346118 0.989456 0.0700075 0.126794 0.0913948
0.192815 -0.0631759 -0.979199 -0.433457 -0.0614759 0.995187 -0.0763127 -0.0421836 0.979308 0.0749113 0.188003 0.0969924
0.249606 -0.061854 -0.96637 -0.37286 -0.062191 0.994874 -0.0797419 -0.039909 0.966348 0.0800036 0.244479 0.135866
0.302404 -0.0590955 -0.951346 -0.415195 -0.0632379 0.994633 -0.0818857 -0.0453832 0.95108 0.0849237 0.297044 0.155106
0.349699 -0.0567436 -0.935142 -0.431057 -0.0640089 0.994385 -0.0842746 -0.0351397 0.934673 0.0893282 0.344103 0.193679
0.393806 -0.0531073 -0.917658 -0.367196 -0.060979 0.994621 -0.08373 -0.0383483 0.917169 0.0889313 0.388449 0.174611
0.432494 -0.052632 -0.900099 -0.390736 -0.0544164 0.994951 -0.0843252 -0.0433674 0.899993 0.0854504 0.427447 0.212671
0.466002 -0.0512461 -0.883298 -0.391035 -0.0518578 0.995023 -0.0850866 -0.0412319 0.883263 0.0854564 0.461025 0.230511
0.494376 -0.0495025 -0.867838 -0.454165 -0.0498726 0.995117 -0.0851732 -0.0540672 0.867816 0.0853889 0.489493 0.270608
0.517262 -0.0528288 -0.854195 -0.345307 -0.0468224 0.994851 -0.0898813 -0.043313 0.854545 0.0864877 0.512125 0.264837
0.535468 -0.0532035 -0.842878 -0.471299 -0.048364 0.994444 -0.0934955 -0.0537019 0.84317 0.0908288 0.52992 0.314481
0.54965 -0.0509331 -0.833841 -0.489681 -0.0506052 0.994277 -0.0940908 -0.0621222 0.833861 0.0939136 0.543926 0.328117
0.560215 -0.0501243 -0.826829 -0.477206 -0.0504799 0.994246 -0.094476 -0.0597473 0.826808 0.0946651 0.554461 0.332871
0.567884 -0.0490613 -0.821645 -0.519063 -0.0512335 0.99418 -0.0947737 -0.0619752 0.821513 0.0959162 0.562065 0.361401
0.574414 -0.0487262 -0.817113 -0.561822 -0.0507104 0.994191 -0.094934 -0.0691566 0.816993 0.0959675 0.568606 0.400114
0.579494 -0.0520953 -0.81331 -0.552024 -0.0486422 0.993965 -0.0983251 -0.0678493 0.813524 0.09654 0.573463 0.407564
0.582233 -0.0535739 -0.811255 -0.549141 -0.0496411 0.993622 -0.101244 -0.0699202 0.811505 0.0992193 0.57586 0.413233
0.585137 -0.052571 -0.809228 -0.570682 -0.0513704 0.993489 -0.101686 -0.0721976 0.809305 0.101071 0.578627 0.405042
0.587125 -0.0516411 -0.807847 -0.583983 -0.0514807 0.993561 -0.100928 -0.0768828 0.807857 0.100846 0.580686 0.421315
0.588769 -0.0531143 -0.806554 -0.544331 -0.0488557 0.993676 -0.101101 -0.0664806 0.806823 0.0989297 0.582451 0.396086
0.58785 -0.0556432 -0.807054 -0.516559 -0.0467261 0.993631 -0.102542 -0.0878904 0.807619 0.0979897 0.581506 0.440116
0.587742 -0.052942 -0.807314 -0.573597 -0.051638 0.993367 -0.102737 -0.0759771 0.807399 0.102071 0.58111 0.41122
