0.999993 -0.00137303 -0.00338692 -0.00590868 0.00136543 0.999997 -0.0022434 -0.00116763 0.00338999 0.00223876 0.999992 0.65323
0.999975 -0.00228074 -0.00671158 -0.0148562 0.00225553 0.99999 -0.003761 1.97621e-005 0.00672009 0.00374576 0.99997 1.29374
0.999942 0.00111478 -0.0106823 -0.0328776 -0.00117755 0.999982 -0.00587245 -0.00165597 0.0106756 0.00588469 0.999926 1.95783
0.99987 0.000653044 -0.0161187 -0.0451974 -0.000751308 0.999981 -0.006091 -0.00723936 0.0161144 0.00610232 0.999852 2.63362
0.999786 -0.000806301 -0.0206675 -0.0634329 0.000674418 0.999979 -0.00638733 -0.0180318 0.0206722 0.00637203 0.999766 3.31819
0.999717 0.00125707 -0.0237747 -0.0931395 -0.00142484 0.999974 -0.00704118 -0.0330223 0.0237652 0.00707306 0.999693 4.03034
0.999553 0.00381736 -0.0296613 -0.112849 -0.00407179 0.999955 -0.00852211 -0.035651 0.0296274 0.00863907 0.999524 4.73839
0.999387 0.000710383 -0.0349906 -0.138476 -0.000956175 0.999975 -0.00700828 -0.0392987 0.0349847 0.00703745 0.999363 5.45958
0.99925 -0.000604765 -0.0387073 -0.17382 0.000478475 0.999995 -0.00327188 -0.0554435 0.0387091 0.00325091 0.999245 6.20309
0.999089 -0.00149906 -0.0426424 -0.205343 0.00144765 0.999998 -0.00123636 -0.0657637 0.0426442 0.0011735 0.99909 6.95494
0.999046 0.00166994 -0.0436315 -0.267497 -0.00173541 0.999997 -0.00146257 -0.0720619 0.0436289 0.0015369 0.999047 7.74108
0.998868 0.00222057 -0.0475061 -0.294561 -0.0022879 0.999996 -0.001363 -0.0844741 0.0475029 0.00147015 0.99887 8.51361
0.998808 -0.00458104 -0.0485991 -0.337991 0.00444525 0.999986 -0.00290193 -0.0829171 0.0486117 0.00268244 0.998814 9.31844
0.998841 -0.000339482 -0.0481203 -0.392228 0.000261896 0.999999 -0.00161861 -0.0933787 0.0481208 0.00160414 0.99884 10.1028
0.998622 -0.00261308 -0.052417 -0.426587 0.00248173 0.999994 -0.00257076 -0.100634 0.0524234 0.00243713 0.998622 10.935
0.998675 0.00150159 -0.0514358 -0.482236 -0.00172053 0.99999 -0.00421262 -0.112716 0.0514289 0.00429553 0.998667 11.7466
0.99848 0.0032479 -0.0550174 -0.53318 -0.00364026 0.999969 -0.00703275 -0.116884 0.0549929 0.00722234 0.998461 12.5241
0.998392 0.00346781 -0.0565879 -0.587444 -0.0039292 0.99996 -0.00804438 -0.132397 0.0565577 0.00825379 0.998365 13.3716
0.998467 0.00614765 -0.0550007 -0.641092 -0.00663739 0.99994 -0.00872596 -0.139507 0.0549438 0.00907765 0.998448 14.1544
0.99829 0.00337406 -0.0583531 -0.679117 -0.00374337 0.999974 -0.0062207 -0.158024 0.0583306 0.0064285 0.998277 14.9832
0.998374 0.00182875 -0.0569769 -0.746411 -0.0021399 0.999983 -0.00540042 -0.168527 0.0569661 0.00551356 0.998361 15.8026
0.998301 -0.00465996 -0.0580734 -0.806912 0.00435255 0.999976 -0.00541887 -0.173432 0.0580973 0.0051569 0.998298 16.6392
0.998162 -0.000951201 -0.0605901 -0.862492 0.000570691 0.99998 -0.00629705 -0.184587 0.0605949 0.0062509 0.998143 17.498
0.99824 -0.000709909 -0.0592909 -0.91939 0.000284152 0.999974 -0.00718893 -0.198104 0.0592945 0.00715943 0.998215 18.2885
0.997977 -0.00396682 -0.0634584 -0.957847 0.00359196 0.999975 -0.00602018 -0.206635 0.0634807 0.00578006 0.997966 19.1806
0.998253 0.00240458 -0.0590348 -1.02568 -0.0025644 0.999993 -0.00263157 -0.216773 0.0590281 0.00277836 0.998252 19.8658
0.998136 0.00452874 -0.0608628 -1.07695 -0.00445265 0.999989 0.00138587 -0.229532 0.0608684 -0.00111229 0.998145 20.8098
0.998326 0.000213538 -0.0578345 -1.12491 9.75456e-006 0.999993 0.00386059 -0.230069 0.0578349 -0.00385469 0.998319 21.5664
0.998527 0.00237256 -0.0542074 -1.192 -0.00212286 0.999987 0.0046635 -0.246151 0.0542178 -0.00454156 0.998519 22.5739
0.998515 0.0018749 -0.054452 -1.24533 -0.00175868 0.999996 0.00218227 -0.251465 0.0544559 -0.00208327 0.998514 23.4401
0.998531 0.00463602 -0.0539917 -1.30253 -0.00478994 0.999985 -0.00272171 -0.265253 0.0539782 0.00297633 0.998538 24.4269
0.998745 0.00303972 -0.0499996 -1.38069 -0.00334699 0.999976 -0.00606293 -0.268418 0.04998 0.00622267 0.998731 25.3388
0.998661 -0.00405719 -0.0515675 -1.40583 0.00381965 0.999982 -0.00470399 -0.285441 0.0515856 0.00450072 0.998658 26.1995
0.998672 -0.00516324 -0.0512612 -1.45887 0.00517842 0.999987 0.000163464 -0.295212 0.0512596 -0.000428699 0.998685 27.1068
0.998588 -0.00597496 -0.0527923 -1.49549 0.00616926 0.999975 0.00351821 -0.314368 0.0527699 -0.00383893 0.998599 28.0059
0.998407 -0.014011 -0.054655 -1.53402 0.0141719 0.999896 0.00255839 -0.321621 0.0546135 -0.00332889 0.998502 28.9176
0.998509 -0.007605 -0.054051 -1.58973 0.00753612 0.999971 -0.00147815 -0.327109 0.0540606 0.00106861 0.998537 29.8483
0.99836 -0.00125211 -0.0572305 -1.63803 0.000945518 0.999985 -0.00538387 -0.338091 0.0572364 0.00532093 0.998346 30.754
0.998298 0.00161689 -0.0582952 -1.69383 -0.001959 0.999981 -0.00581188 -0.35269 0.0582847 0.00591619 0.998282 31.609
0.99824 0.00117577 -0.0592934 -1.73589 -0.00145173 0.999988 -0.0046113 -0.369979 0.0592873 0.00468926 0.99823 32.4708
0.998239 0.00401018 -0.0591907 -1.80777 -0.00412297 0.99999 -0.00178347 -0.38612 0.0591829 0.00202437 0.998245 33.3374
0.998173 0.00257097 -0.0603653 -1.85926 -0.00261227 0.999996 -0.000605237 -0.397591 0.0603635 0.000761822 0.998176 34.2406
0.998126 0.000638379 -0.061187 -1.93183 -0.000498542 0.999997 0.00230064 -0.406723 0.0611883 -0.00226582 0.998124 35.1579
0.998064 0.00103387 -0.062187 -1.98199 -0.000702934 0.999985 0.00534329 -0.418774 0.0621916 -0.00528923 0.99805 36.0657
0.998109 0.00603979 -0.061174 -2.06314 -0.00554808 0.999951 0.00820454 -0.422216 0.0612206 -0.00784962 0.998093 37.0091
0.998026 0.00601882 -0.0625094 -2.10607 -0.00555206 0.999955 0.00763805 -0.434509 0.0625526 -0.00727592 0.998015 37.9625
0.998017 -0.00313824 -0.0628718 -2.16201 0.00348132 0.99998 0.00534788 -0.429912 0.0628537 -0.00555615 0.998007 38.9323
0.998075 0.00227203 -0.0619794 -2.23303 -0.00203499 0.99999 0.00388738 -0.444612 0.0619877 -0.00375377 0.99807 39.894
0.997991 0.0011721 -0.0633495 -2.29278 -0.000976163 0.999995 0.00312387 -0.44986 0.0633528 -0.00305576 0.997987 40.8408
0.998005 -0.00153675 -0.0631222 -2.39226 0.00179621 0.99999 0.0040539 -0.458047 0.0631154 -0.0041592 0.997998 41.8453
0.997841 -0.0013934 -0.0656619 -2.43483 0.00174084 0.999985 0.00523448 -0.467672 0.0656536 -0.00533748 0.997828 42.7795
0.997912 0.00262894 -0.0645338 -2.51769 -0.00248983 0.999994 0.00223591 -0.478899 0.0645394 -0.00207057 0.997913 43.7509
0.997749 0.00309339 -0.0669899 -2.57995 -0.0032232 0.999993 -0.00182975 -0.491967 0.0669837 0.00204155 0.997752 44.6709
0.99787 0.000813952 -0.0652263 -2.65017 -0.00102241 0.999994 -0.00316265 -0.504614 0.0652234 0.0032226 0.997865 45.5819
0.997868 0.00011405 -0.0652596 -2.71276 -6.85655e-005 1 0.000699221 -0.525294 0.0652596 -0.000693256 0.997868 46.4996
0.997852 -0.00245405 -0.0654567 -2.7678 0.00268706 0.99999 0.00347192 -0.536187 0.0654475 -0.00364035 0.997849 47.3558
0.99778 -0.00464145 -0.066433 -2.82821 0.00495506 0.999977 0.00455665 -0.549135 0.0664103 -0.00487572 0.99778 48.2589
0.997843 -0.00350012 -0.06555 -2.88673 0.00369133 0.999989 0.00279618 -0.563973 0.0655395 -0.00303211 0.997845 49.1543
0.997785 -0.00512451 -0.0663301 -2.94895 0.00522097 0.999986 0.00128096 -0.579079 0.0663226 -0.00162443 0.997797 50.0517
0.997663 -0.00512559 -0.068135 -3.01544 0.00529289 0.999983 0.00227501 -0.578309 0.0681222 -0.00263033 0.997674 50.9559
0.997591 -0.00633197 -0.0690773 -3.06585 0.00679552 0.999956 0.00647776 -0.593564 0.0690332 -0.00693157 0.99759 51.8377
0.997613 -0.00443919 -0.0689096 -3.12593 0.00518551 0.99993 0.0106553 -0.592422 0.0688575 -0.0109872 0.997566 52.7207
0.997653 0.00484096 -0.0682969 -3.22371 -0.00387302 0.99989 0.0142979 -0.601987 0.0683586 -0.0139998 0.997563 53.7381
0.997422 0.00383469 -0.0716499 -3.28649 -0.003161 0.99995 0.00951357 -0.610237 0.0716828 -0.00926256 0.997384 54.6735
0.997378 0.00502506 -0.0721929 -3.36515 -0.00489492 0.999986 0.00197946 -0.612178 0.0722018 -0.00162089 0.997389 55.5934
0.997258 0.0044091 -0.0738771 -3.433 -0.00460939 0.999986 -0.00254079 -0.622758 0.0738649 0.00287435 0.997264 56.5103
0.997102 0.00353361 -0.0759964 -3.48022 -0.00369146 0.999991 -0.00193678 -0.632871 0.0759889 0.00221171 0.997106 57.3557
0.997014 0.00487197 -0.0770658 -3.55462 -0.00483904 0.999988 0.000614087 -0.647356 0.0770679 -0.000239329 0.997026 58.2285
0.996959 0.00525383 -0.0777452 -3.62239 -0.00509068 0.999984 0.0022965 -0.664579 0.0777561 -0.00189374 0.996971 59.0445
0.997141 0.0078481 -0.0751563 -3.72557 -0.0076608 0.999967 0.00278007 -0.678356 0.0751756 -0.00219636 0.997168 59.886
0.996531 0.00107523 -0.0832193 -3.75727 -0.000787587 0.999994 0.00348924 -0.696483 0.0832225 -0.00341159 0.996525 60.6755
0.996554 -0.000789381 -0.0829435 -3.83856 0.00113163 0.999991 0.00407931 -0.716126 0.0829396 -0.00415911 0.996546 61.4963
0.996509 0.00153109 -0.0834751 -3.91142 -0.00112997 0.999988 0.00485231 -0.725223 0.0834814 -0.00474104 0.996498 62.3282
0.99649 0.00240992 -0.0836781 -4.00031 -0.00194405 0.999982 0.0056485 -0.731102 0.0836902 -0.005466 0.996477 63.1381
0.996313 0.00215618 -0.0857621 -4.07269 -0.00143521 0.999963 0.00846746 -0.734185 0.0857772 -0.00831316 0.99628 63.9145
0.996191 0.00433875 -0.0870932 -4.15175 -0.00321587 0.99991 0.0130291 -0.739674 0.0871419 -0.0126993 0.996115 64.7239
0.996133 0.00578515 -0.0876639 -4.24365 -0.00451318 0.999882 0.0147008 -0.743458 0.0877386 -0.0142483 0.996042 65.5309
0.995966 0.00676624 -0.0894715 -4.33101 -0.00582279 0.999925 0.0108015 -0.750195 0.0895379 -0.010237 0.995931 66.3145
0.995933 0.00377921 -0.0900148 -4.39668 -0.00346519 0.999987 0.00364454 -0.761765 0.0900275 -0.0033178 0.995934 67.107
0.995858 -0.0012883 -0.0909179 -4.47451 0.00107388 0.999997 -0.00240718 -0.769544 0.0909207 0.00229957 0.995855 67.8312
0.995915 0.000648466 -0.0902944 -4.57107 -0.000871326 0.999997 -0.00242875 -0.785138 0.0902925 0.0024975 0.995912 68.5533
0.995799 0.00505595 -0.0914305 -4.63248 -0.00501 0.999987 0.000732053 -0.795523 0.091433 -0.00027091 0.995811 69.202
0.995567 0.000399085 -0.0940524 -4.68288 -7.47984e-005 0.999994 0.00345144 -0.815242 0.0940532 -0.0034291 0.995561 69.8564
0.995497 -0.00264198 -0.0947525 -4.74549 0.00264894 0.999996 -5.23364e-005 -0.828933 0.0947523 -0.000198893 0.995501 70.4915
0.995604 -0.0107398 -0.0930459 -4.80622 0.0102023 0.999928 -0.00625071 -0.842654 0.0931064 0.00527395 0.995642 71.111
0.995595 -0.0113239 -0.0930713 -4.85485 0.0103127 0.999883 -0.0113386 -0.851143 0.0931888 0.0103289 0.995595 71.6898
0.996077 -0.00220587 -0.0884636 -4.91564 0.0011697 0.99993 -0.0117631 -0.854539 0.0884833 0.0116135 0.99601 72.2197
0.996518 0.00773381 -0.0830181 -4.98069 -0.00844439 0.999931 -0.00821155 -0.864557 0.0829488 0.008884 0.996514 72.7155
0.996776 0.00268366 -0.0801924 -5.01285 -0.00317599 0.999977 -0.00601238 -0.871834 0.0801744 0.00624769 0.996761 73.164
0.997273 -0.00587272 -0.0735679 -5.03907 0.00577948 0.999982 -0.00148023 -0.882417 0.0735753 0.00105101 0.997289 73.5631
0.997799 -0.00817164 -0.0658123 -5.04821 0.00829171 0.999964 0.00155151 -0.887149 0.0657972 -0.00209379 0.997831 73.7683
0.998497 -0.00119749 -0.0547915 -5.08098 0.0013131 0.999997 0.00207407 -0.902036 0.0547888 -0.0021429 0.998496 74.4196
0.999173 0.00713215 -0.0400381 -5.09723 -0.00708455 0.999974 0.00133073 -0.905177 0.0400466 -0.00104597 0.999197 74.8371
0.999716 0.00833794 -0.0223253 -5.09768 -0.008293 0.999963 0.00210492 -0.909647 0.022342 -0.00191918 0.999749 75.3681
0.999996 0.0029058 7.68628e-005 -5.08086 -0.00290602 0.999991 0.00301153 -0.915336 -6.81112e-005 -0.00301174 0.999995 75.8236
0.999673 -0.00635481 0.0247498 -5.05544 0.00624856 0.999971 0.00436803 -0.921006 -0.0247768 -0.00421196 0.999684 76.227
0.998464 -0.00395264 0.0552592 -5.00927 0.0036106 0.999974 0.00628823 -0.927679 -0.0552826 -0.00607905 0.998452 76.7327
0.996159 -0.00226474 0.0875351 -4.94873 0.00158217 0.999968 0.00786631 -0.932474 -0.0875501 -0.0076976 0.99613 77.1804
0.992019 0.00139275 0.126078 -4.87355 -0.00250788 0.999959 0.00868652 -0.93603 -0.12606 -0.00893338 0.991982 77.6511
0.985778 0.000621051 0.168052 -4.77618 -0.00213051 0.999959 0.00880195 -0.938152 -0.168039 -0.0090348 0.985739 78.0972
0.977517 -0.00462732 0.210808 -4.62726 0.00262116 0.999949 0.00979498 -0.945 -0.210842 -0.00902219 0.977479 78.5408
0.964968 -0.00012599 0.262369 -4.48805 -0.00199254 0.999968 0.00780857 -0.952625 -0.262361 -0.0080578 0.964936 78.9559
0.950295 -0.000477717 0.311352 -4.31685 -0.00131218 0.999984 0.00553927 -0.95857 -0.31135 -0.00567249 0.950279 79.3611
0.929805 -0.00168597 0.368047 -4.12382 3.43888e-005 0.99999 0.00449392 -0.960153 -0.368051 -0.00416581 0.929796 79.741
0.905634 -0.00174138 0.424058 -3.90556 0.000569962 0.999996 0.00288922 -0.960308 -0.424061 -0.00237488 0.905631 80.0932
0.877181 -0.00260586 0.480152 -3.66656 0.00206523 0.999996 0.00165419 -0.958519 -0.480155 -0.000459399 0.877184 80.4213
0.843353 -0.00416189 0.537343 -3.40623 0.00377814 0.999991 0.00181549 -0.96118 -0.537346 0.000499064 0.843362 80.7363
0.807682 -0.00586988 0.589588 -3.12881 0.00484131 0.999983 0.00332356 -0.976582 -0.589598 0.000169999 0.807697 81.0064
0.767091 -0.00267678 0.641533 -2.84071 0.000642635 0.999994 0.00340404 -0.976913 -0.641538 -0.00219894 0.767088 81.2811
0.725816 -0.00146957 0.687888 -2.5336 -0.00377105 0.999974 0.00611526 -0.977834 -0.687879 -0.00703261 0.725791 81.5344
0.68076 -0.0017801 0.732504 -2.22792 -0.00419474 0.999971 0.00632851 -0.982727 -0.732495 -0.00738086 0.680733 81.7491
0.635325 -0.00719251 0.772211 -1.88378 0.000898703 0.999963 0.00857443 -0.982007 -0.772244 -0.00475356 0.635308 81.9543
0.588239 -0.0124147 0.808592 -1.5307 0.00476583 0.999918 0.0118851 -0.978786 -0.808673 -0.00313769 0.58825 82.1481
0.542574 -0.0080866 0.839969 -1.18533 -0.00105137 0.999946 0.0103059 -0.987348 -0.840008 -0.00647481 0.542536 82.3135
0.495879 -0.000925198 0.868391 -0.81936 -0.00870647 0.999944 0.00603703 -0.986764 -0.868348 -0.0105543 0.495843 82.4843
0.450072 -0.00227478 0.892989 -0.459353 -0.00467224 0.999977 0.00490216 -0.98679 -0.89298 -0.00637859 0.450051 82.6281
0.407113 -0.00896435 0.913334 -0.0922786 0.00102571 0.999956 0.00935734 -0.986809 -0.913377 -0.00287268 0.407104 82.7457
0.368103 -0.0241346 0.929472 0.283728 0.00483863 0.999699 0.0240418 -0.979528 -0.929772 -0.0043525 0.368109 82.8361
0.333334 -0.0253489 0.942468 0.669372 -0.00445354 0.999585 0.0284603 -0.978111 -0.942798 -0.0136841 0.333083 82.9267
0.300676 -0.0203778 0.953509 1.08499 -0.0148856 0.99955 0.0260557 -0.969998 -0.95361 -0.0220279 0.300237 83.0337
0.269756 -0.00876307 0.962889 1.48633 -0.0168228 0.999763 0.0138116 -0.974138 -0.962782 -0.0199242 0.269545 83.1492
0.242328 -0.00516576 0.970181 1.91197 -0.0154983 0.999838 0.00919478 -0.977599 -0.970071 -0.0172643 0.242209 83.2401
0.216522 -0.00757549 0.976248 2.31061 -0.00626365 0.999939 0.00914854 -0.987904 -0.976258 -0.00809574 0.216461 83.3039
0.192572 -0.013834 0.981185 2.70463 -0.000571884 0.999899 0.0142101 -0.987828 -0.981283 -0.00329759 0.192544 83.3585
0.172727 -0.0203022 0.98476 3.10922 0.00570849 0.999791 0.0196108 -0.978439 -0.984953 0.00223417 0.172807 83.3987
0.153544 -0.0210345 0.987918 3.53156 0.00400006 0.999778 0.0206654 -0.962589 -0.988134 0.000778682 0.153594 83.4495
0.136161 -0.0164927 0.990549 3.91573 -0.00919636 0.999797 0.0179108 -0.954031 -0.990644 -0.0115482 0.135982 83.4942
0.120937 -0.0129236 0.992576 4.32591 -0.0227881 0.999616 0.0157918 -0.955312 -0.992399 -0.0245287 0.120596 83.5424
0.106324 -0.0133399 0.994242 4.76195 -0.0239161 0.999586 0.0159692 -0.951871 -0.994044 -0.0254763 0.105961 83.5824
0.0926739 -0.0156423 0.995574 5.22015 -0.0195755 0.999655 0.0175286 -0.950718 -0.995504 -0.0211133 0.0923357 83.6155
0.0817466 -0.0213026 0.996425 5.7074 -0.0169545 0.999597 0.0227614 -0.944523 -0.996509 -0.0187546 0.0813525 83.6417
0.0720058 -0.0247525 0.997097 6.20455 -0.0155337 0.999543 0.025935 -0.937199 -0.997283 -0.0173561 0.0715883 83.6652
0.0637301 -0.0254556 0.997642 6.71872 -0.0189205 0.999464 0.0267107 -0.927915 -0.997788 -0.0205782 0.0632144 83.6947
0.0585128 -0.0278533 0.997898 7.24312 -0.0225871 0.999318 0.0292174 -0.917341 -0.998031 -0.0242492 0.0578437 83.7206
0.0529161 -0.0288136 0.998183 7.80607 -0.0238107 0.999263 0.030107 -0.904329 -0.998315 -0.0253606 0.052191 83.7448
0.0469209 -0.0295386 0.998462 8.37635 -0.0256937 0.999196 0.0307677 -0.889265 -0.998568 -0.0270978 0.0461243 83.7726
0.042564 -0.032468 0.998566 8.98662 -0.0279361 0.999042 0.0336742 -0.876548 -0.998703 -0.0293293 0.0416163 83.7932
0.0404013 -0.0344745 0.998589 9.58707 -0.0286979 0.998952 0.0356482 -0.861981 -0.998771 -0.0300977 0.0393696 83.8037
0.0352874 -0.0329174 0.998835 10.1988 -0.0314702 0.998925 0.0340322 -0.840673 -0.998882 -0.0326345 0.0342136 83.8346
0.0338167 -0.0346803 0.998826 10.8609 -0.0345031 0.998762 0.0358463 -0.820991 -0.998832 -0.0356748 0.0325782 83.8481
0.0296953 -0.0372013 0.998866 11.4792 -0.0350521 0.998654 0.0382355 -0.807244 -0.998944 -0.0361477 0.0283514 83.8937
0.0335485 -0.0442428 0.998457 12.154 -0.0352802 0.998345 0.0454232 -0.780581 -0.998814 -0.0367497 0.0319321 83.8997
0.0365805 -0.0435467 0.998381 12.861 -0.0377818 0.998276 0.0449264 -0.751999 -0.998616 -0.0393641 0.0348722 83.9194
0.0399738 -0.0467651 0.998106 13.5786 -0.0410715 0.997983 0.0484043 -0.719779 -0.998356 -0.0429286 0.0379724 83.9396
0.0447285 -0.0458253 0.997948 14.2998 -0.04299 0.997934 0.0477515 -0.691886 -0.998074 -0.0450376 0.042666 83.9807
0.049271 -0.0494054 0.997563 15.014 -0.0485086 0.997479 0.0517971 -0.6615 -0.997607 -0.0509424 0.0467502 84.0003
0.0536969 -0.0457997 0.997506 15.7513 -0.0465679 0.997746 0.0483175 -0.633049 -0.997471 -0.0490462 0.0514431 84.0449
0.0576991 -0.0451475 0.997313 16.5001 -0.0525725 0.997453 0.0481955 -0.598086 -0.996949 -0.0552121 0.0551786 84.0982
0.0618528 -0.0431022 0.997154 17.2864 -0.0509303 0.997629 0.0462819 -0.561709 -0.996785 -0.053648 0.0595109 84.147
0.064313 -0.0403005 0.997116 18.0849 -0.0455536 0.998024 0.0432754 -0.532077 -0.99689 -0.0482053 0.0623501 84.2177
0.0690933 -0.0381829 0.996879 18.9537 -0.0389216 0.998403 0.0409389 -0.508502 -0.996851 -0.0416288 0.0674968 84.2532
0.0683399 -0.0332295 0.997109 19.7631 -0.0331562 0.998817 0.0355589 -0.481691 -0.997111 -0.0354905 0.0671573 84.3554
0.0701719 -0.0315718 0.997035 20.5803 -0.0328811 0.998883 0.0339445 -0.441787 -0.996993 -0.0351656 0.0690554 84.4051
0.0687016 -0.0288698 0.997219 21.4056 -0.0313922 0.999024 0.0310848 -0.426214 -0.997143 -0.0334405 0.0677282 84.5055
0.0716522 -0.0268447 0.997068 22.1827 -0.03604 0.998915 0.0294844 -0.418607 -0.996778 -0.0380469 0.070607 84.5525
0.0705415 -0.0290522 0.997086 22.948 -0.0334909 0.998943 0.0314758 -0.409791 -0.996946 -0.0356137 0.069494 84.5476
0.06954 -0.0251097 0.997263 23.8283 -0.0292867 0.999201 0.0272007 -0.39869 -0.997149 -0.0310981 0.068749 84.6873
0.0701768 -0.0245156 0.997233 24.6014 -0.0254499 0.999329 0.0263581 -0.392212 -0.99721 -0.0272292 0.0695058 84.7337
0.0724111 -0.0225536 0.99712 25.4041 -0.0258476 0.999366 0.0244815 -0.392234 -0.99704 -0.0275459 0.0717823 84.7649
0.0709302 -0.022887 0.997219 26.2281 -0.0233285 0.999425 0.024597 -0.37823 -0.997208 -0.0250083 0.0703555 84.8299
0.0685883 -0.0172544 0.997496 27.0689 -0.0231822 0.999553 0.018884 -0.366512 -0.997376 -0.0244194 0.0681576 84.8987
0.0636578 -0.0163553 0.997838 27.8921 -0.0239403 0.999553 0.0179107 -0.359738 -0.997685 -0.0250286 0.0632378 84.964
0.0584192 -0.0129066 0.998209 28.7457 -0.020847 0.999683 0.0141457 -0.350173 -0.998074 -0.021636 0.0581316 85.0375
0.0522595 -0.0098968 0.998584 29.5536 -0.0200133 0.99974 0.0109556 -0.352884 -0.998433 -0.0205575 0.0520479 85.0878
0.0439479 -0.0104323 0.998979 30.4004 -0.0158963 0.999812 0.0111404 -0.353554 -0.998907 -0.0163697 0.0437738 85.1411
0.0345282 -0.00776502 0.999374 31.2472 -0.00825431 0.999933 0.00805456 -0.356037 -0.99937 -0.00852725 0.0344618 85.1737
0.0246394 -0.00792335 0.999665 32.0907 -0.00763674 0.999938 0.00811374 -0.362166 -0.999667 -0.0078341 0.0245774 85.1898
0.0140003 -0.00899439 0.999862 32.9163 -0.0084502 0.999923 0.00911326 -0.364316 -0.999866 -0.00857662 0.0139232 85.2068
0.00366078 -0.00677685 0.99997 33.7574 -0.0102557 0.999924 0.00681408 -0.368427 -0.999941 -0.0102803 0.003591 85.2106
-0.00723741 -0.00851566 0.999938 34.5993 -0.0101914 0.999912 0.00844168 -0.366246 -0.999922 -0.0101297 -0.00732357 85.2113
-0.0186992 -0.00866722 0.999788 35.4533 -0.00695358 0.999939 0.00853848 -0.376523 -0.999801 -0.00679244 -0.0187583 85.1891
-0.029018 -0.00497958 0.999566 36.2517 -0.00536614 0.999974 0.00482583 -0.394994 -0.999564 -0.00522378 -0.029044 85.1522
-0.040559 -0.00911011 0.999136 37.1877 -0.00527399 0.999946 0.00890341 -0.389464 -0.999163 -0.00490832 -0.0406048 85.1356
-0.0500434 -0.00653601 0.998726 37.9671 -0.00431181 0.999971 0.0063281 -0.41281 -0.998738 -0.00398964 -0.0500701 85.083
-0.0603122 -0.00907957 0.998138 38.8168 -0.00460627 0.999951 0.00881773 -0.393853 -0.998169 -0.00406588 -0.060351 85.03
-0.0692083 -0.00906935 0.997561 39.5955 -0.00596817 0.999945 0.00867696 -0.407601 -0.997584 -0.00535309 -0.0692586 84.9745
-0.0791289 -0.0104114 0.99681 40.4161 -0.0074682 0.999924 0.00985111 -0.405229 -0.996836 -0.00666487 -0.0792006 84.9068
-0.0872631 -0.0108638 0.996126 41.0901 -0.00959066 0.999903 0.0100648 -0.420509 -0.996139 -0.00867522 -0.0873588 84.8194
-0.0942675 -0.0128973 0.995463 41.8809 -0.0126296 0.999851 0.0117581 -0.418908 -0.995467 -0.0114639 -0.0944163 84.7286
-0.0997758 -0.0170273 0.994864 42.6169 -0.0164767 0.999745 0.0154584 -0.415697 -0.994874 -0.0148497 -0.100031 84.6758
-0.101918 -0.0192332 0.994607 43.3683 -0.0195152 0.999659 0.0173312 -0.424457 -0.994601 -0.0176436 -0.102259 84.5807
-0.10626 -0.0209478 0.994118 44.1097 -0.0204886 0.999612 0.0188735 -0.431009 -0.994127 -0.0183626 -0.106648 84.4891
-0.11162 -0.0210825 0.993527 44.7873 -0.0247317 0.999524 0.0184312 -0.457127 -0.993443 -0.0225144 -0.112089 84.4703
-0.108429 -0.0226764 0.993846 45.5301 -0.0219581 0.999551 0.0204109 -0.425408 -0.993862 -0.0196098 -0.108878 84.3762
-0.107852 -0.0233888 0.993892 46.2534 -0.0226025 0.999523 0.0210686 -0.45687 -0.99391 -0.0201922 -0.108329 84.2964
-0.103789 -0.0252543 0.994279 47.0384 -0.0201222 0.999526 0.0232871 -0.419683 -0.994396 -0.0175902 -0.104248 84.1817
-0.0990824 -0.0249945 0.994765 47.6394 -0.0219026 0.999497 0.0229318 -0.436755 -0.994838 -0.0195158 -0.09958 84.1443
-0.0905164 -0.0255268 0.995568 48.267 -0.0244205 0.999428 0.0234055 -0.425769 -0.995596 -0.0221937 -0.091088 84.0893
-0.0798839 -0.0230476 0.996538 48.8881 -0.0239888 0.999488 0.0211929 -0.428432 -0.996515 -0.0222128 -0.0803958 84.0506
-0.0658966 -0.0241905 0.997533 49.4792 -0.0246939 0.999439 0.0226054 -0.426554 -0.997521 -0.0231433 -0.066457 84.0218
-0.0484311 -0.0212564 0.9986 50.0394 -0.0213717 0.999567 0.0202404 -0.42403 -0.998598 -0.0203615 -0.0488644 83.9994
-0.0277769 -0.020173 0.999411 50.5927 -0.0194165 0.999619 0.0196375 -0.421715 -0.999426 -0.0188595 -0.028158 84.0021
-0.00300481 -0.0183118 0.999828 51.1222 -0.0166505 0.999695 0.0182593 -0.422698 -0.999857 -0.0165928 -0.00330879 84.0207
0.0247625 -0.0176845 0.999537 51.6547 -0.0155069 0.999716 0.0180718 -0.413534 -0.999573 -0.0159472 0.0244812 84.0584
0.05676 -0.0165092 0.998251 52.1617 -0.017431 0.999694 0.0175241 -0.406006 -0.998236 -0.0183952 0.0564549 84.1178
0.0960594 -0.0155268 0.995254 52.6528 -0.0200794 0.999645 0.0175333 -0.397772 -0.995173 -0.0216683 0.0957135 84.1831
0.137085 -0.0140487 0.99046 53.1503 -0.0218536 0.999613 0.0172032 -0.392119 -0.990318 -0.0240034 0.136725 84.2833
0.181589 -0.0107753 0.983316 53.6452 -0.0243672 0.999584 0.0154535 -0.386119 -0.983073 -0.0267668 0.181251 84.4116
0.230443 -0.00944299 0.97304 54.1285 -0.0246455 0.999576 0.0155372 -0.39278 -0.972774 -0.0275615 0.230112 84.5591
0.279082 -0.00626572 0.960247 54.5983 -0.0198327 0.999728 0.0122874 -0.384564 -0.960063 -0.0224735 0.278882 84.7444
0.334962 -0.0124958 0.942149 55.0612 -0.0125866 0.999763 0.0177349 -0.387396 -0.942148 -0.017799 0.334725 84.9358
0.392425 -0.00427098 0.919774 55.5219 -0.00617628 0.999954 0.00727843 -0.377896 -0.919763 -0.00853702 0.392381 85.1795
0.465018 -0.0391492 0.884435 56.1327 0.0152664 0.999228 0.0362037 -0.351938 -0.88517 -0.00333327 0.465256 85.364
0.508677 -0.0108851 0.860889 56.461 0.00417681 0.99994 0.0101753 -0.365125 -0.860947 -0.00158016 0.508691 85.7099
0.57563 -0.0113686 0.817631 56.858 -0.00702737 0.999798 0.018849 -0.352574 -0.81768 -0.0165958 0.575434 85.9759
0.62656 -0.00523645 0.779356 57.1504 -0.00598481 0.999916 0.0115298 -0.345918 -0.779351 -0.0118884 0.626475 86.2936
0.679401 -0.00684551 0.733735 57.4326 -0.00543459 0.999882 0.0143607 -0.345517 -0.733747 -0.0137443 0.679284 86.592
0.726925 -0.00429176 0.686704 57.6799 -0.0049738 0.999921 0.0115144 -0.348485 -0.686699 -0.0117856 0.726846 86.9145
0.771982 -0.00479629 0.635627 57.901 -0.00856765 0.999802 0.0179499 -0.34081 -0.635587 -0.0193028 0.771788 87.2441
0.813293 -0.00294943 0.581847 58.1178 -0.0124278 0.999671 0.0224387 -0.331833 -0.581722 -0.0254803 0.812988 87.6221
0.849374 -0.00452525 0.527773 58.3084 -0.0131841 0.999469 0.0297875 -0.326749 -0.527627 -0.0322589 0.848863 87.9977
0.880184 -0.00433153 0.474613 58.4908 -0.0136791 0.999311 0.0344884 -0.313575 -0.474435 -0.0368484 0.879519 88.4218
0.905166 0.00242689 0.42505 58.6464 -0.0187977 0.999234 0.0343254 -0.295013 -0.424641 -0.0390601 0.904519 88.8666
0.925362 0.0037733 0.379065 58.7754 -0.0195359 0.999096 0.0377453 -0.295519 -0.37858 -0.0423335 0.9246 89.2987
0.940354 0.00770233 0.34011 58.8926 -0.0208514 0.999169 0.0350232 -0.27976 -0.339557 -0.0400259 0.939733 89.7577
0.952325 0.00613644 0.305023 59.0042 -0.0171851 0.999289 0.0335507 -0.267176 -0.304601 -0.037193 0.951754 90.221
0.961528 0.00283552 0.274691 59.1176 -0.0118308 0.999446 0.0310958 -0.252835 -0.274451 -0.0331493 0.96103 90.7133
0.9676 -0.00762216 0.252374 59.2344 -0.000775692 0.99945 0.0331592 -0.244896 -0.252488 -0.0322806 0.967062 91.1955
0.971468 -0.0115563 0.236891 59.3469 0.003726 0.999433 0.0334757 -0.236064 -0.237143 -0.0316379 0.970959 91.7128
0.974505 -0.00135969 0.224363 59.4501 -0.00599198 0.999467 0.0320827 -0.223145 -0.224287 -0.0326091 0.973977 92.2175
0.976532 0.00674695 0.215269 59.5409 -0.0137069 0.99943 0.0308548 -0.205223 -0.214938 -0.0330814 0.976067 92.74
0.977872 0.00879106 0.20902 59.6343 -0.0149694 0.999496 0.0279952 -0.19111 -0.208668 -0.0305046 0.977511 93.2709
0.978231 0.01148 0.207203 59.7282 -0.0164895 0.999612 0.0224654 -0.175159 -0.206865 -0.025393 0.97804 93.8296
0.978645 0.00228984 0.205545 59.8434 -0.00674833 0.999757 0.0209926 -0.177013 -0.205447 -0.0219314 0.978422 94.3504
0.977972 -0.00484787 0.20868 59.9694 0.00120586 0.999845 0.0175763 -0.166792 -0.208733 -0.0169375 0.977826 94.9089
0.977167 -0.00782416 0.212328 60.0865 0.0054035 0.999914 0.0119785 -0.15754 -0.212404 -0.0105576 0.977125 95.4755
0.97625 -0.00564441 0.216572 60.2175 0.00414768 0.999964 0.00736492 -0.152846 -0.216606 -0.00629173 0.976239 96.0034
0.975024 0.00378238 0.222068 60.2998 -0.0053155 0.999966 0.00630655 -0.1459 -0.222037 -0.00732944 0.975011 96.5934
0.974024 0.00827551 0.226294 60.4486 -0.0107993 0.999893 0.00991717 -0.142613 -0.226187 -0.0121034 0.974009 97.0215
0.972612 0.000199029 0.232435 60.673 -0.00362316 0.999891 0.0143048 -0.145045 -0.232406 -0.0147551 0.972507 98.1501
0.972111 -0.00572039 0.23445 60.7842 0.000753279 0.999773 0.0212703 -0.143006 -0.234519 -0.0205005 0.971895 98.4657
0.970889 -0.00666596 0.239437 60.9345 0.000476001 0.999664 0.0259007 -0.128794 -0.239529 -0.0250327 0.970566 99.2526
0.970396 -0.00856958 0.241369 61.086 0.00196355 0.999617 0.0275962 -0.118443 -0.241513 -0.0263053 0.970041 99.8219
0.97005 -0.0121508 0.2426 61.2503 0.00628759 0.999669 0.024928 -0.10427 -0.242822 -0.0226561 0.969806 100.53
0.969988 -0.0114254 0.242886 61.4453 0.00689425 0.999786 0.0194972 -0.0981257 -0.243056 -0.0172375 0.969859 101.23
0.969908 -0.00509611 0.243418 61.6106 0.00215956 0.999922 0.0123292 -0.0905998 -0.243462 -0.0114325 0.969843 101.908
0.970593 0.00126591 0.240725 61.7681 -0.00342134 0.999958 0.00853617 -0.0791592 -0.240704 -0.00910874 0.970556 102.575
0.971373 0.000629208 0.237559 61.9607 -0.00373485 0.999913 0.0126233 -0.0655067 -0.23753 -0.0131492 0.971291 103.24
0.971722 -0.00381646 0.236095 62.0877 -0.00105301 0.999789 0.0204955 -0.0593866 -0.236124 -0.0201646 0.971514 103.824
0.972822 -0.00302799 0.231535 62.2696 -0.00329585 0.999632 0.026921 -0.0630205 -0.231531 -0.0269525 0.972454 104.568
0.972689 0.00313756 0.23209 62.4148 -0.0089231 0.999675 0.0238824 -0.045551 -0.23194 -0.0253011 0.972401 105.294
0.973661 0.0037783 0.22797 62.5836 -0.00846702 0.999772 0.0195928 -0.0355761 -0.227844 -0.021007 0.973471 106.058
0.974339 0.00199425 0.225077 62.7493 -0.00524865 0.99989 0.0138616 -0.023427 -0.225025 -0.0146873 0.974242 106.803
0.975211 -0.00491617 0.22122 62.9106 0.00236984 0.999928 0.0117743 -0.0161104 -0.221262 -0.0109582 0.975153 107.559
0.976045 -0.00539448 0.217504 63.0546 0.00257433 0.999909 0.0132472 -0.0164178 -0.217555 -0.0123699 0.97597 108.315
0.976914 -0.00891798 0.213447 63.2307 0.00546425 0.999845 0.0167652 -0.0132621 -0.213564 -0.0152119 0.976811 109.063
0.976736 -0.0044318 0.2144 63.3811 0.00068432 0.999846 0.01755 -0.00592301 -0.214445 -0.016995 0.976588 109.814
0.977536 -0.00535313 0.210701 63.5596 0.000770757 0.999762 0.0218243 -0.00212954 -0.210768 -0.0211717 0.977307 110.581
0.976885 -0.00810947 0.213612 63.6994 0.00356845 0.99976 0.0216353 0.0248396 -0.213736 -0.0203729 0.976679 111.379
0.977369 -0.00386633 0.211507 63.882 -0.00133479 0.9997 0.0244424 0.0180528 -0.211539 -0.0241716 0.977071 112.141
0.976793 0.00497553 0.21413 64.0359 -0.00941002 0.999762 0.019695 0.0338382 -0.213981 -0.0212529 0.976607 112.956
0.976971 0.00736397 0.213247 64.2063 -0.0111043 0.999805 0.0163476 0.0449365 -0.213085 -0.0183391 0.976862 113.775
0.976518 0.0119038 0.215106 64.3505 -0.0149047 0.999813 0.0123338 0.0532462 -0.214919 -0.0152503 0.976513 114.525
0.975696 0.0157186 0.218564 64.5083 -0.0187408 0.999755 0.011761 0.0598253 -0.218325 -0.0155712 0.975752 115.354
0.975292 0.00781289 0.22078 64.6857 -0.0112085 0.999837 0.0141316 0.0579897 -0.220634 -0.0162571 0.975221 116.217
0.975052 0.00352798 0.22195 64.8779 -0.00643633 0.999903 0.0123817 0.0620881 -0.221884 -0.0135013 0.97498 117.03
0.973913 -0.00255934 0.226906 65.068 0.00023525 0.999947 0.010269 0.0663497 -0.22692 -0.0099477 0.973863 117.925
0.97369 -0.0078947 0.227741 65.2638 0.00517499 0.999908 0.0125368 0.0684194 -0.227819 -0.0110283 0.973641 118.753
0.973607 -0.0138252 0.227813 65.4609 0.0110881 0.99985 0.0132903 0.0658268 -0.227963 -0.0104135 0.973614 119.551
0.973684 -0.0117624 0.227597 65.6607 0.00873831 0.99986 0.0142903 0.061918 -0.227733 -0.0119254 0.973651 120.399
0.973225 0.000600291 0.229854 65.8398 -0.00418789 0.999877 0.0151206 0.0752137 -0.229817 -0.0156784 0.973108 121.206
0.972963 0.00329309 0.230936 66.029 -0.00850015 0.999731 0.0215563 0.0743125 -0.230803 -0.0229365 0.97273 122.039
0.972364 0.00623381 0.233387 66.2316 -0.01191 0.999666 0.0229194 0.0799091 -0.233166 -0.0250656 0.972114 122.906
0.972215 -0.000285196 0.234091 66.4443 -0.00413211 0.999823 0.0183794 0.0786743 -0.234055 -0.018836 0.972041 123.819
0.972146 -0.0132842 0.233997 66.6597 0.0123007 0.999908 0.00566227 0.0790818 -0.234051 -0.00262624 0.972221 124.687
0.972094 -0.0140438 0.234173 66.8538 0.014898 0.999887 -0.00187896 0.076855 -0.23412 0.00531523 0.972193 125.477
0.972422 -0.00675868 0.233132 67.0345 0.00522146 0.99996 0.00721028 0.0821135 -0.233171 -0.00579415 0.972418 126.254
0.972654 -0.00131541 0.232253 67.2077 -0.00512061 0.999619 0.0271062 0.0873805 -0.2322 -0.0275542 0.972278 127.008
0.973188 -0.00358502 0.229984 67.4111 -0.00657107 0.999037 0.0433788 0.0835456 -0.229919 -0.0437269 0.972227 127.846
0.973194 6.29435e-005 0.229988 67.6056 -0.00850023 0.999327 0.0356952 0.110231 -0.22983 -0.0366933 0.972539 128.739
0.973415 0.00333161 0.229024 67.8419 -0.00811409 0.999768 0.0199435 0.116957 -0.228905 -0.0212716 0.973216 129.814
0.973563 -0.000960288 0.228415 68.0479 -0.00178722 0.999929 0.0118215 0.140847 -0.22841 -0.0119172 0.973492 130.841
0.973993 -0.00720088 0.226462 68.2077 0.00456051 0.999915 0.0121803 0.143533 -0.22653 -0.0108307 0.973944 131.59
0.974141 -0.00492714 0.225887 68.4017 0.00225165 0.999924 0.0121005 0.142975 -0.22593 -0.011279 0.974078 132.566
0.974764 -0.00244636 0.223226 68.5789 -3.01631e-005 0.999939 0.0110901 0.152382 -0.223239 -0.010817 0.974704 133.345
0.975171 -0.000644849 0.221454 68.7585 -0.00118464 0.999966 0.00812834 0.146349 -0.221452 -0.00818886 0.975137 134.166
0.975962 0.00482995 0.217886 68.969 -0.00645226 0.999957 0.0067348 0.147974 -0.217844 -0.00797877 0.975951 135.144
0.976004 0.0140508 0.217299 69.1054 -0.0154595 0.999869 0.004784 0.143185 -0.217203 -0.00802854 0.976093 135.953
0.976497 0.0108239 0.215259 69.3073 -0.012209 0.999912 0.00510568 0.146525 -0.215185 -0.00761376 0.976544 136.818
0.977186 -0.000443923 0.212386 69.4958 -0.00227049 0.999919 0.0125365 0.128698 -0.212375 -0.0127327 0.977105 137.629
0.977517 -0.00344842 0.210827 69.6938 0.00112993 0.999938 0.0111166 0.129056 -0.210852 -0.0106285 0.97746 138.483
0.978543 -0.00544384 0.205969 69.8774 0.00372926 0.999955 0.00871176 0.135301 -0.206007 -0.00775672 0.97852 139.313
0.979398 -0.00767885 0.201791 70.054 0.00655947 0.999959 0.00621534 0.134848 -0.201831 -0.00476365 0.979409 140.158
0.980658 -0.00801557 0.195566 70.193 0.00704132 0.999959 0.00567638 0.128573 -0.195604 -0.00418954 0.980674 140.863
0.981683 -0.00108062 0.190517 70.3118 -0.000845107 0.999949 0.0100263 0.130815 -0.190518 -0.0100037 0.981633 141.628
0.983286 -0.00266472 0.182048 70.4591 -0.00101 0.999798 0.0200897 0.128238 -0.182065 -0.0199378 0.983084 142.395
0.983892 -0.00394548 0.178723 70.5892 -0.00126314 0.999578 0.0290204 0.135023 -0.178762 -0.0287787 0.983471 143.138
0.984598 0.00529166 0.174756 70.7293 -0.0107047 0.999491 0.0300469 0.145623 -0.174508 -0.0314548 0.984153 143.975
0.985369 0.00703787 0.170288 70.8278 -0.0114129 0.999629 0.0247269 0.16335 -0.170051 -0.0263086 0.985084 144.797
0.986609 -0.000403144 0.163103 70.974 -0.00209165 0.999883 0.0151237 0.160182 -0.163091 -0.0152624 0.986493 145.6
0.98727 -0.0062243 0.158932 71.0857 0.00482877 0.999946 0.00916535 0.176873 -0.158981 -0.00828123 0.987247 146.379
0.98845 -0.00474674 0.151471 71.1906 0.00320298 0.99994 0.0104341 0.18396 -0.151512 -0.00982845 0.988407 147.119
0.989673 0.0051257 0.143252 71.2972 -0.00696532 0.9999 0.0123433 0.178363 -0.143174 -0.0132137 0.989609 147.862
0.9906 0.0123428 0.136229 71.3643 -0.0137565 0.999861 0.0094403 0.181988 -0.136094 -0.0112256 0.990632 148.634
0.992098 0.00635273 0.125302 71.4659 -0.00688 0.999969 0.0037757 0.178217 -0.125274 -0.00460794 0.992111 149.4
0.993016 -0.00070413 0.117979 71.5457 0.000630819 1 0.000658734 0.176768 -0.11798 -0.00057971 0.993016 150.14
0.994 -0.00163958 0.109369 71.63 0.00128775 0.999994 0.00328755 0.173626 -0.109373 -0.00312699 0.993996 150.875
0.994725 0.00486864 0.102461 71.6951 -0.00587145 0.999938 0.00948789 0.16863 -0.102408 -0.0100394 0.994692 151.619
0.995686 0.00522953 0.092638 71.7562 -0.00665621 0.999864 0.0150983 0.166105 -0.0925464 -0.0156498 0.995585 152.392
0.996297 0.00318665 0.08592 71.814 -0.00474618 0.999828 0.0179528 0.166647 -0.085848 -0.0182941 0.99614 153.163
0.996877 -0.000507132 0.0789733 71.8827 -0.00103827 0.999809 0.0195264 0.172035 -0.0789681 -0.0195474 0.996685 154.004
0.997161 -0.00150085 0.0752782 71.9389 0.000176862 0.999845 0.0175915 0.176864 -0.075293 -0.0175283 0.997007 154.833
0.997447 0.00356727 0.0713237 71.9861 -0.00441811 0.999921 0.011775 0.177662 -0.0712761 -0.0120601 0.997384 155.665
0.997698 0.00887329 0.0672284 72.0292 -0.00920464 0.999947 0.00462058 0.175032 -0.0671839 -0.00522876 0.997727 156.481
0.997894 0.00627009 0.0645561 72.0643 -0.00640838 0.999978 0.00193532 0.172055 -0.0645425 -0.00234494 0.997912 157.285
0.998139 0.00313274 0.0609049 72.1117 -0.00363326 0.999961 0.008109 0.174195 -0.0608771 -0.00831519 0.998111 158.067
0.998223 0.00512571 0.0593708 72.1398 -0.00621686 0.999815 0.0182084 0.170332 -0.0592665 -0.0185451 0.99807 158.905
0.99851 0.00371627 0.05445 72.1777 -0.00508083 0.999676 0.0249439 0.174441 -0.0543397 -0.0251834 0.998205 159.752
0.998785 -0.00332388 0.0491581 72.2386 0.00224217 0.999754 0.0220435 0.174783 -0.0492193 -0.0219065 0.998548 160.659
0.998859 -0.0170416 0.04461 72.2876 0.0165017 0.999786 0.0124426 0.177659 -0.0448125 -0.0116922 0.998927 161.539
0.999156 -0.0169581 0.0374029 72.3152 0.0166885 0.999833 0.00750893 0.191445 -0.037524 -0.0068784 0.999272 162.461
0.999516 0.00152064 0.0310615 72.3268 -0.00177808 0.999964 0.00826206 0.191111 -0.0310478 -0.00831329 0.999483 163.266
0.99973 0.00195042 0.0231428 72.3346 -0.00228262 0.999895 0.0143365 0.191805 -0.0231124 -0.0143855 0.999629 164.072
0.999856 -0.00494786 0.0162476 72.344 0.00465522 0.999827 0.0179999 0.189807 -0.0163339 -0.0179217 0.999706 164.906
0.999851 -0.01446 0.00945509 72.3595 0.0142485 0.999655 0.0220664 0.199323 -0.00977091 -0.0219284 0.999712 165.757
0.999913 -0.0127185 0.00340293 72.3625 0.0126421 0.999687 0.0215878 0.20728 -0.00367642 -0.0215429 0.999761 166.613
0.999954 -0.00900149 -0.00331876 72.3694 0.00904962 0.99985 0.0147839 0.208744 0.00318519 -0.0148133 0.999885 167.452
0.999872 -0.0125688 -0.00993303 72.3641 0.0126135 0.999911 0.00445535 0.213174 0.00987614 -0.00458007 0.999941 168.274
0.999653 -0.0194362 -0.0177685 72.3637 0.0194372 0.999811 -0.000115922 0.214758 0.0177674 -0.000229488 0.999842 169.123
0.999705 -0.00593386 -0.0235714 72.3351 0.00611417 0.999953 0.0075847 0.210322 0.0235253 -0.00772658 0.999693 169.903
0.999484 0.0146774 -0.0285623 72.2991 -0.0140819 0.999682 0.0209397 0.211963 0.0288605 -0.0205267 0.999373 170.643
0.999334 0.0153365 -0.0331155 72.2566 -0.0143894 0.999486 0.0286496 0.2116 0.0335378 -0.028154 0.999041 171.494
0.999308 0.00536164 -0.0368182 72.2559 -0.00441251 0.999657 0.0258119 0.214449 0.036944 -0.0256316 0.998989 171.588
0.999247 0.00235862 -0.0387398 72.1867 -0.00178726 0.999889 0.0147765 0.227986 0.0387703 -0.0146962 0.99914 172.965
0.999067 0.0146438 -0.0406207 72.1465 -0.01437 0.999872 0.00702383 0.223668 0.0407184 -0.00643356 0.99915 173.417
0.999001 0.00967297 -0.043638 72.0972 -0.00958086 0.999951 0.00231933 0.227369 0.0436583 -0.00189892 0.999045 174.448
0.998884 -0.00715287 -0.0466877 72.0821 0.00751808 0.999942 0.00765156 0.2204 0.0466302 -0.00799402 0.99888 175.131
0.998891 -0.00576834 -0.0467174 72.0602 0.00649502 0.99986 0.0154179 0.220862 0.0466219 -0.0157043 0.998789 175.454
0.998908 1.88402e-006 -0.0467256 71.9872 0.00101434 0.999763 0.021725 0.218688 0.0467146 -0.0217487 0.998671 176.56
0.99882 0.000853495 -0.0485599 71.9731 0.000143017 0.99979 0.0205141 0.219605 0.0485671 -0.0204969 0.99861 177.305
0.998784 -0.00364716 -0.0491741 71.9101 0.00421378 0.999926 0.0114239 0.224013 0.0491287 -0.0116172 0.998725 178.252
0.998516 -0.0119783 -0.0531251 71.8856 0.0119717 0.999928 -0.00044176 0.217608 0.0531265 -0.000194894 0.998588 179.09
0.998308 -0.0204288 -0.0544448 71.853 0.0201548 0.999781 -0.00557711 0.213276 0.0545468 0.00447035 0.998501 179.926
0.998414 -0.00768402 -0.055775 71.7989 0.00763656 0.99997 -0.00106393 0.209759 0.0557815 0.00063631 0.998443 180.691
0.998355 0.00664352 -0.0569515 71.7479 -0.00604578 0.999925 0.0106615 0.199212 0.0570181 -0.0102996 0.99832 181.47
0.998302 0.00553595 -0.0579796 71.6917 -0.00472977 0.99989 0.0140327 0.190334 0.0580509 -0.0137346 0.998219 182.305
0.998188 -0.000897937 -0.0601724 71.6479 0.0015564 0.999939 0.010897 0.183865 0.0601589 -0.0109709 0.998129 183.302
0.998309 0.00132069 -0.0581177 71.5581 -0.00105142 0.999989 0.0046635 0.183289 0.0581232 -0.00459451 0.998299 184.156
0.99811 0.00724772 -0.061029 71.5098 -0.00701253 0.999967 0.00406714 0.182572 0.0610565 -0.00363149 0.998128 185.041
0.998393 0.00923674 -0.0559186 71.4327 -0.00879625 0.999928 0.00811837 0.174154 0.0559896 -0.00761345 0.998402 185.893
0.998147 0.00417361 -0.0607003 71.3955 -0.00349778 0.999931 0.0112359 0.164088 0.060743 -0.0110027 0.998093 186.721
0.998274 0.00574967 -0.058441 71.3465 -0.00494505 0.999891 0.0139034 0.166911 0.0585146 -0.0135904 0.998194 187.559
0.998173 0.00749977 -0.0599552 71.2953 -0.00671474 0.999889 0.0132844 0.165549 0.0600481 -0.0128576 0.998113 188.396
0.998097 0.00139323 -0.0616526 71.2495 -0.000837688 0.999959 0.00903575 0.156233 0.0616626 -0.00896691 0.998057 189.249
0.997995 -3.67019e-006 -0.0632926 71.1928 0.000237831 0.999993 0.00369212 0.149183 0.0632922 -0.00369977 0.997988 190.103
0.99793 0.00524801 -0.0640945 71.1254 -0.005056 0.999982 0.00315756 0.152106 0.0641099 -0.00282696 0.997939 190.894
0.997714 0.0018339 -0.0675509 71.0785 -0.000884819 0.999901 0.0140771 0.146189 0.06757 -0.0139851 0.997617 191.666
0.997598 -0.00244628 -0.069228 71.0458 0.00401799 0.999737 0.0225733 0.14545 0.0691545 -0.0227973 0.997345 192.153
0.997532 -0.00769279 -0.0697954 70.9873 0.00941041 0.99966 0.024314 0.138222 0.0695846 -0.0249107 0.997265 193.148
0.997619 -0.00591271 -0.068709 70.8946 0.00711708 0.999825 0.0172971 0.136473 0.0685947 -0.0177449 0.997487 194.051
0.997565 0.00147195 -0.0697224 70.86 -0.000602904 0.999922 0.0124838 0.142181 0.0697354 -0.0124114 0.997488 194.581
0.997677 0.00254048 -0.068069 70.7981 -0.0021068 0.999977 0.0064422 0.13506 0.0680838 -0.00628383 0.99766 195.477
0.997694 -0.00231357 -0.0678259 70.7505 0.0025017 0.999993 0.00268897 0.125961 0.0678192 -0.00285245 0.997694 196.128
0.997863 -0.00630088 -0.0650397 70.7151 0.00618166 0.999979 -0.00203423 0.115401 0.0650511 0.00162783 0.997881 196.821
0.998201 -0.00445205 -0.0597955 70.6672 0.00423523 0.999984 -0.00375222 0.115086 0.0598113 0.00349222 0.998204 197.454
0.998474 -0.00116487 -0.0552078 70.6319 0.00124495 0.999998 0.00141622 0.104689 0.055206 -0.00148279 0.998474 198.08
0.998806 0.00708913 -0.0483289 70.6006 -0.00656804 0.999919 0.0109325 0.0974713 0.0484025 -0.010602 0.998772 198.681
0.999042 0.0110259 -0.042358 70.5465 -0.0103605 0.99982 0.0158969 0.0884716 0.0425257 -0.0154428 0.998976 199.367
0.999303 0.00638395 -0.0367898 70.5211 -0.00586181 0.999881 0.0142831 0.0803613 0.0368766 -0.0140574 0.999221 200.038
0.999572 -0.000628485 -0.0292401 70.508 0.000813095 0.99998 0.00630214 0.0773813 0.0292355 -0.00632321 0.999553 200.684
0.999765 -0.000148484 -0.0217005 70.4897 0.000103174 0.999998 -0.00208909 0.070014 0.0217008 0.00208635 0.999762 201.343
0.999886 0.00430475 -0.0144421 70.4719 -0.00441118 0.999963 -0.00734568 0.0697283 0.0144099 0.00740855 0.999869 201.956
0.999971 0.00153708 -0.00739973 70.4734 -0.00157998 0.999982 -0.00579552 0.0607717 0.00739068 0.00580704 0.999956 202.536
0.999988 -0.00472269 -0.000966643 70.4668 0.00472255 0.999989 -0.000142624 0.0518008 0.000967306 0.000138057 1 203.119
0.999929 -0.0107664 0.00502159 70.4815 0.010737 0.999925 0.00584938 0.0413072 -0.0050842 -0.00579505 0.99997 203.628
0.999847 -0.0135598 0.0110748 70.4856 0.0134806 0.999883 0.00719385 0.031642 -0.011171 -0.00704345 0.999913 204.29
0.999886 -0.00394119 0.014554 70.4973 0.00381717 0.999956 0.00853906 0.0272337 -0.014587 -0.00848253 0.999858 204.873
0.999838 0.00578136 0.0170731 70.49 -0.0059526 0.999932 0.00999573 0.0257515 -0.0170142 -0.0100957 0.999804 205.502
0.999865 0.00337138 0.0160991 70.5005 -0.00356625 0.999921 0.0120911 0.0267554 -0.016057 -0.0121469 0.999797 206.12
0.999872 -0.000446493 0.0160096 70.4865 0.000208558 0.99989 0.0148606 0.0244298 -0.0160145 -0.0148554 0.999761 206.752
0.99989 0.000478474 0.0148042 70.509 -0.000732006 0.999853 0.017125 0.0184238 -0.0147938 -0.017134 0.999744 207.389
0.999804 0.00911082 0.017586 70.5013 -0.00931648 0.999889 0.0116481 0.0203482 -0.0174779 -0.0118097 0.999778 208.043
0.999778 0.0138297 0.0158794 70.4924 -0.0138781 0.999899 0.00294387 0.0176283 -0.0158371 -0.00316359 0.99987 208.692
0.999891 0.00429301 0.0141166 70.4985 -0.00421365 0.999975 -0.00564694 0.0138163 -0.0141405 0.00558684 0.999884 209.303
0.999918 -0.00734789 0.0105164 70.5084 0.00745265 0.999923 -0.009957 0.0139421 -0.0104425 0.0100346 0.999895 209.885
0.99997 -0.00409744 0.00659163 70.5049 0.00412576 0.999982 -0.00428938 0.0119437 -0.00657393 0.00431644 0.999969 210.478
0.999957 0.0089298 0.00232877 70.4931 -0.00894732 0.999931 0.00762425 0.00795772 -0.00226053 -0.00764476 0.999968 211.039
0.999997 0.00223821 -0.00119726 70.4889 -0.00221129 0.999755 0.0220322 0.00449415 0.00124628 -0.0220295 0.999757 211.675
0.999898 -0.012538 -0.00677856 70.5015 0.0127448 0.999426 0.0313792 0.00611667 0.00638124 -0.0314624 0.999485 212.368
0.999932 -0.00786126 -0.00857735 70.4921 0.00810795 0.999543 0.0291154 0.0121306 0.00834454 -0.029183 0.999539 213.076
0.999923 0.00309134 -0.0120375 70.4715 -0.00281863 0.99974 0.022606 0.0228362 0.0121042 -0.0225703 0.999672 213.826
0.999875 0.00263867 -0.0155708 70.4536 -0.00241171 0.999891 0.0145771 0.0264553 0.0156075 -0.0145378 0.999773 214.406
0.99979 -0.00947628 -0.0181677 70.4533 0.00964215 0.999912 0.00906413 0.0361397 0.0180803 -0.0092374 0.999794 215.181
0.999715 -0.0154231 -0.0182124 70.4433 0.0156807 0.999778 0.0140851 0.0408339 0.0179911 -0.0143667 0.999735 215.854
0.99967 -0.015454 -0.0205159 70.4334 0.0158319 0.999706 0.0183868 0.0393605 0.0202257 -0.0187055 0.99962 216.593
0.999753 -0.00882071 -0.0204095 70.3635 0.00925609 0.999729 0.0213374 0.019826 0.0202157 -0.021521 0.999564 217.252
0.999775 -0.00492879 -0.0206166 70.381 0.00532167 0.999804 0.0190456 0.038145 0.0205187 -0.019151 0.999606 218.075
0.999762 -0.00437932 -0.0213635 70.3655 0.00468711 0.999886 0.0143784 0.0405119 0.021298 -0.0144751 0.999668 218.777
0.999719 -0.0107096 -0.0211363 70.3466 0.0109813 0.999858 0.0127796 0.0456302 0.0209965 -0.0130081 0.999695 219.465
0.999698 -0.00897979 -0.0228889 70.3352 0.00935541 0.999822 0.0163567 0.0470604 0.022738 -0.0165659 0.999604 220.142
0.99975 -0.00169259 -0.0222934 70.3068 0.00214903 0.999788 0.0204663 0.0526994 0.0222541 -0.0205091 0.999542 220.849
0.999714 -0.00142675 -0.0238565 70.2904 0.00198342 0.999726 0.023327 0.0534076 0.0238167 -0.0233677 0.999443 221.597
0.999738 -0.0034092 -0.0226243 70.2756 0.00388864 0.999768 0.0211813 0.0537122 0.0225469 -0.0212637 0.99952 222.316
0.999727 -0.00337867 -0.0231312 70.2522 0.00369238 0.999902 0.0135327 0.056084 0.0230832 -0.0136144 0.999641 223.086
0.999728 -0.0033492 -0.0230715 70.2465 0.00345248 0.999984 0.00443815 0.0525896 0.0230562 -0.00451659 0.999724 223.807
0.999732 -1.42326e-006 -0.0231551 70.2518 -2.41433e-005 0.999999 -0.00110387 0.062344 0.0231551 0.00110413 0.999731 224.401
0.999796 0.0047602 -0.0196365 70.1873 -0.00475214 0.999989 0.000456913 0.0547446 0.0196385 -0.000363504 0.999807 225.016
0.999739 0.000425459 -0.0228318 70.2087 -0.000269713 0.999977 0.00682409 0.0568687 0.0228342 -0.00681615 0.999716 225.643
0.999748 -0.00511267 -0.0218505 70.1761 0.00542847 0.999881 0.0144182 0.0442685 0.0217742 -0.0145332 0.999657 226.2
0.999738 -0.00159353 -0.0228371 70.1703 0.00202673 0.999818 0.0189586 0.0449509 0.0228027 -0.0189999 0.999559 226.804
0.999708 -0.000821454 -0.0241402 70.1565 0.00135409 0.999756 0.022056 0.0481222 0.0241162 -0.0220823 0.999465 227.447
0.999604 -0.00394316 -0.0278461 70.1764 0.00462882 0.999687 0.0246019 0.0527655 0.0277404 -0.024721 0.999309 228.064
0.999432 -0.00930288 -0.0324022 70.1507 0.0100872 0.999658 0.0241261 0.0495134 0.0321667 -0.0244393 0.999184 228.717
0.999041 -0.0106565 -0.0424751 70.1182 0.0115888 0.999696 0.0217653 0.0611705 0.0422302 -0.0222367 0.99886 229.302
0.998634 -0.00790424 -0.0516438 70.1098 0.00886643 0.999791 0.0184289 0.0536296 0.0514874 -0.0188616 0.998496 229.456
0.997776 -0.00207432 -0.066628 70.0714 0.00305392 0.999889 0.0146041 0.0573957 0.0665903 -0.0147751 0.997671 229.931
0.996324 -0.000416465 -0.085659 70.0281 0.00152834 0.999915 0.0129151 0.0524654 0.0856464 -0.0129986 0.996241 230.327
0.994221 -0.00355535 -0.107296 69.9803 0.00507038 0.999891 0.0138506 0.0580949 0.107235 -0.0143146 0.994131 230.695
0.99126 -0.000731681 -0.131919 69.8938 0.00302378 0.999848 0.0171756 0.0551581 0.131886 -0.0174244 0.991112 231.202
0.98708 0.00415157 -0.160176 69.8171 -0.000884367 0.99979 0.0204635 0.0601927 0.160227 -0.0200574 0.986876 231.6
0.981341 -0.000225128 -0.192276 69.7217 0.00431598 0.999773 0.0208574 0.0542049 0.192227 -0.0212981 0.981119 232.028
0.973576 0.00276353 -0.228347 69.5659 0.00156442 0.999823 0.0187703 0.0536039 0.228358 -0.0186315 0.973399 232.591
0.963535 0.0136095 -0.267238 69.4339 -0.00924642 0.999803 0.0175784 0.0558562 0.267424 -0.0144664 0.96347 232.941
0.950491 0.0122532 -0.31051 69.2772 -0.00756627 0.999839 0.0162941 0.0578337 0.31066 -0.013138 0.95043 233.324
0.936243 0.0182424 -0.35088 69.0912 -0.0126534 0.999754 0.018215 0.0655724 0.351126 -0.0126138 0.936243 233.666
0.915812 0.0199201 -0.401114 68.9086 -0.0124336 0.999697 0.0212589 0.0669874 0.401416 -0.0144819 0.915781 234.001
0.893729 0.0312157 -0.447519 68.7051 -0.0209327 0.999391 0.0279062 0.0680639 0.448118 -0.0155728 0.893839 234.311
0.869422 0.0369653 -0.492686 68.4599 -0.0221069 0.999109 0.0359503 0.0720272 0.493576 -0.0203642 0.869464 234.6
0.840921 0.033128 -0.540143 68.2137 -0.0125056 0.999048 0.0418042 0.0806996 0.541014 -0.0283992 0.840534 234.866
0.807458 0.0297608 -0.589174 67.9549 -0.00179269 0.998846 0.0479975 0.0929149 0.589923 -0.0376998 0.806579 235.155
0.771092 0.027658 -0.636123 67.7157 0.00983422 0.99842 0.0553311 0.104809 0.636648 -0.0489212 0.769601 235.409
0.733921 0.0332255 -0.678421 67.3992 0.018263 0.997477 0.0686082 0.122027 0.678989 -0.062743 0.731463 235.671
0.695486 0.0407772 -0.717382 67.0785 0.0249546 0.996415 0.0808308 0.141745 0.718106 -0.0741186 0.691975 235.913
0.653128 0.0488752 -0.755669 66.6781 0.0295571 0.995509 0.089934 0.164824 0.75667 -0.0810738 0.64875 236.19
0.612241 0.0536907 -0.788846 66.2909 0.0338655 0.994996 0.0940054 0.198752 0.789946 -0.0842686 0.607358 236.418
0.566576 0.0575064 -0.822 65.8057 0.0398729 0.99448 0.097056 0.2433 0.823044 -0.0877652 0.561156 236.668
0.518957 0.0556233 -0.852989 65.4028 0.0476946 0.994442 0.0938648 0.268675 0.853469 -0.0893947 0.51342 236.84
0.471372 0.0563357 -0.880133 64.7965 0.0481853 0.994822 0.0894833 0.334264 0.880617 -0.0845894 0.466217 237.067
0.417754 0.0537101 -0.906971 64.4176 0.0478196 0.995568 0.0809826 0.369328 0.907301 -0.0772018 0.413334 237.209
0.365143 0.0555472 -0.929293 63.8268 0.0457992 0.995938 0.0775265 0.423059 0.929824 -0.0708692 0.361116 237.396
0.314996 0.0603226 -0.947174 63.4101 0.0461361 0.995825 0.0787642 0.426308 0.947971 -0.0685093 0.310898 237.473
0.265375 0.0633151 -0.962064 62.8946 0.0493341 0.995643 0.0791332 0.475502 0.962882 -0.0684625 0.261095 237.593
0.221647 0.0675627 -0.972784 62.4328 0.0566749 0.995018 0.0820203 0.485976 0.973479 -0.073312 0.216714 237.63
0.177754 0.0679793 -0.981724 61.8592 0.0599131 0.995013 0.0797475 0.5326 0.982249 -0.0729936 0.172795 237.709
0.138295 0.0890877 -0.986376 61.501 0.0462934 0.994276 0.0962918 0.465751 0.989308 -0.0589794 0.13338 237.566
0.104335 0.0743482 -0.991759 60.854 0.0639244 0.994639 0.081289 0.549596 0.992486 -0.0718789 0.0990227 237.678
0.0767767 0.0853692 -0.993387 60.375 0.0725185 0.993211 0.0909589 0.565712 0.994408 -0.0790224 0.0700646 237.645
0.0522184 0.085276 -0.994988 59.7967 0.0714197 0.993477 0.0888947 0.619851 0.996079 -0.0757037 0.0457874 237.661
0.0311379 0.0909635 -0.995367 59.2103 0.0798417 0.992442 0.0931938 0.663912 0.996321 -0.0823736 0.0236398 237.651
0.0134853 0.0944482 -0.995438 58.7109 0.0833392 0.991959 0.0952471 0.699791 0.99643 -0.0842435 0.00550558 237.629
0.000531717 0.101622 -0.994823 58.2196 0.0886222 0.990904 0.101269 0.738884 0.996065 -0.0882172 -0.00847909 237.61
-0.00988508 0.102224 -0.994712 57.6019 0.092252 0.990612 0.100886 0.792543 0.995687 -0.0907669 -0.0192227 237.601
-0.0147635 0.103816 -0.994487 57.0501 0.0971283 0.990041 0.10191 0.844219 0.995162 -0.0950883 -0.0247 237.568
-0.0187129 0.102479 -0.994559 56.5035 0.0999415 0.989943 0.100123 0.897949 0.994817 -0.0975241 -0.0287667 237.557
-0.0189226 0.105306 -0.99426 55.8868 0.103852 0.989266 0.102801 0.961194 0.994413 -0.101311 -0.0296558 237.525
-0.0198693 0.108185 -0.993932 55.3047 0.104918 0.988865 0.105536 1.00879 0.994282 -0.102185 -0.0309986 237.495
-0.0198015 0.104594 -0.994318 54.6468 0.105285 0.989201 0.101959 1.07716 0.994245 -0.102668 -0.0305999 237.472
-0.0174227 0.105957 -0.994218 54.04 0.105844 0.988977 0.103544 1.14297 0.99423 -0.103428 -0.0284456 237.447
-0.0188956 0.102394 -0.994564 53.3542 0.101847 0.989765 0.0999652 1.20099 0.994621 -0.0994042 -0.0291307 237.428
-0.0196092 0.099766 -0.994818 52.6502 0.0994448 0.99027 0.0973497 1.27038 0.99485 -0.0970205 -0.0293396 237.424
-0.0193704 0.0964705 -0.995147 51.945 0.0972369 0.990797 0.0941562 1.34354 0.995073 -0.0949412 -0.0285726 237.392
-0.0156554 0.100168 -0.994847 51.2818 0.0972307 0.990406 0.0981911 1.40907 0.995139 -0.0951925 -0.0252446 237.372
-0.0161528 0.103201 -0.994529 50.5178 0.0993599 0.989901 0.101107 1.48487 0.99492 -0.0971832 -0.0262437 237.36
-0.0139001 0.0977743 -0.995112 49.7867 0.100424 0.990312 0.0959 1.55661 0.994848 -0.0985999 -0.0235843 237.331
-0.0137564 0.0961994 -0.995267 48.956 0.102889 0.990214 0.0942888 1.63931 0.994598 -0.101105 -0.0235197 237.311
-0.0111878 0.0929731 -0.995606 48.1635 0.0988002 0.990899 0.0914233 1.7143 0.995044 -0.0973433 -0.0202718 237.301
-0.010801 0.0937431 -0.995538 47.3029 0.0990936 0.990795 0.0922215 1.79801 0.995019 -0.0976553 -0.0199909 237.285
-0.00943423 0.0922364 -0.995692 46.4778 0.0958765 0.991233 0.0909149 1.86844 0.995349 -0.0946058 -0.0181948 237.264
-0.0109204 0.0867166 -0.996173 46.0498 0.0999296 0.99134 0.0852004 1.90715 0.994935 -0.0986168 -0.0194914 237.274
-0.00782062 0.0902998 -0.995884 44.9477 0.102366 0.990755 0.0890309 1.99438 0.994716 -0.101248 -0.0169919 237.242
-0.0112091 0.0855566 -0.99627 44.1462 0.0919668 0.992198 0.0841721 2.06287 0.995699 -0.0906802 -0.01899 237.238
-0.00902615 0.0899173 -0.995908 43.1814 0.0868919 0.992252 0.0887996 2.12495 0.996177 -0.0857349 -0.0167693 237.196
-0.0120314 0.0863396 -0.996193 42.3001 0.079075 0.993227 0.0851275 2.18769 0.996796 -0.0777498 -0.0187772 237.182
-0.0116658 0.0866119 -0.996174 41.3975 0.0837068 0.992829 0.0853409 2.25833 0.996422 -0.082391 -0.0188321 237.173
-0.0153207 0.0852153 -0.996245 40.5464 0.0922857 0.992229 0.0834526 2.32289 0.995615 -0.0906606 -0.0230658 237.151
-0.0190155 0.0832239 -0.996349 39.6638 0.0965055 0.992029 0.0810212 2.39286 0.995151 -0.0946126 -0.0268955 237.108
-0.0239912 0.0798086 -0.996521 38.4819 0.0929773 0.992666 0.0772614 2.46797 0.995379 -0.0908003 -0.0312356 237.08
-0.0258993 0.082039 -0.996293 37.2623 0.0888823 0.992869 0.0794465 2.56021 0.995705 -0.0864952 -0.0330065 237.081
-0.0290762 0.0793242 -0.996425 36.0412 0.0786671 0.993936 0.0768305 2.63885 0.996477 -0.0761519 -0.03514 236.989
-0.03527 0.0805172 -0.996129 34.8394 0.0751853 0.994138 0.0776942 2.71614 0.996546 -0.072154 -0.041117 236.982
-0.0331448 0.0828047 -0.996014 33.5559 0.0763801 0.993857 0.0800836 2.80134 0.996528 -0.0734213 -0.0392658 236.909
-0.036915 0.0822022 -0.995932 32.2554 0.0787304 0.993753 0.0791041 2.87205 0.996212 -0.07549 -0.0431562 236.828
-0.0376129 0.0839211 -0.995762 31.2373 0.0819629 0.993369 0.0806234 2.92647 0.995925 -0.0785831 -0.0442419 236.784
-0.0367185 0.0907807 -0.995194 29.716 0.0789411 0.993017 0.0876696 3.01725 0.996203 -0.0753426 -0.0436284 236.712
-0.039284 0.0884592 -0.995305 28.7425 0.0771146 0.993371 0.0852437 3.09391 0.996248 -0.0734039 -0.0458451 236.646
-0.03863 0.0936598 -0.994855 27.4124 0.0848594 0.992309 0.0901251 3.19671 0.995644 -0.0809412 -0.0462808 236.541
-0.0348616 0.0914372 -0.9952 26.4011 0.0891524 0.99212 0.0880312 3.26414 0.995408 -0.0856556 -0.0427387 236.493
-0.0310075 0.0922034 -0.995257 24.6358 0.0936541 0.991623 0.0889489 3.41369 0.995122 -0.0904518 -0.039383 236.401
-0.0280287 0.0919103 -0.995373 24.0172 0.0963357 0.991377 0.0888287 3.44733 0.994954 -0.0934002 -0.0366412 236.39
-0.0289568 0.0858441 -0.995888 22.5972 0.0932883 0.992189 0.0828128 3.55699 0.995218 -0.0905067 -0.0367388 236.337
-0.0245227 0.0866523 -0.995937 21.8539 0.0937765 0.992043 0.0840044 3.60372 0.995291 -0.0913355 -0.0324535 236.312
-0.0272739 0.0765287 -0.996694 20.5953 0.0887907 0.99331 0.0738391 3.6914 0.995677 -0.0864833 -0.0338865 236.277
-0.0256959 0.0711738 -0.997133 19.882 0.0812375 0.994312 0.068879 3.73641 0.996363 -0.0792347 -0.0313317 236.251
-0.0253339 0.0744554 -0.996902 18.9206 0.0747536 0.994572 0.0723816 3.7915 0.99688 -0.0726883 -0.0307622 236.232
-0.02676 0.0706274 -0.997144 17.9703 0.0747437 0.99485 0.0684591 3.86199 0.996844 -0.0726983 -0.0319011 236.223
-0.0233733 0.0706149 -0.99723 17.1829 0.0797375 0.994456 0.0685496 3.91559 0.996542 -0.0779144 -0.0288744 236.186
-0.0236729 0.0778805 -0.996682 16.2002 0.082425 0.993719 0.0756912 3.98017 0.996316 -0.0803597 -0.0299435 236.179
-0.0303154 0.0663191 -0.997338 15.3397 0.0745556 0.995167 0.0639085 4.02874 0.996756 -0.0724197 -0.0351133 236.137
-0.0298836 0.080191 -0.996331 14.4585 0.0751736 0.994134 0.0777595 4.0524 0.996723 -0.0725741 -0.0357366 236.044
-0.0335522 0.0739905 -0.996694 13.4915 0.0685804 0.995076 0.0715617 4.12489 0.997081 -0.0659526 -0.0384613 236.057
-0.0363751 0.0736907 -0.996618 12.6047 0.0714796 0.994915 0.0709559 4.17288 0.996779 -0.0686568 -0.0414575 236.031
-0.0385014 0.0878596 -0.995389 11.8478 0.0689707 0.993985 0.0850679 4.19975 0.996875 -0.0653774 -0.0443296 235.906
-0.0455345 0.0757287 -0.996088 10.9208 0.0717236 0.994797 0.0723518 4.26526 0.996385 -0.0681486 -0.0507291 235.936
-0.0428981 0.088919 -0.995115 10.1235 0.0831448 0.992894 0.0851364 4.31375 0.995614 -0.0790864 -0.0499864 235.843
-0.0543007 0.0811714 -0.99522 9.1827 0.078301 0.993967 0.076797 4.37499 0.99545 -0.0737566 -0.0603289 235.798
-0.0538293 0.0905955 -0.994432 8.28187 0.0888655 0.992359 0.0855963 4.441 0.994588 -0.0837631 -0.0614688 235.731
-0.0592507 0.0920737 -0.993988 7.35028 0.0888731 0.99227 0.0866169 4.49856 0.994279 -0.0832067 -0.0669755 235.668
-0.0602031 0.0972306 -0.993439 6.56226 0.0906878 0.991661 0.0915609 4.55365 0.994058 -0.0845806 -0.0685187 235.586
-0.0624546 0.101632 -0.99286 5.73197 0.0926233 0.991099 0.0956255 4.61036 0.993741 -0.0859897 -0.0713122 235.515
-0.0606171 0.10837 -0.992261 4.91595 0.0962585 0.99009 0.102253 4.68122 0.993509 -0.0893153 -0.070448 235.44
-0.0626959 0.110042 -0.991948 4.1076 0.104223 0.989191 0.103149 4.75219 0.992576 -0.0969165 -0.073487 235.384
-0.0616718 0.113463 -0.991626 3.33006 0.109101 0.98833 0.106301 4.81735 0.992116 -0.101632 -0.0733311 235.305
-0.0608864 0.115504 -0.991439 2.58638 0.110918 0.987913 0.108281 4.87539 0.991963 -0.103375 -0.0729618 235.238
-0.0623663 0.115061 -0.991399 1.88149 0.112628 0.987799 0.107558 4.94801 0.991678 -0.104951 -0.0745643 235.195
-0.0573517 0.122104 -0.990859 1.08886 0.116245 0.986558 0.114845 5.00856 0.991563 -0.108596 -0.0707748 235.091
-0.0577226 0.11934 -0.991174 0.439361 0.116587 0.986842 0.112029 5.07178 0.991502 -0.109091 -0.0708765 235.057
-0.0536333 0.122573 -0.991009 -0.280289 0.124569 0.985506 0.115151 5.13755 0.99076 -0.117273 -0.0681248 235.003
-0.0478286 0.127355 -0.990703 -0.942787 0.123732 0.984955 0.120642 5.19891 0.991162 -0.116811 -0.0628669 234.944
-0.050395 0.122202 -0.991225 -1.67108 0.121231 0.985896 0.115381 5.2814 0.991344 -0.114353 -0.0644988 234.926
-0.0432894 0.126284 -0.991049 -2.49766 0.123267 0.985075 0.120139 5.36456 0.991429 -0.116963 -0.05821 234.857
-0.0425543 0.118379 -0.992056 -3.19057 0.120251 0.986344 0.112539 5.43308 0.991831 -0.114506 -0.0562084 234.813
-0.0363682 0.118822 -0.992249 -4.30262 0.121019 0.986122 0.113652 5.5915 0.991984 -0.115948 -0.0502432 234.751
-0.0374372 0.116997 -0.992426 -5.14783 0.118884 0.986591 0.111824 5.70188 0.992202 -0.113798 -0.0508444 234.791
-0.033802 0.122321 -0.991915 -5.41893 0.120528 0.985737 0.117452 5.72024 0.992134 -0.115584 -0.0480631 234.769
-0.0306396 0.119325 -0.992382 -6.7917 0.120182 0.986085 0.114857 5.86883 0.992279 -0.115747 -0.0445539 234.745
-0.0248823 0.122366 -0.992173 -7.18759 0.12228 0.9854 0.118464 5.88355 0.992184 -0.118376 -0.0394819 234.708
-0.0222918 0.116242 -0.992971 -7.90307 0.118474 0.986526 0.112828 5.99856 0.992707 -0.115126 -0.0357631 234.689
-0.0160259 0.11871 -0.9928 -8.26818 0.121809 0.985763 0.115903 5.98964 0.992424 -0.119075 -0.0302578 234.674
-0.0153808 0.111005 -0.993701 -8.95058 0.116361 0.987264 0.108485 6.12543 0.993088 -0.11396 -0.0281016 234.657
-0.00829665 0.115379 -0.993287 -9.74759 0.120068 0.98625 0.113559 6.17285 0.992731 -0.11832 -0.0220359 234.637
-0.00589609 0.111156 -0.993785 -9.92629 0.113601 0.987444 0.109773 6.2175 0.993509 -0.112248 -0.0184495 234.629
-0.000522835 0.110654 -0.993859 -10.5949 0.115647 0.987197 0.109851 6.26147 0.99329 -0.114879 -0.0133129 234.617
0.00341269 0.107341 -0.994216 -10.9674 0.112979 0.987815 0.107038 6.29326 0.993592 -0.112691 -0.00875615 234.611
0.0106746 0.106991 -0.994203 -11.4474 0.112784 0.987786 0.107512 6.3375 0.993562 -0.113278 -0.00152275 234.614
0.0157855 0.104798 -0.994368 -11.8757 0.109495 0.98833 0.1059 6.36788 0.993862 -0.11055 0.00412647 234.599
0.0227602 0.103851 -0.994332 -12.1918 0.10537 0.988801 0.105685 6.39838 0.994173 -0.107178 0.0115626 234.599
0.0284558 0.101792 -0.994399 -12.5855 0.103864 0.989116 0.104223 6.43287 0.994184 -0.106248 0.0175736 234.615
0.0341456 0.101506 -0.994249 -12.9128 0.102272 0.989251 0.104508 6.46484 0.99417 -0.105253 0.0233974 234.621
0.0383242 0.0967002 -0.994575 -13.2539 0.0989575 0.990047 0.100073 6.48496 0.994353 -0.102256 0.0283736 234.643
0.0437755 0.0978117 -0.994242 -13.4534 0.0996263 0.989808 0.101762 6.50511 0.994062 -0.103507 0.0335847 234.648
0.0473959 0.0955461 -0.994296 -13.8084 0.097772 0.990191 0.0998122 6.52071 0.99408 -0.101945 0.0375892 234.673
0.0505077 0.0929677 -0.994387 -14.0122 0.0956352 0.990632 0.0974742 6.55409 0.994134 -0.100022 0.0411436 234.7
0.0538091 0.0916036 -0.994341 -14.246 0.0888195 0.991397 0.0961389 6.56194 0.994593 -0.09349 0.04521 234.702
0.0559676 0.0896134 -0.994403 -14.4064 0.0841266 0.991999 0.0941316 6.57596 0.994882 -0.0889241 0.0479809 234.698
0.0584399 0.0890218 -0.994314 -14.5783 0.0875608 0.99172 0.0939359 6.58818 0.994444 -0.0925525 0.0501612 234.723
0.0630858 0.0905673 -0.99389 -14.6874 0.0901072 0.99129 0.0960498 6.5957 0.993932 -0.0956161 0.0543755 234.713
0.0630858 0.0905673 -0.99389 -14.7965 0.0901072 0.99129 0.0960498 6.60323 0.993932 -0.0956161 0.0543755 234.703
0.060084 0.085204 -0.99455 -14.8594 0.0869546 0.992116 0.0902486 6.61789 0.994399 -0.0919032 0.0522014 234.76
0.0593393 0.089101 -0.994253 -14.9233 0.085191 0.991923 0.0939766 6.62311 0.994596 -0.0902779 0.0512694 234.76
0.0593393 0.089101 -0.994253 -14.9872 0.085191 0.991923 0.0939766 6.62834 0.994596 -0.0902779 0.0512694 234.76
0.0597437 0.0855849 -0.994538 -14.9593 0.082005 0.992529 0.0903382 6.6263 0.99484 -0.0869542 0.052279 234.761
0.0597437 0.0855849 -0.994538 -14.9314 0.082005 0.992529 0.0903382 6.62426 0.99484 -0.0869542 0.052279 234.761
0.0597437 0.0855849 -0.994538 -14.9035 0.082005 0.992529 0.0903382 6.62222 0.99484 -0.0869542 0.052279 234.762
0.0597437 0.0855849 -0.994538 -14.8756 0.082005 0.992529 0.0903382 6.62017 0.99484 -0.0869542 0.052279 234.762
0.0597889 0.0659124 -0.996033 -15.0445 0.0704699 0.995049 0.0700774 6.65505 0.99572 -0.0743802 0.0548481 234.872
0.0597889 0.0659124 -0.996033 -15.2133 0.0704699 0.995049 0.0700774 6.68992 0.99572 -0.0743802 0.0548481 234.982
0.0597889 0.0659124 -0.996033 -15.3822 0.0704699 0.995049 0.0700774 6.72479 0.99572 -0.0743802 0.0548481 235.092
0.0597889 0.0659124 -0.996033 -15.551 0.0704699 0.995049 0.0700774 6.75966 0.99572 -0.0743802 0.0548481 235.202
0.0597889 0.0659124 -0.996033 -15.7199 0.0704699 0.995049 0.0700774 6.79453 0.99572 -0.0743802 0.0548481 235.312
0.0597889 0.0659124 -0.996033 -15.8888 0.0704699 0.995049 0.0700774 6.8294 0.99572 -0.0743802 0.0548481 235.422
0.0597889 0.0659124 -0.996033 -16.0576 0.0704699 0.995049 0.0700774 6.86428 0.99572 -0.0743802 0.0548481 235.532
0.0597889 0.0659124 -0.996033 -16.2265 0.0704699 0.995049 0.0700774 6.89915 0.99572 -0.0743802 0.0548481 235.642
0.0597889 0.0659124 -0.996033 -16.3953 0.0704699 0.995049 0.0700774 6.93402 0.99572 -0.0743802 0.0548481 235.752
0.0597889 0.0659124 -0.996033 -16.5642 0.0704699 0.995049 0.0700774 6.96889 0.99572 -0.0743802 0.0548481 235.862
