0.999924 -6.6855e-006 0.0123484 0.00501605 -6.6855e-006 0.999999 0.00108277 -0.00578658 -0.0123484 -0.00108277 0.999923 0.287481
0.999818 -1.0123e-005 0.0190963 0.0187116 -1.0123e-005 0.999999 0.00106011 -0.00988366 -0.0190963 -0.00106011 0.999817 0.580366
0.999783 4.25084e-006 0.02082 0.0277995 4.25084e-006 1 -0.000408298 -0.0102271 -0.02082 0.000408298 0.999783 0.876977
0.999831 2.11101e-005 0.0184035 0.0390187 2.11101e-005 0.999997 -0.00229394 -0.00661108 -0.0184035 0.00229394 0.999828 1.18421
0.999964 1.24039e-005 0.00844002 0.0534075 1.24039e-005 0.999996 -0.00293925 -0.00907232 -0.00844002 0.00293925 0.99996 1.49083
0.999998 -5.09482e-006 -0.00196979 0.05208 -5.09482e-006 0.999987 -0.00517292 -0.0180239 0.00196979 0.00517292 0.999985 1.81698
0.999835 -4.61214e-005 -0.0181708 0.0360415 -4.61214e-005 0.999987 -0.00507597 -0.0250189 0.0181708 0.00507597 0.999822 2.14249
0.999319 -7.54903e-005 -0.036909 -0.0103986 -7.54903e-005 0.999992 -0.0040892 -0.0387332 0.036909 0.0040892 0.99931 2.48168
0.998415 -0.000147533 -0.0562752 -0.0531347 -0.000147533 0.999986 -0.00523909 -0.0395776 0.0562752 0.00523909 0.998402 2.82261
0.997194 -0.000198049 -0.0748641 -0.120837 -0.000198049 0.999986 -0.00528343 -0.0480414 0.0748641 0.00528343 0.99718 3.16711
0.995159 -0.000258299 -0.0982784 -0.145661 -0.000258299 0.999986 -0.00524371 -0.0476466 0.0982784 0.00524371 0.995145 3.53696
0.993076 -0.000292984 -0.117473 -0.209682 -0.000292984 0.999988 -0.00497079 -0.0443043 0.117473 0.00497079 0.993064 3.91049
0.990513 -0.000337038 -0.137421 -0.26587 -0.000337038 0.999988 -0.00488189 -0.0456942 0.137421 0.00488189 0.990501 4.30926
0.987728 -0.000518403 -0.156182 -0.303865 -0.000518403 0.999978 -0.00659766 -0.0323591 0.156182 0.00659766 0.987706 4.71861
0.985501 -0.000495981 -0.169667 -0.397618 -0.000495981 0.999983 -0.00580409 -0.0504949 0.169667 0.00580409 0.985484 5.14644
0.982808 -0.000773382 -0.184628 -0.454928 -0.000773382 0.999965 -0.00830557 -0.053293 0.184628 0.00830557 0.982773 5.60219
0.981611 -0.000910649 -0.190892 -0.607797 -0.000910649 0.999955 -0.00945304 -0.0741734 0.190892 0.00945304 0.981566 6.03997
0.980321 -0.00116534 -0.197408 -0.733724 -0.00116534 0.999931 -0.0116898 -0.0776455 0.197408 0.0116898 0.980252 6.50919
0.97793 -0.00158863 -0.208925 -0.815908 -0.00158863 0.999886 -0.015039 -0.0786268 0.208925 0.015039 0.977816 7.07617
0.975619 -0.00202467 -0.219461 -0.906876 -0.00202467 0.999832 -0.0182248 -0.0919425 0.219461 0.0182248 0.975451 7.60448
0.974275 -0.00236008 -0.225352 -1.07083 -0.00236008 0.999783 -0.0206741 -0.101738 0.225352 0.0206741 0.974058 8.18517
0.972074 -0.00276933 -0.234659 -1.17791 -0.00276933 0.999725 -0.0232702 -0.122843 0.234659 0.0232702 0.971799 8.74268
0.969185 -0.00353916 -0.246308 -1.29181 -0.00353916 0.999594 -0.0282891 -0.126976 0.246308 0.0282891 0.968779 9.33616
0.966862 -0.00402759 -0.255268 -1.48332 -0.00402759 0.99951 -0.0310252 -0.153741 0.255268 0.0310252 0.966372 9.94862
0.964542 -0.00445448 -0.263893 -1.66879 -0.00445448 0.99944 -0.0331518 -0.171057 0.263893 0.0331518 0.963982 10.5535
0.962582 -0.00455793 -0.270954 -1.80951 -0.00455793 0.999445 -0.0330047 -0.211838 0.270954 0.0330047 0.962026 11.0571
0.9598 -0.0054567 -0.280633 -2.01641 -0.0054567 0.999259 -0.0380924 -0.219021 0.280633 0.0380924 0.959059 11.7126
0.957136 -0.00591018 -0.289579 -2.19704 -0.00591018 0.999185 -0.0399277 -0.255801 0.289579 0.0399277 0.956321 12.4229
0.955021 -0.0063169 -0.29647 -2.47342 -0.0063169 0.999113 -0.0416368 -0.303318 0.29647 0.0416368 0.954134 13.091
0.950461 -0.00785029 -0.310746 -2.53758 -0.00785029 0.998756 -0.0492426 -0.328218 0.310746 0.0492426 0.949217 13.8893
0.951151 -0.00833381 -0.308612 -3.03144 -0.00833381 0.998578 -0.0526508 -0.400739 0.308612 0.0526508 0.94973 14.5646
0.949243 -0.00976779 -0.314392 -3.2061 -0.00976779 0.99812 -0.0605023 -0.428391 0.314392 0.0605023 0.947363 15.2478
0.948928 -0.0105919 -0.315316 -3.58966 -0.0105919 0.997803 -0.0653933 -0.532846 0.315316 0.0653933 0.946731 16.0831
0.946673 -0.0122845 -0.32196 -3.79392 -0.0122845 0.99717 -0.0741682 -0.545899 0.32196 0.0741682 0.943844 16.8282
0.945766 -0.0128213 -0.324597 -4.11667 -0.0128213 0.996969 -0.0767366 -0.652349 0.324597 0.0767366 0.942735 17.6641
0.943265 -0.014532 -0.331721 -4.33212 -0.014532 0.996278 -0.084967 -0.684774 0.331721 0.084967 0.939543 18.3353
0.941179 -0.0165327 -0.337502 -4.64728 -0.0165327 0.995353 -0.0948619 -0.681601 0.337502 0.0948619 0.936533 19.0875
0.940921 -0.0168577 -0.338206 -4.8729 -0.0168577 0.99519 -0.0965047 -0.773218 0.338206 0.0965047 0.936111 19.597
0.936489 -0.0182707 -0.350222 -5.1516 -0.0182707 0.994744 -0.10075 -0.827318 0.350222 0.10075 0.931233 20.2537
0.936489 -0.0182707 -0.350222 -5.43029 -0.0182707 0.994744 -0.10075 -0.881418 0.350222 0.10075 0.931233 20.9103
0.933769 -0.0186942 -0.357388 -5.54197 -0.0186942 0.994723 -0.100875 -0.963225 0.357388 0.100875 0.928492 21.4449
0.93088 -0.0191298 -0.364824 -5.85406 -0.0191298 0.994706 -0.100969 -1.00185 0.364824 0.100969 0.925586 22.085
0.928915 -0.0189974 -0.369806 -6.03598 -0.0189974 0.994923 -0.0988301 -1.0868 0.369806 0.0988301 0.923838 22.6047
0.924666 -0.0195308 -0.380278 -6.36821 -0.0195308 0.994937 -0.0985895 -1.13484 0.380278 0.0985895 0.919603 23.3106
0.921764 -0.0187208 -0.387299 -6.60433 -0.0187208 0.99552 -0.0926753 -1.2124 0.387299 0.0926753 0.917284 23.8724
0.917181 -0.0188016 -0.398026 -6.92331 -0.0188016 0.995732 -0.0903604 -1.26647 0.398026 0.0903604 0.912913 24.5909
0.913862 -0.0178333 -0.405633 -7.22039 -0.0178333 0.996308 -0.0839789 -1.35283 0.405633 0.0839789 0.91017 25.2096
0.909415 -0.0181924 -0.415492 -7.54234 -0.0181924 0.996346 -0.0834439 -1.41606 0.415492 0.0834439 0.905761 25.9166
0.906223 -0.0179866 -0.422417 -7.81817 -0.0179866 0.99655 -0.0810203 -1.48898 0.422417 0.0810203 0.902773 26.3915
0.901341 -0.0187224 -0.432705 -8.14136 -0.0187224 0.996447 -0.0821142 -1.55133 0.432705 0.0821142 0.897788 27.1112
0.896812 -0.0191627 -0.441996 -8.43673 -0.0191627 0.996441 -0.082082 -1.62165 0.441996 0.082082 0.893254 27.711
0.892645 -0.0199161 -0.45032 -8.77307 -0.0199161 0.996305 -0.0835415 -1.67434 0.45032 0.0835415 0.88895 28.4115
0.889637 -0.0191219 -0.456267 -9.29439 -0.0191219 0.996687 -0.0790547 -1.75779 0.456267 0.0790547 0.886324 29.0837
0.89056 -0.0171555 -0.454542 -9.71795 -0.0171555 0.997311 -0.0712526 -1.92711 0.454542 0.0712526 0.887871 29.6454
0.88159 -0.0182131 -0.471665 -10.0618 -0.0182131 0.997199 -0.0725485 -1.88274 0.471665 0.0725485 0.878788 30.5447
0.877005 -0.0179619 -0.480145 -10.4937 -0.0179619 0.997377 -0.0701192 -1.97622 0.480145 0.0701192 0.874382 31.2745
0.877005 -0.0179619 -0.480145 -10.9256 -0.0179619 0.997377 -0.0701192 -2.0697 0.480145 0.0701192 0.874382 32.0043
0.873027 -0.0180344 -0.487339 -11.4425 -0.0180344 0.997439 -0.0692183 -2.10932 0.487339 0.0692183 0.870465 32.771
0.87064 -0.018174 -0.491584 -11.8434 -0.018174 0.997447 -0.0690636 -2.2108 0.491584 0.0690636 0.868087 33.5955
0.868746 -0.0193843 -0.494878 -12.2771 -0.0193843 0.997137 -0.0730866 -2.25238 0.494878 0.0730866 0.865883 34.3847
0.867623 -0.0201694 -0.496813 -12.9397 -0.0201694 0.996927 -0.0756962 -2.25404 0.496813 0.0756962 0.86455 35.1427
0.865202 -0.0281429 -0.500633 -12.8547 -0.0281429 0.994124 -0.104521 -2.36404 0.500633 0.104521 0.859327 36.1157
0.865143 -0.0240512 -0.500949 -13.5306 -0.0240512 0.995711 -0.0893418 -2.44535 0.500949 0.0893418 0.860853 36.9433
0.865143 -0.0240512 -0.500949 -14.2065 -0.0240512 0.995711 -0.0893418 -2.52666 0.500949 0.0893418 0.860853 37.7709
0.865295 -0.0261074 -0.500583 -14.5625 -0.0261074 0.99494 -0.0970185 -2.70597 0.500583 0.0970185 0.860235 38.7585
0.864343 -0.025166 -0.502273 -15.2416 -0.025166 0.995331 -0.0931776 -2.74791 0.502273 0.0931776 0.859674 39.6221
0.865823 -0.027275 -0.499606 -15.6725 -0.027275 0.994456 -0.101558 -2.93715 0.499606 0.101558 0.860279 40.5539
0.863097 -0.0258314 -0.504376 -16.2926 -0.0258314 0.995126 -0.0951682 -3.01803 0.504376 0.0951682 0.858223 41.4551
0.861544 -0.0260527 -0.507015 -16.8198 -0.0260527 0.995098 -0.0954025 -3.14201 0.507015 0.0954025 0.856641 42.3812
0.857305 -0.0267723 -0.514113 -17.3213 -0.0267723 0.994977 -0.0964573 -3.24529 0.514113 0.0964573 0.852282 43.3482
0.853928 -0.0263826 -0.519723 -17.9294 -0.0263826 0.995235 -0.0938686 -3.37169 0.519723 0.0938686 0.849162 44.3089
0.848433 -0.0283088 -0.528545 -18.5368 -0.0283088 0.994713 -0.0987185 -3.49355 0.528545 0.0987185 0.843146 45.2761
0.842786 -0.0297212 -0.537428 -19.1839 -0.0297212 0.994381 -0.1016 -3.62905 0.537428 0.1016 0.837167 46.2302
0.836805 -0.0301689 -0.546669 -19.8213 -0.0301689 0.994423 -0.10106 -3.76042 0.546669 0.10106 0.831228 47.1838
0.831022 -0.0293393 -0.555465 -20.4879 -0.0293393 0.994906 -0.0964441 -3.89281 0.555465 0.0964441 0.825928 48.1273
0.825529 -0.0282071 -0.563654 -21.1331 -0.0282071 0.99544 -0.0911275 -4.01864 0.563654 0.0911275 0.820969 49.078
0.821704 -0.0287825 -0.569188 -21.8408 -0.0287825 0.995354 -0.0918844 -4.13742 0.569188 0.0918844 0.817057 50.0586
0.817255 -0.0300767 -0.57549 -22.5082 -0.0300767 0.99505 -0.0947161 -4.27229 0.57549 0.0947161 0.812305 51.051
0.814821 -0.0322263 -0.578816 -23.3167 -0.0322263 0.994392 -0.10073 -4.39352 0.578816 0.10073 0.809213 52.0241
0.811178 -0.032833 -0.583877 -24.0484 -0.032833 0.994291 -0.101526 -4.54002 0.583877 0.101526 0.805468 53.0316
0.807993 -0.0325867 -0.58829 -24.7844 -0.0325867 0.994469 -0.0998425 -4.66742 0.58829 0.0998425 0.802463 54.0071
0.804487 -0.0315989 -0.593129 -25.4953 -0.0315989 0.994893 -0.0958619 -4.80288 0.593129 0.0958619 0.79938 54.9788
0.801637 -0.0309658 -0.597008 -26.2576 -0.0309658 0.995166 -0.0931973 -4.93232 0.597008 0.0931973 0.796803 55.934
0.798391 -0.0311187 -0.601335 -27.0233 -0.0311187 0.995197 -0.092817 -5.05926 0.601335 0.092817 0.793587 56.9084
0.795451 -0.0317228 -0.605187 -27.804 -0.0317228 0.99508 -0.0938566 -5.18497 0.605187 0.0938566 0.790532 57.8901
0.790936 -0.0332427 -0.610995 -28.5443 -0.0332427 0.994714 -0.0971528 -5.33415 0.610995 0.0971528 0.785651 58.8959
0.787022 -0.0339403 -0.615991 -29.3483 -0.0339403 0.994591 -0.0981646 -5.46278 0.615991 0.0981646 0.781613 59.8545
0.78255 -0.0347396 -0.621617 -30.1526 -0.0347396 0.99445 -0.0993093 -5.58918 0.621617 0.0993093 0.777 60.8165
0.777162 -0.0351657 -0.628317 -30.9045 -0.0351657 0.994451 -0.0991537 -5.71929 0.628317 0.0991537 0.771613 61.7621
0.772156 -0.0360822 -0.634408 -31.7192 -0.0360822 0.994286 -0.100467 -5.8636 0.634408 0.100467 0.766442 62.6948
0.766247 -0.0369498 -0.641482 -32.4857 -0.0369498 0.994159 -0.101401 -5.99677 0.641482 0.101401 0.760407 63.5994
0.76115 -0.0381369 -0.647454 -33.282 -0.0381369 0.993911 -0.103378 -6.12011 0.647454 0.103378 0.755061 64.4888
0.756517 -0.0383311 -0.65285 -34.1212 -0.0383311 0.993966 -0.102777 -6.26443 0.65285 0.102777 0.750482 65.3413
0.750607 -0.0404245 -0.659511 -34.9209 -0.0404245 0.993448 -0.106901 -6.39314 0.659511 0.106901 0.744054 66.2695
0.743406 -0.0421484 -0.667511 -35.7554 -0.0421484 0.993077 -0.109646 -6.51933 0.667511 0.109646 0.736482 67.1763
0.738961 -0.0420546 -0.672434 -36.6566 -0.0420546 0.993225 -0.108332 -6.69211 0.672434 0.108332 0.732186 68.0618
0.728341 -0.0456102 -0.683695 -37.4213 -0.0456102 0.992342 -0.114789 -6.81366 0.683695 0.114789 0.720684 69.0282
0.72445 -0.0445074 -0.687889 -38.3577 -0.0445074 0.992811 -0.111109 -7.00421 0.687889 0.111109 0.717261 69.9273
0.719279 -0.0432815 -0.693372 -38.9392 -0.0432815 0.993327 -0.106904 -7.10969 0.693372 0.106904 0.712606 70.5423
0.712677 -0.0448059 -0.70006 -39.8606 -0.0448059 0.993013 -0.109169 -7.26456 0.70006 0.109169 0.70569 71.4124
0.709053 -0.0428817 -0.70385 -40.4203 -0.0428817 0.99368 -0.103738 -7.34499 0.70385 0.103738 0.702733 71.9473
0.70232 -0.0459849 -0.710375 -41.3795 -0.0459849 0.992896 -0.109737 -7.5045 0.710375 0.109737 0.695216 72.8856
0.696679 -0.046899 -0.715849 -42.0339 -0.046899 0.992749 -0.110683 -7.62293 0.715849 0.110683 0.689427 73.5752
0.693214 -0.0483156 -0.719111 -43.1056 -0.0483156 0.992391 -0.113252 -7.75072 0.719111 0.113252 0.685605 74.4102
0.693741 -0.0482701 -0.718605 -44.0536 -0.0482701 0.992392 -0.113261 -7.87424 0.718605 0.113261 0.686133 75.1246
0.69021 -0.0499784 -0.721881 -45.0492 -0.0499784 0.991937 -0.116461 -8.01351 0.721881 0.116461 0.682147 75.9684
0.67981 -0.050107 -0.731674 -45.9409 -0.050107 0.992159 -0.114501 -8.18594 0.731674 0.114501 0.671969 76.8538
0.67981 -0.050107 -0.731674 -46.8326 -0.050107 0.992159 -0.114501 -8.35837 0.731674 0.114501 0.671969 77.7392
0.671904 -0.0520628 -0.738806 -47.8035 -0.0520628 0.991739 -0.117235 -8.51595 0.738806 0.117235 0.663643 78.6622
0.664177 -0.0541998 -0.745608 -48.8441 -0.0541998 0.991252 -0.120337 -8.69504 0.745608 0.120337 0.655429 79.5564
0.664177 -0.0541998 -0.745608 -49.8846 -0.0541998 0.991252 -0.120337 -8.87414 0.745608 0.120337 0.655429 80.4506
0.659613 -0.0541405 -0.749653 -50.986 -0.0541405 0.991389 -0.119236 -9.05126 0.749653 0.119236 0.651001 81.3379
0.655405 -0.0561065 -0.753191 -51.9343 -0.0561065 0.990865 -0.122634 -9.27894 0.753191 0.122634 0.646269 82.2635
0.654117 -0.0564194 -0.754286 -53.007 -0.0564194 0.990797 -0.123037 -9.4432 0.754286 0.123037 0.644914 83.0911
0.648418 -0.0602494 -0.758897 -54.0153 -0.0602494 0.989675 -0.130049 -9.6622 0.758897 0.130049 0.638093 84.013
0.645825 -0.059755 -0.761144 -55.0993 -0.059755 0.989918 -0.128417 -9.8052 0.761144 0.128417 0.635743 84.7855
0.636577 -0.0636177 -0.768584 -56.1317 -0.0636177 0.988864 -0.134542 -10.0653 0.768584 0.134542 0.625441 85.6815
0.628191 -0.0650684 -0.775333 -57.1781 -0.0650684 0.988613 -0.135687 -10.2492 0.775333 0.135687 0.616804 86.5078
0.620384 -0.0654686 -0.781561 -58.2919 -0.0654686 0.988709 -0.134788 -10.4336 0.781561 0.134788 0.609093 87.3356
0.611736 -0.0658377 -0.788317 -59.3719 -0.0658377 0.988836 -0.133675 -10.6466 0.788317 0.133675 0.600572 88.1303
0.602791 -0.0674751 -0.795041 -60.5224 -0.0674751 0.988538 -0.135056 -10.8225 0.795041 0.135056 0.591329 88.9125
0.592866 -0.0691634 -0.802326 -61.6057 -0.0691634 0.988251 -0.136298 -11.0553 0.802326 0.136298 0.581117 89.7133
0.58347 -0.0709291 -0.809032 -62.7689 -0.0709291 0.987922 -0.137766 -11.2511 0.809032 0.137766 0.571391 90.5209
0.574741 -0.0734371 -0.815033 -63.9469 -0.0734371 0.987318 -0.140747 -11.4484 0.815033 0.140747 0.56206 91.2602
0.564206 -0.0749898 -0.822221 -65.1031 -0.0749898 0.987096 -0.141485 -11.6688 0.822221 0.141485 0.551302 92.0806
0.553995 -0.0764626 -0.829001 -66.2299 -0.0764626 0.986891 -0.142123 -11.892 0.829001 0.142123 0.540887 92.8426
0.543644 -0.0767655 -0.835798 -67.4664 -0.0767655 0.987087 -0.140593 -12.1452 0.835798 0.140593 0.530731 93.5767
0.532566 -0.0775327 -0.84283 -68.5249 -0.0775327 0.98714 -0.139799 -12.3648 0.84283 0.139799 0.519705 94.3293
0.52338 -0.0794305 -0.848389 -69.7589 -0.0794305 0.986763 -0.141387 -12.5641 0.848389 0.141387 0.510142 94.9739
0.514154 -0.0794245 -0.854013 -70.9091 -0.0794245 0.987016 -0.139611 -12.7654 0.854013 0.139611 0.50117 95.633
0.505218 -0.0806883 -0.859211 -72.0999 -0.0806883 0.986841 -0.140119 -12.9819 0.859211 0.140119 0.492059 96.3246
0.497141 -0.0816917 -0.863816 -73.2862 -0.0816917 0.986729 -0.140331 -13.1677 0.863816 0.140331 0.48387 97.0104
0.490076 -0.0823121 -0.867785 -74.5383 -0.0823121 0.986713 -0.140078 -13.3752 0.867785 0.140078 0.476789 97.668
0.482818 -0.0852879 -0.871558 -75.7365 -0.0852879 0.985935 -0.143728 -13.6286 0.871558 0.143728 0.468753 98.294
0.477712 -0.0883259 -0.874065 -76.9788 -0.0883259 0.985063 -0.147816 -13.8437 0.874065 0.147816 0.462774 98.8815
0.472752 -0.090944 -0.87649 -78.2158 -0.090944 0.984313 -0.151184 -14.0359 0.87649 0.151184 0.457065 99.4595
0.467287 -0.0937035 -0.879126 -79.4446 -0.0937035 0.983518 -0.154637 -14.2832 0.879126 0.154637 0.450805 100.11
0.463835 -0.094926 -0.880821 -80.6535 -0.094926 0.983194 -0.155946 -14.5154 0.880821 0.155946 0.447029 100.694
0.460165 -0.0967731 -0.882543 -81.8922 -0.0967731 0.982652 -0.158208 -14.7185 0.882543 0.158208 0.442817 101.311
0.45784 -0.0972211 -0.883703 -83.1091 -0.0972211 0.982566 -0.158467 -14.9665 0.883703 0.158467 0.440406 101.885
0.455105 -0.0990485 -0.884912 -84.3287 -0.0990485 0.981995 -0.160855 -15.1881 0.884912 0.160855 0.4371 102.478
0.450938 -0.101791 -0.886732 -85.4961 -0.101791 0.981129 -0.164392 -15.421 0.886732 0.164392 0.432067 103.096
0.450772 -0.10106 -0.8869 -86.7677 -0.10106 0.981404 -0.163194 -15.6834 0.8869 0.163194 0.432176 103.634
0.448683 -0.103138 -0.88772 -87.5609 -0.103138 0.980705 -0.166071 -15.8281 0.88772 0.166071 0.429388 104.033
0.445484 -0.102053 -0.889455 -88.5865 -0.102053 0.981218 -0.163695 -16.0767 0.889455 0.163695 0.426702 104.595
0.444952 -0.102902 -0.889623 -89.5616 -0.102902 0.980923 -0.16493 -16.2643 0.889623 0.16493 0.425875 105.019
0.447574 -0.104664 -0.888101 -90.2891 -0.104664 0.98017 -0.168261 -16.3793 0.888101 0.168261 0.427744 105.28
0.445839 -0.104761 -0.888961 -91.2749 -0.104761 0.980195 -0.168053 -16.5525 0.888961 0.168053 0.426035 105.752
0.446849 -0.106385 -0.888261 -92.1721 -0.106385 0.97954 -0.170835 -16.7006 0.888261 0.170835 0.426389 106.133
0.450066 -0.105799 -0.886706 -93.2012 -0.105799 0.979646 -0.170589 -16.9127 0.886706 0.170589 0.429712 106.5
0.449801 -0.106867 -0.886712 -94.1421 -0.106867 0.979243 -0.172229 -17.0981 0.886712 0.172229 0.429044 106.945
0.449922 -0.106747 -0.886665 -95.1822 -0.106747 0.979285 -0.172064 -17.31 0.886665 0.172064 0.429207 107.43
0.452785 -0.104079 -0.885524 -96.178 -0.104079 0.980204 -0.168425 -17.4764 0.885524 0.168425 0.432989 107.886
0.45513 -0.105629 -0.884137 -97.2286 -0.105629 0.979523 -0.171399 -17.7277 0.884137 0.171399 0.434653 108.393
0.461863 -0.101209 -0.881158 -98.2805 -0.101209 0.980965 -0.165722 -17.9175 0.881158 0.165722 0.442828 108.861
0.463797 -0.0997137 -0.880312 -99.3165 -0.0997137 0.981457 -0.163705 -18.1698 0.880312 0.163705 0.445254 109.488
0.473215 -0.0979462 -0.875485 -100.42 -0.0979462 0.981789 -0.162781 -18.3591 0.875485 0.162781 0.455004 109.982
0.477434 -0.095305 -0.873483 -101.504 -0.095305 0.982618 -0.159305 -18.591 0.873483 0.159305 0.460053 110.617
0.487975 -0.095951 -0.867568 -102.625 -0.095951 0.982019 -0.162578 -18.8169 0.867568 0.162578 0.469994 111.184
0.494376 -0.0952711 -0.864011 -103.71 -0.0952711 0.982049 -0.162799 -19.0432 0.864011 0.162799 0.476425 111.845
0.503275 -0.0939856 -0.859 -104.841 -0.0939856 0.982217 -0.162532 -19.2633 0.859 0.162532 0.485492 112.484
0.512771 -0.0927324 -0.853502 -105.944 -0.0927324 0.982351 -0.162444 -19.4975 0.853502 0.162444 0.495122 113.103
0.521803 -0.089101 -0.8484 -106.944 -0.089101 0.983398 -0.15808 -19.7317 0.8484 0.15808 0.505201 113.781
0.5327 -0.0870253 -0.841818 -107.999 -0.0870253 0.983793 -0.156772 -19.9513 0.841818 0.156772 0.516493 114.409
0.545349 -0.0840341 -0.833986 -109.027 -0.0840341 0.984468 -0.154147 -20.1572 0.833986 0.154147 0.529817 115.046
0.555286 -0.0809213 -0.827713 -110.008 -0.0809213 0.985275 -0.150613 -20.3635 0.827713 0.150613 0.540561 115.721
0.56731 -0.0792412 -0.819683 -111.018 -0.0792412 0.985488 -0.150114 -20.5676 0.819683 0.150114 0.552798 116.394
0.579539 -0.0778044 -0.811222 -111.988 -0.0778044 0.985603 -0.150113 -20.7635 0.811222 0.150113 0.565142 117.021
0.587994 -0.0900914 -0.803832 -113.016 -0.0900914 0.9803 -0.17577 -20.9613 0.803832 0.17577 0.568294 117.815
0.597758 -0.0889061 -0.796731 -113.947 -0.0889061 0.980349 -0.176099 -21.181 0.796731 0.176099 0.578108 118.502
0.607899 -0.0866724 -0.78927 -114.842 -0.0866724 0.980841 -0.174465 -21.4151 0.78927 0.174465 0.588741 119.199
0.613353 -0.0879209 -0.7849 -115.717 -0.0879209 0.980007 -0.178481 -21.5708 0.7849 0.178481 0.59336 119.938
0.628176 -0.0813411 -0.773807 -116.506 -0.0813411 0.982206 -0.16928 -21.8143 0.773807 0.16928 0.610382 120.478
0.636319 -0.0828063 -0.766969 -117.421 -0.0828063 0.981146 -0.174631 -21.9948 0.766969 0.174631 0.617465 121.164
0.645866 -0.0758638 -0.759672 -118.141 -0.0758638 0.983748 -0.16274 -22.2261 0.759672 0.16274 0.629614 121.83
0.65513 -0.0778918 -0.75149 -118.982 -0.0778918 0.982407 -0.16973 -22.4172 0.75149 0.16973 0.637538 122.468
0.663409 -0.0744088 -0.744548 -119.693 -0.0744088 0.983551 -0.164594 -22.6075 0.744548 0.164594 0.646959 123.152
0.672852 -0.07272 -0.736194 -120.382 -0.07272 0.983835 -0.163645 -22.7674 0.736194 0.163645 0.656688 123.723
0.680713 -0.0700126 -0.729197 -120.964 -0.0700126 0.984648 -0.159897 -22.9158 0.729197 0.159897 0.665361 124.286
0.688907 -0.0692168 -0.721538 -121.632 -0.0692168 0.9846 -0.160539 -23.0853 0.721538 0.160539 0.673506 124.899
0.696202 -0.0678353 -0.714633 -122.219 -0.0678353 0.984853 -0.159571 -23.2331 0.714633 0.159571 0.681055 125.464
0.703015 -0.0665349 -0.708056 -122.799 -0.0665349 0.985094 -0.158629 -23.3799 0.708056 0.158629 0.688109 126.032
0.710368 -0.0640123 -0.700914 -123.396 -0.0640123 0.985852 -0.154911 -23.5255 0.700914 0.154911 0.69622 126.6
0.716687 -0.0613245 -0.694694 -123.951 -0.0613245 0.986726 -0.15037 -23.6665 0.694694 0.15037 0.703413 127.194
0.724242 -0.0598041 -0.686947 -124.584 -0.0598041 0.98703 -0.14898 -23.8179 0.686947 0.14898 0.711273 127.823
0.731571 -0.0594093 -0.679172 -125.162 -0.0594093 0.986851 -0.150316 -23.9578 0.679172 0.150316 0.718422 128.441
0.738796 -0.0568679 -0.671526 -125.698 -0.0568679 0.987619 -0.146201 -24.09 0.671526 0.146201 0.726415 129.014
0.747252 -0.055159 -0.662248 -126.209 -0.055159 0.987962 -0.144527 -24.2209 0.662248 0.144527 0.735214 129.597
0.756227 -0.0522991 -0.652216 -126.704 -0.0522991 0.98878 -0.139926 -24.3455 0.652216 0.139926 0.745007 130.163
0.765546 -0.0505294 -0.641394 -127.15 -0.0505294 0.98911 -0.138233 -24.4567 0.641394 0.138233 0.754656 130.708
0.775251 -0.0493907 -0.629719 -127.609 -0.0493907 0.989146 -0.138387 -24.5753 0.629719 0.138387 0.764397 131.253
0.784579 -0.0487325 -0.618111 -128.005 -0.0487325 0.988976 -0.139829 -24.6741 0.618111 0.139829 0.773555 131.767
0.794256 -0.0472897 -0.605741 -128.384 -0.0472897 0.989131 -0.139228 -24.7742 0.605741 0.139228 0.783386 132.262
0.804202 -0.0450656 -0.592646 -128.72 -0.0450656 0.989628 -0.136405 -24.8584 0.592646 0.136405 0.793829 132.706
0.813814 -0.0431299 -0.579523 -129.081 -0.0431299 0.990009 -0.134246 -24.9624 0.579523 0.134246 0.803823 133.235
0.823192 -0.0414411 -0.566248 -129.424 -0.0414411 0.990287 -0.13272 -25.0566 0.566248 0.13272 0.813479 133.741
0.832488 -0.0393872 -0.552641 -129.761 -0.0393872 0.990739 -0.129943 -25.1394 0.552641 0.129943 0.823227 134.226
0.840243 -0.0382779 -0.540857 -130.106 -0.0382779 0.990829 -0.12959 -25.2399 0.540857 0.12959 0.831072 134.782
0.847509 -0.0371091 -0.529483 -130.448 -0.0371091 0.990969 -0.128851 -25.3331 0.529483 0.128851 0.838478 135.334
0.853916 -0.0361722 -0.519153 -130.813 -0.0361722 0.991043 -0.128548 -25.4355 0.519153 0.128548 0.844959 135.949
0.860462 -0.0352833 -0.508291 -131.18 -0.0352833 0.991078 -0.128526 -25.5398 0.508291 0.128526 0.85154 136.563
0.867083 -0.0338644 -0.497011 -131.555 -0.0338644 0.991372 -0.126628 -25.6483 0.497011 0.126628 0.858455 137.192
0.873121 -0.0328629 -0.486395 -131.88 -0.0328629 0.991488 -0.125981 -25.7406 0.486395 0.125981 0.864609 137.782
0.879058 -0.0320654 -0.475635 -132.247 -0.0320654 0.991498 -0.126106 -25.85 0.475635 0.126106 0.870557 138.435
0.884221 -0.0317945 -0.465985 -132.568 -0.0317945 0.991269 -0.127966 -25.9402 0.465985 0.127966 0.87549 139.045
0.888454 -0.0310751 -0.457912 -132.875 -0.0310751 0.991343 -0.127568 -26.0418 0.457912 0.127568 0.879797 139.644
0.892449 -0.0302565 -0.450133 -133.232 -0.0302565 0.991488 -0.126632 -26.1403 0.450133 0.126632 0.883937 140.28
0.895388 -0.0290258 -0.44434 -133.513 -0.0290258 0.991946 -0.123287 -26.2301 0.44434 0.123287 0.887335 140.86
0.898336 -0.0276505 -0.438437 -133.847 -0.0276505 0.99248 -0.119246 -26.3276 0.438437 0.119246 0.890816 141.545
0.901724 -0.0261409 -0.43152 -134.137 -0.0261409 0.993047 -0.114782 -26.4145 0.43152 0.114782 0.894771 142.129
0.90472 -0.0252056 -0.425261 -134.436 -0.0252056 0.993332 -0.112499 -26.4999 0.425261 0.112499 0.898052 142.763
0.907904 -0.0240241 -0.41849 -134.731 -0.0240241 0.993733 -0.109167 -26.5876 0.41849 0.109167 0.901637 143.383
0.91092 -0.0233159 -0.411923 -135.062 -0.0233159 0.993897 -0.107818 -26.6742 0.411923 0.107818 0.904818 144.152
0.914358 -0.0224143 -0.404286 -135.376 -0.0224143 0.994134 -0.10581 -26.7765 0.404286 0.10581 0.908492 144.878
0.918316 -0.0217969 -0.395247 -135.749 -0.0217969 0.994184 -0.10547 -26.8727 0.395247 0.10547 0.9125 145.663
0.922084 -0.0212232 -0.386407 -136.09 -0.0212232 0.994219 -0.105252 -26.971 0.386407 0.105252 0.916303 146.455
0.925698 -0.0210319 -0.377678 -136.416 -0.0210319 0.994047 -0.106905 -27.072 0.377678 0.106905 0.919745 147.294
0.929606 -0.0206631 -0.367976 -136.762 -0.0206631 0.993935 -0.108014 -27.1833 0.367976 0.108014 0.92354 148.147
0.933779 -0.0205602 -0.357259 -137.085 -0.0205602 0.993617 -0.110921 -27.2971 0.357259 0.110921 0.927396 149.029
0.938746 -0.0196354 -0.344051 -137.422 -0.0196354 0.993706 -0.110288 -27.415 0.344051 0.110288 0.932451 149.92
0.944365 -0.0183328 -0.328387 -137.746 -0.0183328 0.993959 -0.10821 -27.5339 0.328387 0.10821 0.938324 150.856
0.95053 -0.016744 -0.310181 -138.042 -0.016744 0.994333 -0.104987 -27.6492 0.310181 0.104987 0.944863 151.775
0.956773 -0.0151549 -0.290442 -138.346 -0.0151549 0.994687 -0.101824 -27.7642 0.290442 0.101824 0.95146 152.742
0.962927 -0.0138537 -0.269405 -138.619 -0.0138537 0.994823 -0.100674 -27.8761 0.269405 0.100674 0.95775 153.718
0.968694 -0.0124291 -0.247945 -138.86 -0.0124291 0.995065 -0.0984404 -28.0059 0.247945 0.0984404 0.96376 154.697
0.973756 -0.0111217 -0.227321 -139.05 -0.0111217 0.995287 -0.0963361 -28.0976 0.227321 0.0963361 0.969043 155.689
0.978659 -0.0096006 -0.205266 -139.263 -0.0096006 0.995681 -0.092343 -28.2164 0.205266 0.092343 0.97434 156.709
0.983058 -0.00811234 -0.183114 -139.462 -0.00811234 0.996116 -0.0876817 -28.3153 0.183114 0.0876817 0.979174 157.762
0.986937 -0.00681716 -0.16096 -139.622 -0.00681716 0.996442 -0.0840023 -28.4212 0.16096 0.0840023 0.98338 158.793
0.990225 -0.00581812 -0.139357 -139.712 -0.00581812 0.996537 -0.0829468 -28.5472 0.139357 0.0829468 0.986762 159.886
0.993053 -0.00503211 -0.117561 -139.856 -0.00503211 0.996355 -0.0851551 -28.6486 0.117561 0.0851551 0.989408 160.998
0.995312 -0.00414971 -0.0966305 -139.946 -0.00414971 0.996327 -0.0855291 -28.7634 0.0966305 0.0855291 0.991639 162.128
0.997049 -0.00322452 -0.0767028 -140.011 -0.00322452 0.996477 -0.0838062 -28.8758 0.0767028 0.0838062 0.993526 163.296
0.998379 -0.00232415 -0.0568681 -140.066 -0.00232415 0.996668 -0.0815356 -28.9815 0.0568681 0.0815356 0.995047 164.4
0.999367 -0.00143664 -0.0355571 -140.126 -0.00143664 0.996741 -0.0806504 -29.0804 0.0355571 0.0806504 0.996108 165.537
0.99987 -0.000640866 -0.0160929 -140.114 -0.000640866 0.996833 -0.0795146 -29.1775 0.0160929 0.0795146 0.996704 166.529
0.999991 0.000167676 0.00425403 -140.092 0.000167676 0.996898 -0.0787092 -29.2811 -0.00425403 0.0787092 0.996889 167.676
0.999695 0.000973466 0.0246697 -140.072 0.000973466 0.996891 -0.0787853 -29.3789 -0.0246697 0.0787853 0.996586 168.783
0.999025 0.00176391 0.0441127 -139.994 0.00176391 0.996809 -0.0798064 -29.4822 -0.0441127 0.0798064 0.995834 169.964
0.997969 0.0026045 0.0636482 -139.889 0.0026045 0.99666 -0.0816207 -29.5876 -0.0636482 0.0816207 0.994629 171.128
0.996588 0.00347409 0.0824582 -139.782 0.00347409 0.996462 -0.0839704 -29.7009 -0.0824582 0.0839704 0.993051 172.347
0.994797 0.00436932 0.101782 -139.667 0.00436932 0.996331 -0.0854759 -29.8139 -0.101782 0.0854759 0.991128 173.572
0.9927 0.00534381 0.120492 -139.505 0.00534381 0.996088 -0.0882023 -29.9378 -0.120492 0.0882023 0.988788 174.832
0.990267 0.00651437 0.139027 -139.31 0.00651437 0.99564 -0.0930535 -30.0714 -0.139027 0.0930535 0.985907 176.102
0.98762 0.00783238 0.156668 -139.107 0.00783238 0.995045 -0.0991205 -30.2156 -0.156668 0.0991205 0.982665 177.406
0.984733 0.00910845 0.173831 -138.835 0.00910845 0.994566 -0.103712 -30.3967 -0.173831 0.103712 0.979299 178.702
0.981432 0.0104878 0.191523 -138.592 0.0104878 0.994076 -0.108179 -30.545 -0.191523 0.108179 0.975508 180.059
0.977901 0.0116836 0.208741 -138.303 0.0116836 0.993823 -0.110361 -30.716 -0.208741 0.110361 0.971724 181.413
0.974118 0.0125489 0.225693 -137.92 0.0125489 0.993916 -0.109426 -30.9068 -0.225693 0.109426 0.968033 182.777
0.969879 0.0135819 0.243209 -137.604 0.0135819 0.993876 -0.109665 -31.0427 -0.243209 0.109665 0.963755 184.187
0.965446 0.0151182 0.260162 -137.231 0.0151182 0.993385 -0.113829 -31.247 -0.260162 0.113829 0.958832 185.606
0.960911 0.0166142 0.276358 -136.946 0.0166142 0.992938 -0.117462 -31.3648 -0.276358 0.117462 0.953849 186.546
0.956115 0.0176205 0.29246 -136.652 0.0176205 0.992925 -0.117428 -31.4974 -0.29246 0.117428 0.94904 187.5
0.950807 0.0188727 0.309208 -136.39 0.0188727 0.99276 -0.118627 -31.5881 -0.309208 0.118627 0.943567 188.185
0.944963 0.0205168 0.326533 -136.177 0.0205168 0.992352 -0.121726 -31.686 -0.326533 0.121726 0.937315 188.859
0.938635 0.0222404 0.344194 -135.993 0.0222404 0.991939 -0.124746 -31.755 -0.344194 0.124746 0.930575 189.378
0.932261 0.0238167 0.361002 -135.676 0.0238167 0.991626 -0.126926 -31.8785 -0.361002 0.126926 0.923887 190.191
0.925079 0.025697 0.378904 -135.528 0.025697 0.991186 -0.12996 -31.9471 -0.378904 0.12996 0.916265 190.576
0.916959 0.028359 0.397973 -135.145 0.028359 0.990315 -0.135909 -32.0933 -0.397973 0.135909 0.907274 191.497
0.907718 0.0307886 0.41845 -134.886 0.0307886 0.989728 -0.13961 -32.205 -0.41845 0.13961 0.897446 192.046
0.89651 0.0332769 0.441773 -134.614 0.0332769 0.9893 -0.14205 -32.2965 -0.441773 0.14205 0.88581 192.624
0.884283 0.0357958 0.465578 -134.408 0.0357958 0.988927 -0.144021 -32.369 -0.465578 0.144021 0.87321 193.032
0.870954 0.0392829 0.489793 -134.181 0.0392829 0.988042 -0.149097 -32.4425 -0.489793 0.149097 0.858995 193.429
0.857056 0.0427468 0.513446 -133.995 0.0427468 0.987217 -0.153545 -32.5006 -0.513446 0.153545 0.844273 193.728
0.842234 0.0459289 0.537152 -133.75 0.0459289 0.986629 -0.156376 -32.58 -0.537152 0.156376 0.828863 194.147
0.827372 0.0494998 0.559469 -133.58 0.0494998 0.985806 -0.160424 -32.6353 -0.559469 0.160424 0.813178 194.363
0.811639 0.0517122 0.581866 -133.32 0.0517122 0.985803 -0.159744 -32.7138 -0.581866 0.159744 0.797442 194.751
0.796196 0.0551721 0.602518 -133.049 0.0551721 0.985064 -0.163109 -32.791 -0.602518 0.163109 0.78126 195.071
0.780204 0.0579609 0.622834 -132.787 0.0579609 0.984716 -0.164243 -32.873 -0.622834 0.164243 0.764919 195.419
0.764305 0.0618029 0.641887 -132.519 0.0618029 0.983794 -0.168313 -32.9515 -0.641887 0.168313 0.748099 195.734
0.749167 0.0638596 0.659295 -132.221 0.0638596 0.983742 -0.16785 -33.0265 -0.659295 0.16785 0.732909 196.056
0.734244 0.0662711 0.675644 -131.887 0.0662711 0.983474 -0.168484 -33.1194 -0.675644 0.168484 0.717718 196.419
0.719196 0.0689614 0.691376 -131.534 0.0689614 0.983064 -0.169792 -33.2091 -0.691376 0.169792 0.70226 196.781
0.704765 0.0711047 0.705869 -131.217 0.0711047 0.982875 -0.170002 -33.2946 -0.705869 0.170002 0.68764 197.084
0.690225 0.0739535 0.719806 -130.977 0.0739535 0.982345 -0.171841 -33.3568 -0.719806 0.171841 0.67257 197.305
0.675913 0.0761369 0.733038 -130.684 0.0761369 0.982113 -0.172211 -33.4308 -0.733038 0.172211 0.658027 197.564
0.66123 0.0794097 0.745968 -130.347 0.0794097 0.981386 -0.17486 -33.5149 -0.745968 0.17486 0.642616 197.844
0.646642 0.0814853 0.758429 -129.973 0.0814853 0.981209 -0.174896 -33.6047 -0.758429 0.174896 0.627851 198.138
0.63044 0.0845878 0.771615 -129.602 0.0845878 0.980639 -0.176613 -33.6965 -0.771615 0.176613 0.611079 198.447
0.613849 0.0877751 0.784528 -129.195 0.0877751 0.980048 -0.178329 -33.7973 -0.784528 0.178329 0.593897 198.766
0.59791 0.0914716 0.796327 -128.761 0.0914716 0.979191 -0.181157 -33.9035 -0.796327 0.181157 0.577101 199.082
0.58116 0.0953429 0.808185 -128.295 0.0953429 0.978297 -0.183972 -34.0183 -0.808185 0.183972 0.559457 199.407
0.564721 0.100968 0.819082 -127.804 0.100968 0.976579 -0.189996 -34.1388 -0.819082 0.189996 0.5413 199.735
0.546605 0.102901 0.831044 -127.281 0.102901 0.976646 -0.18861 -34.2657 -0.831044 0.18861 0.523251 200.064
0.527853 0.106842 0.842589 -126.729 0.106842 0.975823 -0.190669 -34.3973 -0.842589 0.190669 0.503676 200.393
0.5081 0.110147 0.854226 -126.148 0.110147 0.975336 -0.191279 -34.5372 -0.854226 0.191279 0.483435 200.724
0.488348 0.113539 0.865231 -125.536 0.113539 0.974805 -0.192001 -34.6786 -0.865231 0.192001 0.463153 201.053
0.468501 0.116297 0.875775 -124.89 0.116297 0.974553 -0.191628 -34.8297 -0.875775 0.191628 0.443054 201.372
0.447761 0.120076 0.886054 -124.224 0.120076 0.973891 -0.19266 -34.9866 -0.886054 0.19266 0.421652 201.709
0.428043 0.121616 0.895538 -123.513 0.121616 0.974141 -0.190419 -35.1475 -0.895538 0.190419 0.402183 202.012
0.406924 0.125937 0.904739 -122.786 0.125937 0.973258 -0.192118 -35.3154 -0.904739 0.192118 0.380182 202.341
0.386725 0.128383 0.913215 -122.013 0.128383 0.973124 -0.191173 -35.4898 -0.913215 0.191173 0.359849 202.628
0.366507 0.130746 0.921183 -121.217 0.130746 0.973015 -0.190122 -35.6658 -0.921183 0.190122 0.339522 202.926
0.347503 0.134985 0.927912 -120.386 0.134985 0.972075 -0.191962 -35.8536 -0.927912 0.191962 0.319578 203.201
0.328717 0.140824 0.93387 -119.527 0.140824 0.970457 -0.195911 -36.0434 -0.93387 0.195911 0.299175 203.476
0.310118 0.146902 0.93928 -118.638 0.146902 0.968719 -0.200008 -36.2462 -0.93928 0.200008 0.278837 203.738
0.292578 0.154654 0.943653 -117.723 0.154654 0.96619 -0.206298 -36.4713 -0.943653 0.206298 0.258768 203.987
0.275258 0.160637 0.947855 -116.774 0.160637 0.964395 -0.210089 -36.6949 -0.947855 0.210089 0.239654 204.215
0.258485 0.168048 0.951286 -115.799 0.168048 0.961915 -0.215588 -36.926 -0.951286 0.215588 0.2204 204.443
0.241877 0.174669 0.954456 -114.797 0.174669 0.959757 -0.219903 -37.1637 -0.954456 0.219903 0.201634 204.669
0.225285 0.180887 0.957354 -113.764 0.180887 0.957765 -0.223531 -37.4027 -0.957354 0.223531 0.18305 204.874
0.208306 0.186518 0.960114 -112.703 0.186518 0.956057 -0.226197 -37.6531 -0.960114 0.226197 0.164363 205.07
0.192067 0.190903 0.962635 -111.612 0.190903 0.954893 -0.227456 -37.9235 -0.962635 0.227456 0.146959 205.213
0.175426 0.196546 0.964674 -110.497 0.196546 0.953151 -0.22994 -38.2065 -0.964674 0.22994 0.128577 205.366
0.160082 0.203944 0.965806 -109.353 0.203944 0.95048 -0.234511 -38.4996 -0.965806 0.234511 0.110562 205.483
0.143504 0.210502 0.967003 -108.191 0.210502 0.948265 -0.237662 -38.7893 -0.967003 0.237662 0.0917688 205.596
0.129197 0.215774 0.967858 -107.007 0.215774 0.946534 -0.239823 -39.0994 -0.967858 0.239823 0.0757307 205.691
0.11578 0.217594 0.969148 -105.834 0.217594 0.946453 -0.238493 -39.3895 -0.969148 0.238493 0.0622331 205.743
0.103947 0.220841 0.969755 -104.678 0.220841 0.945571 -0.239006 -39.6841 -0.969755 0.239006 0.0495185 205.796
0.0925897 0.222429 0.970542 -103.463 0.222429 0.945477 -0.237905 -39.9914 -0.970542 0.237905 0.0380666 205.837
0.0830745 0.225218 0.97076 -102.241 0.225218 0.944681 -0.238441 -40.3082 -0.97076 0.238441 0.0277557 205.867
0.0756493 0.226159 0.971148 -100.997 0.226159 0.944666 -0.237609 -40.6195 -0.971148 0.237609 0.0203153 205.86
0.0699547 0.230234 0.970618 -99.7521 0.230234 0.943005 -0.240278 -40.9605 -0.970618 0.240278 0.0129597 205.881
0.0648846 0.232301 0.970477 -98.5441 0.232301 0.942292 -0.241085 -41.2682 -0.970477 0.241085 0.00717655 205.872
0.0577837 0.234324 0.97044 -97.3384 0.234324 0.941725 -0.241343 -41.6087 -0.97044 0.241343 -0.000491597 205.881
0.0537932 0.237677 0.969854 -96.195 0.237677 0.940298 -0.243617 -41.9095 -0.969854 0.243617 -0.00590863 205.883
0.0519231 0.236702 0.970194 -95.0692 0.236702 0.940904 -0.242224 -42.2038 -0.970194 0.242224 -0.00717317 205.873
0.0514689 0.235969 0.970397 -93.9631 0.235969 0.941297 -0.241409 -42.4837 -0.970397 0.241409 -0.00723387 205.864
0.0507193 0.236361 0.970341 -92.8601 0.236361 0.941149 -0.241605 -42.7607 -0.970341 0.241605 -0.00813207 205.862
0.0500182 0.237462 0.970108 -91.7447 0.237462 0.940643 -0.242493 -43.0632 -0.970108 0.242493 -0.00933887 205.868
0.0502478 0.237147 0.970173 -90.6298 0.237147 0.940786 -0.242246 -43.3719 -0.970173 0.242246 -0.00896612 205.844
0.052679 0.239217 0.969536 -89.5065 0.239217 0.939593 -0.244827 -43.6787 -0.969536 0.244827 -0.00772809 205.832
0.0558284 0.240177 0.969122 -88.4061 0.240177 0.938904 -0.246524 -43.9849 -0.969122 0.246524 -0.00526742 205.833
0.0594357 0.240693 0.96878 -87.3118 0.240693 0.938406 -0.247914 -44.2779 -0.96878 0.247914 -0.00215855 205.831
0.0637335 0.242115 0.968152 -86.2344 0.242115 0.93739 -0.25036 -44.5832 -0.968152 0.25036 0.00112343 205.847
0.0692917 0.242029 0.967792 -85.169 0.242029 0.937061 -0.251672 -44.8728 -0.967792 0.251672 0.00635254 205.862
0.0744324 0.240421 0.967811 -84.1344 0.240421 0.93755 -0.251394 -45.1728 -0.967811 0.251394 0.011982 205.887
0.0804439 0.238572 0.967787 -83.09 0.238572 0.938104 -0.251086 -45.4732 -0.967787 0.251086 0.0185479 205.93
0.0855974 0.234468 0.968348 -82.0526 0.234468 0.939879 -0.2483 -45.7661 -0.968348 0.2483 0.025476 205.958
0.0915815 0.231228 0.96858 -81.0306 0.231228 0.941143 -0.246541 -46.0451 -0.96858 0.246541 0.0327249 205.991
0.097387 0.229459 0.968434 -80.0038 0.229459 0.941668 -0.246192 -46.333 -0.968434 0.246192 0.0390547 206.044
0.104132 0.228862 0.967873 -79.2683 0.228862 0.941534 -0.247257 -46.5361 -0.967873 0.247257 0.0456663 206.092
0.111052 0.227657 0.967388 -78.1441 0.227657 0.941698 -0.247745 -46.8482 -0.967388 0.247745 0.0527499 206.166
0.117168 0.224867 0.967319 -77.2582 0.224867 0.942724 -0.246386 -47.0827 -0.967319 0.246386 0.0598923 206.216
0.123341 0.22329 0.966917 -76.1871 0.22329 0.943127 -0.246279 -47.3864 -0.966917 0.246279 0.0664679 206.299
0.128686 0.220668 0.966822 -75.2435 0.220668 0.944114 -0.244856 -47.6486 -0.966822 0.244856 0.0727998 206.374
0.134 0.219468 0.966373 -74.2051 0.219468 0.944381 -0.244906 -47.9396 -0.966373 0.244906 0.0783808 206.472
0.140018 0.21931 0.965556 -73.2192 0.21931 0.944072 -0.246233 -48.2076 -0.965556 0.246233 0.0840905 206.579
0.147006 0.216106 0.96524 -72.1947 0.216106 0.94525 -0.244543 -48.4871 -0.96524 0.244543 0.0922554 206.681
0.153098 0.216415 0.964223 -71.209 0.216415 0.944698 -0.246395 -48.7651 -0.964223 0.246395 0.0977962 206.8
0.160352 0.213946 0.963594 -70.2088 0.213946 0.945486 -0.245528 -49.0318 -0.963594 0.245528 0.105838 206.907
0.165826 0.212229 0.963048 -69.2172 0.212229 0.946005 -0.245016 -49.3043 -0.963048 0.245016 0.111831 207.045
0.171854 0.210045 0.962469 -68.2217 0.210045 0.946726 -0.244113 -49.5767 -0.962469 0.244113 0.11858 207.171
0.177442 0.208672 0.961754 -67.2225 0.208672 0.947063 -0.243984 -49.8513 -0.961754 0.243984 0.124505 207.314
0.182766 0.206671 0.961189 -66.2082 0.206671 0.947735 -0.243076 -50.1266 -0.961189 0.243076 0.130501 207.481
0.189309 0.202017 0.960912 -65.179 0.202017 0.949659 -0.23945 -50.4143 -0.960912 0.23945 0.138968 207.626
0.197274 0.201149 0.95949 -64.1427 0.201149 0.949596 -0.240431 -50.7017 -0.95949 0.240431 0.14687 207.804
0.20499 0.198465 0.958431 -63.1132 0.198465 0.950456 -0.239261 -50.9799 -0.958431 0.239261 0.155446 207.992
0.213804 0.19748 0.956708 -62.1318 0.19748 0.950396 -0.24031 -51.2354 -0.956708 0.24031 0.1642 208.176
0.219211 0.197056 0.955571 -61.1332 0.197056 0.950267 -0.241167 -51.5051 -0.955571 0.241167 0.169478 208.362
0.222638 0.204279 0.953259 -60.2336 0.204279 0.946319 -0.250502 -51.7178 -0.953259 0.250502 0.168957 208.7
0.225184 0.202623 0.953014 -59.2561 0.202623 0.947012 -0.249224 -52.0043 -0.953014 0.249224 0.172195 208.81
0.227986 0.200663 0.952763 -58.3249 0.200663 0.947843 -0.247643 -52.2528 -0.952763 0.247643 0.175829 208.978
0.229723 0.20042 0.952397 -57.4013 0.20042 0.947852 -0.247806 -52.4987 -0.952397 0.247806 0.177575 209.158
0.231348 0.199519 0.952192 -56.468 0.199519 0.948211 -0.247161 -52.7764 -0.952192 0.247161 0.179559 209.383
0.232477 0.196295 0.952587 -55.5456 0.196295 0.949797 -0.243625 -53.0495 -0.952587 0.243625 0.182274 209.552
0.23832 0.199188 0.950541 -54.587 0.199188 0.94791 -0.248578 -53.2977 -0.950541 0.248578 0.18623 209.745
0.240072 0.195461 0.950874 -53.6396 0.195461 0.949726 -0.244574 -53.5597 -0.950874 0.244574 0.189798 209.941
0.243454 0.192576 0.950602 -52.6581 0.192576 0.95098 -0.241973 -53.8144 -0.950602 0.241973 0.194435 210.139
0.247337 0.190901 0.949938 -51.7046 0.190901 0.951581 -0.240936 -54.0828 -0.949938 0.240936 0.198918 210.332
0.252251 0.189138 0.948998 -50.6816 0.189138 0.952159 -0.240042 -54.3265 -0.948998 0.240042 0.20441 210.54
0.257439 0.186488 0.948128 -49.6728 0.186488 0.953165 -0.238115 -54.5975 -0.948128 0.238115 0.210604 210.747
0.263892 0.182878 0.947057 -48.6687 0.182878 0.954566 -0.235286 -54.8538 -0.947057 0.235286 0.218458 210.975
0.269423 0.182181 0.945633 -47.6722 0.182181 0.95457 -0.235808 -55.1328 -0.945633 0.235808 0.223993 211.239
0.276921 0.177479 0.94436 -46.6687 0.177479 0.956438 -0.231793 -55.3876 -0.94436 0.231793 0.233359 211.473
0.284598 0.174625 0.942608 -45.6592 0.174625 0.957375 -0.230085 -55.6572 -0.942608 0.230085 0.241973 211.73
0.292979 0.169513 0.940972 -44.6417 0.169513 0.959358 -0.225605 -55.9314 -0.940972 0.225605 0.252337 212.007
0.302438 0.166136 0.938579 -43.6301 0.166136 0.960432 -0.223538 -56.1956 -0.938579 0.223538 0.262871 212.306
0.313341 0.16395 0.935381 -42.656 0.16395 0.960854 -0.223336 -56.4414 -0.935381 0.223336 0.274196 212.597
0.322491 0.160482 0.932869 -41.6553 0.160482 0.961987 -0.220969 -56.7025 -0.932869 0.220969 0.284477 212.934
0.333477 0.15982 0.929113 -40.6848 0.15982 0.961678 -0.222784 -56.9494 -0.929113 0.222784 0.295155 213.24
0.342783 0.159011 0.925859 -39.7032 0.159011 0.961528 -0.224008 -57.2138 -0.925859 0.224008 0.304311 213.596
0.353337 0.157833 0.922086 -38.7628 0.157833 0.961477 -0.225056 -57.4579 -0.922086 0.225056 0.314814 213.93
0.363309 0.156364 0.918453 -37.8224 0.156364 0.961599 -0.225562 -57.7154 -0.918453 0.225562 0.324908 214.282
0.372394 0.154754 0.915082 -37.0262 0.154754 0.961841 -0.225639 -57.9267 -0.915082 0.225639 0.334235 214.575
0.379741 0.152781 0.912389 -36.1391 0.152781 0.962367 -0.224738 -58.1717 -0.912389 0.224738 0.342108 214.929
0.38706 0.151067 0.909595 -35.31 0.151067 0.962768 -0.224181 -58.3898 -0.909595 0.224181 0.349828 215.257
0.395356 0.148701 0.906412 -34.4043 0.148701 0.96343 -0.222915 -58.6339 -0.906412 0.222915 0.358786 215.613
0.402497 0.148552 0.903288 -33.5447 0.148552 0.963067 -0.224576 -58.8616 -0.903288 0.224576 0.365564 215.993
0.409728 0.14698 0.900289 -32.6763 0.14698 0.963401 -0.224175 -59.0961 -0.900289 0.224175 0.373129 216.357
0.417285 0.146439 0.8969 -31.8241 0.146439 0.963199 -0.225395 -59.3374 -0.8969 0.225395 0.380484 216.742
0.424482 0.144053 0.893903 -30.9674 0.144053 0.963943 -0.223746 -59.5675 -0.893903 0.223746 0.388426 217.141
0.432473 0.141362 0.890496 -30.1364 0.141362 0.964789 -0.221808 -59.7972 -0.890496 0.221808 0.397262 217.505
0.441043 0.139443 0.886587 -29.3089 0.139443 0.965213 -0.221178 -60.0203 -0.886587 0.221178 0.406256 217.902
0.44842 0.136916 0.883274 -28.5216 0.136916 0.966014 -0.219251 -60.2272 -0.883274 0.219251 0.414434 218.296
0.456602 0.134656 0.879422 -27.7318 0.134656 0.966632 -0.217924 -60.4416 -0.879422 0.217924 0.423234 218.691
0.465703 0.133649 0.874791 -26.9457 0.133649 0.966569 -0.21882 -60.6498 -0.874791 0.21882 0.432272 219.09
0.473735 0.133134 0.870546 -26.129 0.133134 0.96632 -0.22023 -60.8716 -0.870546 0.22023 0.440055 219.529
0.481926 0.13101 0.866363 -25.3153 0.13101 0.966871 -0.219084 -61.0874 -0.866363 0.219084 0.448796 219.946
0.488965 0.12972 0.862604 -24.513 0.12972 0.967072 -0.218962 -61.3177 -0.862604 0.218962 0.456037 220.408
0.497212 0.128097 0.858121 -23.6982 0.128097 0.967364 -0.218626 -61.5366 -0.858121 0.218626 0.464576 220.845
0.504617 0.125722 0.854141 -22.9213 0.125722 0.968094 -0.216769 -61.755 -0.854141 0.216769 0.47271 221.278
0.51395 0.125047 0.848657 -22.2069 0.125047 0.967829 -0.218336 -61.9599 -0.848657 0.218336 0.481779 221.679
0.520736 0.122114 0.844939 -21.4554 0.122114 0.968886 -0.215287 -62.1666 -0.844939 0.215287 0.489621 222.12
0.528677 0.120483 0.840229 -20.775 0.120483 0.969201 -0.214785 -62.3569 -0.840229 0.214785 0.497879 222.531
0.53472 0.117865 0.836769 -20.0587 0.117865 0.970143 -0.21197 -62.5531 -0.836769 0.21197 0.504863 222.962
0.539355 0.116889 0.833926 -19.3687 0.116889 0.970339 -0.21161 -62.7404 -0.833926 0.21161 0.509695 223.408
0.543759 0.115697 0.831228 -18.7063 0.115697 0.970661 -0.210789 -62.9166 -0.831228 0.210789 0.51442 223.821
0.546855 0.115195 0.829264 -17.9728 0.115195 0.970716 -0.210809 -63.122 -0.829264 0.210809 0.517571 224.3
0.54967 0.113199 0.827677 -17.2709 0.113199 0.971545 -0.208052 -63.2954 -0.827677 0.208052 0.521216 224.734
0.552187 0.112415 0.826107 -16.501 0.112415 0.97178 -0.207378 -63.5059 -0.826107 0.207378 0.523968 225.221
0.552435 0.113029 0.825857 -15.7642 0.113029 0.971456 -0.208563 -63.7091 -0.825857 0.208563 0.52389 225.718
0.555673 0.112415 0.823766 -14.9572 0.112415 0.971559 -0.208414 -63.9272 -0.823766 0.208414 0.527231 226.202
0.554792 0.113151 0.824259 -14.2458 0.113151 0.971242 -0.209489 -64.1189 -0.824259 0.209489 0.526034 226.7
0.558168 0.111269 0.822233 -13.4576 0.111269 0.971978 -0.207068 -64.3395 -0.822233 0.207068 0.530147 227.181
0.558419 0.109374 0.822317 -12.7263 0.109374 0.97291 -0.203677 -64.5321 -0.822317 0.203677 0.531328 227.672
0.561279 0.108009 0.820549 -11.971 0.108009 0.973409 -0.202011 -64.7353 -0.820549 0.202011 0.534688 228.147
0.561856 0.106337 0.820372 -11.2559 0.106337 0.974192 -0.199103 -64.9148 -0.820372 0.199103 0.536048 228.623
0.563676 0.104495 0.819359 -10.5172 0.104495 0.974974 -0.196229 -65.1093 -0.819359 0.196229 0.538651 229.089
0.563792 0.104401 0.819292 -9.80146 0.104401 0.975013 -0.196087 -65.3038 -0.819292 0.196087 0.538805 229.557
0.56239 0.104135 0.820288 -9.07162 0.104135 0.97522 -0.195198 -65.4733 -0.820288 0.195198 0.53761 230.064
0.551472 0.110105 0.826895 -8.72683 0.110105 0.972971 -0.202987 -65.7085 -0.826895 0.202987 0.524443 230.818
0.56478 0.102554 0.818844 -7.56179 0.102554 0.975834 -0.192951 -65.8459 -0.818844 0.192951 0.540615 231.023
0.564933 0.103587 0.818609 -6.75153 0.103587 0.975337 -0.194906 -66.0617 -0.818609 0.194906 0.540269 231.609
0.565636 0.10294 0.818205 -5.89841 0.10294 0.975604 -0.193907 -66.2649 -0.818205 0.193907 0.54124 232.16
0.566253 0.101425 0.817967 -5.09051 0.101425 0.976283 -0.191268 -66.474 -0.817967 0.191268 0.542536 232.703
0.5671 0.101393 0.817384 -4.27212 0.101393 0.976252 -0.191446 -66.6812 -0.817384 0.191446 0.543352 233.262
0.568132 0.099351 0.816918 -3.45996 0.099351 0.977144 -0.187932 -66.8818 -0.816918 0.187932 0.545276 233.811
0.568465 0.099553 0.816662 -2.67599 0.099553 0.977034 -0.1884 -67.0853 -0.816662 0.1884 0.545499 234.376
0.571896 0.0968963 0.814583 -1.85721 0.0968963 0.978069 -0.184371 -67.2657 -0.814583 0.184371 0.549965 234.88
0.574284 0.0983631 0.812725 -1.06881 0.0983631 0.977273 -0.187783 -67.4687 -0.812725 0.187783 0.551557 235.423
0.577337 0.0964162 0.810793 -0.257951 0.0964162 0.978006 -0.184955 -67.6571 -0.810793 0.184955 0.555343 235.969
0.580076 0.0953537 0.808962 0.517022 0.0953537 0.978348 -0.183694 -67.8583 -0.808962 0.183694 0.558424 236.52
0.584459 0.0929948 0.806077 1.32787 0.0929948 0.979189 -0.180393 -68.0595 -0.806077 0.180393 0.563647 237.085
0.590378 0.0910538 0.801975 2.13748 0.0910538 0.97976 -0.178269 -68.2646 -0.801975 0.178269 0.570137 237.663
0.594421 0.0896359 0.799142 2.88349 0.0896359 0.98019 -0.176616 -68.4587 -0.799142 0.176616 0.574611 238.246
0.6013 0.08962 0.793982 3.64972 0.08962 0.979855 -0.178472 -68.6478 -0.793982 0.178472 0.581155 238.803
0.607388 0.0891595 0.789386 4.42695 0.0891595 0.979753 -0.179264 -68.8427 -0.789386 0.179264 0.58714 239.384
0.614269 0.0879749 0.784177 5.14659 0.0879749 0.979935 -0.17885 -69.0201 -0.784177 0.17885 0.594205 239.947
0.620506 0.0850345 0.779578 5.84305 0.0850345 0.980946 -0.174683 -69.1988 -0.779578 0.174683 0.601452 240.502
0.627415 0.0831888 0.774228 6.54502 0.0831888 0.981426 -0.172866 -69.3729 -0.774228 0.172866 0.608841 241.071
0.634968 0.0808921 0.768292 7.24045 0.0808921 0.982074 -0.170255 -69.5486 -0.768292 0.170255 0.617042 241.622
0.6435 0.0792441 0.761333 7.8924 0.0792441 0.982385 -0.169232 -69.7139 -0.761333 0.169232 0.625885 242.172
0.651898 0.0771843 0.754368 8.55243 0.0771843 0.982886 -0.167265 -69.8835 -0.754368 0.167265 0.634784 242.746
0.660672 0.075755 0.746842 9.19657 0.075755 0.983088 -0.166733 -70.0475 -0.746842 0.166733 0.64376 243.328
0.669346 0.0735914 0.739297 9.82365 0.0735914 0.983621 -0.16454 -70.2003 -0.739297 0.16454 0.652967 243.893
0.678356 0.0724382 0.731153 10.4232 0.0724382 0.983686 -0.164665 -70.3531 -0.731153 0.164665 0.662042 244.464
0.686653 0.0701997 0.723588 11.0541 0.0701997 0.984273 -0.162107 -70.5172 -0.723588 0.162107 0.670926 245.081
0.695528 0.0690767 0.715171 11.6116 0.0690767 0.984328 -0.162254 -70.6581 -0.715171 0.162254 0.679856 245.61
0.703407 0.0664344 0.707676 12.2377 0.0664344 0.985119 -0.158513 -70.8141 -0.707676 0.158513 0.688526 246.281
0.711627 0.0640658 0.699631 12.8304 0.0640658 0.985767 -0.155432 -70.964 -0.699631 0.155432 0.697394 246.915
0.719891 0.0617828 0.691332 13.4835 0.0617828 0.986373 -0.152485 -71.1278 -0.691332 0.152485 0.706264 247.601
0.728707 0.0594051 0.682244 14.1506 0.0594051 0.986992 -0.149391 -71.299 -0.682244 0.149391 0.715699 248.257
0.737339 0.0580326 0.673026 14.7739 0.0580326 0.987178 -0.148699 -71.4732 -0.673026 0.148699 0.724517 249.028
0.747024 0.0551667 0.662504 15.4521 0.0551667 0.98797 -0.144473 -71.6352 -0.662504 0.144473 0.734994 249.752
0.755536 0.0551693 0.65278 16.0406 0.0551693 0.98755 -0.147316 -71.7956 -0.65278 0.147316 0.743086 250.494
0.764305 0.0519965 0.642755 16.6831 0.0519965 0.988529 -0.141798 -71.9528 -0.642755 0.141798 0.752834 251.261
0.773438 0.0512994 0.631793 17.2911 0.0512994 0.988385 -0.143054 -72.1117 -0.631793 0.143054 0.761823 252.008
0.782022 0.0484022 0.621369 17.849 0.0484022 0.989252 -0.137975 -72.2498 -0.621369 0.137975 0.771274 252.708
0.790605 0.0476448 0.61047 18.4538 0.0476448 0.989159 -0.138904 -72.4123 -0.61047 0.138904 0.779764 253.511
0.798496 0.0462887 0.600218 19.0187 0.0462887 0.989367 -0.13788 -72.5546 -0.600218 0.13788 0.787862 254.259
0.80518 0.0460475 0.59124 19.5751 0.0460475 0.989116 -0.139745 -72.7118 -0.59124 0.139745 0.794296 255.051
0.811162 0.0456353 0.583038 20.1147 0.0456353 0.988972 -0.1409 -72.8551 -0.583038 0.1409 0.800134 255.81
0.816668 0.0455195 0.57531 20.6625 0.0455195 0.988698 -0.142843 -73.0256 -0.57531 0.142843 0.805366 256.619
0.822536 0.0452074 0.566914 21.2136 0.0452074 0.988484 -0.144416 -73.1813 -0.566914 0.144416 0.81102 257.422
0.827835 0.0446765 0.559189 21.7857 0.0446765 0.988406 -0.145109 -73.3473 -0.559189 0.145109 0.816242 258.291
0.833159 0.0434344 0.551325 22.3515 0.0434344 0.988693 -0.143529 -73.5096 -0.551325 0.143529 0.821852 259.154
0.83802 0.0429599 0.543946 22.9244 0.0429599 0.988606 -0.144264 -73.6834 -0.543946 0.144264 0.826626 260.063
0.842335 0.0429128 0.537244 23.4971 0.0429128 0.98832 -0.146225 -73.8547 -0.537244 0.146225 0.830655 260.985
0.846334 0.0423688 0.530965 24.0896 0.0423688 0.988318 -0.146398 -74.038 -0.530965 0.146398 0.834652 261.937
0.849105 0.0423049 0.526527 24.6691 0.0423049 0.988139 -0.147617 -74.2193 -0.526527 0.147617 0.837244 262.918
0.851726 0.043382 0.522189 25.2988 0.043382 0.987307 -0.152782 -74.4251 -0.522189 0.152782 0.839033 263.903
0.852192 0.0454206 0.521255 25.8757 0.0454206 0.986043 -0.160178 -74.6298 -0.521255 0.160178 0.838234 264.936
0.854007 0.0460109 0.518224 26.5328 0.0460109 0.985499 -0.163322 -74.8541 -0.518224 0.163322 0.839506 265.944
0.85462 0.0465392 0.517165 27.1421 0.0465392 0.985102 -0.165555 -75.0751 -0.517165 0.165555 0.839721 266.954
0.855551 0.0458883 0.51568 27.7979 0.0458883 0.985422 -0.163821 -75.286 -0.51568 0.163821 0.840974 268
0.856073 0.0456352 0.514836 28.4212 0.0456352 0.98553 -0.16324 -75.5132 -0.514836 0.16324 0.841603 269.034
0.856255 0.0453215 0.514561 29.0677 0.0453215 0.985711 -0.162237 -75.7406 -0.514561 0.162237 0.841966 270.119
0.856233 0.0456566 0.514568 29.7023 0.0456566 0.985501 -0.163413 -75.9653 -0.514568 0.163413 0.841734 271.187
0.857597 0.0451385 0.512337 30.3731 0.0451385 0.985692 -0.1624 -76.2153 -0.512337 0.1624 0.84329 272.28
0.858287 0.0451237 0.511182 31.0118 0.0451237 0.985632 -0.162769 -76.4429 -0.511182 0.162769 0.843919 273.358
0.860108 0.0443556 0.50818 31.6874 0.0443556 0.985936 -0.161129 -76.6811 -0.50818 0.161129 0.846044 274.462
0.861575 0.0440428 0.505716 32.2959 0.0440428 0.985987 -0.160904 -76.9126 -0.505716 0.160904 0.847562 275.586
0.864984 0.0431563 0.499939 32.9555 0.0431563 0.986206 -0.1598 -77.152 -0.499939 0.1598 0.85119 276.715
0.869382 0.0424055 0.492318 33.5999 0.0424055 0.986233 -0.159832 -77.39 -0.492318 0.159832 0.855615 277.854
0.874541 0.0410052 0.483215 34.2279 0.0410052 0.986598 -0.157935 -77.6294 -0.483215 0.157935 0.861139 278.996
0.880484 0.0398752 0.472397 34.8255 0.0398752 0.986696 -0.157609 -77.8582 -0.472397 0.157609 0.86718 280.127
0.886361 0.0390377 0.461345 35.3985 0.0390377 0.98659 -0.158484 -78.0929 -0.461345 0.158484 0.872951 281.278
0.892427 0.0381063 0.44958 35.9636 0.0381063 0.986501 -0.159257 -78.3186 -0.44958 0.159257 0.878928 282.414
0.89833 0.0365417 0.437799 36.4998 0.0365417 0.986866 -0.157351 -78.5517 -0.437799 0.157351 0.885197 283.553
0.903731 0.0351446 0.426655 37.0105 0.0351446 0.98717 -0.155758 -78.7703 -0.426655 0.155758 0.890901 284.7
0.90924 0.0341326 0.414871 37.4907 0.0341326 0.987164 -0.156022 -78.9924 -0.414871 0.156022 0.896403 285.773
0.914802 0.0330418 0.402549 37.9849 0.0330418 0.987186 -0.156118 -79.2167 -0.402549 0.156118 0.901987 286.933
0.920358 0.0319072 0.389772 38.4396 0.0319072 0.987217 -0.156156 -79.4241 -0.389772 0.156156 0.907575 288.016
0.925631 0.0311829 0.377139 38.8899 0.0311829 0.986925 -0.158135 -79.6546 -0.377139 0.158135 0.912556 289.196
0.930721 0.0305525 0.364452 39.3169 0.0305525 0.986526 -0.160725 -79.8786 -0.364452 0.160725 0.917247 290.321
0.935097 0.0298336 0.353133 39.7423 0.0298336 0.986287 -0.162323 -80.1101 -0.353133 0.162323 0.921384 291.512
0.938466 0.0293209 0.344126 40.1439 0.0293209 0.986029 -0.163975 -80.3407 -0.344126 0.163975 0.924494 292.68
0.941131 0.028703 0.33682 40.5664 0.028703 0.986005 -0.164226 -80.5746 -0.33682 0.164226 0.927136 293.877
0.94297 0.0284122 0.331663 40.965 0.0284122 0.985845 -0.165234 -80.8056 -0.331663 0.165234 0.928815 295.06
0.944662 0.0280399 0.326845 41.3773 0.0280399 0.985792 -0.165613 -81.0407 -0.326845 0.165613 0.930454 296.265
0.946171 0.0275969 0.322488 41.7708 0.0275969 0.985852 -0.165333 -81.2785 -0.322488 0.165333 0.932023 297.44
0.947673 0.0273364 0.318069 42.171 0.0273364 0.985719 -0.166165 -81.5065 -0.318069 0.166165 0.933392 298.639
0.949331 0.0270739 0.313111 42.5543 0.0270739 0.985534 -0.167302 -81.7422 -0.313111 0.167302 0.934864 299.818
0.950795 0.0268951 0.308651 42.9275 0.0268951 0.985299 -0.168707 -81.9806 -0.308651 0.168707 0.936094 301.008
0.952531 0.0267196 0.303268 43.2937 0.0267196 0.98496 -0.170704 -82.2142 -0.303268 0.170704 0.937491 302.174
0.954385 0.0264426 0.297405 43.641 0.0264426 0.984671 -0.172404 -82.4499 -0.297405 0.172404 0.939057 303.365
0.956538 0.0256317 0.29048 43.978 0.0256317 0.984884 -0.171309 -82.6794 -0.29048 0.171309 0.941421 304.487
0.958814 0.0245621 0.282971 44.3185 0.0245621 0.985352 -0.168755 -82.9041 -0.282971 0.168755 0.944166 305.656
0.960552 0.0238038 0.27708 44.6315 0.0238038 0.985636 -0.167196 -83.1364 -0.27708 0.167196 0.946188 306.813
0.962022 0.0234613 0.271963 44.9526 0.0234613 0.985507 -0.168006 -83.3661 -0.271963 0.168006 0.947528 307.988
0.963081 0.0235317 0.268183 45.2767 0.0235317 0.985001 -0.170934 -83.6124 -0.268183 0.170934 0.948082 309.175
0.963956 0.0232685 0.265043 45.5969 0.0232685 0.984979 -0.171099 -83.8551 -0.265043 0.171099 0.948935 310.348
0.964371 0.0231394 0.263539 45.9001 0.0231394 0.984972 -0.171157 -84.0813 -0.263539 0.171157 0.949343 311.548
0.964236 0.023123 0.264035 46.2079 0.023123 0.98505 -0.170709 -84.3154 -0.264035 0.170709 0.949286 312.721
0.962953 0.0235135 0.268641 46.5253 0.0235135 0.985076 -0.170506 -84.5504 -0.268641 0.170506 0.948029 313.892
0.960441 0.0243121 0.277421 46.856 0.0243121 0.985058 -0.170496 -84.7861 -0.277421 0.170496 0.945499 315.057
0.957185 0.0253665 0.288362 47.2009 0.0253665 0.984971 -0.170846 -85.014 -0.288362 0.170846 0.942156 316.186
0.953788 0.0262203 0.299333 47.5628 0.0262203 0.985123 -0.16984 -85.2533 -0.299333 0.16984 0.938911 317.326
0.950615 0.0268353 0.30921 47.9242 0.0268353 0.985418 -0.168022 -85.473 -0.30921 0.168022 0.936033 318.42
0.948012 0.0274679 0.317046 48.2946 0.0274679 0.985487 -0.167512 -85.7035 -0.317046 0.167512 0.933499 319.533
0.946228 0.0279016 0.322294 48.6852 0.0279016 0.985522 -0.167235 -85.9277 -0.322294 0.167235 0.93175 320.63
0.945361 0.0284118 0.324785 49.0649 0.0284118 0.985226 -0.168885 -86.1548 -0.324785 0.168885 0.930587 321.697
0.945095 0.0287422 0.325528 49.4294 0.0287422 0.984954 -0.170412 -86.3706 -0.325528 0.170412 0.930049 322.777
0.945971 0.0285778 0.32299 49.7955 0.0285778 0.984884 -0.17084 -86.5898 -0.32299 0.17084 0.930855 323.86
0.948019 0.0279084 0.316987 50.1365 0.0279084 0.985016 -0.17019 -86.8072 -0.316987 0.17019 0.933035 324.89
0.950728 0.0271275 0.308838 50.4672 0.0271275 0.985065 -0.170035 -87.0267 -0.308838 0.170035 0.935792 325.947
0.954315 0.0258666 0.297681 50.7856 0.0258666 0.985355 -0.168545 -87.2215 -0.297681 0.168545 0.939669 326.902
0.958168 0.0249373 0.285117 51.0417 0.0249373 0.985134 -0.169968 -87.4388 -0.285117 0.169968 0.943302 327.993
0.962831 0.0231536 0.269112 51.339 0.0231536 0.985577 -0.167635 -87.6387 -0.269112 0.167635 0.948408 328.967
0.967886 0.021645 0.250455 51.5579 0.021645 0.985411 -0.168809 -87.8571 -0.250455 0.168809 0.953297 330.024
0.97299 0.019752 0.230002 51.8098 0.019752 0.985556 -0.168195 -88.055 -0.230002 0.168195 0.958546 331.053
0.97795 0.0180409 0.208059 51.9893 0.0180409 0.985239 -0.17023 -88.2676 -0.208059 0.17023 0.963189 332.116
0.982908 0.0159138 0.183406 52.167 0.0159138 0.985183 -0.170767 -88.4753 -0.183406 0.170767 0.968091 333.165
0.987269 0.0138823 0.158455 52.2857 0.0138823 0.984863 -0.172779 -88.692 -0.158455 0.172779 0.972131 334.227
0.991275 0.0116722 0.131293 52.3994 0.0116722 0.984385 -0.17564 -88.8968 -0.131293 0.17564 0.97566 335.257
0.994693 0.00919721 0.102475 52.47 0.00919721 0.984061 -0.177595 -89.0998 -0.102475 0.177595 0.978754 336.303
0.997311 0.00656487 0.0729918 52.503 0.00656487 0.983973 -0.178196 -89.31 -0.0729918 0.178196 0.981284 337.332
0.999076 0.00383773 0.0427967 52.5137 0.00383773 0.984053 -0.177834 -89.5112 -0.0427967 0.177834 0.983129 338.39
0.999932 0.00105506 0.0116466 52.4951 0.00105506 0.983721 -0.179699 -89.7051 -0.0116466 0.179699 0.983653 339.381
0.999833 -0.00166227 -0.018187 52.4372 -0.00166227 0.983432 -0.181269 -89.8904 0.018187 0.181269 0.983265 340.274
0.99888 -0.00434465 -0.0471117 52.3648 -0.00434465 0.983144 -0.182783 -90.0858 0.0471117 0.182783 0.982024 341.26
0.997335 -0.00681275 -0.0726461 52.2566 -0.00681275 0.982587 -0.185677 -90.2763 0.0726461 0.185677 0.979922 342.172
0.995536 -0.00885185 -0.0939641 52.1388 -0.00885185 0.982446 -0.186335 -90.4677 0.0939641 0.186335 0.977983 343.13
0.993698 -0.0102979 -0.111619 52.0024 -0.0102979 0.983173 -0.182385 -90.6583 0.111619 0.182385 0.976871 344.08
0.992315 -0.0109681 -0.123249 51.8445 -0.0109681 0.984346 -0.175906 -90.8554 0.123249 0.175906 0.976661 345.06
0.991349 -0.0116347 -0.130735 51.711 -0.0116347 0.984352 -0.175827 -91.0526 0.130735 0.175827 0.975701 346.045
0.990989 -0.0123049 -0.13338 51.5411 -0.0123049 0.983198 -0.182127 -91.2477 0.13338 0.182127 0.974187 347.059
0.990855 -0.0127019 -0.13433 51.3899 -0.0127019 0.982357 -0.186582 -91.4594 0.13433 0.186582 0.973213 348.082
0.991158 -0.0125889 -0.132089 51.2259 -0.0125889 0.982077 -0.188061 -91.6725 0.132089 0.188061 0.973235 349.134
0.991396 -0.0123757 -0.130312 51.0992 -0.0123757 0.9822 -0.187432 -91.8988 0.130312 0.187432 0.973595 350.194
0.991966 -0.0119206 -0.125943 50.9347 -0.0119206 0.982313 -0.186868 -92.1201 0.125943 0.186868 0.974279 351.263
0.991543 -0.0128156 -0.129148 50.979 -0.0128156 0.980581 -0.195698 -92.2888 0.129148 0.195698 0.972123 352.374
0.992326 -0.0123051 -0.123035 50.7602 -0.0123051 0.980269 -0.197284 -92.5504 0.123035 0.197284 0.972595 353.447
0.9923 -0.0127859 -0.123199 50.6754 -0.0127859 0.97877 -0.204562 -92.7711 0.123199 0.204562 0.97107 354.543
0.992852 -0.0123691 -0.118711 50.5 -0.0123691 0.978597 -0.205415 -93.0179 0.118711 0.205415 0.971449 355.586
0.992869 -0.0122943 -0.118578 50.3789 -0.0122943 0.978805 -0.204424 -93.2525 0.118578 0.204424 0.971674 356.664
0.992944 -0.0120714 -0.11797 50.2357 -0.0120714 0.979349 -0.201817 -93.4834 0.11797 0.201817 0.972293 357.729
0.992914 -0.0120142 -0.118227 50.0978 -0.0120142 0.97963 -0.200449 -93.7242 0.118227 0.200449 0.972544 358.819
0.992934 -0.0119845 -0.118058 49.9484 -0.0119845 0.979672 -0.200247 -93.9535 0.118058 0.200247 0.972607 359.896
0.992602 -0.0122805 -0.120792 49.8358 -0.0122805 0.979615 -0.200509 -94.2073 0.120792 0.200509 0.972217 361.024
0.992688 -0.0122313 -0.120085 49.6622 -0.0122313 0.979539 -0.200881 -94.4458 0.120085 0.200881 0.972228 362.149
0.992368 -0.0126047 -0.122665 49.5337 -0.0126047 0.979182 -0.20259 -94.7103 0.122665 0.20259 0.971551 363.311
0.992533 -0.0126825 -0.121313 49.3136 -0.0126825 0.978458 -0.206054 -94.9595 0.121313 0.206054 0.970992 364.468
0.991892 -0.0133492 -0.126379 49.2082 -0.0133492 0.978021 -0.208078 -95.2417 0.126379 0.208078 0.969913 365.667
0.991584 -0.0136115 -0.12875 49.0137 -0.0136115 0.977986 -0.208224 -95.5015 0.12875 0.208224 0.96957 366.857
0.990669 -0.0143078 -0.135535 48.8499 -0.0143078 0.978061 -0.207829 -95.7883 0.135535 0.207829 0.96873 368.075
0.989602 -0.015181 -0.143029 48.6577 -0.015181 0.977836 -0.208823 -96.0565 0.143029 0.208823 0.967438 369.297
0.988272 -0.0162793 -0.151834 48.4461 -0.0162793 0.977403 -0.210755 -96.3513 0.151834 0.210755 0.965675 370.525
0.98687 -0.0174253 -0.160573 48.2251 -0.0174253 0.976874 -0.213104 -96.6431 0.160573 0.213104 0.963744 371.763
0.985403 -0.018494 -0.169231 47.9869 -0.018494 0.976569 -0.21441 -96.9409 0.169231 0.21441 0.961972 373.002
0.983825 -0.0194891 -0.17807 47.7412 -0.0194891 0.976518 -0.214552 -97.2419 0.17807 0.214552 0.960343 374.238
0.982129 -0.0204478 -0.187093 47.4905 -0.0204478 0.976604 -0.214074 -97.5296 0.187093 0.214074 0.958733 375.455
0.980551 -0.0213733 -0.195096 47.2124 -0.0213733 0.976512 -0.214402 -97.8317 0.195096 0.214402 0.957063 376.704
0.978833 -0.0224381 -0.203429 46.9386 -0.0224381 0.976215 -0.21564 -98.1124 0.203429 0.21564 0.955048 377.871
0.976972 -0.0236325 -0.212054 46.6846 -0.0236325 0.975747 -0.217621 -98.381 0.212054 0.217621 0.952719 378.97
0.975006 -0.0247665 -0.220792 46.4096 -0.0247665 0.975458 -0.218786 -98.674 0.220792 0.218786 0.950465 380.133
0.973297 -0.0256766 -0.228107 46.1272 -0.0256766 0.97531 -0.219342 -98.9465 0.228107 0.219342 0.948607 381.242
0.97171 -0.0264644 -0.234688 45.8216 -0.0264644 0.975243 -0.219547 -99.2396 0.234688 0.219547 0.946953 382.399
0.970355 -0.0272769 -0.240141 45.5256 -0.0272769 0.974902 -0.220956 -99.5234 0.240141 0.220956 0.945257 383.521
0.969082 -0.028211 -0.245121 45.2384 -0.028211 0.974259 -0.22366 -99.8014 0.245121 0.22366 0.943341 384.632
0.967906 -0.0295127 -0.249575 44.9665 -0.0295127 0.972861 -0.229499 -100.065 0.249575 0.229499 0.940767 385.647
0.966521 -0.0308535 -0.254726 44.6943 -0.0308535 0.971566 -0.23475 -100.334 0.254726 0.23475 0.938087 386.658
0.965497 -0.0316182 -0.258486 44.4121 -0.0316182 0.971025 -0.236877 -100.588 0.258486 0.236877 0.936522 387.62
0.963978 -0.0319457 -0.264056 44.1729 -0.0319457 0.971669 -0.234176 -100.823 0.264056 0.234176 0.935647 388.493
0.962771 -0.0324938 -0.268358 43.909 -0.0324938 0.971639 -0.234226 -101.05 0.268358 0.234226 0.93441 389.372
0.96241 -0.0326232 -0.269635 43.6043 -0.0326232 0.971687 -0.234007 -101.298 0.269635 0.234007 0.934097 390.296
0.961117 -0.0330322 -0.27416 43.3371 -0.0330322 0.971939 -0.232904 -101.549 0.27416 0.232904 0.933055 391.252
0.96043 -0.0330956 -0.276547 43.0463 -0.0330956 0.972319 -0.231301 -101.807 0.276547 0.231301 0.93275 392.212
0.96032 -0.0326423 -0.276985 42.7212 -0.0326423 0.973147 -0.227856 -102.064 0.276985 0.227856 0.933467 393.198
0.960251 -0.0325755 -0.277232 42.4177 -0.0325755 0.973304 -0.227198 -102.326 0.277232 0.227198 0.933554 394.217
0.960244 -0.0327622 -0.277232 42.1026 -0.0327622 0.973001 -0.228463 -102.591 0.277232 0.228463 0.933245 395.26
0.960208 -0.0327117 -0.277365 41.7878 -0.0327117 0.973109 -0.22801 -102.882 0.277365 0.22801 0.933317 396.327
0.959755 -0.0332465 -0.278865 41.4848 -0.0332465 0.972535 -0.230369 -103.161 0.278865 0.230369 0.93229 397.424
0.959884 -0.0331845 -0.278427 41.1383 -0.0331845 0.972549 -0.230318 -103.453 0.278427 0.230318 0.932433 398.508
0.960005 -0.0332816 -0.277997 40.7925 -0.0332816 0.972305 -0.231335 -103.732 0.277997 0.231335 0.93231 399.573
0.959994 -0.033258 -0.27804 40.4446 -0.033258 0.972352 -0.231139 -104.012 0.27804 0.231139 0.932346 400.647
0.959078 -0.0333864 -0.281168 40.1521 -0.0333864 0.972762 -0.22939 -104.285 0.281168 0.22939 0.93184 401.685
0.958462 -0.0333941 -0.283257 39.8169 -0.0333941 0.973153 -0.227724 -104.562 0.283257 0.227724 0.931615 402.767
0.957831 -0.0330695 -0.285421 39.5131 -0.0330695 0.974066 -0.223833 -104.837 0.285421 0.223833 0.931898 403.818
0.957233 -0.0329382 -0.287437 39.1743 -0.0329382 0.974632 -0.221378 -105.112 0.287437 0.221378 0.931865 404.903
0.957379 -0.0325693 -0.286994 38.8319 -0.0325693 0.975112 -0.219308 -105.387 0.286994 0.219308 0.932491 405.969
0.957697 -0.0322097 -0.285969 38.5042 -0.0322097 0.975475 -0.21774 -105.658 0.285969 0.21774 0.933172 407.029
0.958354 -0.0314898 -0.283842 38.1272 -0.0314898 0.97619 -0.214621 -105.941 0.283842 0.214621 0.934544 408.119
0.958619 -0.0312587 -0.282971 37.8286 -0.0312587 0.976388 -0.213752 -106.208 0.282971 0.213752 0.935006 409.223
0.959036 -0.0306796 -0.281618 37.4656 -0.0306796 0.977023 -0.210915 -106.481 0.281618 0.210915 0.936059 410.31
0.958369 -0.0307745 -0.28387 37.2002 -0.0307745 0.977251 -0.209842 -106.72 0.28387 0.209842 0.93562 411.418
0.95963 -0.0297279 -0.279691 36.7693 -0.0297279 0.978109 -0.205959 -107.016 0.279691 0.205959 0.937739 412.527
0.959564 -0.0299189 -0.279894 36.4747 -0.0299189 0.977863 -0.207098 -107.269 0.279894 0.207098 0.937427 413.643
0.960374 -0.0296469 -0.277135 36.1028 -0.0296469 0.977819 -0.207341 -107.541 0.277135 0.207341 0.938193 414.754
0.960482 -0.029517 -0.276772 35.7968 -0.029517 0.977953 -0.206729 -107.801 0.276772 0.206729 0.938435 415.852
0.961061 -0.028829 -0.27483 35.4816 -0.028829 0.978656 -0.203471 -108.049 0.27483 0.203471 0.939717 416.869
0.961549 -0.0282946 -0.273173 35.1558 -0.0282946 0.979179 -0.201016 -108.311 0.273173 0.201016 0.940728 417.973
0.961832 -0.0280738 -0.272196 34.8431 -0.0280738 0.979351 -0.20021 -108.564 0.272196 0.20021 0.941183 419.054
0.96234 -0.0279294 -0.270411 34.5161 -0.0279294 0.979287 -0.200541 -108.824 0.270411 0.200541 0.941627 420.173
0.962833 -0.0278766 -0.268654 34.209 -0.0278766 0.979091 -0.201502 -109.074 0.268654 0.201502 0.941925 421.245
0.963123 -0.0277785 -0.267623 33.8881 -0.0277785 0.979075 -0.201595 -109.334 0.267623 0.201595 0.942198 422.345
0.963358 -0.0278313 -0.26677 33.5841 -0.0278313 0.978861 -0.202626 -109.586 0.26677 0.202626 0.942219 423.425
0.963302 -0.0280835 -0.266945 33.2722 -0.0280835 0.978509 -0.204285 -109.846 0.266945 0.204285 0.941811 424.522
0.963567 -0.0278937 -0.26601 32.9542 -0.0278937 0.978644 -0.20366 -110.102 0.26601 0.20366 0.942211 425.607
0.963154 -0.0279683 -0.267494 32.6724 -0.0279683 0.978771 -0.203041 -110.352 0.267494 0.203041 0.941924 426.692
0.963135 -0.0275089 -0.267609 32.3509 -0.0275089 0.979473 -0.199691 -110.604 0.267609 0.199691 0.942608 427.761
0.963256 -0.0275149 -0.267172 32.0459 -0.0275149 0.979396 -0.200066 -110.849 0.267172 0.200066 0.942652 428.81
0.962777 -0.0274172 -0.268903 31.7457 -0.0274172 0.979805 -0.198065 -111.121 0.268903 0.198065 0.942582 429.882
0.962923 -0.027689 -0.268351 31.4384 -0.027689 0.979322 -0.200405 -111.351 0.268351 0.200405 0.942245 430.924
0.962634 -0.0276339 -0.269392 31.1508 -0.0276339 0.979563 -0.199228 -111.593 0.269392 0.199228 0.942197 431.948
0.962526 -0.0274639 -0.269794 30.8579 -0.0274639 0.979872 -0.197728 -111.843 0.269794 0.197728 0.942398 432.972
0.962781 -0.0272066 -0.26891 30.5282 -0.0272066 0.980112 -0.19657 -112.067 0.26891 0.19657 0.942893 433.975
0.962337 -0.0272359 -0.27049 30.2591 -0.0272359 0.980304 -0.195606 -112.339 0.27049 0.195606 0.942642 434.998
0.9628 -0.0270315 -0.268861 29.915 -0.0270315 0.980358 -0.195367 -112.543 0.268861 0.195367 0.943157 435.985
0.962369 -0.026973 -0.270404 29.6533 -0.026973 0.980666 -0.193819 -112.783 0.270404 0.193819 0.943035 436.974
0.96248 -0.0266725 -0.270037 29.3594 -0.0266725 0.981039 -0.191968 -112.995 0.270037 0.191968 0.943519 437.931
0.962358 -0.0265001 -0.270492 29.0906 -0.0265001 0.981344 -0.190425 -113.204 0.270492 0.190425 0.943702 438.874
0.962382 -0.026198 -0.270433 28.8131 -0.026198 0.981755 -0.188336 -113.416 0.270433 0.188336 0.944137 439.831
0.962481 -0.0257954 -0.270119 28.526 -0.0257954 0.982265 -0.185716 -113.617 0.270119 0.185716 0.944746 440.766
0.9624 -0.0252789 -0.270458 28.2449 -0.0252789 0.983005 -0.181831 -113.829 0.270458 0.181831 0.945405 441.717
0.961979 -0.0250458 -0.271974 27.9727 -0.0250458 0.983502 -0.179157 -114.017 0.271974 0.179157 0.94548 442.673
0.961612 -0.0246749 -0.2733 27.6866 -0.0246749 0.984139 -0.175673 -114.215 0.2733 0.175673 0.945752 443.598
0.961154 -0.0246215 -0.274912 27.4057 -0.0246215 0.984394 -0.174246 -114.413 0.274912 0.174246 0.945548 444.574
0.960727 -0.0246519 -0.2764 27.1212 -0.0246519 0.984526 -0.173496 -114.603 0.2764 0.173496 0.945253 445.517
0.960379 -0.0245891 -0.277609 26.8314 -0.0245891 0.98474 -0.172288 -114.807 0.277609 0.172288 0.945119 446.493
0.959773 -0.0247457 -0.279685 26.5381 -0.0247457 0.984778 -0.172048 -114.996 0.279685 0.172048 0.944551 447.446
0.959461 -0.0248626 -0.280743 26.2498 -0.0248626 0.984752 -0.17218 -115.197 0.280743 0.17218 0.944213 448.436
0.959527 -0.0247353 -0.280529 25.9532 -0.0247353 0.984883 -0.171446 -115.397 0.280529 0.171446 0.94441 449.403
0.95967 -0.024616 -0.280049 25.6487 -0.024616 0.984975 -0.170932 -115.597 0.280049 0.170932 0.944645 450.395
0.959575 -0.0249099 -0.280349 25.3992 -0.0249099 0.984651 -0.172751 -115.787 0.280349 0.172751 0.944225 451.374
0.960254 -0.0248752 -0.278016 25.0872 -0.0248752 0.984432 -0.173998 -115.99 0.278016 0.173998 0.944686 452.355
0.960576 -0.0247079 -0.276918 24.7971 -0.0247079 0.984515 -0.17355 -116.184 0.276918 0.17355 0.945091 453.318
0.960789 -0.0245639 -0.276189 24.5138 -0.0245639 0.984612 -0.173022 -116.381 0.276189 0.173022 0.945401 454.275
0.961156 -0.0246041 -0.274906 24.2242 -0.0246041 0.984415 -0.174129 -116.576 0.274906 0.174129 0.945572 455.211
0.961551 -0.0247377 -0.273511 23.9238 -0.0247377 0.984084 -0.175973 -116.785 0.273511 0.175973 0.945635 456.137
0.961354 -0.0251251 -0.274168 23.6863 -0.0251251 0.983665 -0.178244 -116.973 0.274168 0.178244 0.945019 457.081
0.961979 -0.0250929 -0.271969 23.4002 -0.0250929 0.983439 -0.179492 -117.173 0.271969 0.179492 0.945418 458.021
0.961979 -0.0250929 -0.271969 23.1141 -0.0250929 0.983439 -0.179492 -117.373 0.271969 0.179492 0.945418 458.962
0.961576 -0.0253431 -0.273367 22.9303 -0.0253431 0.983285 -0.180302 -117.575 0.273367 0.180302 0.944861 459.891
0.962319 -0.0252969 -0.270744 22.6296 -0.0252969 0.983017 -0.181761 -117.767 0.270744 0.181761 0.945336 460.763
0.962877 -0.0252922 -0.268752 22.4042 -0.0252922 0.982768 -0.183104 -117.951 0.268752 0.183104 0.945645 461.642
0.963797 -0.0249612 -0.265465 22.1435 -0.0249612 0.98279 -0.183034 -118.133 0.265465 0.183034 0.946587 462.492
0.965236 -0.0248558 -0.260197 21.9385 -0.0248558 0.982229 -0.186035 -118.304 0.260197 0.186035 0.947464 463.337
0.966965 -0.0242583 -0.253753 21.72 -0.0242583 0.982187 -0.186336 -118.491 0.253753 0.186336 0.949152 464.165
0.969397 -0.0230954 -0.244408 21.5128 -0.0230954 0.98257 -0.184451 -118.672 0.244408 0.184451 0.951968 464.977
0.972005 -0.0215991 -0.233964 21.3339 -0.0215991 0.983335 -0.180513 -118.834 0.233964 0.180513 0.955341 465.789
0.975099 -0.019615 -0.2209 21.1696 -0.019615 0.984549 -0.174009 -119.008 0.2209 0.174009 0.959648 466.592
0.97877 -0.0177414 -0.204192 20.9924 -0.0177414 0.985174 -0.170639 -119.163 0.204192 0.170639 0.963944 467.412
0.982338 -0.016051 -0.186425 20.8609 -0.016051 0.985413 -0.169422 -119.337 0.186425 0.169422 0.967751 468.251
0.986025 -0.0141173 -0.165998 20.7298 -0.0141173 0.985739 -0.16769 -119.498 0.165998 0.16769 0.971764 469.099
0.989608 -0.0120023 -0.143288 20.61 -0.0120023 0.986138 -0.165495 -119.661 0.143288 0.165495 0.975746 469.973
0.992856 -0.00977632 -0.118918 20.5295 -0.00977632 0.986622 -0.162734 -119.833 0.118918 0.162734 0.979477 470.853
0.995564 -0.00771086 -0.0937669 20.4879 -0.00771086 0.986596 -0.163002 -120.001 0.0937669 0.163002 0.98216 471.757
0.997778 -0.00554834 -0.0663982 20.4482 -0.00554834 0.986147 -0.16578 -120.167 0.0663982 0.16578 0.983925 472.68
0.99919 -0.00339406 -0.0400948 20.4427 -0.00339406 0.985776 -0.168029 -120.342 0.0400948 0.168029 0.984966 473.565
0.999914 -0.00111513 -0.0130662 20.4435 -0.00111513 0.985538 -0.169448 -120.507 0.0130662 0.169448 0.985452 474.458
0.999906 0.00116596 0.0136808 20.4784 0.00116596 0.985579 -0.169215 -120.668 -0.0136808 0.169215 0.985484 475.308
0.999188 0.00340994 0.0401577 20.5377 0.00340994 0.985688 -0.168544 -120.83 -0.0401577 0.168544 0.984876 476.174
0.997806 0.00555996 0.0659718 20.6304 0.00555996 0.98591 -0.167183 -120.993 -0.0659718 0.167183 0.983716 477.015
0.995859 0.00759648 0.0905983 20.7503 0.00759648 0.986066 -0.16618 -121.156 -0.0905983 0.16618 0.981925 477.875
0.993181 0.00973434 0.116174 20.8644 0.00973434 0.986104 -0.165846 -121.32 -0.116174 0.165846 0.979285 478.72
0.98989 0.0118493 0.141338 21.0119 0.0118493 0.986112 -0.165661 -121.477 -0.141338 0.165661 0.976002 479.558
0.986034 0.013938 0.165959 21.1819 0.013938 0.98609 -0.165628 -121.644 -0.165959 0.165628 0.972124 480.398
0.981715 0.0160755 0.189677 21.3817 0.0160755 0.985867 -0.166756 -121.797 -0.189677 0.166756 0.967582 481.238
0.976835 0.0182581 0.213214 21.574 0.0182581 0.985609 -0.16805 -121.969 -0.213214 0.16805 0.962444 482.083
0.97209 0.0201906 0.233736 21.8112 0.0201906 0.985394 -0.169092 -122.139 -0.233736 0.169092 0.957484 482.924
0.966936 0.0221132 0.254059 22.0306 0.0221132 0.985211 -0.169914 -122.293 -0.254059 0.169914 0.952147 483.745
0.961813 0.0238656 0.272665 22.2753 0.0238656 0.985085 -0.170407 -122.455 -0.272665 0.170407 0.946898 484.571
0.956725 0.0256081 0.289865 22.5578 0.0256081 0.984846 -0.171527 -122.62 -0.289865 0.171527 0.941571 485.409
0.951105 0.0274033 0.307651 22.8363 0.0274033 0.984642 -0.172422 -122.792 -0.307651 0.172422 0.935746 486.256
0.945275 0.0289752 0.324986 23.1516 0.0289752 0.984659 -0.17207 -122.971 -0.324986 0.17207 0.929934 487.095
0.939034 0.0306688 0.342455 23.4859 0.0306688 0.984572 -0.17227 -123.146 -0.342455 0.17227 0.923606 487.948
0.93204 0.0325401 0.360891 23.8081 0.0325401 0.984419 -0.172799 -123.317 -0.360891 0.172799 0.91646 488.806
0.925102 0.0336751 0.378223 24.1979 0.0336751 0.984859 -0.170053 -123.491 -0.378223 0.170053 0.909961 489.663
0.917666 0.0351357 0.395795 24.5616 0.0351357 0.985006 -0.168905 -123.667 -0.395795 0.168905 0.902672 490.52
0.910604 0.0368575 0.411633 24.9814 0.0368575 0.984804 -0.169714 -123.848 -0.411633 0.169714 0.895408 491.371
0.902781 0.038923 0.428337 25.3903 0.038923 0.984417 -0.17149 -124.03 -0.428337 0.17149 0.887197 492.22
0.895289 0.0410636 0.443589 25.8416 0.0410636 0.983896 -0.173959 -124.215 -0.443589 0.173959 0.879186 493.067
0.887174 0.0433954 0.459389 26.3042 0.0433954 0.983309 -0.176692 -124.41 -0.459389 0.176692 0.870483 493.925
0.878537 0.0460313 0.475451 26.7857 0.0460313 0.982555 -0.180184 -124.6 -0.475451 0.180184 0.861092 494.763
0.868405 0.0483345 0.493495 27.2949 0.0483345 0.982247 -0.181259 -124.796 -0.493495 0.181259 0.850652 495.615
0.857348 0.049682 0.512335 27.7992 0.049682 0.982697 -0.178432 -124.988 -0.512335 0.178432 0.840045 496.456
0.84587 0.0510778 0.530938 28.3585 0.0510778 0.983073 -0.17595 -125.184 -0.530938 0.17595 0.828943 497.248
0.832499 0.0532636 0.55146 28.906 0.0532636 0.983063 -0.175359 -125.371 -0.55146 0.175359 0.815562 498.049
0.817308 0.0548691 0.573583 29.494 0.0548691 0.983521 -0.172268 -125.566 -0.573583 0.172268 0.800829 498.809
0.801486 0.0573134 0.59526 30.1013 0.0573134 0.983453 -0.171859 -125.749 -0.59526 0.171859 0.784939 499.575
0.784735 0.05927 0.616991 30.719 0.05927 0.983681 -0.169879 -125.929 -0.616991 0.169879 0.768416 500.29
0.767576 0.0617102 0.63798 31.3359 0.0617102 0.983615 -0.169388 -126.105 -0.63798 0.169388 0.751192 500.992
0.74984 0.0630504 0.658609 31.9739 0.0630504 0.984109 -0.165996 -126.283 -0.658609 0.165996 0.733948 501.657
0.732473 0.0644506 0.677739 32.624 0.0644506 0.984473 -0.163276 -126.454 -0.677739 0.163276 0.716946 502.31
0.715127 0.0659669 0.695875 33.2755 0.0659669 0.984724 -0.161141 -126.623 -0.695875 0.161141 0.699851 502.934
0.699606 0.0678938 0.711296 33.9585 0.0678938 0.984655 -0.160764 -126.782 -0.711296 0.160764 0.684261 503.527
0.684168 0.0695555 0.726001 34.6463 0.0695555 0.984682 -0.159887 -126.955 -0.726001 0.159887 0.668849 504.147
0.670038 0.0698944 0.739029 35.331 0.0698944 0.985195 -0.156545 -127.112 -0.739029 0.156545 0.655233 504.713
0.655639 0.07074 0.751753 36.0498 0.07074 0.985468 -0.154428 -127.274 -0.751753 0.154428 0.641107 505.315
0.641569 0.0722003 0.76366 36.7789 0.0722003 0.985456 -0.153827 -127.439 -0.76366 0.153827 0.627025 505.879
0.627338 0.0751933 0.775108 37.5377 0.0751933 0.984828 -0.156396 -127.592 -0.775108 0.156396 0.612166 506.45
0.611475 0.0765675 0.787551 38.2794 0.0765675 0.984911 -0.155204 -127.764 -0.787551 0.155204 0.596386 507.008
0.596304 0.076764 0.79908 39.0659 0.076764 0.985403 -0.151947 -127.915 -0.79908 0.151947 0.581708 507.552
0.58043 0.0770651 0.810656 39.8409 0.0770651 0.985845 -0.148898 -128.08 -0.810656 0.148898 0.566275 508.074
0.562552 0.0783987 0.823036 40.6482 0.0783987 0.98595 -0.147503 -128.227 -0.823036 0.147503 0.548501 508.605
0.543917 0.0797568 0.83534 41.4578 0.0797568 0.986053 -0.146079 -128.393 -0.83534 0.146079 0.529969 509.09
0.523597 0.0814219 0.848067 42.3039 0.0814219 0.986084 -0.144943 -128.558 -0.848067 0.144943 0.509681 509.582
0.503175 0.0823776 0.860249 43.1691 0.0823776 0.986341 -0.142636 -128.702 -0.860249 0.142636 0.489516 510.04
0.481609 0.0830721 0.87244 44.0408 0.0830721 0.986688 -0.139808 -128.863 -0.87244 0.139808 0.468297 510.484
0.459103 0.0829152 0.884505 44.9333 0.0829152 0.98729 -0.135588 -129.015 -0.884505 0.135588 0.446393 510.915
0.436312 0.082917 0.895967 45.8602 0.082917 0.987803 -0.131794 -129.175 -0.895967 0.131794 0.424115 511.322
0.413341 0.0831283 0.906774 46.7971 0.0831283 0.988221 -0.128488 -129.327 -0.906774 0.128488 0.401562 511.701
0.389884 0.0844564 0.916983 47.7595 0.0844564 0.988309 -0.126935 -129.48 -0.916983 0.126935 0.378193 512.078
0.366 0.0870575 0.926534 48.735 0.0870575 0.988046 -0.127227 -129.633 -0.926534 0.127227 0.354046 512.433
0.341933 0.0897721 0.935427 49.7241 0.0897721 0.987753 -0.127609 -129.785 -0.935427 0.127609 0.329686 512.754
0.31766 0.0928371 0.943649 50.7387 0.0928371 0.987369 -0.12839 -129.934 -0.943649 0.12839 0.305029 513.059
0.29253 0.0966772 0.951357 51.6359 0.0966772 0.986789 -0.130005 -130.073 -0.951357 0.130005 0.279319 513.32
0.267707 0.0976067 0.958544 52.6995 0.0976067 0.98699 -0.127763 -130.231 -0.958544 0.127763 0.254697 513.56
0.241357 0.0995876 0.965313 53.6989 0.0995876 0.986927 -0.126717 -130.371 -0.965313 0.126717 0.228284 513.786
0.214608 0.100173 0.97155 54.7523 0.100173 0.987223 -0.123917 -130.522 -0.97155 0.123917 0.201831 513.989
0.188284 0.0990702 0.977105 55.8011 0.0990702 0.987908 -0.119256 -130.67 -0.977105 0.119256 0.176192 514.141
0.16162 0.100317 0.981741 56.8891 0.100317 0.987997 -0.117471 -130.813 -0.981741 0.117471 0.149617 514.301
0.136398 0.0990618 0.985689 57.9755 0.0990618 0.988637 -0.113066 -130.96 -0.985689 0.113066 0.125035 514.397
0.110213 0.101171 0.988745 58.8026 0.101171 0.988497 -0.112422 -131.072 -0.988745 0.112422 0.0987099 514.481
0.0851361 0.101316 0.991205 59.9165 0.101316 0.98878 -0.10977 -131.221 -0.991205 0.10977 0.0739159 514.547
0.0598597 0.104096 0.992764 60.9096 0.104096 0.988474 -0.109922 -131.342 -0.992764 0.109922 0.0483339 514.585
0.0358342 0.104554 0.993873 61.6896 0.104554 0.988662 -0.107776 -131.447 -0.993873 0.107776 0.0244963 514.586
0.0115667 0.106049 0.994294 62.6052 0.106049 0.988622 -0.106677 -131.557 -0.994294 0.106677 0.000188808 514.569
-0.0118711 0.108538 0.994021 63.4404 0.108538 0.988358 -0.106623 -131.658 -0.994021 0.106623 -0.0235133 514.536
-0.0357558 0.110553 0.993227 64.0604 0.110553 0.9882 -0.106014 -131.742 -0.993227 0.106014 -0.0475558 514.49
-0.0597727 0.111891 0.991921 64.8962 0.111891 0.988187 -0.104727 -131.833 -0.991921 0.104727 -0.0715862 514.404
