1 -0.000107631 0.000841897 -0.0497888 0.000109795 0.999997 -0.00257115 -0.00289362 -0.000841617 0.00257124 0.999996 0.663059
0.999979 -0.00115497 -0.00641823 -0.0254521 0.00113008 0.999992 -0.00387913 -0.00477755 0.00642266 0.00387179 0.999972 1.00849
0.999976 0.000323565 -0.00693993 -0.0606238 -0.000361319 0.999985 -0.00543952 -0.00754532 0.00693807 0.00544189 0.999961 1.8584
0.9999 0.00233475 -0.0139829 -0.059742 -0.00241733 0.99998 -0.00589141 -0.0172341 0.0139689 0.00592462 0.999885 2.4543
0.999847 0.000979253 -0.017472 -0.0831185 -0.00109141 0.999979 -0.00641106 -0.0214634 0.0174654 0.00642914 0.999827 3.19575
0.999735 -0.000968471 -0.0229967 -0.105744 0.000809307 0.999976 -0.00692946 -0.0363323 0.0230029 0.00690902 0.999712 3.90778
0.999613 0.00536368 -0.0272938 -0.137791 -0.00558348 0.999953 -0.00798344 -0.0463144 0.0272497 0.00813275 0.999596 4.61217
0.99949 0.00252806 -0.0318299 -0.154373 -0.00272415 0.999978 -0.00611882 -0.0528524 0.0318137 0.0062024 0.999475 5.36308
0.999233 0.0134867 -0.0367542 -0.194221 -0.0136241 0.999901 -0.00349013 -0.0557125 0.0367035 0.00398819 0.999318 6.04867
0.999202 -0.000889349 -0.0399339 -0.221781 0.000858138 0.999999 -0.000798706 -0.0605887 0.0399346 0.0007638 0.999202 6.85265
0.99917 0.000865333 -0.0407239 -0.282422 -0.000911015 0.999999 -0.0011032 -0.0756947 0.0407229 0.00113938 0.99917 7.60615
0.999018 -0.000143339 -0.044303 -0.322894 5.25605e-005 0.999998 -0.00205021 -0.0778656 0.0443032 0.00204587 0.999016 8.43883
0.998991 -0.00507008 -0.0446316 -0.378505 0.00497383 0.999985 -0.00226733 -0.0827614 0.0446424 0.00204305 0.999001 9.25083
0.99892 -0.00270211 -0.0463891 -0.424148 0.00262998 0.999995 -0.00161578 -0.0975781 0.0463933 0.00149203 0.998922 10.0599
0.998866 0.000336007 -0.047608 -0.463463 -0.000422214 0.999998 -0.00180071 -0.101976 0.0476073 0.00181877 0.998864 10.8866
0.99883 0.00242309 -0.0483087 -0.517212 -0.0026284 0.999988 -0.00418705 -0.114914 0.048298 0.00430913 0.998824 11.7157
0.998755 0.00500275 -0.0496358 -0.548345 -0.00535186 0.999962 -0.006903 -0.120403 0.0495994 0.00716005 0.998744 12.3001
0.998381 -0.00264398 -0.0568185 -0.592742 0.00211706 0.999954 -0.00933188 -0.107176 0.0568406 0.00919649 0.998341 13.2838
0.998622 0.00490841 -0.0522568 -0.649325 -0.00533166 0.999954 -0.00796327 -0.132048 0.0522154 0.00823091 0.998602 14.0268
0.998418 -0.000377062 -0.056221 -0.681243 -3.18375e-005 0.999974 -0.007272 -0.14022 0.0562223 0.00726229 0.998392 14.8921
0.998497 7.34722e-005 -0.0548127 -0.768332 -0.000366097 0.999986 -0.00532861 -0.153902 0.0548115 0.00534067 0.998482 15.7038
0.998298 -0.00613953 -0.0580021 -0.835386 0.0058128 0.999966 -0.00580009 -0.152994 0.0580357 0.00545306 0.9983 16.5919
0.998181 -0.00110246 -0.0602707 -0.877659 0.000758792 0.999983 -0.00572466 -0.179802 0.060276 0.00566852 0.998166 17.4747
0.998201 -0.000151589 -0.0599562 -0.950113 -0.000304445 0.999971 -0.00759691 -0.186121 0.0599556 0.0076015 0.998172 18.2697
0.99811 -0.00255756 -0.0613953 -0.994748 0.00222022 0.999982 -0.00556208 -0.197246 0.0614084 0.00541526 0.998098 19.14
0.998257 0.00141591 -0.0590037 -1.05681 -0.00154759 0.999996 -0.00218606 -0.208599 0.0590004 0.00227356 0.998255 19.9603
0.998281 0.00401199 -0.0584789 -1.11234 -0.00393743 0.999991 0.00139016 -0.222186 0.058484 -0.00115751 0.998288 20.8312
0.998319 -0.00198632 -0.0579212 -1.16368 0.00225025 0.999987 0.00449187 -0.238281 0.0579116 -0.00461466 0.998311 21.7594
0.998483 0.000380985 -0.0550584 -1.22873 -8.85056e-005 0.999986 0.00531451 -0.242893 0.0550597 -0.00530157 0.998469 22.6894
0.998524 0.00179682 -0.0542797 -1.27755 -0.00166543 0.999996 0.0024656 -0.253252 0.0542839 -0.00237156 0.998523 23.6504
0.99863 0.000902504 -0.052312 -1.35645 -0.0010379 0.999996 -0.0025611 -0.26139 0.0523095 0.00261189 0.998628 24.6654
0.998618 -0.00186839 -0.0525272 -1.37541 0.00157276 0.999983 -0.00566895 -0.273194 0.0525369 0.0055785 0.998603 25.5425
0.99863 -0.00605459 -0.0519683 -1.44563 0.00583536 0.999973 -0.00436923 -0.283424 0.0519934 0.00405999 0.998639 26.4781
0.998608 -0.00562579 -0.0524472 -1.48353 0.00564794 0.999984 0.00027412 -0.297036 0.0524448 -0.000569956 0.998624 27.3766
0.998594 -0.00768227 -0.052456 -1.52494 0.00787723 0.999963 0.00351097 -0.303796 0.0524271 -0.00391924 0.998617 28.2816
0.998483 -0.011628 -0.0538218 -1.56576 0.0117803 0.999927 0.00251367 -0.314832 0.0537886 -0.00314389 0.998547 29.2126
0.998509 -0.0090852 -0.0538262 -1.62644 0.00901397 0.999958 -0.00156608 -0.32245 0.0538382 0.00107855 0.998549 30.1429
0.998373 -0.00138132 -0.056998 -1.67387 0.00107281 0.999985 -0.00544288 -0.332309 0.0570046 0.00537287 0.998359 31.0623
0.99829 0.00412853 -0.0583032 -1.73098 -0.00449227 0.999971 -0.00610915 -0.343555 0.0582763 0.00636062 0.99828 31.9231
0.998192 -0.00104961 -0.0600996 -1.78476 0.000784255 0.99999 -0.00443862 -0.353043 0.0601037 0.00438346 0.998183 32.8041
0.998135 0.00204746 -0.0610162 -1.83999 -0.00215129 0.999996 -0.00163612 -0.36523 0.0610126 0.00176433 0.998135 33.6747
0.99791 0.00399124 -0.0644887 -1.8858 -0.0040853 0.999991 -0.00132665 -0.365129 0.0644829 0.00158733 0.997918 34.5778
0.997936 0.000616637 -0.0642072 -1.95907 -0.0004823 0.999998 0.00210772 -0.3736 0.0642083 -0.00207241 0.997934 35.5187
0.997956 0.00124227 -0.0638962 -2.00841 -0.000950156 0.999989 0.00460192 -0.38405 0.0639012 -0.00453181 0.997946 36.4203
0.997891 0.00387333 -0.0647907 -2.09812 -0.0034152 0.999968 0.00718019 -0.382376 0.0648165 -0.00694377 0.997873 37.4102
0.99789 0.00453948 -0.0647689 -2.16915 -0.00412215 0.99997 0.00657552 -0.393139 0.0647968 -0.00629466 0.997879 38.3863
0.997945 0.00159974 -0.0640563 -2.24082 -0.00125799 0.999985 0.00537511 -0.399124 0.0640639 -0.00528348 0.997932 39.3619
0.997966 0.00399756 -0.0636289 -2.31374 -0.00380644 0.999988 0.00312454 -0.414433 0.0636406 -0.00287598 0.997969 40.3203
0.99796 0.0026121 -0.063795 -2.38663 -0.00239555 0.999991 0.00347086 -0.424723 0.0638035 -0.00331095 0.997957 41.2703
0.997797 -0.00307922 -0.0662725 -2.45014 0.00338187 0.999984 0.00445511 -0.434485 0.0662577 -0.00466942 0.997792 42.271
0.997807 -0.00116849 -0.066181 -2.50504 0.00152543 0.999985 0.00534305 -0.443927 0.0661737 -0.00543229 0.997793 43.1961
0.997815 0.00427893 -0.0659241 -2.58793 -0.00415357 0.999989 0.0020386 -0.45575 0.0659321 -0.00176032 0.997823 44.1748
0.997671 0.00312186 -0.0681412 -2.65045 -0.00328177 0.999992 -0.00223499 -0.464919 0.0681337 0.00245341 0.997673 45.0977
0.997781 0.00487012 -0.0663962 -2.70645 -0.00511798 0.999981 -0.0035635 -0.485578 0.0663776 0.00389541 0.997787 45.9852
0.997764 0.000209451 -0.0668347 -2.78813 -0.000178492 1 0.000469195 -0.497839 0.0668348 -0.000456216 0.997764 46.8756
0.997718 -0.00195454 -0.0674966 -2.85895 0.00217576 0.999992 0.00320407 -0.511695 0.0674898 -0.00334361 0.997714 47.7805
0.997718 -0.00405038 -0.0674037 -2.90223 0.00430574 0.999984 0.0036437 -0.526651 0.0673878 -0.00392561 0.997719 48.667
0.997657 -0.0046752 -0.068252 -2.95469 0.00482759 0.999986 0.00206808 -0.539613 0.0682414 -0.00239273 0.997666 49.5588
0.997609 -0.0058114 -0.0688693 -3.01767 0.00585866 0.999983 0.000484237 -0.551572 0.0688652 -0.000886561 0.997626 50.4576
0.997487 -0.00361829 -0.070759 -3.0907 0.00373964 0.999992 0.00158266 -0.560438 0.0707527 -0.00184329 0.997492 51.3661
0.997436 -0.0048578 -0.0714042 -3.15324 0.00526207 0.999971 0.00547469 -0.573782 0.0713756 -0.00583638 0.997432 52.2553
0.997429 -0.00403668 -0.071548 -3.2178 0.00480175 0.999933 0.0105243 -0.582816 0.0715008 -0.0108408 0.997382 53.1293
0.997404 0.000312462 -0.0720118 -3.29712 0.000633064 0.999914 0.013107 -0.589969 0.0720097 -0.0131185 0.997318 54.1257
0.997229 -0.000738657 -0.0743867 -3.3529 0.00138262 0.999962 0.0086058 -0.592726 0.0743775 -0.00868481 0.997192 55.062
0.997249 0.00528554 -0.0739304 -3.44114 -0.00518343 0.999985 0.00157296 -0.606948 0.0739376 -0.00118542 0.997262 56.0232
0.997133 0.0055561 -0.0754687 -3.49895 -0.00581475 0.999978 -0.00320785 -0.616057 0.0754492 0.00363748 0.997143 56.7817
0.997081 0.00831936 -0.0758977 -3.59144 -0.00847803 0.999962 -0.0017686 -0.633172 0.0758802 0.0024069 0.997114 57.7178
0.996944 0.00671741 -0.0778315 -3.65057 -0.00669027 0.999977 0.000609496 -0.648262 0.0778338 -8.69196e-005 0.996966 58.5262
0.996931 0.00427304 -0.0781742 -3.728 -0.00408109 0.999988 0.00261506 -0.669077 0.0781845 -0.002288 0.996936 59.3961
0.996805 0.00155065 -0.0798554 -3.79224 -0.00139051 0.999997 0.00206097 -0.675573 0.0798584 -0.00194335 0.996804 60.1976
0.996584 -0.000367966 -0.0825806 -3.84991 0.000597711 0.999996 0.00275736 -0.687891 0.0825792 -0.0027973 0.996581 61.0354
0.996564 0.00135531 -0.0828174 -3.91926 -0.00103945 0.999992 0.00385692 -0.706037 0.082822 -0.00375758 0.996557 61.8821
0.996323 -0.00116524 -0.0856741 -4.00444 0.00148502 0.999992 0.00366889 -0.713714 0.0856692 -0.00378262 0.996316 62.7188
0.996364 0.00177926 -0.0851786 -4.08399 -0.00131346 0.999984 0.00552427 -0.727945 0.085187 -0.00539231 0.99635 63.5381
0.996258 0.00179915 -0.0864069 -4.16487 -0.00113229 0.999969 0.00776613 -0.730322 0.0864182 -0.00763923 0.99623 64.3239
0.99617 0.00486166 -0.0873025 -4.25033 -0.00379673 0.999916 0.0123601 -0.735178 0.0873553 -0.0119813 0.996105 65.1538
0.995962 0.00333843 -0.0897125 -4.31011 -0.00207535 0.999897 0.0141688 -0.743181 0.0897506 -0.0139254 0.995867 65.9465
0.995927 0.00594702 -0.0899652 -4.38396 -0.00503584 0.999934 0.0103517 -0.752148 0.0900208 -0.00985649 0.995891 66.7347
0.995765 0.00597691 -0.0917456 -4.46004 -0.00569395 0.999978 0.00334565 -0.764296 0.0917635 -0.00280908 0.995777 67.5148
0.995507 -2.52728e-006 -0.0946913 -4.52386 -0.000236585 0.999997 -0.00251395 -0.775593 0.094691 0.00252506 0.995504 68.2386
0.995601 -0.00070354 -0.0936925 -4.61133 0.000320374 0.999992 -0.00410459 -0.779298 0.0936946 0.00405652 0.995593 68.9463
0.995698 0.00359188 -0.0925882 -4.70257 -0.00368491 0.999993 -0.000833818 -0.788479 0.0925846 0.00117141 0.995704 69.5998
0.995174 0.00214321 -0.0981013 -4.72477 -0.00203291 0.999997 0.00122434 -0.799193 0.0981037 -0.001019 0.995176 70.2513
0.995376 -0.00355202 -0.0959936 -4.79993 0.0034747 0.999993 -0.000972594 -0.826054 0.0959964 0.000634547 0.995381 70.9089
0.995169 -0.00973512 -0.0976951 -4.85936 0.00905152 0.999931 -0.00743805 -0.838549 0.0977608 0.00651782 0.995189 71.5581
0.995352 -0.0102437 -0.0957553 -4.91056 0.00912557 0.999885 -0.0121075 -0.853986 0.0958684 0.0111774 0.995331 72.1538
0.995727 -0.00231439 -0.0923142 -4.95571 0.00119634 0.999925 -0.0121649 -0.865091 0.0923355 0.0120025 0.995656 72.6822
0.996085 0.00667304 -0.0881527 -5.01312 -0.00751104 0.99993 -0.00917793 -0.873362 0.0880853 0.00980411 0.996065 73.1941
0.99639 0.0012765 -0.084888 -5.03942 -0.00178926 0.999981 -0.00596454 -0.886914 0.0848788 0.00609489 0.996373 73.7018
0.996902 -0.00601706 -0.0784223 -5.08792 0.00586613 0.99998 -0.00215482 -0.896565 0.0784337 0.00168811 0.996918 74.2323
0.997393 -0.00938415 -0.0715427 -5.09792 0.00950096 0.999954 0.00129262 -0.917357 0.0715273 -0.00196897 0.997437 74.7477
0.998189 -0.00108053 -0.0601387 -5.13124 0.00116398 0.999998 0.00135249 -0.922981 0.0601371 -0.00142004 0.998189 75.2448
0.998918 0.00941507 -0.0455507 -5.15478 -0.00936375 0.999955 0.00133991 -0.932543 0.0455613 -0.000911934 0.998961 75.7443
0.999572 0.00868745 -0.0279332 -5.16406 -0.0086342 0.999961 0.00202636 -0.936165 0.0279497 -0.00178432 0.999608 76.2507
0.999981 0.000901238 -0.00604996 -5.14926 -0.000885149 0.999996 0.00266154 -0.943593 0.00605233 -0.00265613 0.999978 76.7091
0.999774 -0.00322244 0.0210024 -5.12982 0.00313962 0.999987 0.00397534 -0.949239 -0.0210149 -0.0039085 0.999772 77.1942
0.998762 -0.00537041 0.0494591 -5.07126 0.00508393 0.99997 0.00591621 -0.956315 -0.0494894 -0.00565744 0.998759 77.6598
0.996554 -0.00234402 0.0829075 -5.01266 0.00169875 0.999968 0.0078527 -0.963277 -0.0829232 -0.0076848 0.996526 78.1356
0.99309 -0.00396046 0.117289 -4.91453 0.00298369 0.999959 0.00850232 -0.96683 -0.117318 -0.00809362 0.993061 78.5892
0.986818 -0.000730572 0.161833 -4.83685 -0.000780527 0.999957 0.00927362 -0.971196 -0.161833 -0.00927769 0.986775 79.041
0.97893 -0.00089425 0.204192 -4.69571 -0.000961816 0.999959 0.00899036 -0.972328 -0.204192 -0.00899733 0.978889 79.4851
0.966978 -0.00126858 0.254856 -4.55316 -0.000774145 0.999968 0.00791475 -0.986427 -0.254858 -0.00785068 0.966947 79.9041
0.951898 0.000278019 0.306415 -4.39187 -0.00198493 0.999984 0.00525898 -0.991794 -0.306409 -0.00561422 0.951883 80.3042
0.932803 -0.00280536 0.360376 -4.18887 0.00139282 0.99999 0.00417927 -0.993355 -0.360384 -0.0033965 0.932798 80.6892
0.90777 -0.00162973 0.419464 -3.98885 7.52557e-005 0.999993 0.00372237 -1.00279 -0.419467 -0.00334749 0.907764 81.0343
0.879578 -0.00149775 0.475753 -3.74995 0.000649201 0.999998 0.00194791 -0.998112 -0.475755 -0.00140448 0.879577 81.3745
0.84632 -0.00387864 0.532661 -3.50431 0.00298035 0.999992 0.00254624 -1.00602 -0.532667 -0.000567415 0.846325 81.6847
0.810046 -0.0039673 0.586352 -3.2298 0.00254117 0.999991 0.00325538 -1.0147 -0.58636 -0.00114699 0.81005 81.9769
0.770159 -0.00296972 0.637845 -2.94839 0.000884263 0.999993 0.00358814 -1.01901 -0.637852 -0.00219942 0.770156 82.2556
0.727911 -0.000635568 0.685671 -2.65065 -0.00391522 0.999979 0.00508332 -1.02092 -0.685661 -0.00638476 0.727893 82.5023
0.68264 -0.000452913 0.730755 -2.34092 -0.0058655 0.999964 0.00609907 -1.03174 -0.730731 -0.00844972 0.682613 82.7356
0.637394 -0.0069066 0.770507 -1.99848 0.000872145 0.999966 0.00824193 -1.0287 -0.770537 -0.00458137 0.637378 82.9534
0.59045 -0.0116126 0.80699 -1.65035 0.0035549 0.999924 0.011788 -1.03502 -0.807066 -0.00409143 0.590447 83.136
0.543839 -0.00813079 0.83915 -1.29552 -0.000441163 0.99995 0.00997474 -1.03918 -0.839189 -0.00579486 0.543809 83.3248
0.495108 0.00142064 0.86883 -0.936965 -0.00914941 0.999952 0.00357881 -1.04129 -0.868783 -0.00972118 0.495097 83.5141
0.44988 0.00140201 0.893088 -0.578527 -0.00674875 0.999976 0.00182978 -1.04893 -0.893063 -0.0068504 0.449879 83.6586
0.408511 -0.00912346 0.912708 -0.205776 0.00276799 0.999958 0.00875672 -1.05043 -0.912749 -0.00105085 0.408519 83.775
0.368376 -0.0229719 0.929393 0.168995 0.00666486 0.999734 0.0220688 -1.0418 -0.929653 -0.00193535 0.368431 83.8727
0.33451 -0.0269641 0.942007 0.577006 -0.00136516 0.999576 0.0290967 -1.03761 -0.942391 -0.0110191 0.334331 83.9625
0.300802 -0.018385 0.953509 0.994507 -0.0129242 0.999644 0.0233517 -1.02953 -0.953599 -0.0193476 0.300457 84.0719
0.270883 -0.00892778 0.962571 1.39608 -0.0162336 0.999772 0.0138412 -1.03472 -0.962475 -0.0193754 0.270676 84.1786
0.241626 -0.00295183 0.970365 1.824 -0.0144941 0.999873 0.00665069 -1.03807 -0.970261 -0.0156715 0.241552 84.2814
0.217393 -0.00744453 0.976056 2.2288 -0.00554762 0.999945 0.00886233 -1.04529 -0.976068 -0.00734139 0.217339 84.3461
0.193134 -0.0139214 0.981074 2.62408 0.000864332 0.999901 0.0140184 -1.04646 -0.981172 -0.00185945 0.193127 84.3979
0.173139 -0.0199523 0.984695 3.03711 0.00601121 0.999798 0.0192013 -1.03297 -0.984879 0.00259471 0.173224 84.4493
0.153674 -0.0202745 0.987914 3.45978 0.00440831 0.999794 0.0198326 -1.01587 -0.988112 0.00130728 0.153732 84.4962
0.136352 -0.0159443 0.990532 3.88137 -0.00849818 0.999815 0.0172635 -1.00528 -0.990624 -0.0107716 0.136191 84.5465
0.121175 -0.012337 0.992555 4.25988 -0.0219244 0.999646 0.0151018 -1.00495 -0.992389 -0.0235911 0.120861 84.5903
0.105968 -0.0113013 0.994305 4.71834 -0.0232179 0.999635 0.0138363 -1.00098 -0.994098 -0.0245519 0.105667 84.6336
0.0946601 -0.0187224 0.995334 5.14176 -0.0182025 0.999623 0.0205342 -1.00215 -0.995343 -0.0200613 0.0942837 84.6461
0.0820395 -0.0211474 0.996405 5.63882 -0.0153272 0.99963 0.0224778 -0.989727 -0.996511 -0.0171162 0.081685 84.6715
0.0722436 -0.0247491 0.99708 6.12586 -0.0159663 0.999535 0.0259669 -0.985503 -0.997259 -0.0177956 0.0718148 84.6991
0.0641152 -0.025664 0.997612 6.65601 -0.0187102 0.999463 0.0269141 -0.97233 -0.997767 -0.0203911 0.0636006 84.7257
0.0587347 -0.0280644 0.997879 7.15279 -0.0225415 0.999313 0.0294315 -0.959473 -0.998019 -0.0242223 0.0580618 84.7534
0.0532857 -0.0283199 0.998178 7.73608 -0.0239716 0.999273 0.0296306 -0.944847 -0.998292 -0.0255068 0.0525681 84.7783
0.0477437 -0.0299769 0.99841 8.30113 -0.0258578 0.999177 0.0312364 -0.929202 -0.998525 -0.027308 0.0469293 84.8
0.0429897 -0.0313793 0.998583 8.90244 -0.0281898 0.999071 0.0326082 -0.913928 -0.998678 -0.0295516 0.0420651 84.8289
0.0403654 -0.0336168 0.998619 9.4865 -0.0293187 0.998964 0.0348135 -0.899163 -0.998755 -0.0306835 0.0393379 84.8569
0.0376211 -0.0343758 0.998701 10.1218 -0.0315941 0.998868 0.0355717 -0.876378 -0.998793 -0.0328913 0.0364924 84.8694
0.0339713 -0.034784 0.998817 10.7566 -0.034206 0.998768 0.0359456 -0.863695 -0.998837 -0.0353866 0.0327396 84.9026
0.0348709 -0.0420388 0.998507 11.44 -0.0353931 0.998436 0.0432718 -0.840859 -0.998765 -0.0368492 0.0333285 84.913
0.0358817 -0.0438653 0.998393 12.1304 -0.0360516 0.998329 0.0451582 -0.818295 -0.998706 -0.0376141 0.0342404 84.933
0.0443413 -0.0473023 0.997896 12.7565 -0.0407786 0.99796 0.0491173 -0.797703 -0.998184 -0.0428707 0.0423219 84.8952
0.0421121 -0.0470369 0.998005 13.5023 -0.0434041 0.997862 0.0488617 -0.764778 -0.99817 -0.0453751 0.0399805 84.9585
0.0498724 -0.048985 0.997554 14.1992 -0.0469832 0.997576 0.051335 -0.737238 -0.99765 -0.0494284 0.0474501 84.9647
0.0522359 -0.0486847 0.997447 14.6471 -0.0485727 0.997505 0.0512312 -0.716452 -0.997453 -0.0511249 0.0497409 84.9963
0.0574952 -0.0495344 0.997116 15.5063 -0.0505558 0.997342 0.0524607 -0.671295 -0.997065 -0.0534263 0.0548382 85.032
0.0598954 -0.044003 0.997234 16.1732 -0.0527309 0.997494 0.0471815 -0.642708 -0.996811 -0.055411 0.0574249 85.0758
0.0656256 -0.0449699 0.99683 16.9745 -0.0526115 0.997439 0.0484609 -0.610283 -0.996456 -0.0556251 0.0630916 85.1098
0.0679286 -0.0410928 0.996844 17.7741 -0.0459897 0.99796 0.0442728 -0.577344 -0.99663 -0.048852 0.0659002 85.181
0.0725079 -0.0415829 0.996501 18.6294 -0.0410732 0.998158 0.0446406 -0.551592 -0.996522 -0.0441663 0.0706664 85.2144
0.0712754 -0.0342234 0.996869 19.4349 -0.0344106 0.998732 0.0367477 -0.522072 -0.996863 -0.0369221 0.0700074 85.3009
0.0758674 -0.0354538 0.996487 20.211 -0.0347224 0.998668 0.038175 -0.498164 -0.996513 -0.0374967 0.0745353 85.3178
0.074535 -0.0321118 0.996701 21.0368 -0.033569 0.998834 0.0346909 -0.468051 -0.996653 -0.036044 0.0733701 85.3882
0.0777755 -0.031135 0.996485 21.7737 -0.0379799 0.998694 0.0341683 -0.465219 -0.996247 -0.0405039 0.0764914 85.4021
0.0759367 -0.0312078 0.996624 22.6404 -0.0356841 0.998785 0.0339944 -0.426993 -0.996474 -0.0381451 0.0747308 85.5143
0.0775418 -0.029494 0.996553 23.4217 -0.0331221 0.998934 0.0321417 -0.420247 -0.996439 -0.0355003 0.0764823 85.5496
0.0752252 -0.0250416 0.996852 24.2631 -0.0309216 0.999145 0.0274327 -0.395944 -0.996687 -0.0328879 0.0743866 85.6483
0.0788221 -0.0268648 0.996527 25.0889 -0.0290981 0.999149 0.0292371 -0.387821 -0.996464 -0.0313016 0.0779733 85.6878
0.0751663 -0.0233447 0.996898 25.9183 -0.0259652 0.999341 0.0253597 -0.375571 -0.996833 -0.0277909 0.0745107 85.7629
0.0731062 -0.020872 0.997106 26.7637 -0.0255088 0.999415 0.0227906 -0.364855 -0.996998 -0.0271011 0.072531 85.8325
0.0697227 -0.0193456 0.997379 27.595 -0.0267467 0.999416 0.0212549 -0.352814 -0.997208 -0.0281586 0.0691645 85.8997
0.0649495 -0.017556 0.997734 28.4151 -0.0258946 0.999479 0.0192723 -0.344009 -0.997553 -0.0270877 0.064461 85.9545
0.0587883 -0.0159906 0.998142 29.2468 -0.0248249 0.999539 0.0174751 -0.333483 -0.997962 -0.0258061 0.0583642 86.0277
0.0504798 -0.0162122 0.998593 30.1148 -0.0207944 0.999634 0.0172803 -0.329837 -0.998509 -0.0216375 0.0501242 86.0728
0.0414728 -0.0149029 0.999028 30.9449 -0.0152878 0.999762 0.0155485 -0.337723 -0.999023 -0.0159178 0.0412351 86.1202
0.0316084 -0.0161138 0.99937 31.8088 -0.0147041 0.999754 0.0165851 -0.330513 -0.999392 -0.0152191 0.0313637 86.1482
0.0205871 -0.0171967 0.99964 32.6561 -0.0147428 0.999738 0.017502 -0.321097 -0.999679 -0.0150978 0.0203282 86.1713
0.0105782 -0.0152549 0.999828 33.5091 -0.0171684 0.999733 0.0154351 -0.320842 -0.999797 -0.0173287 0.0103135 86.1788
0.000351323 -0.018398 0.999831 34.3428 -0.019513 0.99964 0.0184013 -0.324739 -0.99981 -0.0195162 -7.80412e-006 86.1637
-0.0120589 -0.0165807 0.99979 35.2107 -0.0152805 0.999749 0.0163958 -0.318617 -0.999811 -0.0150796 -0.0123092 86.1581
-0.0216473 -0.0184819 0.999595 36.014 -0.016499 0.9997 0.0181266 -0.325119 -0.99963 -0.0160999 -0.0219457 86.1225
-0.0332083 -0.0170388 0.999303 36.8758 -0.0155613 0.999742 0.0165292 -0.32274 -0.999327 -0.0150016 -0.0334648 86.1028
-0.0435765 -0.0174402 0.998898 37.7192 -0.0160611 0.999731 0.0167541 -0.322443 -0.998921 -0.0153133 -0.0438449 86.07
-0.0525998 -0.0196946 0.998421 38.5154 -0.0155811 0.9997 0.018899 -0.322257 -0.998494 -0.0145624 -0.0528908 86.0179
-0.0620178 -0.019853 0.997878 39.31 -0.0170229 0.999678 0.0188309 -0.321638 -0.99793 -0.0158189 -0.0623358 85.9691
-0.0710872 -0.0210622 0.997248 40.1216 -0.0187142 0.999629 0.0197785 -0.320714 -0.997295 -0.0172567 -0.071455 85.9065
-0.0800081 -0.0214142 0.996564 40.8702 -0.0195074 0.999611 0.0199135 -0.313814 -0.996603 -0.0178471 -0.0803947 85.8458
-0.0867578 -0.022499 0.995975 41.6792 -0.0227606 0.999529 0.0205966 -0.318486 -0.995969 -0.020882 -0.087229 85.762
-0.0913395 -0.0288969 0.9954 42.3667 -0.0267009 0.999291 0.0265597 -0.317301 -0.995462 -0.0241522 -0.0920463 85.6852
-0.0961264 -0.0296882 0.994926 43.1697 -0.0282238 0.999234 0.0270899 -0.310509 -0.994969 -0.0254765 -0.0968908 85.6237
-0.0983794 -0.031419 0.994653 43.9115 -0.0306923 0.999122 0.0285244 -0.29937 -0.994676 -0.0277219 -0.0992573 85.5379
-0.100231 -0.0309552 0.994483 44.6624 -0.0326116 0.999081 0.0278114 -0.295893 -0.99443 -0.0296441 -0.101149 85.4631
-0.0983213 -0.034579 0.994554 45.3871 -0.0344291 0.998916 0.031327 -0.296481 -0.994559 -0.0311614 -0.0994052 85.3815
-0.0969117 -0.0310192 0.994809 46.1014 -0.0305231 0.999137 0.0281806 -0.283515 -0.994825 -0.0276336 -0.0977749 85.2941
-0.0966377 -0.0356208 0.994682 46.8369 -0.0309299 0.998984 0.0327699 -0.281119 -0.994839 -0.0275986 -0.0976413 85.2142
-0.0909008 -0.0346534 0.995257 47.4635 -0.0311483 0.999004 0.031939 -0.269847 -0.995373 -0.0280973 -0.0918897 85.1689
-0.081374 -0.0348328 0.996075 48.0802 -0.0349705 0.998874 0.0320738 -0.267908 -0.99607 -0.0322233 -0.0825005 85.1234
-0.0712076 -0.0323549 0.996937 48.7365 -0.0350014 0.998939 0.0299199 -0.255513 -0.996847 -0.0327636 -0.0722645 85.0858
-0.057673 -0.0336601 0.997768 49.3287 -0.0339723 0.998919 0.0317353 -0.238701 -0.997757 -0.0320662 -0.0587542 85.0778
-0.0402355 -0.0305645 0.998723 49.9053 -0.0314964 0.999074 0.0293064 -0.234616 -0.998694 -0.030277 -0.0411609 85.0623
-0.019131 -0.0304062 0.999355 50.4462 -0.0293997 0.999122 0.0298363 -0.232961 -0.999385 -0.0288099 -0.0200081 85.0686
0.00482123 -0.0279198 0.999599 51.0043 -0.0254883 0.999282 0.0280339 -0.217888 -0.999663 -0.0256133 0.00410614 85.0967
0.0332169 -0.0260816 0.999108 51.5149 -0.0256654 0.999308 0.0269401 -0.212475 -0.999119 -0.0265374 0.0325245 85.1343
0.0661627 -0.0240699 0.997518 52.0404 -0.0270073 0.9993 0.0259041 -0.198173 -0.997443 -0.0286541 0.0654663 85.1908
0.104568 -0.0246133 0.994213 52.5221 -0.0290272 0.999192 0.0277896 -0.191565 -0.994094 -0.0317651 0.103769 85.2583
0.146648 -0.0198513 0.98899 53.0215 -0.0307393 0.999224 0.0246148 -0.184683 -0.988711 -0.0340106 0.145924 85.3613
0.190317 -0.0190372 0.981538 53.5078 -0.0331181 0.999118 0.0257996 -0.178277 -0.981164 -0.0374168 0.189519 85.4825
0.238259 -0.0171328 0.971051 53.9776 -0.0314765 0.999183 0.0253523 -0.178593 -0.970692 -0.0366057 0.237525 85.6347
0.288122 -0.00882004 0.957553 54.4801 -0.028778 0.999426 0.0178649 -0.161277 -0.957161 -0.0327037 0.287703 85.8359
0.342743 -0.0120319 0.939352 54.9461 -0.0228912 0.999514 0.0211548 -0.159589 -0.93915 -0.0287536 0.342301 86.0418
0.39924 -0.0163088 0.916701 55.4133 -0.0119453 0.999664 0.0229872 -0.156697 -0.916769 -0.0201277 0.398911 86.286
0.463765 -0.0225887 0.88567 55.959 -0.0026621 0.999635 0.0268893 -0.140233 -0.885954 -0.0148281 0.463536 86.5518
0.517962 -0.020766 0.855151 56.3835 -0.00330593 0.999649 0.0262772 -0.139433 -0.855397 -0.0164377 0.517712 86.8723
0.578491 -0.0235819 0.815348 56.7099 -0.00152357 0.999549 0.0299904 -0.115828 -0.815687 -0.0185914 0.578194 87.1167
0.664086 -0.0333186 0.746913 57.0713 0.0149787 0.999399 0.0312639 -0.095976 -0.747506 -0.00957414 0.664186 87.2522
0.685568 -0.011706 0.727915 57.3267 -0.00888165 0.999662 0.0244411 -0.0815942 -0.727955 -0.0232211 0.685232 87.6615
0.749528 -0.0133561 0.661838 57.587 -0.00856423 0.999517 0.0298695 -0.0745783 -0.661917 -0.0280562 0.749052 87.9311
0.784492 -0.00929869 0.62007 57.7968 -0.0129869 0.999422 0.0314181 -0.0675987 -0.620003 -0.0327 0.783917 88.2793
0.82765 -0.00812824 0.561186 58.0193 -0.0163682 0.99912 0.0386115 -0.052004 -0.561006 -0.0411425 0.826789 88.661
0.861295 -0.00770692 0.508046 58.1912 -0.0169985 0.998888 0.0439705 -0.0444154 -0.50782 -0.0465076 0.860207 89.0296
0.891368 -0.00248554 0.453274 58.3678 -0.0213995 0.998639 0.0475584 -0.0230151 -0.452776 -0.0520919 0.890101 89.4723
0.915175 -0.0013992 0.403055 58.5235 -0.0208613 0.998489 0.0508339 -0.00821482 -0.402518 -0.0549301 0.913763 89.9097
0.933953 0.000940729 0.357396 58.6554 -0.0207954 0.998445 0.0517148 0.0058329 -0.356791 -0.0557314 0.93252 90.3697
0.948351 0.00591374 0.317169 58.757 -0.0232487 0.998433 0.0508987 0.0256628 -0.316371 -0.0556436 0.947002 90.809
0.959251 0.00633327 0.282485 58.8581 -0.0207646 0.998626 0.0481224 0.0481688 -0.281792 -0.0520271 0.958064 91.2796
0.967905 0.000448128 0.251316 58.9617 -0.0126467 0.998818 0.0469257 0.0736946 -0.250998 -0.048598 0.966767 91.7594
0.973373 -0.00894798 0.229052 59.0618 -0.00232194 0.998802 0.0488858 0.0898855 -0.229215 -0.048116 0.972186 92.2392
0.976853 -0.01249 0.213546 59.1621 0.00217988 0.998823 0.048448 0.103979 -0.2139 -0.0468611 0.975731 92.7335
0.979588 -0.0021099 0.201002 59.2476 -0.00758309 0.998845 0.0474411 0.127376 -0.20087 -0.047997 0.978441 93.2444
0.981395 0.0060259 0.191903 59.3337 -0.0151987 0.998809 0.0463631 0.148948 -0.191395 -0.0484172 0.980318 93.7579
0.982465 0.00917345 0.18622 59.4099 -0.0175085 0.998915 0.043164 0.174661 -0.185622 -0.0456676 0.981559 94.2922
0.98297 0.00833399 0.183579 59.4931 -0.0157819 0.999109 0.0391469 0.190502 -0.18309 -0.0413775 0.982225 94.847
0.983161 0.00187404 0.182732 59.8416 -0.0086919 0.999295 0.036517 0.193032 -0.182534 -0.0374904 0.982484 95.5177
0.982716 -0.00579781 0.18503 59.5561 -0.000461498 0.99943 0.0337677 0.213917 -0.18512 -0.0332694 0.982153 95.7838
0.983048 -0.0080308 0.183172 59.8623 0.00321774 0.999642 0.0265583 0.227622 -0.183319 -0.0255187 0.982722 96.4367
0.979198 -0.00655971 0.202799 59.876 0.000911407 0.999609 0.0279325 0.250716 -0.202904 -0.0271666 0.978822 96.9167
0.979953 0.00089586 0.199226 60.0319 -0.00595742 0.999674 0.0248081 0.261569 -0.199139 -0.0254976 0.979639 97.4905
0.977992 0.00555727 0.208569 60.1065 -0.0119719 0.999493 0.0295056 0.280505 -0.208299 -0.0313532 0.977563 97.9866
0.977515 -0.000891654 0.210864 60.2393 -0.0064205 0.999402 0.03399 0.289755 -0.210768 -0.0345796 0.976924 98.5763
0.976504 -0.00820943 0.215341 60.3718 -0.000499708 0.999185 0.0403579 0.307303 -0.215497 -0.0395173 0.975705 99.1246
0.975764 -0.00766974 0.218689 60.5076 -0.00228345 0.998974 0.045224 0.324192 -0.218812 -0.0446273 0.974746 99.7338
0.975204 -0.0105944 0.221056 60.6837 0.000254132 0.998906 0.0467529 0.35275 -0.22131 -0.0455374 0.97414 100.393
0.974834 -0.0125727 0.222579 60.8246 0.00269397 0.999 0.0446311 0.373666 -0.222917 -0.0429083 0.973893 101.056
0.975245 -0.0120964 0.220798 60.9983 0.00364993 0.999247 0.0386222 0.397826 -0.221099 -0.0368602 0.974555 101.776
0.975405 -0.0072239 0.220304 61.1368 0.00023027 0.999496 0.0317546 0.426733 -0.220422 -0.0309228 0.974914 102.445
0.975902 -0.000926435 0.218209 61.281 -0.00521512 0.999606 0.0275677 0.447257 -0.218148 -0.0280414 0.975513 103.124
0.976515 -0.00275654 0.215434 61.387 -0.00418214 0.999487 0.0317455 0.458652 -0.215411 -0.0319009 0.976002 103.693
0.976849 -0.00670698 0.213824 61.5414 -0.00183988 0.999208 0.0397475 0.479286 -0.213921 -0.0392207 0.976063 104.364
0.977405 -0.0039939 0.211337 61.6806 -0.00561747 0.998978 0.0448591 0.494044 -0.2113 -0.0450327 0.976383 105.064
0.977803 0.000463354 0.209525 61.8347 -0.00981202 0.999002 0.0435812 0.518131 -0.209295 -0.0446697 0.976832 105.823
0.978095 0.00252215 0.208146 61.9814 -0.0106334 0.999226 0.0378597 0.543551 -0.207889 -0.0392436 0.977365 106.591
0.978913 -0.000244095 0.204279 62.1286 -0.00652928 0.999451 0.0324828 0.572397 -0.204175 -0.0331316 0.978374 107.343
0.979737 -0.00614676 0.200196 62.2845 0.000100974 0.999544 0.0301956 0.592036 -0.20029 -0.0295635 0.97929 108.096
0.980376 -0.00637813 0.197033 62.4269 0.000195341 0.999507 0.0313829 0.610241 -0.197136 -0.0307286 0.979894 108.852
0.981119 -0.00754087 0.193257 62.5567 0.000895142 0.999406 0.0344522 0.626062 -0.193402 -0.0336288 0.980543 109.468
0.98149 -0.00670119 0.191397 62.7122 -0.000456155 0.999303 0.0373268 0.644305 -0.191513 -0.0367232 0.980803 110.296
0.981866 -0.00675683 0.189455 62.8591 -0.000973777 0.999172 0.0406818 0.662272 -0.189573 -0.0401286 0.981046 111.037
0.981637 -0.0111971 0.190432 63.0094 0.00332532 0.999129 0.041606 0.699262 -0.190732 -0.0402087 0.980818 111.866
0.981922 -0.00650407 0.189172 63.1687 -0.00189111 0.999022 0.0441642 0.708494 -0.189275 -0.0437235 0.98095 112.603
0.981946 0.00144038 0.189158 63.3046 -0.00934464 0.999119 0.0409013 0.741761 -0.188933 -0.0419305 0.981094 113.41
0.981888 0.00660806 0.189346 63.4482 -0.0139514 0.9992 0.0374763 0.761803 -0.188947 -0.0394392 0.981195 114.214
0.981414 0.0109002 0.191592 63.5818 -0.0176274 0.999285 0.0334428 0.790048 -0.19109 -0.0361985 0.980905 114.983
0.980151 0.0138077 0.197773 63.6942 -0.0203516 0.999309 0.0310936 0.814859 -0.197207 -0.0345015 0.979755 115.718
0.980229 0.00572681 0.197785 63.8687 -0.0127404 0.999334 0.0342063 0.833025 -0.197458 -0.0360498 0.979648 116.628
0.979631 -0.00218118 0.200794 64.0292 -0.00455364 0.999443 0.033073 0.854682 -0.200754 -0.0333137 0.979075 117.422
0.979019 -0.00486188 0.20371 64.2062 -0.00141294 0.999529 0.0306459 0.876134 -0.203763 -0.0302908 0.978551 118.321
0.978877 -0.0121229 0.204092 64.3976 0.00551186 0.999442 0.0329299 0.896268 -0.204377 -0.0311094 0.978398 119.134
0.978279 -0.0143073 0.206798 64.5701 0.00784043 0.999455 0.0320574 0.912849 -0.207144 -0.0297397 0.977858 119.946
0.978554 -0.0113317 0.205678 64.7519 0.00443897 0.999414 0.0339427 0.923627 -0.205942 -0.0323018 0.978031 120.799
0.978295 -0.00236319 0.207203 64.9227 -0.00521739 0.999337 0.0360312 0.946237 -0.207151 -0.0363302 0.977634 121.63
0.978136 0.00165832 0.207958 65.0993 -0.0104541 0.999096 0.0412041 0.962883 -0.207701 -0.0424772 0.97727 122.434
0.977654 0.0044937 0.210174 65.2739 -0.0140026 0.998943 0.043777 0.986542 -0.209755 -0.0457418 0.976683 123.326
0.977655 -0.00337743 0.21019 65.4701 -0.00481869 0.999248 0.0384694 1.00734 -0.210162 -0.0386227 0.976903 124.232
0.977475 -0.0146042 0.210546 65.6674 0.00934031 0.999619 0.0259739 1.02311 -0.210845 -0.0234222 0.977239 125.112
0.977616 -0.0171631 0.209697 65.8425 0.0135938 0.999737 0.0184508 1.04079 -0.209959 -0.0151872 0.977592 125.923
0.977868 -0.00763048 0.209082 66.0016 0.00199997 0.99963 0.0271279 1.05822 -0.209212 -0.0261093 0.977522 126.649
0.978229 -0.00414844 0.207488 66.1611 -0.0059298 0.998833 0.0479271 1.07555 -0.207445 -0.0481141 0.977063 127.441
0.97841 -0.00464246 0.206621 66.3355 -0.00854741 0.997983 0.0628976 1.09368 -0.206496 -0.0633057 0.976397 128.289
0.978463 -0.000306478 0.206421 66.5266 -0.0115869 0.998341 0.0564059 1.12526 -0.206096 -0.0575829 0.976836 129.228
0.978847 0.00151174 0.204587 66.7345 -0.00999783 0.999131 0.0404518 1.1581 -0.204348 -0.0416416 0.978012 130.301
0.979124 -0.00314224 0.203238 66.9416 -0.0036349 0.99945 0.0329639 1.1956 -0.20323 -0.0330145 0.978574 131.313
0.97943 -0.0110499 0.20148 67.1017 0.00441333 0.999434 0.0333583 1.20856 -0.201735 -0.031783 0.978924 132.055
0.980131 -0.00744344 0.198213 67.2724 0.0005777 0.999399 0.0346735 1.22456 -0.198352 -0.0338701 0.979545 132.957
0.980934 -0.00388512 0.194301 67.4312 -0.00276684 0.99942 0.0339523 1.24337 -0.19432 -0.0338426 0.980354 133.768
0.981656 -0.00350418 0.19063 67.5856 -0.00242055 0.999521 0.030838 1.27062 -0.190647 -0.0307337 0.981177 134.612
0.982158 0.00349086 0.188025 67.7299 -0.00938223 0.999492 0.030452 1.27765 -0.187823 -0.0316728 0.981692 135.48
0.982441 0.00924645 0.186342 67.8876 -0.0147933 0.999487 0.0283985 1.3009 -0.185984 -0.0306565 0.982074 136.321
0.982677 0.00633137 0.18522 68.0169 -0.0119826 0.999496 0.0294072 1.31854 -0.18494 -0.0311171 0.982257 137.13
0.983334 -0.00463112 0.181752 68.1662 -0.00190139 0.999359 0.0357513 1.32918 -0.181801 -0.035501 0.982694 137.882
0.983057 -0.00399329 0.183255 68.3094 -0.0024115 0.999394 0.034714 1.34716 -0.183283 -0.0345677 0.982452 138.781
0.983734 -0.00602149 0.17953 68.4597 0.000102152 0.999457 0.0329623 1.35869 -0.179631 -0.0324077 0.9832 139.613
0.98451 -0.0105904 0.175007 68.5992 0.00551193 0.99955 0.0294792 1.37639 -0.17524 -0.028058 0.984126 140.432
0.985601 -0.0109935 0.168729 68.7305 0.00618896 0.999561 0.0289747 1.39233 -0.168973 -0.0275132 0.985237 141.179
0.986578 -0.00549084 0.163201 68.8267 -3.36733e-005 0.999428 0.0338289 1.39548 -0.163294 -0.0333803 0.986013 141.845
0.987741 -0.00511058 0.156019 68.9423 -0.00161604 0.999076 0.0429567 1.41966 -0.156095 -0.0426822 0.986819 142.665
0.98841 -0.00589041 0.151695 69.0569 -0.00200922 0.998652 0.0518701 1.44392 -0.151796 -0.0515737 0.987065 143.4
0.98899 0.0027252 0.147957 69.1805 -0.0107073 0.998528 0.0531791 1.48377 -0.147594 -0.0541778 0.987563 144.255
0.989454 0.00597492 0.144722 69.2917 -0.013109 0.998742 0.0483917 1.50803 -0.144251 -0.0497785 0.988288 145.138
0.990343 -0.00119714 0.138636 69.3913 -0.00400457 0.999298 0.0372356 1.53535 -0.138583 -0.0374312 0.989643 145.936
0.991329 -0.00827209 0.131146 69.4969 0.00399801 0.999453 0.0328202 1.56183 -0.131345 -0.0320113 0.99082 146.713
0.992054 -0.00668601 0.125634 69.5726 0.00250282 0.999438 0.0334251 1.58138 -0.125787 -0.0328451 0.991513 147.459
0.993193 0.00234703 0.116454 69.6647 -0.0065944 0.999326 0.0361005 1.59749 -0.116291 -0.0366228 0.99254 148.207
0.993803 0.010541 0.110652 69.7247 -0.0143078 0.999343 0.033303 1.61305 -0.110228 -0.0346798 0.993301 148.976
0.994921 0.00668058 0.100437 69.7847 -0.00943954 0.99959 0.0270196 1.63038 -0.100215 -0.0278305 0.994577 149.745
0.995837 -0.00195429 0.0911281 69.8576 -0.000282937 0.999699 0.024531 1.64584 -0.0911486 -0.0244547 0.995537 150.51
0.996465 -0.00302319 0.0839524 69.9137 0.000768035 0.999638 0.0268816 1.65969 -0.0840033 -0.0267221 0.996107 151.242
0.997139 0.00287544 0.0755357 69.9585 -0.00539857 0.999433 0.0332202 1.6731 -0.0753974 -0.033533 0.99659 151.995
0.997645 0.00820934 0.0680926 70.0045 -0.0108331 0.999209 0.0382525 1.69285 -0.0677248 -0.0389001 0.996945 152.768
0.998188 0.00179633 0.0601412 70.0411 -0.00430424 0.999125 0.0415968 1.71362 -0.0600139 -0.0417803 0.997323 153.585
0.998566 -0.000593396 0.0535312 70.0865 -0.00173899 0.999051 0.0435135 1.73505 -0.0535063 -0.0435442 0.997618 154.424
0.998765 -0.000915679 0.0496817 70.1184 -0.00114002 0.999145 0.0413333 1.75919 -0.0496771 -0.0413389 0.997909 155.257
0.998991 0.00287946 0.044811 70.1518 -0.00447342 0.999359 0.0355112 1.78286 -0.0446801 -0.0356758 0.998364 156.083
0.99906 0.00936335 0.0423347 70.1693 -0.0105809 0.999534 0.0286279 1.79896 -0.0420469 -0.0290489 0.998693 156.899
0.999225 0.00578619 0.0389301 70.1917 -0.00679684 0.999642 0.0258785 1.81997 -0.0387664 -0.0261231 0.998907 157.795
0.999356 0.00275935 0.0357736 70.2082 -0.00390376 0.999482 0.0319601 1.82926 -0.0356669 -0.0320792 0.998849 158.482
0.99941 0.00543155 0.033908 70.2192 -0.00685352 0.999096 0.0419618 1.8557 -0.0336494 -0.0421695 0.998544 159.384
0.999532 0.00515426 0.0301693 70.2354 -0.00664087 0.998758 0.0493847 1.87082 -0.0298773 -0.0495619 0.998324 160.171
0.999685 -0.00321839 0.0249031 70.2659 0.00207471 0.998948 0.0458154 1.89467 -0.0250243 -0.0457493 0.998639 161.112
0.999684 -0.0153446 0.0199236 70.3139 0.0146168 0.999239 0.0361764 1.94987 -0.0204635 -0.0358737 0.999147 163.089
0.999796 -0.0153532 0.0130873 70.3061 0.0149424 0.99941 0.0309333 1.96533 -0.0135545 -0.0307314 0.999436 163.425
0.999985 0.000349516 0.00549662 70.3044 -0.000525204 0.999488 0.0319941 1.99482 -0.00548262 -0.0319965 0.999473 164.526
0.999995 0.00265592 -0.00146319 70.2945 -0.00259801 0.999265 0.0382515 2.00881 0.00156371 -0.0382475 0.999267 165.194
0.999934 -0.00670569 -0.00931676 70.2909 0.00708386 0.999127 0.041169 2.03072 0.00903256 -0.0412322 0.999109 166.087
0.99979 -0.0133224 -0.0155584 70.2909 0.0140117 0.998885 0.0450749 2.0583 0.0149405 -0.0452835 0.998862 166.896
0.999686 -0.0116744 -0.0221651 70.2692 0.0126553 0.998923 0.0446429 2.08243 0.02162 -0.0449094 0.998757 167.772
0.999585 -0.00624779 -0.0281247 70.2388 0.0073076 0.999261 0.0377387 2.10343 0.0278681 -0.0379286 0.998892 168.618
0.999297 -0.0106467 -0.0359516 70.224 0.0116307 0.99956 0.0272715 2.12495 0.0356454 -0.0276705 0.998981 169.473
0.998924 -0.0178575 -0.0427951 70.2001 0.018844 0.999563 0.0227602 2.146 0.04237 -0.0235422 0.998825 170.338
0.998763 -0.00570354 -0.049399 70.1591 0.00719898 0.99952 0.0301478 2.1589 0.0492033 -0.0304661 0.998324 171.107
0.998407 0.0151816 -0.0543485 70.107 -0.0128034 0.998956 0.0438419 2.17875 0.0549573 -0.0430762 0.997559 171.845
0.998153 0.0161352 -0.058567 70.0447 -0.0131034 0.998572 0.0517866 2.2015 0.059319 -0.0509235 0.996939 172.696
0.998026 0.00535513 -0.0625763 69.9778 -0.00231455 0.998817 0.0485618 2.23292 0.0627623 -0.0483211 0.996858 173.656
0.99798 0.00403431 -0.0634005 69.9292 -0.00159726 0.99926 0.0384427 2.25 0.0635086 -0.0382638 0.997247 174.262
0.9977 0.0157306 -0.0659354 69.8357 -0.0138021 0.999466 0.0296029 2.28274 0.0663659 -0.0286248 0.997385 175.318
0.997601 0.0109396 -0.0683558 69.7785 -0.00920026 0.999627 0.0257088 2.29618 0.0686116 -0.0250182 0.99733 176.059
0.997571 -0.00534563 -0.069455 69.7059 0.00749896 0.999498 0.0307796 2.31277 0.0692556 -0.0312257 0.99711 176.9
0.997496 -0.00424989 -0.070598 69.6992 0.00705022 0.999196 0.0394642 2.32148 0.0703735 -0.0398632 0.996724 177.156
0.997614 0.00320817 -0.0689614 69.593 -0.000119262 0.998998 0.0447494 2.34564 0.0690358 -0.0446345 0.996615 178.292
0.997377 0.00187148 -0.0723597 69.5363 0.00131344 0.999033 0.0439424 2.36666 0.072372 -0.0439222 0.99641 179.039
0.997331 -0.00227811 -0.072975 69.4641 0.00483574 0.999379 0.0348906 2.38961 0.0728502 -0.0351503 0.996723 179.983
0.997101 -0.0112609 -0.0752467 69.4434 0.0129974 0.999659 0.0226279 2.39577 0.0749662 -0.0235403 0.996908 180.328
0.996769 -0.0201566 -0.0777494 69.3671 0.0215827 0.999613 0.0175459 2.41828 0.0773656 -0.0191672 0.996819 181.419
0.99667 -0.00926003 -0.0810165 69.3228 0.0110813 0.999695 0.0220597 2.42781 0.0807875 -0.022884 0.996469 182.052
0.996824 0.00796001 -0.0792376 69.2635 -0.00531581 0.999424 0.0335256 2.43298 0.0794588 -0.0329979 0.996292 182.669
0.996647 0.00629119 -0.0815768 69.1818 -0.00329498 0.999317 0.0368114 2.44888 0.0817527 -0.0364192 0.995987 183.611
0.996715 0.0034944 -0.0809094 69.0933 -0.000810785 0.999449 0.0331773 2.4679 0.0809807 -0.0330027 0.996169 184.588
0.996614 0.00107086 -0.0822138 69.0197 0.00113083 0.999642 0.0267289 2.48551 0.082213 -0.0267313 0.996256 185.467
0.996674 0.00913185 -0.0809826 68.9283 -0.00695205 0.999607 0.0271581 2.50013 0.0811988 -0.0265047 0.996345 186.31
0.996584 0.0104665 -0.0819217 68.8519 -0.00801689 0.999513 0.0301733 2.51341 0.0821976 -0.0294134 0.996182 187.132
0.996644 0.00565699 -0.0816595 68.7724 -0.00286693 0.999409 0.0342439 2.5194 0.081805 -0.0338949 0.996072 187.953
0.996619 0.00844782 -0.0817317 68.6978 -0.00542329 0.999295 0.0371571 2.53853 0.0819879 -0.0365882 0.995961 188.783
0.996574 0.00579626 -0.0824998 68.6251 -0.00270469 0.999292 0.0375362 2.55629 0.0826589 -0.0371845 0.995884 189.636
0.996623 0.00510276 -0.0819516 68.5462 -0.00234687 0.99943 0.0336894 2.56594 0.0820768 -0.0333833 0.996067 190.475
0.996504 0.00240747 -0.0835121 68.4709 -3.31559e-005 0.999596 0.0284205 2.5829 0.0835468 -0.0283184 0.996101 191.303
0.996391 0.00709509 -0.0845853 68.3921 -0.00468969 0.99958 0.0286024 2.6062 0.0847527 -0.0281025 0.996006 192.091
0.996186 0.00227001 -0.0872307 68.3277 0.0010892 0.99926 0.0384425 2.61973 0.0872535 -0.0383909 0.995446 192.868
0.996059 -0.00185174 -0.0886702 68.258 0.0060501 0.998872 0.0471027 2.63384 0.088483 -0.0474535 0.994947 193.582
0.995967 -0.00575237 -0.0895385 68.1971 0.0101259 0.998773 0.048468 2.65679 0.0891498 -0.0491791 0.994803 194.477
0.996024 -0.00556232 -0.0889111 68.0708 0.00932598 0.999075 0.0419714 2.6736 0.0885954 -0.0426337 0.995155 195.467
0.995907 0.00277788 -0.0903428 67.9952 0.00054046 0.999327 0.0366853 2.69977 0.0903839 -0.036584 0.995235 196.398
0.996117 0.00299337 -0.087985 67.9175 -0.000266286 0.99952 0.0309903 2.70758 0.0880355 -0.0308465 0.99564 197.126
0.996045 -0.00282894 -0.0888084 67.8595 0.00524839 0.999621 0.0270218 2.71653 0.0886983 -0.027381 0.995682 197.866
0.996318 -0.00491857 -0.0855949 67.8109 0.00685736 0.999726 0.0223715 2.72198 0.0854615 -0.0228761 0.996079 198.501
0.996669 -0.00405494 -0.0814547 67.745 0.00576841 0.999767 0.0208116 2.7377 0.0813513 -0.0212121 0.99646 199.183
0.997098 0.000248445 -0.076132 67.6963 0.00172215 0.999665 0.0258172 2.74756 0.0761129 -0.0258733 0.996763 199.796
0.997541 0.0058017 -0.0698443 67.6493 -0.00331461 0.999358 0.0356724 2.75303 0.0700064 -0.0353532 0.99692 200.409
0.997861 0.00963297 -0.0646519 67.6036 -0.00704036 0.999166 0.0402098 2.76413 0.0649854 -0.0396686 0.997097 201.099
0.9983 0.00780852 -0.0577634 67.5586 -0.00554432 0.999214 0.0392546 2.77379 0.0580245 -0.0388676 0.997558 201.767
0.998675 0.000102625 -0.0514578 67.534 0.00149861 0.999516 0.031078 2.78643 0.051436 -0.0311139 0.998191 202.442
0.999039 0.000111245 -0.0438412 67.5047 0.000870289 0.999749 0.0223687 2.79899 0.0438327 -0.0223853 0.998788 203.08
0.999311 0.00448607 -0.0368374 67.4807 -0.00385499 0.999845 0.0171847 2.81184 0.0369088 -0.0170309 0.999174 203.648
0.999576 0.00196601 -0.029053 67.4618 -0.00142153 0.999823 0.0187497 2.81884 0.0290847 -0.0187005 0.999402 204.252
0.999714 -0.0052891 -0.023304 67.4573 0.00585168 0.999691 0.0241393 2.82289 0.0231691 -0.0242688 0.999437 204.807
0.999772 -0.0120186 -0.0176405 67.4559 0.0125412 0.999477 0.0298172 2.82593 0.0172729 -0.0300317 0.9994 205.4
0.999846 -0.0129455 -0.0118486 67.4614 0.0133146 0.999411 0.0316165 2.82914 0.0114323 -0.0317693 0.99943 205.99
0.999963 -0.00220232 -0.00829187 67.4648 0.00246897 0.999476 0.0322858 2.83837 0.00821642 -0.0323051 0.999444 206.59
0.999961 0.00679999 -0.00570581 67.4493 -0.0066002 0.999389 0.0343314 2.85028 0.00593577 -0.0342924 0.999394 207.214
0.999966 0.005153 -0.00636794 67.4388 -0.0049195 0.999334 0.0361546 2.86921 0.00655001 -0.036122 0.999326 207.824
0.999947 -0.00218486 -0.0100221 67.4326 0.00256943 0.999254 0.0385212 2.88757 0.00993048 -0.0385449 0.999208 208.479
0.999961 0.000257884 -0.00881551 67.4366 9.73249e-005 0.999189 0.0402695 2.90034 0.00881875 -0.0402688 0.99915 209.102
0.999918 0.00987448 -0.0080995 67.411 -0.00958171 0.999327 0.0354221 2.91627 0.00844382 -0.0353416 0.99934 209.76
0.999882 0.0122582 -0.00929543 67.3933 -0.0120063 0.999572 0.026691 2.92843 0.00961863 -0.0265763 0.999601 210.403
0.999934 0.00306253 -0.0110634 67.3779 -0.00286478 0.999837 0.0178465 2.93861 0.0111162 -0.0178137 0.99978 211.012
0.999863 -0.00765094 -0.0146695 67.3745 0.00784987 0.999877 0.0135516 2.95082 0.014564 -0.0136649 0.999801 211.596
0.999819 -0.00394331 -0.0186345 67.358 0.00429997 0.999808 0.0191386 2.96196 0.0185555 -0.0192153 0.999643 212.175
0.999695 0.00924603 -0.0228963 67.3291 -0.00852449 0.99947 0.0314131 2.97307 0.0231746 -0.0312084 0.999244 212.738
0.999635 0.00241837 -0.0268926 67.309 -0.00118568 0.998952 0.0457591 2.98452 0.0269751 -0.0457105 0.99859 213.377
0.999436 -0.0108442 -0.0317799 67.2947 0.0125691 0.99843 0.0545903 3.00247 0.031138 -0.054959 0.998003 214.008
0.9994 -0.0067963 -0.0339751 67.2675 0.0085905 0.99856 0.0529454 3.0267 0.0335664 -0.0532055 0.998019 214.743
0.999331 0.00399873 -0.0363529 67.2238 -0.00229911 0.998907 0.0466756 3.05318 0.0364998 -0.0465608 0.998248 215.472
0.999174 0.00418745 -0.0404093 67.1904 -0.00265065 0.999274 0.0380096 3.07881 0.0405392 -0.0378712 0.99846 216.193
0.999067 -0.00815697 -0.0424194 67.1913 0.00955812 0.999412 0.0329335 3.08304 0.0421259 -0.0333082 0.998557 216.258
0.999054 -0.0131494 -0.0414616 67.1489 0.0147291 0.999168 0.0380294 3.11318 0.040927 -0.0386041 0.998416 217.279
0.99888 -0.0140973 -0.0451679 67.1336 0.0159578 0.999028 0.0410984 3.12965 0.0445446 -0.0417731 0.998134 217.845
0.998895 -0.00946877 -0.0460281 67.0991 0.0115227 0.99894 0.0445658 3.14518 0.0455573 -0.0450469 0.997946 218.655
0.99886 -0.00396253 -0.0475687 67.0729 0.00591779 0.99914 0.0410338 3.16064 0.0473652 -0.0412685 0.998025 219.322
0.998794 -0.00600188 -0.048738 67.0322 0.00773897 0.999339 0.0355313 3.18406 0.0484925 -0.0358656 0.998179 220.049
0.99867 -0.0120795 -0.0501255 67.0202 0.0138006 0.999322 0.0341333 3.20327 0.0496792 -0.0347797 0.998159 220.715
0.998671 -0.00855229 -0.0508275 66.9798 0.010438 0.999263 0.036952 3.21964 0.050474 -0.0374334 0.998024 221.405
0.998657 -0.00117662 -0.0518001 66.9339 0.00331472 0.999145 0.0412095 3.24053 0.0517073 -0.0413258 0.997807 222.098
0.998638 0.000307033 -0.0521769 66.9077 0.00201354 0.999011 0.0444166 3.2503 0.0521389 -0.0444612 0.99765 222.597
0.998643 -0.000414463 -0.0520816 66.8547 0.00257735 0.999136 0.0414686 3.27391 0.0520195 -0.0415465 0.997781 223.478
0.998627 -0.00300101 -0.0523031 66.8228 0.00481859 0.999388 0.0346597 3.28565 0.052167 -0.0348641 0.99803 224.172
0.99863 -0.00315407 -0.0522265 66.779 0.00445991 0.99968 0.0249059 3.302 0.0521312 -0.0251047 0.998325 224.975
0.998661 0.00430573 -0.0515488 66.7654 -0.00326424 0.999789 0.0202713 3.29959 0.0516252 -0.0200759 0.998465 225.174
0.998712 0.00523803 -0.0504629 66.6989 -0.00419832 0.999777 0.0206874 3.3195 0.05056 -0.0204489 0.998512 226.002
0.99866 0.00179577 -0.0517229 66.6878 -0.000366437 0.999618 0.0276306 3.32294 0.0517528 -0.0275746 0.998279 226.491
0.998624 -0.00481484 -0.0522119 66.6555 0.00663199 0.999376 0.0346861 3.3319 0.0520123 -0.0349847 0.998033 227.137
0.998631 -0.00273426 -0.0522278 66.6205 0.00480824 0.999203 0.039626 3.34225 0.0520779 -0.0398229 0.997849 227.721
0.9986 0.00162267 -0.0528791 66.5611 0.000632891 0.999092 0.0426105 3.35664 0.0529002 -0.0425843 0.997691 228.398
0.998435 -0.000575223 -0.0559242 66.5515 0.00311789 0.998964 0.0453897 3.37011 0.0558402 -0.045493 0.997403 228.973
0.998197 -0.0070093 -0.0596157 66.4968 0.00967781 0.998958 0.0445915 3.39007 0.0592411 -0.0450881 0.997225 229.703
0.997569 -0.00867566 -0.0691398 66.4696 0.0116356 0.999028 0.0425238 3.401 0.0687037 -0.043225 0.9967 230.217
0.996867 -0.00505849 -0.0789367 66.4342 0.00812393 0.999223 0.0385616 3.40507 0.0786803 -0.039082 0.996134 230.557
0.995603 -0.000590129 -0.0936745 66.3607 0.00393418 0.999361 0.0355179 3.41453 0.0935937 -0.0357303 0.994969 231.207
0.993642 0.000831893 -0.11258 66.3301 0.00290742 0.99945 0.0330463 3.42556 0.112546 -0.0331636 0.993093 231.411
0.990927 -0.00183369 -0.134391 66.2428 0.00649625 0.999392 0.0342636 3.43568 0.134247 -0.0348258 0.990336 232.034
0.987178 0.000792447 -0.15962 66.1713 0.00520589 0.999296 0.0371572 3.44832 0.159537 -0.0375118 0.986479 232.388
0.981857 0.00273621 -0.189601 66.0788 0.00509146 0.999155 0.0407855 3.45362 0.189553 -0.0410109 0.981014 232.942
0.975567 0.00195717 -0.219694 65.9782 0.00715934 0.999146 0.0406925 3.46117 0.219586 -0.0412712 0.97472 233.287
0.966514 0.00473995 -0.256572 65.7961 0.00538669 0.999234 0.0387519 3.47212 0.256559 -0.0388363 0.965748 233.936
0.955303 0.0169155 -0.295145 65.6693 -0.00611035 0.999278 0.0374937 3.4817 0.295566 -0.0340144 0.954717 234.217
0.941202 0.018504 -0.337338 65.498 -0.00647215 0.999303 0.0367569 3.49607 0.337784 -0.0324123 0.940666 234.628
0.924782 0.0202787 -0.379956 65.3114 -0.00605012 0.999236 0.0386051 3.50984 0.380448 -0.0334025 0.924199 234.954
0.903891 0.0259409 -0.426975 65.118 -0.00900973 0.999093 0.0416266 3.52283 0.427667 -0.033779 0.903305 235.291
0.880172 0.0390015 -0.47305 64.891 -0.0175464 0.998611 0.049685 3.53178 0.47433 -0.035431 0.879634 235.607
0.854198 0.0455732 -0.517948 64.6452 -0.0182528 0.998166 0.0577241 3.54565 0.519628 -0.0398538 0.853462 235.888
0.824073 0.045352 -0.564666 64.391 -0.0103017 0.997825 0.0651075 3.56211 0.56639 -0.0478363 0.822748 236.154
0.788908 0.0418542 -0.613084 64.1265 0.00214591 0.997484 0.0708579 3.5836 0.614507 -0.057216 0.786834 236.436
0.750635 0.0389158 -0.65957 63.8812 0.0172004 0.996775 0.0783867 3.6045 0.660493 -0.0701846 0.747544 236.687
0.713942 0.0448675 -0.698766 63.5525 0.0274077 0.995389 0.0919165 3.63019 0.699668 -0.0847746 0.709421 236.941
0.673858 0.0532542 -0.73694 63.2339 0.0347093 0.994016 0.10357 3.6553 0.738046 -0.09537 0.667977 237.178
0.632686 0.0614748 -0.771964 62.8076 0.0413447 0.992741 0.112941 3.69101 0.773304 -0.103373 0.625552 237.432
0.588906 0.0671746 -0.805405 62.4338 0.0464708 0.992077 0.116723 3.728 0.806864 -0.106167 0.581118 237.645
0.543542 0.0713402 -0.836345 61.9748 0.0543125 0.991305 0.119856 3.7641 0.837623 -0.110571 0.534941 237.865
0.494922 0.0712728 -0.866009 61.5421 0.061732 0.991228 0.116858 3.8003 0.866742 -0.111296 0.486181 238.065
0.44537 0.0713237 -0.892501 61.0706 0.0658338 0.991515 0.112088 3.82462 0.892923 -0.108677 0.436895 238.236
0.391635 0.0728111 -0.917235 60.618 0.062204 0.992488 0.105344 3.89187 0.918016 -0.0983121 0.384164 238.388
0.336815 0.073883 -0.938668 60.0306 0.0626418 0.99295 0.100633 3.93036 0.939485 -0.0926945 0.329812 238.561
0.288331 0.0807859 -0.954117 59.5715 0.0618622 0.992781 0.102754 3.97295 0.95553 -0.088651 0.281252 238.63
0.238545 0.0852366 -0.967384 59.0998 0.0682397 0.992207 0.104251 4.00568 0.968731 -0.0908826 0.23087 238.717
0.193865 0.0890822 -0.976975 58.2982 0.0764659 0.991467 0.105577 4.09207 0.978044 -0.095173 0.185399 238.817
0.151087 0.0919843 -0.984232 57.9453 0.0816929 0.991094 0.105166 4.11578 0.985139 -0.096294 0.142227 238.847
0.110992 0.0952552 -0.989246 57.2881 0.0855461 0.990786 0.105002 4.17443 0.990133 -0.0962804 0.10182 238.9
0.0767345 0.100092 -0.992015 56.6123 0.0876801 0.990416 0.106713 4.24113 0.993189 -0.0951685 0.067223 238.913
0.048501 0.103529 -0.993443 55.9034 0.0898256 0.990131 0.107569 4.29672 0.994776 -0.0944539 0.0387228 238.902
0.0242671 0.108535 -0.993796 55.2665 0.0934939 0.989486 0.110347 4.37536 0.995324 -0.0955917 0.0138646 238.899
0.00255988 0.110725 -0.993848 54.7704 0.0995394 0.988887 0.110428 4.41355 0.99503 -0.0992097 -0.00849003 238.868
-0.0146794 0.117207 -0.992999 54.1443 0.10482 0.987814 0.115046 4.4776 0.994383 -0.102397 -0.0267862 238.835
-0.0281501 0.121392 -0.992205 53.7718 0.108732 0.987081 0.11768 4.51054 0.993672 -0.104572 -0.0409855 238.796
-0.0372261 0.125329 -0.991417 53.1611 0.115276 0.98602 0.120318 4.57518 0.992636 -0.109808 -0.0511531 238.761
-0.0424631 0.126932 -0.991002 52.6681 0.118712 0.985511 0.121142 4.63172 0.99202 -0.112499 -0.0569162 238.733
-0.0456368 0.126871 -0.990869 52.0779 0.122865 0.985084 0.120472 4.69877 0.991374 -0.116245 -0.0605442 238.682
-0.0463929 0.128914 -0.99057 51.5082 0.126828 0.984373 0.122168 4.77129 0.990839 -0.119964 -0.0620179 238.65
-0.0473417 0.128882 -0.990529 50.8663 0.128854 0.984144 0.121893 4.83886 0.990533 -0.121863 -0.063198 238.582
-0.0478383 0.12741 -0.990696 50.2279 0.129161 0.984293 0.12035 4.92148 0.990469 -0.122202 -0.0635433 238.56
-0.0435391 0.130172 -0.990535 49.562 0.130096 0.983772 0.123564 5.00543 0.990545 -0.123485 -0.0597674 238.514
-0.0466618 0.124337 -0.991142 48.9003 0.125247 0.985121 0.117685 5.07933 0.991028 -0.118646 -0.0615404 238.48
-0.0470526 0.122311 -0.991376 48.1874 0.121688 0.985785 0.115846 5.16462 0.991452 -0.115188 -0.0612676 238.44
-0.0442151 0.122225 -0.991517 47.4643 0.120693 0.985872 0.116147 5.24853 0.991705 -0.114534 -0.0583422 238.383
-0.0445504 0.122209 -0.991504 46.8868 0.120072 0.98595 0.11613 5.32689 0.991765 -0.113879 -0.0585985 238.317
-0.041665 0.122226 -0.991627 46.1009 0.120094 0.985906 0.116474 5.41134 0.991888 -0.114236 -0.0557564 238.275
-0.037949 0.131336 -0.990611 45.3903 0.133982 0.983043 0.1252 5.50266 0.990257 -0.127973 -0.0549022 238.223
-0.0362431 0.125252 -0.991463 44.554 0.12825 0.984494 0.119684 5.60119 0.991079 -0.122818 -0.0517447 238.167
-0.0369775 0.1216 -0.99189 43.7539 0.128967 0.984849 0.115929 5.70018 0.990959 -0.123634 -0.0520997 238.148
-0.0336121 0.122107 -0.991948 42.9193 0.125604 0.985156 0.117014 5.7988 0.991511 -0.120659 -0.0484502 238.081
-0.0343191 0.1194 -0.992253 42.0828 0.124573 0.985606 0.114292 5.89886 0.991617 -0.119685 -0.0486991 238.054
-0.0322739 0.120463 -0.992193 41.6882 0.12917 0.984888 0.115374 5.93657 0.991097 -0.124438 -0.0473463 238.029
-0.0337578 0.1157 -0.99271 40.5482 0.128659 0.985515 0.110486 6.0632 0.991114 -0.123991 -0.0481546 237.989
-0.0326792 0.117046 -0.992589 39.7679 0.123714 0.985955 0.112191 6.14259 0.99178 -0.119131 -0.0467006 237.947
-0.0334917 0.118343 -0.992408 38.8593 0.113428 0.986999 0.11387 6.23128 0.992982 -0.108753 -0.0464796 237.887
-0.0368346 0.114716 -0.992715 37.952 0.109059 0.987917 0.110115 6.31807 0.993353 -0.104209 -0.0489004 237.85
-0.0369413 0.113868 -0.992809 37.0815 0.112829 0.98761 0.109073 6.41118 0.992927 -0.107988 -0.0493312 237.813
-0.0406229 0.111808 -0.992899 36.191 0.119712 0.987106 0.106258 6.50205 0.991977 -0.114545 -0.0534839 237.772
-0.0452315 0.108283 -0.993091 35.3 0.12317 0.987127 0.102023 6.58722 0.991354 -0.117704 -0.0579865 237.726
-0.0484635 0.107996 -0.992969 34.1534 0.119976 0.987569 0.101553 6.6861 0.991593 -0.114211 -0.060818 237.643
-0.0518535 0.106448 -0.992965 32.7595 0.111819 0.988669 0.100148 6.82535 0.992375 -0.105839 -0.0631688 237.582
-0.0565895 0.103304 -0.993039 31.683 0.103535 0.989877 0.0970746 6.8888 0.993015 -0.0973206 -0.0667122 237.473
-0.0596767 0.105362 -0.992642 30.082 0.100394 0.990005 0.0990467 7.02057 0.993156 -0.0937441 -0.069658 237.381
-0.0612948 0.103689 -0.992719 28.9188 0.097636 0.990442 0.0974232 7.11564 0.993333 -0.0909536 -0.0708328 237.275
-0.0634904 0.104876 -0.992457 27.6083 0.101662 0.989969 0.0981096 7.23373 0.992791 -0.0946659 -0.0735154 237.183
-0.0646876 0.110258 -0.991796 26.4379 0.103841 0.989225 0.103199 7.3114 0.992488 -0.0963131 -0.0754399 237.114
-0.0629889 0.117626 -0.991058 25.2719 0.103322 0.988463 0.110751 7.4219 0.992652 -0.0954216 -0.0744155 237.008
-0.0640898 0.118338 -0.990903 24.1478 0.103013 0.988424 0.111379 7.5235 0.992613 -0.0949379 -0.0755383 236.92
-0.0630118 0.117362 -0.991088 23.0718 0.110178 0.98781 0.109969 7.63449 0.991912 -0.102267 -0.0751744 236.804
-0.0597264 0.118905 -0.991108 21.9242 0.117908 0.98677 0.111279 7.72012 0.991227 -0.110213 -0.072956 236.714
-0.0608955 0.113381 -0.991684 20.3728 0.115288 0.987677 0.105843 7.90794 0.991464 -0.107884 -0.0732166 236.558
-0.0544179 0.116686 -0.991677 18.9912 0.119915 0.986724 0.109523 8.00683 0.991292 -0.112957 -0.0676879 236.45
-0.0578796 0.110494 -0.99219 18.0856 0.115029 0.987975 0.103315 8.10911 0.991675 -0.10815 -0.0698936 236.416
-0.0537748 0.107054 -0.992798 17.106 0.117245 0.988036 0.10019 8.19192 0.991646 -0.111013 -0.065683 236.338
-0.0560675 0.0992298 -0.993484 16.2403 0.111083 0.989491 0.092562 8.27004 0.992228 -0.10517 -0.0665011 236.289
-0.0538449 0.101662 -0.993361 15.3136 0.102219 0.990139 0.0957916 8.34909 0.993304 -0.0963829 -0.0637057 236.237
-0.054999 0.094752 -0.99398 14.4325 0.0946594 0.991498 0.0892777 8.42525 0.993989 -0.0891794 -0.0635006 236.194
-0.054297 0.094058 -0.994085 13.4967 0.0992004 0.991137 0.0883607 8.49871 0.993585 -0.0938159 -0.0631463 236.15
-0.0536799 0.0929319 -0.994224 12.6763 0.10105 0.991054 0.0871798 8.57792 0.993432 -0.0957864 -0.0625905 236.108
-0.0548288 0.0906013 -0.994377 11.7587 0.101723 0.9912 0.0847029 8.64148 0.993301 -0.0965069 -0.0635626 236.045
-0.0556796 0.101766 -0.993249 10.7529 0.0969156 0.990646 0.0960662 8.71705 0.993734 -0.0909124 -0.0650214 236.01
-0.0622958 0.0910481 -0.993896 9.82945 0.091023 0.992199 0.0851874 8.7878 0.993898 -0.0851606 -0.0700972 235.963
-0.065601 0.0923375 -0.993564 8.86811 0.0925872 0.991977 0.0860768 8.86493 0.993541 -0.0863447 -0.0736239 235.9
-0.0688792 0.0976078 -0.992839 7.9812 0.0884123 0.991884 0.0913802 8.92698 0.9937 -0.081485 -0.0769499 235.834
-0.0733605 0.0958087 -0.992693 7.12366 0.0903089 0.991924 0.0890606 8.99113 0.993208 -0.0831155 -0.0814204 235.755
-0.0789738 0.0960261 -0.992241 6.28211 0.0936162 0.991665 0.0885194 9.05287 0.992471 -0.0858992 -0.0873052 235.671
-0.0814245 0.103099 -0.991333 5.45025 0.0984252 0.990605 0.0949386 9.12106 0.991808 -0.0898418 -0.0908071 235.588
-0.0860456 0.105734 -0.990665 4.50674 0.102747 0.989992 0.0967383 9.19612 0.990979 -0.0934641 -0.0960484 235.493
-0.0889672 0.108774 -0.990077 3.67211 0.107673 0.989244 0.0990069 9.26073 0.990198 -0.0977962 -0.0997222 235.393
-0.0924496 0.114178 -0.989149 2.6558 0.111506 0.988342 0.103663 9.35011 0.989454 -0.100712 -0.104103 235.277
-0.0952023 0.117527 -0.988496 1.87892 0.110814 0.988085 0.106805 9.41077 0.989271 -0.0993714 -0.107092 235.173
-0.08642 0.121521 -0.98882 1.24302 0.109358 0.987692 0.111825 9.51355 0.990239 -0.0984713 -0.0986456 234.935
-0.0958873 0.12832 -0.987086 0.316118 0.118023 0.986126 0.11673 9.57555 0.98837 -0.105306 -0.109702 234.895
-0.090689 0.131418 -0.98717 -0.432186 0.124496 0.984975 0.119689 9.66632 0.988067 -0.112045 -0.105687 234.772
-0.0900238 0.136711 -0.986512 -1.18584 0.131774 0.98346 0.124264 9.72763 0.987183 -0.11881 -0.10655 234.669
-0.0887281 0.140075 -0.986157 -1.94047 0.134652 0.982661 0.127463 9.80946 0.986912 -0.121478 -0.106051 234.572
-0.090628 0.139317 -0.986092 -2.66843 0.136406 0.982571 0.126283 9.89063 0.986499 -0.123064 -0.108052 234.523
-0.0857235 0.145238 -0.985676 -3.39113 0.140828 0.981151 0.132323 9.97253 0.986316 -0.127468 -0.104561 234.408
-0.0886225 0.141984 -0.985894 -4.08945 0.140964 0.981614 0.128697 10.0503 0.98604 -0.12757 -0.107008 234.353
-0.0807468 0.147857 -0.985707 -4.78434 0.147768 0.979784 0.134863 10.1321 0.98572 -0.134766 -0.100963 234.264
-0.0815255 0.142999 -0.986359 -5.46236 0.145095 0.980813 0.130203 10.2075 0.986053 -0.132501 -0.10071 234.201
-0.0777901 0.146914 -0.986086 -6.21913 0.144946 0.98024 0.134609 10.3062 0.986377 -0.132458 -0.0975475 234.128
-0.0741612 0.145672 -0.986549 -7.03011 0.141815 0.98076 0.134157 10.4007 0.987111 -0.129958 -0.0933928 234.044
-0.0707033 0.145353 -0.98685 -8.00601 0.143702 0.98049 0.134121 10.5504 0.987092 -0.13233 -0.0902114 233.948
-0.0680396 0.140612 -0.987724 -8.54318 0.144867 0.980918 0.129664 10.596 0.987109 -0.134266 -0.0871113 233.901
-0.0640275 0.142375 -0.98774 -9.49746 0.145609 0.980511 0.131894 10.719 0.987268 -0.135378 -0.0835107 233.839
-0.0612732 0.1409 -0.988126 -10.3147 0.142504 0.981079 0.131059 10.8194 0.987896 -0.132781 -0.0801927 233.718
-0.055731 0.143044 -0.988146 -11.3135 0.143012 0.980623 0.133889 10.9334 0.988151 -0.133855 -0.0751081 233.641
-0.0512714 0.139403 -0.988908 -11.6987 0.140551 0.981362 0.131052 10.9903 0.988745 -0.132273 -0.069909 233.588
-0.0470662 0.139328 -0.989127 -12.4325 0.143159 0.980943 0.131363 11.0591 0.98858 -0.135419 -0.0661153 233.583
-0.0423877 0.138144 -0.989505 -13.0391 0.140871 0.981327 0.130967 11.1355 0.98912 -0.133841 -0.0610567 233.514
-0.0407363 0.133203 -0.990251 -13.5252 0.137974 0.982329 0.126462 11.1926 0.989598 -0.131477 -0.058395 233.507
-0.0372053 0.130235 -0.990785 -14.0395 0.13738 0.982724 0.124016 11.2528 0.989819 -0.1315 -0.0544542 233.493
-0.0318765 0.132011 -0.990736 -14.5156 0.13587 0.98261 0.126556 11.3132 0.990214 -0.130577 -0.0492585 233.488
-0.029564 0.129168 -0.991182 -15.091 0.133232 0.983276 0.124164 11.3647 0.990644 -0.128386 -0.0462789 233.437
-0.0254615 0.12608 -0.991693 -15.322 0.130727 0.983916 0.121735 11.4016 0.991091 -0.126542 -0.041534 233.452
-0.0184277 0.126344 -0.991815 -15.887 0.130942 0.983745 0.122883 11.461 0.991219 -0.127606 -0.0346719 233.441
-0.0131068 0.123519 -0.992256 -16.2423 0.126313 0.984596 0.120897 11.5049 0.991904 -0.12375 -0.0285069 233.438
-0.00871537 0.119206 -0.992831 -16.6528 0.122628 0.985502 0.11725 11.5432 0.992414 -0.120727 -0.023207 233.432
-0.00287089 0.118889 -0.992903 -17.0132 0.120728 0.985686 0.117676 11.5836 0.992682 -0.119533 -0.017183 233.431
0.00177953 0.115986 -0.993249 -17.3544 0.118024 0.986284 0.115385 11.611 0.993009 -0.117433 -0.0119341 233.425
0.00684673 0.116542 -0.993162 -17.6216 0.116269 0.986356 0.116545 11.6391 0.993194 -0.116272 -0.00679696 233.426
0.0115153 0.115692 -0.993218 -17.9526 0.117323 0.986267 0.116243 11.679 0.993027 -0.117866 -0.00221626 233.429
0.0158169 0.116179 -0.993102 -18.1711 0.117821 0.98609 0.117235 11.6972 0.992909 -0.118863 0.00190861 233.452
0.0192291 0.1123 -0.993488 -18.4343 0.113905 0.986956 0.113766 11.7222 0.993306 -0.115351 0.00618679 233.436
0.0208312 0.110682 -0.993638 -18.6408 0.107526 0.987841 0.11229 11.7413 0.993984 -0.109181 0.00867671 233.454
0.0243745 0.10734 -0.993924 -18.8217 0.104025 0.988549 0.109311 11.7614 0.994276 -0.106058 0.0129293 233.459
0.0268746 0.110364 -0.993528 -18.9529 0.108204 0.987726 0.112647 11.7627 0.993765 -0.110531 0.0146028 233.458
0.0261278 0.103983 -0.994236 -19.0716 0.108679 0.988385 0.106227 11.7921 0.993733 -0.110828 0.0145236 233.49
0.0316448 0.108979 -0.99354 -19.2716 0.108252 0.987817 0.111799 11.8109 0.99362 -0.111091 0.019462 233.465
0.0283996 0.106089 -0.993951 -19.288 0.0991208 0.989152 0.108409 11.8086 0.99467 -0.1016 0.0175759 233.486
0.0359298 0.105693 -0.99375 -19.3753 0.0770864 0.991136 0.108202 11.884 0.996377 -0.0804922 0.0274638 232.665
0.0286795 0.105583 -0.993997 -19.4341 0.101406 0.988968 0.107975 11.8234 0.994432 -0.103894 0.0176563 233.497
0.0411293 0.116128 -0.992382 -19.6614 0.0894552 0.988806 0.119417 11.901 0.995141 -0.0936853 0.0302806 232.415
0.0272611 0.103154 -0.994292 -19.6852 0.10009 0.989381 0.105389 11.8848 0.994605 -0.102392 0.0166469 232.984
0.0445381 0.112951 -0.992602 -19.8684 0.10784 0.987238 0.117179 11.9309 0.99317 -0.112262 0.031789 232.434
0.0383286 0.106412 -0.993583 -19.8394 0.102216 0.988681 0.10983 11.9078 0.994024 -0.10577 0.0270177 232.981
0.0492796 0.113114 -0.992359 -20.0367 0.109399 0.986977 0.117933 11.9507 0.992776 -0.114374 0.0362633 232.437
0.0448361 0.104519 -0.993512 -20.0848 0.10428 0.988589 0.108707 11.939 0.993537 -0.108477 0.0334252 232.985
0.0590596 0.111536 -0.992004 -20.233 0.110082 0.98695 0.117522 11.9651 0.992166 -0.116142 0.0460107 232.722
0.0584019 0.102831 -0.992983 -20.295 0.101189 0.988948 0.108364 11.9676 0.993152 -0.106808 0.0473511 232.862
0.0719864 0.104597 -0.991906 -20.4366 0.105479 0.988111 0.111852 11.9862 0.991813 -0.112677 0.0600978 232.806
0.0821773 0.104024 -0.991174 -20.5522 0.103337 0.988288 0.112289 12.0014 0.991246 -0.111653 0.0704652 232.854
0.0966466 0.103479 -0.989925 -20.7269 0.102816 0.988222 0.113339 12.0241 0.989994 -0.112734 0.0848691 232.86
0.112867 0.102348 -0.988325 -20.8729 0.103719 0.988033 0.114162 12.0436 0.988182 -0.115393 0.100901 232.896
0.131794 0.0980665 -0.986414 -21.0725 0.109556 0.987557 0.112818 12.0666 0.985205 -0.122936 0.11941 232.93
0.153959 0.095585 -0.983443 -21.2625 0.111522 0.987269 0.113416 12.0895 0.981764 -0.127137 0.141339 232.971
0.177012 0.0951455 -0.979599 -21.4763 0.104153 0.987917 0.114774 12.1163 0.978682 -0.122345 0.164963 233.021
0.201606 0.0888162 -0.975432 -21.6864 0.0985977 0.988981 0.110429 12.1426 0.974491 -0.118438 0.190627 233.098
0.233198 0.0852641 -0.968684 -21.9104 0.096804 0.989165 0.110371 12.1753 0.967599 -0.119511 0.222417 233.158
0.262924 0.0761849 -0.961804 -22.1406 0.0934915 0.990174 0.103989 12.1978 0.960276 -0.117262 0.253218 233.25
0.298306 0.0692172 -0.951957 -22.365 0.0917315 0.990671 0.100777 12.2303 0.950052 -0.117387 0.289174 233.362
0.337002 0.0631724 -0.939382 -22.6294 0.0890013 0.991141 0.0985822 12.2615 0.937288 -0.116829 0.328394 233.487
0.376144 0.0614038 -0.924524 -22.882 0.0843037 0.991395 0.100144 12.297 0.922718 -0.115609 0.367731 233.631
0.41902 0.0625807 -0.905818 -23.1299 0.0764036 0.991654 0.103854 12.3259 0.904757 -0.112725 0.410741 233.789
0.467048 0.0625594 -0.882016 -23.4063 0.0702064 0.991721 0.107516 12.3548 0.881441 -0.112138 0.458789 233.958
0.511399 0.0540537 -0.857642 -23.6543 0.0714255 0.991893 0.105105 12.389 0.85637 -0.115008 0.503392 234.167
0.567656 0.0526006 -0.821584 -23.9522 0.0678618 0.991571 0.110371 12.4267 0.820464 -0.118407 0.559301 234.347
0.605314 0.0402154 -0.794971 -24.1879 0.0663306 0.992701 0.100724 12.4625 0.793219 -0.113701 0.598228 234.633
0.657503 0.0387749 -0.752454 -24.4615 0.0557317 0.993436 0.0998921 12.5167 0.751388 -0.107615 0.651026 234.897
0.700164 0.0362 -0.713064 -24.6889 0.0445231 0.994556 0.094208 12.5514 0.712593 -0.0977089 0.694741 235.197
0.746151 0.0337502 -0.66492 -24.9373 0.0370121 0.995067 0.0920417 12.6039 0.664747 -0.0932871 0.741222 235.511
0.787192 0.0298127 -0.615987 -25.1785 0.0336412 0.995268 0.0911605 12.6509 0.61579 -0.0924834 0.782464 235.904
0.827524 0.0230527 -0.560957 -25.42 0.0350127 0.995093 0.0925444 12.7058 0.560337 -0.0962233 0.822656 236.3
0.859224 0.0108515 -0.511485 -25.5656 0.0404065 0.995212 0.0889915 12.7408 0.510002 -0.0971309 0.854672 236.655
0.889226 0.00803227 -0.457397 -25.7758 0.0374147 0.995219 0.0902149 12.7867 0.455935 -0.0973348 0.884675 237.17
0.914257 0.00607042 -0.405089 -25.995 0.0319723 0.995688 0.08708 12.8407 0.403871 -0.0925651 0.910121 237.728
0.934216 0.00554174 -0.356664 -26.0845 0.026268 0.996096 0.0842813 12.8692 0.355739 -0.0881058 0.930423 238.102
0.951153 0.00695066 -0.308642 -26.211 0.018786 0.996591 0.080337 12.9133 0.308148 -0.0822109 0.94778 238.586
0.964731 0.00708769 -0.263144 -26.3133 0.0140908 0.996814 0.0785082 12.95 0.262862 -0.0794472 0.961557 239.049
0.975053 0.00504014 -0.221917 -26.3859 0.0128288 0.996792 0.079006 12.9802 0.221603 -0.079882 0.97186 239.494
0.982803 0.00307417 -0.184632 -26.4841 0.0119443 0.996709 0.0801753 13.0228 0.184271 -0.0810018 0.979532 240.048
0.988174 0.00077208 -0.153332 -26.5744 0.0117596 0.996661 0.0808055 13.0823 0.152882 -0.0816531 0.984865 240.71
0.991922 -0.000232628 -0.126847 -26.6109 0.0106287 0.996634 0.0812869 13.112 0.126401 -0.0819785 0.988586 241.126
0.994222 -0.00414068 -0.107263 -26.6503 0.0128847 0.996634 0.0809555 13.1569 0.106566 -0.0818698 0.990929 241.735
0.995899 -0.00254041 -0.0904335 -26.6837 0.00994357 0.996623 0.0815071 13.1976 0.089921 -0.0820721 0.992562 242.275
0.996963 0.000712557 -0.0778699 -26.7246 0.00566095 0.996649 0.0815967 13.2487 0.0776671 -0.0817897 0.993619 242.941
0.997693 0.00166035 -0.0678722 -26.7813 0.00383934 0.996721 0.0808195 13.2971 0.0677838 -0.0808936 0.994415 243.482
0.998213 0.00272318 -0.0596924 -26.8502 0.00205894 0.9968 0.0799051 13.3502 0.059719 -0.0798853 0.995014 244.162
0.998549 0.000107448 -0.053847 -26.8536 0.00410284 0.996939 0.0780732 13.4022 0.0536905 -0.0781808 0.995492 244.788
0.998746 -0.00100456 -0.0500543 -26.9105 0.00488941 0.996976 0.0775508 13.4516 0.0498251 -0.0776983 0.995731 245.457
0.998904 0.00108187 -0.0468015 -26.9433 0.0025618 0.996972 0.0777237 13.4954 0.0467438 -0.0777584 0.995876 246.085
0.998968 -0.00099665 -0.0454034 -26.9799 0.00457785 0.996877 0.0788398 13.5453 0.045183 -0.0789663 0.995853 246.779
0.99911 0.00322045 -0.0420537 -27.0166 0.000194892 0.996717 0.0809583 13.5947 0.0421764 -0.0808945 0.99583 247.455
0.999102 0.00170052 -0.0423458 -27.0539 0.00183777 0.996516 0.0833782 13.6535 0.0423401 -0.0833812 0.995618 248.185
0.999141 -0.000755155 -0.0414263 -27.0912 0.00422775 0.996473 0.0838026 13.7091 0.0412169 -0.0839058 0.995621 248.922
0.999119 0.00430633 -0.0417415 -27.1939 -0.000850018 0.996593 0.0824692 13.7739 0.0419545 -0.0823611 0.995719 249.723
0.998905 -0.000168076 -0.046779 -27.202 0.00386223 0.996876 0.0788912 13.8296 0.0466196 -0.0789855 0.995785 250.465
0.999041 0.00582692 -0.0433869 -27.294 -0.00263684 0.997312 0.0732238 13.8883 0.0436969 -0.0730392 0.996371 251.277
0.998912 0.00584907 -0.0462639 -27.3511 -0.00263683 0.9976 0.0691915 13.9446 0.0465576 -0.0689943 0.99653 252.024
0.999052 0.00539872 -0.0431962 -27.3924 -0.00237373 0.99756 0.0697763 13.9928 0.0434675 -0.0696076 0.996627 252.759
0.999036 0.00272739 -0.04381 -27.4279 0.000623139 0.997086 0.0762836 14.0444 0.0438904 -0.0762374 0.996123 253.493
0.999094 0.000287653 -0.0425634 -27.4505 0.00335742 0.996329 0.0855425 14.1027 0.0424317 -0.0856079 0.995425 254.27
0.999184 0.00267756 -0.040294 -27.4994 0.000991904 0.995871 0.0907727 14.1508 0.0403707 -0.0907386 0.995056 254.963
0.999076 -0.00333634 -0.0428476 -27.5439 0.0070685 0.996161 0.0872497 14.2464 0.042392 -0.0874719 0.995265 256.045
0.999061 0.000366296 -0.0433242 -27.6147 0.00315496 0.996694 0.0811806 14.3101 0.0432107 -0.0812411 0.995757 256.98
0.998904 -0.00169771 -0.0467788 -27.6342 0.00510138 0.997338 0.072738 14.3867 0.0465308 -0.0728969 0.996253 257.882
0.998967 0.00308489 -0.0453475 -27.693 6.69748e-005 0.997593 0.0693394 14.4385 0.0454523 -0.0692708 0.996562 258.736
0.998776 0.00035964 -0.0494543 -27.7226 0.00299113 0.997704 0.0676642 14.4929 0.0493651 -0.0677293 0.996482 259.553
0.99892 0.00549497 -0.046143 -27.7916 -0.00225684 0.997549 0.0699368 14.5434 0.0464142 -0.0697571 0.996484 260.339
0.998735 0.00507144 -0.0500275 -27.8218 -0.00122367 0.997058 0.0766458 14.5989 0.050269 -0.0764877 0.995803 261.197
0.998905 0.00348253 -0.0466526 -27.8737 0.000405762 0.996543 0.0830781 14.6614 0.0467806 -0.0830061 0.99545 262.064
0.998847 0.00217517 -0.0479614 -27.9135 0.00200208 0.996217 0.0868763 14.7441 0.047969 -0.0868722 0.995064 263.134
0.998998 0.00251899 -0.0446785 -27.9759 0.00127178 0.996413 0.0846149 14.8226 0.0447314 -0.0845869 0.995412 264.148
0.998734 -0.00172376 -0.0502812 -28.0115 0.00576901 0.996744 0.0804189 14.8899 0.0499789 -0.0806071 0.995492 265.038
0.998868 -0.00200066 -0.0475186 -28.0523 0.0056306 0.997063 0.0763795 14.9761 0.0472262 -0.0765606 0.995946 266.06
0.998789 0.00339474 -0.0490911 -28.0806 0.000326694 0.997138 0.0756007 15.0317 0.0492072 -0.0755252 0.995929 267.026
0.998659 0.000612752 -0.051774 -28.1569 0.00329847 0.997146 0.0754249 15.1004 0.0516724 -0.0754945 0.995806 267.979
0.998656 0.00102469 -0.0518113 -28.2039 0.00302975 0.99694 0.0781147 15.164 0.0517328 -0.0781667 0.995597 268.944
0.998459 0.00447526 -0.0553119 -28.2163 8.01519e-005 0.996625 0.0820834 15.211 0.0554926 -0.0819613 0.995089 269.803
0.998244 -0.00251738 -0.0591872 -28.1868 0.00720376 0.996841 0.0790996 15.2747 0.0588011 -0.079387 0.995108 270.73
0.998308 0.00159816 -0.0581307 -28.3239 0.00273425 0.997227 0.0743729 15.3503 0.0580883 -0.074406 0.995535 271.852
0.997947 0.0016926 -0.0640182 -28.3645 0.00269318 0.997657 0.0683601 15.4073 0.0639839 -0.0683922 0.995605 272.788
0.997927 -0.00148972 -0.0643336 -28.473 0.00588044 0.99766 0.0681139 15.4805 0.0640816 -0.068351 0.995601 273.775
0.997703 0.0031694 -0.0676692 -28.4887 0.00156548 0.99756 0.0698035 15.5193 0.0677253 -0.0697491 0.995263 274.656
0.997748 0.00721488 -0.0666811 -28.5683 -0.00229692 0.99729 0.0735377 15.5773 0.067031 -0.073219 0.995061 275.572
0.997528 0.00214638 -0.0702329 -28.6661 0.00338662 0.996903 0.0785668 15.6477 0.0701841 -0.0786104 0.994432 276.56
0.997526 0.00670242 -0.069979 -28.7206 -0.000882198 0.99656 0.0828726 15.7055 0.0702937 -0.0826059 0.9941 277.52
0.997447 0.0090774 -0.0708295 -28.8121 -0.00315696 0.996523 0.0832553 15.7729 0.071339 -0.0828192 0.994008 278.532
0.99743 0.00946333 -0.0710234 -28.913 -0.00358681 0.996592 0.0824162 15.8546 0.0715613 -0.0819496 0.994064 279.579
0.997381 0.00358773 -0.072233 -28.9568 0.0022492 0.996747 0.0805639 15.9108 0.0722871 -0.0805154 0.994129 280.6
0.997463 0.00301101 -0.0711243 -29.0214 0.00247552 0.997034 0.0769262 15.9781 0.071145 -0.0769071 0.994497 281.595
0.997439 0.00346079 -0.071432 -29.0944 0.00179288 0.997304 0.073353 16.0408 0.0714933 -0.0732933 0.994745 282.557
0.997213 -0.00331255 -0.0745347 -29.1482 0.00868144 0.99738 0.0718239 16.0934 0.0741015 -0.0722708 0.994629 283.476
0.99742 0.00386155 -0.0716786 -29.2297 0.00141996 0.997295 0.0734864 16.146 0.0717685 -0.0733986 0.994717 284.39
0.997443 0.00675903 -0.0711422 -29.2992 -0.00128876 0.997057 0.0766586 16.2024 0.0714509 -0.0763709 0.994516 285.315
0.997583 0.0054317 -0.0692732 -29.3868 2.04938e-005 0.996917 0.0784633 16.2727 0.0694858 -0.078275 0.994507 286.283
0.997581 0.00597634 -0.0692514 -29.4671 -0.000463057 0.996846 0.0793565 16.339 0.0695073 -0.0791325 0.994438 287.268
0.99763 0.00666282 -0.0684814 -29.5337 -0.000926327 0.996511 0.0834598 16.4039 0.0687985 -0.0831985 0.994155 288.265
0.997683 0.0046014 -0.0678729 -29.6166 0.00140099 0.996109 0.0881241 16.4946 0.0680143 -0.088015 0.993794 289.385
0.997648 0.00488098 -0.0683708 -29.6839 0.0012027 0.996061 0.0886581 16.5634 0.0685342 -0.0885318 0.993713 290.452
0.997722 0.00815609 -0.0669642 -29.7963 -0.00253783 0.9965 0.0835595 16.6622 0.0674113 -0.0831992 0.99425 291.633
0.99769 0.0119537 -0.0668716 -29.8876 -0.00662701 0.996827 0.0793168 16.7261 0.0676076 -0.0786905 0.994604 292.634
0.997768 0.00941097 -0.0661135 -29.962 -0.00432714 0.997051 0.0766218 16.7996 0.0666396 -0.0761647 0.994866 293.649
0.997859 0.00760084 -0.0649637 -30.0706 -0.002642 0.997098 0.07608 16.8631 0.0653535 -0.0757454 0.994983 294.637
0.997871 0.0111424 -0.064253 -30.1341 -0.00629847 0.997156 0.075104 16.9122 0.0649071 -0.0745395 0.995103 295.576
0.997993 0.00677209 -0.0629533 -30.1978 -0.00199338 0.997131 0.0756638 16.9905 0.0632851 -0.0753865 0.995144 296.558
0.997785 0.0097972 -0.065792 -30.2073 -0.0045058 0.996777 0.0800977 17.0277 0.0663647 -0.0796239 0.994613 297.527
0.997935 0.00139039 -0.0642148 -30.292 0.00375271 0.996796 0.0799021 17.0952 0.0641202 -0.0799781 0.994732 298.406
0.997781 0.00172293 -0.0665571 -30.379 0.0036931 0.996694 0.0811655 17.1707 0.0664769 -0.0812312 0.994476 299.582
0.998019 0.00372768 -0.0628083 -30.4111 0.00131947 0.996784 0.0801255 17.2316 0.062905 -0.0800496 0.994804 300.389
0.998038 0.00512492 -0.0623998 -30.522 -4.33214e-005 0.996701 0.0811664 17.3289 0.0626099 -0.0810045 0.994745 301.634
0.998102 0.00262461 -0.0615219 -30.5234 0.0023545 0.996734 0.0807204 17.4092 0.0615328 -0.0807121 0.994836 302.688
0.99814 0.00468532 -0.0607831 -30.6173 0.000228175 0.996748 0.0805789 17.469 0.0609629 -0.0804429 0.994893 303.631
0.997776 0.00168517 -0.0666306 -30.6736 0.00355648 0.99691 0.0784705 17.5558 0.0665569 -0.078533 0.994687 304.793
0.997972 0.00279441 -0.0635866 -30.7886 0.00237146 0.99671 0.0810214 17.629 0.0636037 -0.0810079 0.994682 305.851
0.997908 -0.000301053 -0.0646453 -30.842 0.00541665 0.996862 0.0789726 17.6999 0.0644187 -0.0791576 0.994779 306.935
0.998091 0.00501737 -0.0615516 -30.9225 -0.000397918 0.997196 0.0748339 17.7721 0.0617545 -0.0746666 0.995295 308.013
0.998021 0.00462613 -0.0627094 -30.998 -0.000134137 0.997444 0.0714476 17.8374 0.0628797 -0.0712978 0.995471 308.979
0.997978 -0.00218734 -0.0635233 -31.0408 0.00690882 0.997219 0.0742027 17.9015 0.0631843 -0.0744915 0.995218 310.046
0.998115 0.00121084 -0.0613675 -31.1108 0.00364474 0.996872 0.0789492 17.9586 0.0612711 -0.0790241 0.994988 310.87
0.998056 0.00250569 -0.0622672 -31.2047 0.0026115 0.996632 0.0819641 18.0422 0.0622629 -0.0819674 0.994688 312.047
0.998104 0.00089375 -0.0615449 -31.2533 0.00425428 0.996502 0.0834649 18.1158 0.0614041 -0.0835685 0.994608 313.08
0.998212 0.00361281 -0.0596565 -31.3245 0.00148674 0.996361 0.0852171 18.1976 0.0597473 -0.0851534 0.994575 314.173
0.998081 0.000339783 -0.0619217 -31.3967 0.00492365 0.996383 0.084829 18.2801 0.0617266 -0.0849711 0.99447 315.277
0.998085 -0.00279442 -0.0617894 -31.4681 0.00794609 0.996494 0.0832869 18.3567 0.0613401 -0.0836184 0.994608 316.4
0.998173 0.00169653 -0.0603932 -31.5666 0.00314622 0.99679 0.0800016 18.4405 0.0603351 -0.0800454 0.994964 317.566
0.997986 -0.00341655 -0.0633492 -31.5901 0.0083749 0.996905 0.0781706 18.5094 0.062886 -0.0785437 0.994925 318.616
0.9982 0.00147627 -0.0599497 -31.6947 0.0033037 0.996825 0.0795556 18.5758 0.0598768 -0.0796105 0.995026 319.679
0.997923 0.0010264 -0.0644109 -31.7214 0.00424357 0.996654 0.0816278 18.6504 0.0642792 -0.0817316 0.994579 320.67
0.997989 -0.002579 -0.0633328 -31.8056 0.00802449 0.996273 0.0858791 18.7173 0.0628753 -0.0862146 0.994291 321.713
0.997904 -0.000345447 -0.0647062 -31.8568 0.00595889 0.996227 0.0865799 18.7959 0.0644321 -0.0867841 0.994141 322.843
0.997793 -0.00104187 -0.0663999 -31.9233 0.0065959 0.996488 0.083481 18.8796 0.0660797 -0.0837347 0.994295 324
0.997785 -0.00365687 -0.0664163 -31.999 0.00891747 0.996828 0.0790837 18.9443 0.0659164 -0.0795009 0.994653 325.051
0.997737 -0.00160212 -0.0672198 -32.0654 0.00682491 0.996966 0.0775397 19.0114 0.0668916 -0.077823 0.994721 326.017
0.997662 0.000578887 -0.068346 -32.123 0.0048085 0.996892 0.0786343 19.0657 0.0681791 -0.078779 0.994558 326.972
0.997615 -0.000192273 -0.0690194 -32.1946 0.00575729 0.996743 0.08044 19.1359 0.0687791 -0.0806455 0.994367 327.941
0.997488 -0.00245614 -0.0707891 -32.2379 0.00838085 0.996471 0.0835202 19.184 0.0703342 -0.0839037 0.993989 328.821
0.997472 -0.000497308 -0.0710541 -32.3139 0.0065766 0.996329 0.0853505 19.2605 0.0707508 -0.085602 0.993814 329.799
0.997442 0.00138654 -0.0714673 -32.377 0.00485542 0.996188 0.0870923 19.3208 0.0713156 -0.0872165 0.993633 330.736
0.99726 -9.81763e-005 -0.073971 -32.4492 0.00639525 0.996369 0.084897 19.3905 0.0736941 -0.0851374 0.99364 331.714
0.997121 -0.00083426 -0.0758177 -32.5032 0.00719075 0.996473 0.0836049 19.4547 0.0754806 -0.0839094 0.993611 332.641
0.997136 0.00301749 -0.0755673 -32.5995 0.00316665 0.996662 0.0815829 19.522 0.0755612 -0.0815886 0.993798 333.575
0.996882 0.00489287 -0.078761 -32.6637 0.00152231 0.996698 0.0811859 19.5823 0.0788981 -0.0810526 0.993582 334.471
0.996967 0.00564316 -0.0776183 -32.7392 0.000700505 0.996676 0.0814599 19.6395 0.07782 -0.0812672 0.99365 335.375
0.996799 0.00401583 -0.079851 -32.8179 0.00258524 0.996597 0.0823925 19.6989 0.0799101 -0.0823352 0.993396 336.252
0.996768 0.00403948 -0.0802272 -32.8949 0.00267913 0.996507 0.083461 19.7606 0.0802841 -0.0834063 0.993276 337.155
0.996738 0.00492264 -0.0805588 -32.9595 0.00174195 0.996594 0.0824508 19.8162 0.0806903 -0.0823221 0.993334 338.025
0.996788 0.00580432 -0.0798767 -33.0234 0.000630569 0.996771 0.0803002 19.8756 0.0800848 -0.0800927 0.993565 338.908
0.996815 0.00337219 -0.0796768 -33.0993 0.00296204 0.996851 0.0792473 19.9265 0.0796931 -0.0792309 0.993666 339.765
0.996914 0.00449323 -0.0783675 -33.1717 0.00175869 0.996831 0.0795261 19.9855 0.0784765 -0.0794185 0.993748 340.604
0.99705 0.00390261 -0.0766609 -33.2391 0.00228254 0.996758 0.080429 20.0304 0.0767262 -0.0803667 0.993808 341.365
0.997297 0.00425637 -0.0733511 -33.3257 0.00178759 0.99662 0.0821357 20.074 0.0734527 -0.0820448 0.993918 342.184
0.997287 0.000353893 -0.073609 -33.3499 0.0056848 0.996632 0.0818116 20.1231 0.07339 -0.0820081 0.993926 342.94
0.997447 -0.00199808 -0.0713812 -33.3982 0.00791205 0.996546 0.0826643 20.1707 0.0709694 -0.0830181 0.994018 343.744
0.997569 0.00067271 -0.0696834 -33.4751 0.0052451 0.996392 0.0847064 20.2152 0.069489 -0.084866 0.993966 344.526
