1 -8.22789e-007 -0.00085052 -0.0332714 -8.22789e-007 0.999998 -0.00193479 -0.0106501 0.00085052 0.00193479 0.999998 0.665833
0.99999 -8.02502e-006 -0.00448179 -0.0572275 -8.02502e-006 0.999994 -0.00358114 -0.011952 0.00448179 0.00358114 0.999984 1.32848
0.999968 -1.44594e-005 -0.00797551 -0.0719505 -1.44594e-005 0.999993 -0.00362588 -0.0435435 0.00797551 0.00362588 0.999962 2.00814
0.999939 -2.27065e-005 -0.0110594 -0.116497 -2.27065e-005 0.999992 -0.00410615 -0.0492159 0.0110594 0.00410615 0.99993 2.67761
0.99986 -3.48606e-005 -0.0167087 -0.103647 -3.48606e-005 0.999991 -0.00417243 -0.0635818 0.0167087 0.00417243 0.999852 3.51312
0.99982 -5.09515e-005 -0.0189842 -0.177412 -5.09515e-005 0.999986 -0.00536727 -0.0685806 0.0189842 0.00536727 0.999805 4.21295
0.999704 -7.13338e-005 -0.024336 -0.183048 -7.13338e-005 0.999983 -0.00586149 -0.0807457 0.024336 0.00586149 0.999687 5.04755
0.999582 -5.89225e-005 -0.0289199 -0.207348 -5.89225e-005 0.999992 -0.00407401 -0.0887312 0.0289199 0.00407401 0.999573 5.73853
0.999425 -3.7665e-005 -0.0339157 -0.214262 -3.7665e-005 0.999998 -0.00222045 -0.0866017 0.0339157 0.00222045 0.999422 6.50942
0.999326 9.66105e-006 -0.0367085 -0.259725 9.66105e-006 1 0.000526189 -0.0955931 0.0367085 -0.000526189 0.999326 7.28351
0.999233 -3.82505e-006 -0.0391531 -0.294046 -3.82505e-006 1 -0.000195314 -0.0989236 0.0391531 0.000195314 0.999233 8.06053
0.999189 -5.27866e-006 -0.0402756 -0.350385 -5.27866e-006 1 -0.000262021 -0.107091 0.0402756 0.000262021 0.999189 8.88155
0.999062 -2.01898e-005 -0.0433062 -0.365789 -2.01898e-005 1 -0.000931986 -0.113536 0.0433062 0.000931986 0.999061 9.67404
0.999017 2.72695e-007 -0.0443293 -0.416426 2.72695e-007 1 1.22971e-005 -0.123711 0.0443293 -1.22971e-005 0.999017 10.5089
0.998868 -2.16218e-006 -0.0475619 -0.449628 -2.16218e-006 1 -9.08693e-005 -0.128401 0.0475619 9.08693e-005 0.998868 11.3542
0.998878 -4.58939e-005 -0.0473671 -0.483405 -4.58939e-005 0.999998 -0.00193671 -0.144776 0.0473671 0.00193671 0.998876 12.1461
0.998865 -0.000109356 -0.0476397 -0.555746 -0.000109356 0.999989 -0.00458832 -0.148357 0.0476397 0.00458832 0.998854 12.9285
0.998804 -0.000147966 -0.0488982 -0.59149 -0.000147966 0.999982 -0.00604831 -0.157163 0.0488982 0.00604831 0.998785 13.7368
0.998704 -0.000140279 -0.0508969 -0.626547 -0.000140279 0.999985 -0.00550867 -0.166324 0.0508969 0.00550867 0.998689 14.5598
0.998617 -0.000111768 -0.0525689 -0.639015 -0.000111768 0.999991 -0.0042493 -0.183547 0.0525689 0.0042493 0.998608 15.3158
0.998523 -6.42896e-005 -0.0543339 -0.678752 -6.42896e-005 0.999997 -0.00236471 -0.197446 0.0543339 0.00236471 0.99852 16.1355
0.99855 -7.37581e-005 -0.0538263 -0.758419 -7.37581e-005 0.999996 -0.00273861 -0.211145 0.0538263 0.00273861 0.998547 17.0052
0.998345 -7.67031e-005 -0.0575061 -0.753817 -7.67031e-005 0.999996 -0.00266544 -0.228066 0.0575061 0.00266544 0.998342 17.8316
0.998368 -0.000116967 -0.0571071 -0.818767 -0.000116967 0.999992 -0.00409306 -0.241043 0.0571071 0.00409306 0.99836 18.6066
0.998231 -5.68849e-005 -0.059458 -0.815925 -5.68849e-005 0.999998 -0.00191175 -0.258337 0.059458 0.00191175 0.998229 19.4209
0.998341 2.55214e-005 -0.0575793 -0.942614 2.55214e-005 1 0.000885743 -0.247526 0.0575793 -0.000885743 0.998341 20.3482
0.998285 0.000155175 -0.0585493 -0.936793 0.000155175 0.999986 0.00529607 -0.275856 0.0585493 -0.00529607 0.99827 21.1581
0.998454 0.000217513 -0.0555824 -0.994294 0.000217513 0.999969 0.00782052 -0.275272 0.0555824 -0.00782052 0.998423 22.0444
0.998467 0.000240392 -0.0553452 -1.03388 0.000240392 0.999962 0.00868016 -0.277021 0.0553452 -0.00868016 0.99843 22.991
0.998498 0.000160356 -0.0547908 -1.05195 0.000160356 0.999983 0.00584895 -0.286913 0.0547908 -0.00584895 0.998481 23.8422
0.998642 3.12497e-005 -0.0521005 -1.14585 3.12497e-005 0.999999 0.00119878 -0.28837 0.0521005 -0.00119878 0.998641 24.8151
0.99873 -5.25612e-005 -0.0503915 -1.20328 -5.25612e-005 0.999998 -0.00208478 -0.29014 0.0503915 0.00208478 0.998727 25.7396
0.998709 -2.47079e-005 -0.0508061 -1.22533 -2.47079e-005 1 -0.000972007 -0.310371 0.0508061 0.000972007 0.998708 26.6238
0.998717 9.49651e-005 -0.0506422 -1.28662 9.49651e-005 0.999993 0.00374802 -0.309525 0.0506422 -0.00374802 0.99871 27.5735
0.998677 0.00017896 -0.0514131 -1.32614 0.00017896 0.999976 0.00695697 -0.32276 0.0514131 -0.00695697 0.998653 28.4686
0.998612 0.000154973 -0.052663 -1.37706 0.000154973 0.999983 0.00588133 -0.32443 0.052663 -0.00588133 0.998595 29.4217
0.998203 8.51533e-005 -0.0599275 -1.27324 8.51533e-005 0.999996 0.00283932 -0.29809 0.0599275 -0.00283932 0.998199 30.2478
0.998508 -4.57703e-005 -0.0545989 -1.49662 -4.57703e-005 0.999999 -0.00167535 -0.340964 0.0545989 0.00167535 0.998507 31.3158
0.997937 -5.68552e-005 -0.0641956 -1.37495 -5.68552e-005 0.999998 -0.00176948 -0.319493 0.0641956 0.00176948 0.997936 32.032
0.998157 -2.06821e-005 -0.0606889 -1.53685 -2.06821e-005 1 -0.00068095 -0.342497 0.0606889 0.00068095 0.998156 32.9731
0.997971 8.3421e-005 -0.0636646 -1.53523 8.3421e-005 0.999997 0.00261798 -0.338377 0.0636646 -0.00261798 0.997968 33.783
0.99801 0.000117046 -0.0630532 -1.63923 0.000117046 0.999993 0.0037089 -0.349146 0.0630532 -0.0037089 0.998003 34.7398
0.997936 0.000208985 -0.0642144 -1.6994 0.000208985 0.999979 0.00650219 -0.355913 0.0642144 -0.00650219 0.997915 35.6543
0.997972 0.000301436 -0.063647 -1.77015 0.000301436 0.999955 0.0094623 -0.3611 0.063647 -0.0094623 0.997928 36.5883
0.997923 0.000389339 -0.0644184 -1.84515 0.000389339 0.999927 0.0120748 -0.362667 0.0644184 -0.0120748 0.99785 37.5602
0.998023 0.000373841 -0.0628519 -1.93165 0.000373841 0.999929 0.0118838 -0.370622 0.0628519 -0.0118838 0.997952 38.5074
0.997893 0.00031481 -0.0648779 -1.96657 0.00031481 0.999953 0.00969426 -0.374183 0.0648779 -0.00969426 0.997846 39.6433
0.997999 0.000261406 -0.0632329 -2.07654 0.000261406 0.999966 0.00825962 -0.379171 0.0632329 -0.00825962 0.997965 40.617
0.997709 0.000247058 -0.0676461 -2.10829 0.000247058 0.999973 0.00729597 -0.378464 0.0676461 -0.00729597 0.997683 41.73
0.997846 0.000300254 -0.0656043 -2.21245 0.000300254 0.999958 0.00914343 -0.389339 0.0656043 -0.00914343 0.997804 42.6159
0.997422 0.000322128 -0.0717517 -2.21786 0.000322128 0.99996 0.0089672 -0.382311 0.0717517 -0.0089672 0.997382 43.6751
0.997565 0.000211941 -0.0697355 -2.33132 0.000211941 0.999982 0.00607097 -0.389059 0.0697355 -0.00607097 0.997547 44.6149
0.997302 5.56912e-005 -0.0734143 -2.36113 5.56912e-005 0.999999 0.00151513 -0.40048 0.0734143 -0.00151513 0.9973 45.591
0.997501 4.34913e-005 -0.0706532 -2.49397 4.34913e-005 0.999999 0.00122958 -0.405226 0.0706532 -0.00122958 0.9975 46.5706
0.997243 0.000148357 -0.0741991 -2.496 0.000148357 0.999992 0.00399336 -0.425473 0.0741991 -0.00399336 0.997235 47.3433
0.997342 0.000255367 -0.0728676 -2.58752 0.000255367 0.999975 0.00699968 -0.422245 0.0728676 -0.00699968 0.997317 48.229
0.997232 0.000283589 -0.0743464 -2.62507 0.000283589 0.999971 0.00761818 -0.442956 0.0743464 -0.00761818 0.997203 49.1306
0.997312 0.000236399 -0.0732671 -2.71195 0.000236399 0.999979 0.00644433 -0.45308 0.0732671 -0.00644433 0.997292 50.024
0.997324 0.000182014 -0.073108 -2.77759 0.000182014 0.999988 0.00497262 -0.469191 0.073108 -0.00497262 0.997312 50.9317
0.997138 0.000218126 -0.0756073 -2.8128 0.000218126 0.999983 0.00576166 -0.470669 0.0756073 -0.00576166 0.997121 51.8023
0.997212 0.000370558 -0.0746212 -2.89086 0.000370558 0.999951 0.00991762 -0.493679 0.0746212 -0.00991762 0.997163 52.6773
0.997126 0.000559766 -0.0757545 -2.95049 0.000559766 0.999891 0.0147564 -0.498006 0.0757545 -0.0147564 0.997017 53.5737
0.997015 0.000645821 -0.0772018 -3.01298 0.000645821 0.99986 0.0167046 -0.499186 0.0772018 -0.0167046 0.996876 54.5363
0.996912 0.000508839 -0.0785263 -3.09795 0.000508839 0.999916 0.0129392 -0.49981 0.0785263 -0.0129392 0.996828 55.4969
0.996818 0.000222355 -0.0797065 -3.18477 0.000222355 0.999984 0.00557044 -0.509094 0.0797065 -0.00557044 0.996803 56.4642
0.996787 2.73262e-005 -0.0800934 -3.28388 2.73262e-005 1 0.000681262 -0.504103 0.0800934 -0.000681262 0.996787 57.4164
0.996604 8.16016e-005 -0.0823419 -3.32618 8.16016e-005 0.999998 0.00197865 -0.525883 0.0823419 -0.00197865 0.996602 58.2297
0.996716 0.000186384 -0.0809823 -3.48985 0.000186384 0.999989 0.00459551 -0.523054 0.0809823 -0.00459551 0.996705 59.2105
0.996505 0.000259442 -0.083536 -3.49322 0.000259442 0.999981 0.00620058 -0.552282 0.083536 -0.00620058 0.996485 59.9862
0.996462 0.00026147 -0.0840386 -3.62313 0.00026147 0.999981 0.00621155 -0.54383 0.0840386 -0.00621155 0.996443 60.8614
0.996352 0.000304892 -0.0853358 -3.70936 0.000304892 0.999975 0.00713257 -0.55788 0.0853358 -0.00713257 0.996327 61.709
0.996177 0.000324119 -0.0873589 -3.77851 0.000324119 0.999973 0.00740612 -0.559213 0.0873589 -0.00740612 0.996149 62.5369
0.996072 0.000356574 -0.0885445 -3.85996 0.000356574 0.999968 0.00803817 -0.572654 0.0885445 -0.00803817 0.99604 63.3808
0.995936 0.000433221 -0.0900614 -3.91733 0.000433221 0.999954 0.00960081 -0.588922 0.0900614 -0.00960081 0.99589 64.1711
0.995668 0.000533447 -0.0929763 -3.9894 0.000533447 0.999934 0.0114497 -0.582851 0.0929763 -0.0114497 0.995602 64.9705
0.995756 0.000755007 -0.092026 -4.08605 0.000755007 0.999866 0.0163726 -0.595764 0.092026 -0.0163726 0.995622 65.7914
0.995475 0.000831883 -0.095024 -4.16995 0.000831883 0.999847 0.0174679 -0.58155 0.095024 -0.0174679 0.995322 66.6049
0.995616 0.000642805 -0.0935326 -4.29945 0.000642805 0.999906 0.0137143 -0.584894 0.0935326 -0.0137143 0.995522 67.428
0.995187 0.000339732 -0.0979904 -4.31798 0.000339732 0.999976 0.00691721 -0.606321 0.0979904 -0.00691721 0.995163 68.1297
0.994749 -6.62533e-005 -0.102349 -4.37383 -6.62533e-005 0.999999 -0.00129125 -0.600581 0.102349 0.00129125 0.994748 68.9917
0.994749 -6.62533e-005 -0.102349 -4.42968 -6.62533e-005 0.999999 -0.00129125 -0.59484 0.102349 0.00129125 0.994748 69.8538
0.994795 6.40717e-005 -0.101897 -4.55462 6.40717e-005 0.999999 0.0012543 -0.573391 0.101897 -0.0012543 0.994794 70.429
0.994533 0.000207599 -0.10442 -4.59703 0.000207599 0.999992 0.00396533 -0.60466 0.10442 -0.00396533 0.994525 71.2351
0.994773 -4.74513e-005 -0.102109 -4.75257 -4.74513e-005 1 -0.000926999 -0.585098 0.102109 0.000926999 0.994773 71.7973
0.994453 -0.000302356 -0.105178 -4.71744 -0.000302356 0.999984 -0.00573341 -0.633806 0.105178 0.00573341 0.994437 72.5647
0.994856 -0.000595749 -0.101293 -4.84337 -0.000595749 0.999931 -0.0117322 -0.616893 0.101293 0.0117322 0.994787 72.9978
0.994851 -0.000566887 -0.10135 -4.83545 -0.000566887 0.999938 -0.0111576 -0.650605 0.10135 0.0111576 0.994788 73.7332
0.995377 -0.000425165 -0.0960481 -4.92488 -0.000425165 0.999961 -0.00883253 -0.632135 0.0960481 0.00883253 0.995338 74.0696
0.995824 -0.000271309 -0.0912908 -4.96406 -0.000271309 0.999982 -0.00593139 -0.647448 0.0912908 0.00593139 0.995807 74.6392
0.996409 -9.27305e-005 -0.0846682 -5.02535 -9.27305e-005 0.999998 -0.00218651 -0.65372 0.0846682 0.00218651 0.996407 75.1092
0.996928 4.82131e-005 -0.0783245 -5.01704 4.82131e-005 0.999999 0.00122922 -0.676979 0.0783245 -0.00122922 0.996927 75.6866
0.997854 3.52912e-005 -0.0654779 -5.08514 3.52912e-005 0.999999 0.0010768 -0.670368 0.0654779 -0.0010768 0.997853 76.0063
0.998659 2.63302e-005 -0.0517658 -5.09199 2.63302e-005 0.999999 0.0010166 -0.682156 0.0517658 -0.0010166 0.998659 76.5731
0.999466 2.9054e-005 -0.0326832 -5.11915 2.9054e-005 0.999998 0.00177744 -0.683503 0.0326832 -0.00177744 0.999464 77.0184
0.999937 1.42921e-005 -0.0112049 -5.10396 1.42921e-005 0.999997 0.00255094 -0.689881 0.0112049 -0.00255094 0.999934 77.5009
0.999892 -2.98247e-005 0.0147183 -5.07191 -2.98247e-005 0.999992 0.0040525 -0.701672 -0.0147183 -0.0040525 0.999883 77.9601
0.999001 -0.000128313 0.0446767 -5.0453 -0.000128313 0.999984 0.00574118 -0.702655 -0.0446767 -0.00574118 0.998985 78.4367
0.997095 -0.000301547 0.0761625 -4.96439 -0.000301547 0.999969 0.00790688 -0.717436 -0.0761625 -0.00790688 0.997064 78.9058
0.993394 -0.000482691 0.114754 -4.90704 -0.000482691 0.999965 0.0083847 -0.715727 -0.114754 -0.0083847 0.993359 79.3649
0.98775 -0.000712946 0.156042 -4.79511 -0.000712946 0.999959 0.00908173 -0.725721 -0.156042 -0.00908173 0.987709 79.836
0.979179 -0.000897534 0.202997 -4.7285 -0.000897534 0.999961 0.00875062 -0.725024 -0.202997 -0.00875062 0.97914 80.2287
0.968372 -0.00100499 0.24951 -4.52992 -0.00100499 0.999968 0.00792818 -0.739624 -0.24951 -0.00792818 0.96834 80.7049
0.952763 -0.000647909 0.303713 -4.40245 -0.000647909 0.999991 0.0041658 -0.733423 -0.303713 -0.0041658 0.952754 81.075
0.933295 -0.000859102 0.359109 -4.18968 -0.000859102 0.999989 0.00462503 -0.753847 -0.359109 -0.00462503 0.933284 81.4958
0.909196 -0.000298288 0.416369 -4.00616 -0.000298288 0.999999 0.00136775 -0.735525 -0.416369 -0.00136775 0.909195 81.82
0.880468 -0.000609848 0.474104 -3.7511 -0.000609848 0.999997 0.00241887 -0.756516 -0.474104 -0.00241887 0.880465 82.2069
0.847675 -1.15257e-005 0.530516 -3.52099 -1.15257e-005 1 4.01416e-005 -0.737701 -0.530516 -4.01416e-005 0.847675 82.4726
0.811085 -0.000877889 0.584927 -3.23205 -0.000877889 0.999996 0.00271816 -0.771067 -0.584927 -0.00271816 0.811081 82.812
0.772788 -0.000543086 0.634664 -2.95039 -0.000543086 0.999999 0.00151699 -0.745248 -0.634664 -0.00151699 0.772787 83.0356
0.730312 -0.00148314 0.683112 -2.63462 -0.00148314 0.999992 0.00375675 -0.758113 -0.683112 -0.00375675 0.730304 83.3241
0.68592 -0.00178837 0.727674 -2.33038 -0.00178837 0.99999 0.00414337 -0.759119 -0.727674 -0.00414337 0.68591 83.5365
0.639511 -0.00270074 0.768777 -1.99429 -0.00270074 0.99998 0.0057596 -0.765341 -0.768777 -0.0057596 0.639491 83.7624
0.595768 -0.00495757 0.803142 -1.63661 -0.00495757 0.999939 0.00984986 -0.766388 -0.803142 -0.00984986 0.595707 83.9174
0.548512 -0.00454187 0.83613 -1.29414 -0.00454187 0.999954 0.00841129 -0.782544 -0.83613 -0.00841129 0.548466 84.1145
0.502533 -0.00221776 0.864555 -0.893506 -0.00221776 0.99999 0.00385428 -0.774665 -0.864555 -0.00385428 0.502523 84.2901
0.455277 -0.000838512 0.890349 -0.480923 -0.000838512 0.999999 0.00137055 -0.787091 -0.890349 -0.00137055 0.455276 84.4928
0.416604 -0.00656234 0.909064 -0.142834 -0.00656234 0.999926 0.0102256 -0.787434 -0.909064 -0.0102256 0.416531 84.5398
0.376342 -0.0158281 0.926346 0.254888 -0.0158281 0.999598 0.0235102 -0.784079 -0.926346 -0.0235102 0.37594 84.6671
0.342014 -0.0197435 0.939487 0.640919 -0.0197435 0.999408 0.0281903 -0.781287 -0.939487 -0.0281903 0.341422 84.7504
0.308873 -0.0173652 0.950945 1.0535 -0.0173652 0.999564 0.0238933 -0.779947 -0.950945 -0.0238933 0.308436 84.8654
0.277479 -0.00862221 0.960693 1.47053 -0.00862221 0.999897 0.0114644 -0.779482 -0.960693 -0.0114644 0.277376 84.984
0.249712 -0.00486623 0.968308 1.8867 -0.00486623 0.999968 0.00628027 -0.786156 -0.968308 -0.00628027 0.24968 85.078
0.22399 -0.00463785 0.97458 2.30559 -0.00463785 0.999972 0.00582461 -0.798388 -0.97458 -0.00582461 0.223963 85.1539
0.201343 -0.0107766 0.979462 2.70082 -0.0107766 0.999855 0.0132163 -0.80266 -0.979462 -0.0132163 0.201197 85.1958
0.181295 -0.0148675 0.983316 3.10557 -0.0148675 0.99973 0.0178569 -0.790671 -0.983316 -0.0178569 0.181025 85.2485
0.162134 -0.0162635 0.986635 3.53502 -0.0162635 0.999684 0.0191512 -0.775377 -0.986635 -0.0191512 0.161818 85.2985
0.144458 -0.0139781 0.989412 3.93966 -0.0139781 0.999772 0.0161653 -0.769643 -0.989412 -0.0161653 0.14423 85.3558
0.128991 -0.0121901 0.991571 4.34982 -0.0121901 0.999829 0.0138774 -0.771747 -0.991571 -0.0138774 0.12882 85.4047
0.114407 -0.0124521 0.993356 4.77405 -0.0124521 0.999825 0.0139674 -0.768111 -0.993356 -0.0139674 0.114231 85.4475
0.101277 -0.0147444 0.994749 5.21672 -0.0147444 0.999758 0.0163198 -0.767802 -0.994749 -0.0163198 0.101035 85.4797
0.0895856 -0.0179774 0.995817 5.67944 -0.0179774 0.999645 0.0196638 -0.76588 -0.995817 -0.0196638 0.0892306 85.5152
0.0795869 -0.0205215 0.996617 6.13654 -0.0205215 0.999542 0.0222206 -0.762559 -0.996617 -0.0222206 0.0791293 85.5416
0.0714008 -0.022222 0.9972 6.61942 -0.022222 0.999468 0.0238637 -0.756354 -0.9972 -0.0238637 0.070869 85.5756
0.0650974 -0.0240885 0.997588 7.13429 -0.0240885 0.999379 0.0257037 -0.747074 -0.997588 -0.0257037 0.0644768 85.6083
0.0592853 -0.0235665 0.997963 7.63825 -0.0235665 0.99941 0.0250007 -0.738432 -0.997963 -0.0250007 0.0586949 85.6441
0.0540305 -0.0248803 0.998229 8.17408 -0.0248803 0.999346 0.0262548 -0.726091 -0.998229 -0.0262548 0.0533762 85.6657
0.0480146 -0.0243755 0.998549 8.67705 -0.0243755 0.999376 0.0255678 -0.728368 -0.998549 -0.0255678 0.0473905 85.7115
0.0461712 -0.0274613 0.998556 9.28485 -0.0274613 0.999209 0.028749 -0.707836 -0.998556 -0.028749 0.0453805 85.7183
0.0427099 -0.0273509 0.998713 9.84541 -0.0273509 0.999219 0.0285344 -0.702045 -0.998713 -0.0285344 0.0419285 85.7473
0.0405339 -0.034236 0.998591 10.4489 -0.034236 0.998778 0.0356321 -0.685032 -0.998591 -0.0356321 0.0393123 85.7571
0.0409361 -0.0354024 0.998534 11.0466 -0.0354024 0.998693 0.0368594 -0.670199 -0.998534 -0.0368594 0.0396293 85.7758
0.0417766 -0.0381749 0.998397 11.6621 -0.0381749 0.998479 0.0397754 -0.652315 -0.998397 -0.0397754 0.0402558 85.7972
0.0441453 -0.0387076 0.998275 12.3056 -0.0387076 0.998433 0.0404254 -0.625347 -0.998275 -0.0404254 0.0425778 85.8291
0.0480582 -0.0414686 0.997983 12.8898 -0.0414686 0.998194 0.0434742 -0.624985 -0.997983 -0.0434742 0.0462518 85.8694
0.0537903 -0.0426867 0.997639 13.5412 -0.0426867 0.998074 0.0450068 -0.592137 -0.997639 -0.0450068 0.0518646 85.8758
0.0568257 -0.042487 0.99748 14.1839 -0.042487 0.998086 0.0449332 -0.5675 -0.99748 -0.0449332 0.0549118 85.929
0.0605034 -0.0427645 0.997251 14.8401 -0.0427645 0.998053 0.0453934 -0.539325 -0.997251 -0.0453934 0.0585568 85.9684
0.0648369 -0.0411748 0.997046 15.4759 -0.0411748 0.998187 0.0438995 -0.490693 -0.997046 -0.0438995 0.063024 86.0068
0.0686511 -0.0401789 0.996831 16.1746 -0.0401789 0.998267 0.0430038 -0.469956 -0.996831 -0.0430038 0.0669177 86.0588
0.0724835 -0.0369147 0.996686 16.8628 -0.0369147 0.998531 0.0396676 -0.441589 -0.996686 -0.0396676 0.0710143 86.1222
0.0765705 -0.0349406 0.996452 17.61 -0.0349406 0.998678 0.0377036 -0.425341 -0.996452 -0.0377036 0.0752484 86.1698
0.076729 -0.0285201 0.996644 18.3027 -0.0285201 0.999119 0.0307866 -0.399209 -0.996644 -0.0307866 0.075848 86.2484
0.077377 -0.0266705 0.996645 19.0253 -0.0266705 0.999229 0.0288103 -0.381117 -0.996645 -0.0288103 0.076606 86.2957
0.0765045 -0.0255816 0.996741 19.7444 -0.0255816 0.999291 0.0276106 -0.374611 -0.996741 -0.0276106 0.0757959 86.3548
0.077739 -0.0233436 0.9967 20.4631 -0.0233436 0.999409 0.0252278 -0.356189 -0.9967 -0.0252278 0.0771481 86.4063
0.0767625 -0.0242121 0.996755 21.1909 -0.0242121 0.999365 0.0261402 -0.352578 -0.996755 -0.0261402 0.0761276 86.4696
0.0777031 -0.0229385 0.996713 21.9181 -0.0229385 0.999429 0.0247893 -0.333115 -0.996713 -0.0247893 0.0771326 86.5303
0.0771323 -0.020987 0.9968 22.6901 -0.020987 0.999523 0.0226683 -0.330073 -0.9968 -0.0226683 0.076655 86.6072
0.0776638 -0.0164299 0.996844 23.4122 -0.0164299 0.999707 0.0177571 -0.33092 -0.996844 -0.0177571 0.0773711 86.6614
0.0758125 -0.013231 0.997034 24.1642 -0.013231 0.999811 0.0142739 -0.325724 -0.997034 -0.0142739 0.0756231 86.7342
0.073429 -0.0126464 0.99722 24.9321 -0.0126464 0.999827 0.0136107 -0.322166 -0.99722 -0.0136107 0.0732563 86.7946
0.0679822 -0.00859416 0.99765 25.663 -0.00859416 0.999921 0.00919935 -0.322609 -0.99765 -0.00919935 0.067903 86.8594
0.0627638 -0.00606585 0.99801 26.4278 -0.00606585 0.999961 0.00645918 -0.320568 -0.99801 -0.00645918 0.0627246 86.9245
0.05657 -0.00295854 0.998394 27.1697 -0.00295854 0.999991 0.0031309 -0.333392 -0.998394 -0.0031309 0.0565608 86.9621
0.048765 -0.00332995 0.998805 27.9521 -0.00332995 0.999988 0.00349647 -0.334873 -0.998805 -0.00349647 0.0487534 87.0126
0.0406765 -0.00212856 0.99917 28.7108 -0.00212856 0.999995 0.00221697 -0.358783 -0.99917 -0.00221697 0.0406718 87.0287
0.0299666 -0.00199204 0.999549 29.4957 -0.00199204 0.999996 0.00205265 -0.35826 -0.999549 -0.00205265 0.0299625 87.0707
0.0200016 -0.00336182 0.999794 30.2682 -0.00336182 0.999988 0.00342973 -0.370695 -0.999794 -0.00342973 0.01999 87.0769
0.00870011 -0.00163812 0.999961 31.0763 -0.00163812 0.999997 0.00165243 -0.375883 -0.999961 -0.00165243 0.0086974 87.1012
-0.00211665 -0.00334359 0.999992 31.8927 -0.00334359 0.999989 0.0033365 -0.389884 -0.999992 -0.0033365 -0.00212781 87.0938
-0.0137852 -0.00243494 0.999902 32.7577 -0.00243494 0.999994 0.00240159 -0.391927 -0.999902 -0.00240159 -0.013791 87.0953
-0.0246488 -0.00287205 0.999692 33.5048 -0.00287205 0.999992 0.0028021 -0.403055 -0.999692 -0.0028021 -0.0246568 87.0764
-0.0352094 -0.00203376 0.999378 34.2847 -0.00203376 0.999996 0.00196336 -0.415086 -0.999378 -0.00196336 -0.0352134 87.0442
-0.045554 -0.00256326 0.998959 35.0715 -0.00256326 0.999994 0.00244903 -0.429703 -0.998959 -0.00244903 -0.0455603 87.007
-0.0552302 -0.00395435 0.998466 35.8126 -0.00395435 0.999985 0.00374163 -0.423622 -0.998466 -0.00374163 -0.055245 86.9662
-0.0644212 -0.00363825 0.997916 36.5721 -0.00363825 0.999988 0.00341094 -0.447958 -0.997916 -0.00341094 -0.0644337 86.905
-0.0741663 -0.00532018 0.997232 37.3229 -0.00532018 0.999974 0.00493913 -0.443858 -0.997232 -0.00493913 -0.0741927 86.8557
-0.0828243 -0.0058669 0.996547 38.046 -0.0058669 0.999968 0.00539944 -0.451772 -0.996547 -0.00539944 -0.0828561 86.7979
-0.0900931 -0.00724748 0.995907 38.9937 -0.00724748 0.999952 0.00662129 -0.466337 -0.995907 -0.00662129 -0.0901413 86.6992
-0.0956593 -0.009524 0.995369 39.5715 -0.009524 0.999917 0.00865222 -0.46981 -0.995369 -0.00865222 -0.0957421 86.6549
-0.0970105 -0.0181101 0.995119 40.4189 -0.0181101 0.999701 0.016428 -0.461862 -0.995119 -0.016428 -0.0973094 86.5377
-0.101635 -0.0131402 0.994735 41.1044 -0.0131402 0.999843 0.0118651 -0.489425 -0.994735 -0.0118651 -0.101792 86.4729
-0.0994355 -0.0247882 0.994735 41.9525 -0.0247882 0.999441 0.0224276 -0.478415 -0.994735 -0.0224276 -0.0999944 86.3578
-0.104732 -0.0133044 0.994412 42.5933 -0.0133044 0.99984 0.0119758 -0.506693 -0.994412 -0.0119758 -0.104892 86.3154
-0.0974193 -0.0256018 0.994914 43.425 -0.0256018 0.999403 0.0232104 -0.496302 -0.994914 -0.0232104 -0.0980165 86.1697
-0.0976835 -0.0168632 0.995075 44.0703 -0.0168632 0.999741 0.0152869 -0.523446 -0.995075 -0.0152869 -0.0979426 86.1135
-0.0880219 -0.0292663 0.995689 44.7548 -0.0292663 0.999213 0.0267826 -0.485002 -0.995689 -0.0267826 -0.0888091 86.0271
-0.0844388 -0.0173273 0.996278 45.4349 -0.0173273 0.999723 0.0159187 -0.529832 -0.996278 -0.0159187 -0.0847156 86.0022
-0.0685018 -0.0278871 0.997261 46.0977 -0.0278871 0.999272 0.0260278 -0.467825 -0.997261 -0.0260278 -0.0692296 85.9408
-0.0600014 -0.0148611 0.998088 46.6812 -0.0148611 0.999792 0.0139931 -0.539644 -0.998088 -0.0139931 -0.0602097 85.9537
-0.0379673 -0.0256849 0.998949 47.2654 -0.0256849 0.999364 0.0247193 -0.469672 -0.998949 -0.0247193 -0.0386029 85.9224
-0.0213371 -0.0116084 0.999705 47.7915 -0.0116084 0.999868 0.0113625 -0.557002 -0.999705 -0.0113625 -0.0214691 85.9394
0.00843921 -0.0221265 0.99972 48.3702 -0.0221265 0.999506 0.0223086 -0.464046 -0.99972 -0.0223086 0.00794546 85.9407
0.0308943 -0.00889214 0.999483 48.8668 -0.00889214 0.999918 0.00917087 -0.56191 -0.999483 -0.00917087 0.0308127 86.0069
0.0697958 -0.0194578 0.997372 49.4031 -0.0194578 0.999593 0.0208627 -0.460084 -0.997372 -0.0208627 0.0693888 86.0314
0.104301 -0.0142973 0.994443 49.8904 -0.0142973 0.999772 0.0158735 -0.509152 -0.994443 -0.0158735 0.104073 86.1235
0.148696 -0.0178989 0.988721 50.3799 -0.0178989 0.999624 0.0207881 -0.450904 -0.988721 -0.0207881 0.14832 86.2094
0.19232 -0.0125333 0.981252 50.883 -0.0125333 0.999806 0.0152268 -0.471581 -0.981252 -0.0152268 0.192125 86.348
0.239936 -0.0105963 0.970731 51.3711 -0.0105963 0.999852 0.0135333 -0.454598 -0.970731 -0.0135333 0.239788 86.5109
0.290987 -0.00783349 0.956695 51.8606 -0.00783349 0.999913 0.01057 -0.454464 -0.956695 -0.01057 0.290901 86.6975
0.3458 -0.00960336 0.938259 52.3452 -0.00960336 0.999859 0.0137732 -0.438548 -0.938259 -0.0137732 0.345659 86.8975
0.409106 -0.00342615 0.912481 52.8313 -0.00342615 0.99998 0.00529079 -0.449904 -0.912481 -0.00529079 0.409086 87.1041
0.524426 -0.0041099 0.851446 53.2993 -0.0041099 0.999964 0.00735818 -0.456906 -0.851446 -0.00735818 0.524391 87.4357
0.524426 -0.0041099 0.851446 53.7673 -0.0041099 0.999964 0.00735818 -0.463907 -0.851446 -0.00735818 0.524391 87.7672
0.631578 -0.000893312 0.775312 54.0829 -0.000893312 0.999998 0.0018799 -0.454179 -0.775312 -0.0018799 0.631576 88.1234
0.631578 -0.000893312 0.775312 54.3986 -0.000893312 0.999998 0.0018799 -0.44445 -0.775312 -0.0018799 0.631576 88.4796
0.73314 -0.001468 0.680076 54.6737 -0.001468 0.999992 0.00374111 -0.44734 -0.680076 -0.00374111 0.733132 88.7924
0.73314 -0.001468 0.680076 54.9489 -0.001468 0.999992 0.00374111 -0.45023 -0.680076 -0.00374111 0.733132 89.1052
0.781199 -0.0041191 0.624269 55.2529 -0.0041191 0.999922 0.0117523 -0.448362 -0.624269 -0.0117523 0.781121 89.4685
0.817196 -0.00383919 0.576347 55.3857 -0.00383919 0.999919 0.0121043 -0.442329 -0.576347 -0.0121043 0.817116 89.838
0.857216 -0.00655085 0.514915 55.6665 -0.00655085 0.999699 0.023624 -0.44233 -0.514915 -0.023624 0.856916 90.2232
0.88408 -0.00510198 0.467309 55.8099 -0.00510198 0.999775 0.0205676 -0.417325 -0.467309 -0.0205676 0.883855 90.7009
0.911965 -0.00720527 0.410204 55.9945 -0.00720527 0.99941 0.0335735 -0.44006 -0.410204 -0.0335735 0.911376 91.0541
0.929966 -0.00567048 0.367602 56.1098 -0.00567048 0.999541 0.0297638 -0.425306 -0.367602 -0.0297638 0.929507 91.5326
0.945475 -0.00540031 0.32565 56.2325 -0.00540031 0.999465 0.0322533 -0.429181 -0.32565 -0.0322533 0.94494 91.9257
0.95645 -0.0040931 0.291869 56.3293 -0.0040931 0.999615 0.0274314 -0.411599 -0.291869 -0.0274314 0.956065 92.4145
0.965493 -0.00361771 0.260403 56.4335 -0.00361771 0.999621 0.0273009 -0.403332 -0.260403 -0.0273009 0.965114 92.8675
0.971167 -0.0034005 0.238375 56.5436 -0.0034005 0.999599 0.0281136 -0.394311 -0.238375 -0.0281136 0.970766 93.3628
0.974858 -0.00328715 0.222802 56.6451 -0.00328715 0.99957 0.0291301 -0.392633 -0.222802 -0.0291301 0.974428 93.8545
0.977619 -0.00291152 0.210365 56.7327 -0.00291152 0.999621 0.0273656 -0.374747 -0.210365 -0.0273656 0.97724 94.357
0.979604 -0.00266239 0.20092 56.8256 -0.00266239 0.999652 0.0262272 -0.361982 -0.20092 -0.0262272 0.979257 94.8675
0.980883 -0.00229214 0.194585 56.915 -0.00229214 0.999725 0.0233309 -0.346414 -0.194585 -0.0233309 0.980608 95.377
0.981359 -0.00184344 0.192172 56.9988 -0.00184344 0.999818 0.0190047 -0.345411 -0.192172 -0.0190047 0.981177 95.8984
0.981458 -0.00157023 0.191673 57.0953 -0.00157023 0.999867 0.0162314 -0.342941 -0.191673 -0.0162314 0.981325 96.4354
0.980989 -0.00129838 0.19406 57.2005 -0.00129838 0.999911 0.0132534 -0.343819 -0.19406 -0.0132534 0.9809 96.9705
0.980265 -0.0007564 0.197686 57.318 -0.0007564 0.999971 0.00757691 -0.334368 -0.197686 -0.00757691 0.980236 97.4959
0.979161 -0.000268235 0.203085 57.4167 -0.000268235 0.999997 0.00261407 -0.323659 -0.203085 -0.00261407 0.979158 98.02
0.978452 -0.000310746 0.206475 57.5283 -0.000310746 0.999996 0.00297758 -0.340321 -0.206475 -0.00297758 0.978447 98.5521
0.977217 -0.000655151 0.212244 57.626 -0.000655151 0.999981 0.00610318 -0.334388 -0.212244 -0.00610318 0.977198 99.0301
0.97616 -0.00122366 0.217048 57.7486 -0.00122366 0.999937 0.0111407 -0.336047 -0.217048 -0.0111407 0.976097 99.5985
0.975354 -0.00197594 0.220638 57.8811 -0.00197594 0.999842 0.017689 -0.33621 -0.220638 -0.017689 0.975195 100.182
0.974459 -0.0025756 0.224551 58 -0.0025756 0.99974 0.0226441 -0.333239 -0.224551 -0.0226441 0.974199 100.729
0.97407 -0.00284046 0.22623 58.148 -0.00284046 0.999689 0.0247817 -0.32842 -0.22623 -0.0247817 0.973759 101.328
0.973648 -0.00250285 0.228042 58.3208 -0.00250285 0.999762 0.0216589 -0.306888 -0.228042 -0.0216589 0.97341 102.063
0.973934 -0.00182628 0.226825 58.4695 -0.00182628 0.999872 0.0158921 -0.309334 -0.226825 -0.0158921 0.973806 102.687
0.973898 -0.0010117 0.226984 58.6548 -0.0010117 0.999961 0.0087978 -0.287911 -0.226984 -0.0087978 0.973859 103.5
0.974708 -0.000576829 0.223482 58.7791 -0.000576829 0.999987 0.00509689 -0.291847 -0.223482 -0.00509689 0.974695 104.063
0.975152 -0.0010382 0.221533 58.96 -0.0010382 0.999957 0.00925625 -0.278311 -0.221533 -0.00925625 0.975109 104.865
0.975705 -0.00187428 0.219082 59.0685 -0.00187428 0.999855 0.0169012 -0.276222 -0.219082 -0.0169012 0.97556 105.297
0.976197 -0.00241826 0.216871 59.2285 -0.00241826 0.999754 0.0220332 -0.274116 -0.216871 -0.0220332 0.975952 106.082
0.97682 -0.00230298 0.214051 59.3796 -0.00230298 0.999771 0.0212662 -0.272735 -0.214051 -0.0212662 0.976591 106.743
0.977148 -0.00163291 0.212552 59.532 -0.00163291 0.999883 0.0151884 -0.258304 -0.212552 -0.0151884 0.977032 107.514
0.978081 -0.00109886 0.208224 59.6792 -0.00109886 0.999945 0.0104386 -0.256281 -0.208224 -0.0104386 0.978026 108.244
0.978859 -0.000756169 0.204535 59.8354 -0.000756169 0.999973 0.00731576 -0.2411 -0.204535 -0.00731576 0.978832 108.959
0.979687 -0.000971024 0.200531 59.9827 -0.000971024 0.999954 0.00958596 -0.246499 -0.200531 -0.00958596 0.979641 109.693
0.980331 -0.00119603 0.197358 60.1206 -0.00119603 0.999927 0.0120008 -0.243332 -0.197358 -0.0120008 0.980258 110.418
0.98054 -0.0014387 0.196312 60.2574 -0.0014387 0.999894 0.0145138 -0.244955 -0.196312 -0.0145138 0.980434 111.173
0.981155 -0.00172461 0.193212 60.4323 -0.00172461 0.999842 0.0176824 -0.237217 -0.193212 -0.0176824 0.980998 111.844
0.981173 -0.00192882 0.19312 60.5788 -0.00192882 0.999802 0.0197853 -0.234842 -0.19312 -0.0197853 0.980976 112.618
0.981592 -0.00210127 0.190978 60.7441 -0.00210127 0.99976 0.0218002 -0.233616 -0.190978 -0.0218002 0.981352 113.381
0.980987 -0.0017331 0.194066 60.8589 -0.0017331 0.999842 0.0176898 -0.212828 -0.194066 -0.0176898 0.980829 114.201
0.981274 -0.001392 0.192612 61.0385 -0.001392 0.999897 0.0143179 -0.209688 -0.192612 -0.0143179 0.981171 115.054
0.980638 -0.00100026 0.195825 61.1445 -0.00100026 0.999948 0.0101167 -0.196345 -0.195825 -0.0101167 0.980587 115.787
0.980292 -0.00102396 0.197552 61.3051 -0.00102396 0.999947 0.0102641 -0.199301 -0.197552 -0.0102641 0.980239 116.581
0.979376 -0.00109396 0.202043 61.4454 -0.00109396 0.999942 0.010717 -0.192729 -0.202043 -0.010717 0.979318 117.415
0.979028 -0.00111288 0.203721 61.6297 -0.00111288 0.999941 0.0108107 -0.202685 -0.203721 -0.0108107 0.978969 118.273
0.978401 -0.000804186 0.206715 61.7969 -0.000804186 0.99997 0.0076965 -0.190712 -0.206715 -0.0076965 0.978371 119.156
0.978377 -0.00117437 0.206824 61.9995 -0.00117437 0.999936 0.0112331 -0.208656 -0.206824 -0.0112331 0.978314 120.011
0.977876 -0.00100957 0.209185 62.1482 -0.00100957 0.999954 0.00954543 -0.188646 -0.209185 -0.00954543 0.977829 120.848
0.976194 -0.000565644 0.216898 62.2098 -0.000565644 0.999987 0.00515364 -0.189515 -0.216898 -0.00515364 0.976181 121.473
0.976517 -0.00104615 0.215436 62.4385 -0.00104615 0.999953 0.00959772 -0.190064 -0.215436 -0.00959772 0.976471 122.373
0.975939 -0.00147681 0.21804 62.5786 -0.00147681 0.999909 0.0133826 -0.192715 -0.21804 -0.0133826 0.975848 123.126
0.976049 -0.00191095 0.217544 62.7775 -0.00191095 0.999848 0.0173567 -0.193883 -0.217544 -0.0173567 0.975896 123.969
0.975216 -0.00117821 0.221252 62.9585 -0.00117821 0.999944 0.0105181 -0.198206 -0.221252 -0.0105181 0.97516 124.979
0.975733 7.3882e-005 0.218964 63.1961 7.3882e-005 1 -0.000666644 -0.206298 -0.218964 0.000666644 0.975733 125.826
0.975243 0.00111864 0.221133 63.3603 0.00111864 0.999949 -0.00999184 -0.215766 -0.221133 0.00999184 0.975192 126.662
0.975979 -9.01066e-005 0.217863 63.5498 -9.01066e-005 1 0.00081725 -0.218865 -0.217863 -0.00081725 0.975979 127.389
0.976068 -0.0022899 0.217456 63.7 -0.0022899 0.999781 0.0208065 -0.226788 -0.217456 -0.0208065 0.975848 128.117
0.976301 -0.00391426 0.216379 63.8774 -0.00391426 0.999353 0.0357392 -0.227855 -0.216379 -0.0357392 0.975655 128.976
0.976266 -0.00317639 0.216552 64.0517 -0.00317639 0.999575 0.0289817 -0.221702 -0.216552 -0.0289817 0.975841 129.84
0.976534 -0.00133978 0.215358 64.2622 -0.00133978 0.999924 0.0122959 -0.202972 -0.215358 -0.0122959 0.976458 130.952
0.976476 -0.000511614 0.215624 64.4163 -0.000511614 0.999989 0.00468959 -0.201542 -0.215624 -0.00468959 0.976465 131.691
0.976804 -0.000438952 0.214136 64.6159 -0.000438952 0.999992 0.00405218 -0.189076 -0.214136 -0.00405218 0.976795 132.536
0.976831 -0.000545481 0.214011 64.7637 -0.000545481 0.999987 0.0050386 -0.20285 -0.214011 -0.0050386 0.976818 133.391
0.977433 -0.00044588 0.211245 64.9329 -0.00044588 0.999991 0.00417379 -0.211445 -0.211245 -0.00417379 0.977424 134.2
0.978347 -0.000127261 0.20697 65.1119 -0.000127261 0.999999 0.00121644 -0.203918 -0.20697 -0.00121644 0.978346 135.102
0.978859 -9.51352e-005 0.204536 65.2489 -9.51352e-005 1 0.000920421 -0.232743 -0.204536 -0.000920421 0.978859 135.85
0.979217 0.000175677 0.202814 65.4114 0.000175677 0.999999 -0.00171439 -0.229014 -0.202814 0.00171439 0.979216 136.736
0.979947 -0.000160459 0.19926 65.5616 -0.000160459 0.999999 0.0015944 -0.258178 -0.19926 -0.0015944 0.979945 137.416
0.980057 -0.000566012 0.198716 65.7577 -0.000566012 0.999984 0.00563983 -0.256988 -0.198716 -0.00563983 0.980041 138.411
0.980745 -0.000669796 0.195293 65.9169 -0.000669796 0.999977 0.0067933 -0.269368 -0.195293 -0.0067933 0.980722 139.125
0.981018 -0.000313608 0.193918 66.0809 -0.000313608 0.999995 0.00320372 -0.262978 -0.193918 -0.00320372 0.981012 140.057
0.982328 -0.000168857 0.187167 66.2779 -0.000168857 0.999998 0.0017884 -0.280832 -0.187167 -0.0017884 0.982327 140.858
0.982961 8.37395e-005 0.183814 66.3459 8.37395e-005 1 -0.000903368 -0.268698 -0.183814 0.000903368 0.982961 141.582
0.984684 -0.00056953 0.174349 66.5414 -0.00056953 0.999979 0.00648309 -0.290861 -0.174349 -0.00648309 0.984662 142.335
0.985404 -0.0012064 0.170228 66.6209 -0.0012064 0.9999 0.0140698 -0.298452 -0.170228 -0.0140698 0.985304 143.089
0.986115 -0.00196959 0.166054 66.7482 -0.00196959 0.999721 0.0235543 -0.294066 -0.166054 -0.0235543 0.985835 143.839
0.986837 -0.00198741 0.161708 66.8751 -0.00198741 0.9997 0.0244148 -0.283976 -0.161708 -0.0244148 0.986537 144.647
0.987441 -0.00153615 0.15798 66.9892 -0.00153615 0.999812 0.0193235 -0.279384 -0.15798 -0.0193235 0.987253 145.53
0.988551 -0.000703345 0.150884 67.1039 -0.000703345 0.999957 0.00926942 -0.278871 -0.150884 -0.00926942 0.988508 146.311
0.989626 -0.000318314 0.143669 67.2551 -0.000318314 0.99999 0.0044082 -0.271175 -0.143669 -0.0044082 0.989616 147.173
0.99044 -0.000369353 0.137943 67.3191 -0.000369353 0.999986 0.00532952 -0.275635 -0.137943 -0.00532952 0.990426 147.868
0.991562 -0.000501414 0.129633 67.436 -0.000501414 0.99997 0.00770313 -0.281658 -0.129633 -0.00770313 0.991532 148.683
0.992424 -0.000301271 0.122858 67.4865 -0.000301271 0.999988 0.00488575 -0.283032 -0.122858 -0.00488575 0.992412 149.429
0.993718 5.61686e-005 0.111911 67.5881 5.61686e-005 0.999999 -0.00100065 -0.291089 -0.111911 0.00100065 0.993718 150.238
0.994454 0.000199304 0.105175 67.6148 0.000199304 0.999993 -0.00377944 -0.298659 -0.105175 0.00377944 0.994447 150.902
0.995348 5.78853e-005 0.0963413 67.6993 5.78853e-005 0.999999 -0.00119888 -0.302255 -0.0963413 0.00119888 0.995348 151.675
0.996024 -0.000234486 0.0890796 67.742 -0.000234486 0.999986 0.00525415 -0.313849 -0.0890796 -0.00525415 0.996011 152.406
0.996758 -0.00041974 0.0804549 67.7967 -0.00041974 0.999946 0.010417 -0.319181 -0.0804549 -0.010417 0.996704 153.178
0.997302 -0.000494169 0.0734029 67.839 -0.000494169 0.999909 0.0134458 -0.322374 -0.0734029 -0.0134458 0.997212 153.974
0.997788 -0.000509744 0.066475 67.8976 -0.000509744 0.999883 0.0153185 -0.323036 -0.066475 -0.0153185 0.99767 154.796
0.998015 -0.000430529 0.0629771 67.9306 -0.000430529 0.999907 0.0136583 -0.326805 -0.0629771 -0.0136583 0.997922 155.631
0.998322 -0.000231265 0.0579043 67.9767 -0.000231265 0.999968 0.00798099 -0.33157 -0.0579043 -0.00798099 0.99829 156.448
0.998489 -1.95036e-005 0.05495 67.9965 -1.95036e-005 1 0.00070933 -0.332337 -0.05495 -0.00070933 0.998489 157.279
0.998632 4.45561e-005 0.0522801 68.0253 4.45561e-005 0.999999 -0.00170335 -0.338385 -0.0522801 0.00170335 0.998631 158.23
0.998809 -9.45652e-005 0.0487971 68.0537 -9.45652e-005 0.999992 0.00387353 -0.336895 -0.0487971 -0.00387353 0.998801 158.852
0.998921 -0.000328518 0.046445 68.0897 -0.000328518 0.9999 0.0141382 -0.343526 -0.046445 -0.0141382 0.998821 159.749
0.999081 -0.000451729 0.0428542 68.1141 -0.000451729 0.999778 0.0210701 -0.344248 -0.0428542 -0.0210701 0.998859 160.535
0.998931 -0.000399479 0.0462179 67.9667 -0.000399479 0.999851 0.0172762 -0.443094 -0.0462179 -0.0172762 0.998782 161.457
0.999481 -0.000124017 0.032229 68.2084 -0.000124017 0.99997 0.00769388 -0.331482 -0.032229 -0.00769388 0.999451 162.44
0.99945 -3.66435e-005 0.0331558 68.0765 -3.66435e-005 0.999998 0.00220977 -0.430535 -0.0331558 -0.00220977 0.999448 163.417
0.999833 -3.38364e-005 0.0183021 68.2397 -3.38364e-005 0.999993 0.00369721 -0.330551 -0.0183021 -0.00369721 0.999826 164.135
0.999832 -8.41953e-005 0.0183188 68.1095 -8.41953e-005 0.999958 0.00919127 -0.442677 -0.0183188 -0.00919127 0.99979 165.015
0.999979 -3.92032e-005 0.00654647 68.1937 -3.92032e-005 0.999928 0.0119763 -0.377517 -0.00654647 -0.0119763 0.999907 165.798
0.999997 -2.05411e-005 0.00255035 68.1761 -2.05411e-005 0.99987 0.0161074 -0.408928 -0.00255035 -0.0161074 0.999867 166.644
0.999991 3.32444e-005 -0.00435265 68.1784 3.32444e-005 0.999883 0.0152745 -0.38277 0.00435265 -0.0152745 0.999874 167.494
0.999946 4.49476e-005 -0.0104047 68.1684 4.49476e-005 0.999963 0.00863951 -0.404152 0.0104047 -0.00863951 0.999909 168.359
0.99984 -1.78395e-005 -0.0178752 68.1572 -1.78395e-005 0.999998 -0.00199584 -0.397032 0.0178752 0.00199584 0.999838 169.313
0.999712 -7.36658e-005 -0.0240032 68.1471 -7.36658e-005 0.999981 -0.00613705 -0.407465 0.0240032 0.00613705 0.999693 170.162
0.999513 1.57068e-005 -0.0312106 68.1237 1.57068e-005 0.999999 0.00100626 -0.403626 0.0312106 -0.00100626 0.999512 170.963
0.999366 0.000265389 -0.0356151 68.0656 0.000265389 0.999889 0.0148976 -0.417028 0.0356151 -0.0148976 0.999255 171.713
0.999184 0.000456715 -0.0403755 68.0229 0.000456715 0.999744 0.0226112 -0.416262 0.0403755 -0.0226112 0.998929 172.53
0.999021 0.000433293 -0.0442369 68.0155 0.000433293 0.999808 0.0195782 -0.414977 0.0442369 -0.0195782 0.998829 172.771
0.998941 0.000199734 -0.0459998 67.9448 0.000199734 0.999962 0.00867937 -0.411321 0.0459998 -0.00867937 0.998904 174.024
0.998833 -7.12751e-007 -0.0482972 67.9014 -7.12751e-007 1 -2.9498e-005 -0.411948 0.0482972 2.9498e-005 0.998833 174.472
0.998738 -9.26168e-005 -0.050224 67.8375 -9.26168e-005 0.999993 -0.00368581 -0.418483 0.050224 0.00368581 0.998731 175.531
0.998592 2.33368e-005 -0.0530422 67.8213 2.33368e-005 1 0.000879314 -0.428723 0.0530422 -0.000879314 0.998592 176.095
0.998586 0.000256665 -0.053164 67.7956 0.000256665 0.999953 0.00964854 -0.429548 0.053164 -0.00964854 0.998539 176.486
0.998574 0.000402483 -0.0533854 67.736 0.000402483 0.999886 0.0150668 -0.432421 0.0533854 -0.0150668 0.99846 177.557
0.9985 0.000387216 -0.0547565 67.6871 0.000387216 0.9999 0.0141319 -0.432886 0.0547565 -0.0141319 0.9984 178.316
0.99839 0.000136255 -0.0567267 67.634 0.000136255 0.999988 0.00480001 -0.439306 0.0567267 -0.00480001 0.998378 179.237
0.998261 -0.000220027 -0.0589436 67.5961 -0.000220027 0.999972 -0.00745908 -0.446751 0.0589436 0.00745908 0.998233 180.119
0.998155 -0.000364879 -0.0607203 67.5554 -0.000364879 0.999928 -0.0120068 -0.461452 0.0607203 0.0120068 0.998083 180.895
0.997975 -0.000260402 -0.0636074 67.524 -0.000260402 0.999967 -0.00817935 -0.462874 0.0636074 0.00817935 0.997941 181.733
0.998018 0.000126934 -0.0629283 67.4505 0.000126934 0.999992 0.00403022 -0.488434 0.0629283 -0.00403022 0.99801 182.386
0.997832 0.000227797 -0.0658054 67.4033 0.000227797 0.999976 0.00691576 -0.496832 0.0658054 -0.00691576 0.997809 183.28
0.997899 0.00010585 -0.0647869 67.3212 0.00010585 0.999995 0.00326419 -0.510825 0.0647869 -0.00326419 0.997894 184.248
0.997793 -0.000105766 -0.0664065 67.2755 -0.000105766 0.999995 -0.0031819 -0.514464 0.0664065 0.0031819 0.997788 185.078
0.997784 -0.000118215 -0.066533 67.2061 -0.000118215 0.999994 -0.00354961 -0.52171 0.066533 0.00354961 0.997778 185.933
0.997826 -4.63558e-006 -0.0659088 67.135 -4.63558e-006 1 -0.000140513 -0.533573 0.0659088 0.000140513 0.997826 186.715
0.997691 0.000115775 -0.0679193 67.0972 0.000115775 0.999994 0.00340525 -0.549521 0.0679193 -0.00340525 0.997685 187.546
0.997727 0.000224543 -0.0673828 67.0193 0.000224543 0.999978 0.00665706 -0.559406 0.0673828 -0.00665706 0.997705 188.389
0.997685 0.000203363 -0.0680079 66.9582 0.000203363 0.999982 0.0059736 -0.564703 0.0680079 -0.0059736 0.997667 189.209
0.99759 0.00010503 -0.0693846 66.9014 0.00010503 0.999995 0.00302383 -0.589376 0.0693846 -0.00302383 0.997585 190.14
0.997619 -9.86454e-005 -0.0689637 66.8283 -9.86454e-005 0.999996 -0.00285738 -0.590134 0.0689637 0.00285738 0.997615 190.905
0.997407 -7.20403e-005 -0.0719649 66.7734 -7.20403e-005 0.999998 -0.0019995 -0.603006 0.0719649 0.0019995 0.997405 191.832
0.997383 0.000266947 -0.0722974 66.7016 0.000266947 0.999973 0.00737492 -0.608284 0.0722974 -0.00737492 0.997356 192.494
0.997183 0.000614309 -0.0750094 66.6496 0.000614309 0.999866 0.0163554 -0.617268 0.0750094 -0.0163554 0.997049 193.293
0.997181 0.000661023 -0.075025 66.5606 0.000661023 0.999845 0.0175952 -0.626371 0.075025 -0.0175952 0.997026 194.522
0.997206 0.000402431 -0.0747046 66.4415 0.000402431 0.999942 0.0107586 -0.628733 0.0747046 -0.0107586 0.997148 195.332
0.997164 0.000218979 -0.0752539 66.449 0.000218979 0.999983 0.00581145 -0.629776 0.0752539 -0.00581145 0.997147 195.992
0.997287 -1.39069e-006 -0.0736102 66.3474 -1.39069e-006 1 -3.7734e-005 -0.638117 0.0736102 3.7734e-005 0.997287 196.387
0.997348 -0.000134442 -0.0727796 66.3513 -0.000134442 0.999993 -0.00368959 -0.655011 0.0727796 0.00368959 0.997341 197.117
0.997468 -0.000313019 -0.0711139 66.2751 -0.000313019 0.999961 -0.00879198 -0.658059 0.0711139 0.00879198 0.997429 197.757
0.997833 -0.000336763 -0.0657963 66.2611 -0.000336763 0.999948 -0.0102252 -0.670364 0.0657963 0.0102252 0.997781 198.455
0.998115 -0.000159074 -0.0613658 66.1656 -0.000159074 0.999987 -0.00517954 -0.669124 0.0613658 0.00517954 0.998102 199.063
0.99853 0.000125076 -0.0542051 66.2144 0.000125076 0.999989 0.0046115 -0.685462 0.0542051 -0.0046115 0.998519 199.11
0.998764 0.00022849 -0.0496969 66.1485 0.00022849 0.999958 0.00918944 -0.690858 0.0496969 -0.00918944 0.998722 199.888
0.999084 0.000174707 -0.0427873 66.1609 0.000174707 0.999967 0.00816241 -0.694596 0.0427873 -0.00816241 0.999051 199.854
0.999353 3.33185e-006 -0.0359761 66.1238 3.33185e-006 1 0.000185166 -0.706581 0.0359761 -0.000185166 0.999353 200.72
0.999595 -0.000120058 -0.0284512 66.1171 -0.000120058 0.999964 -0.00843774 -0.715472 0.0284512 0.00843774 0.99956 201.167
0.999771 -0.000145502 -0.0214089 66.0975 -0.000145502 0.999908 -0.0135905 -0.720079 0.0214089 0.0135905 0.999678 201.757
0.99991 -8.22017e-005 -0.013429 66.0892 -8.22017e-005 0.999925 -0.0122414 -0.729197 0.013429 0.0122414 0.999835 202.225
0.999966 -2.86174e-005 -0.00828801 66.0924 -2.86174e-005 0.999976 -0.00690553 -0.736831 0.00828801 0.00690553 0.999942 202.593
0.999999 -5.74904e-007 -0.00167458 66.0971 -5.74904e-007 1 -0.000686625 -0.752581 0.00167458 0.000686625 0.999998 203.165
0.999993 -1.29709e-006 0.00361066 66.1068 -1.29709e-006 1 0.000718477 -0.762729 -0.00361066 -0.000718477 0.999993 203.668
0.999972 -6.3946e-006 0.00741892 66.1096 -6.3946e-006 0.999999 0.00172384 -0.769912 -0.00741892 -0.00172384 0.999971 204.208
0.999954 -1.50028e-005 0.00957413 66.0928 -1.50028e-005 0.999995 0.00313395 -0.774676 -0.00957413 -0.00313395 0.999949 204.759
0.999964 -2.1878e-005 0.00848561 66.1031 -2.1878e-005 0.999987 0.00515637 -0.775954 -0.00848561 -0.00515637 0.999951 205.289
0.999976 -2.72389e-005 0.00687879 66.1159 -2.72389e-005 0.999969 0.00791946 -0.782143 -0.00687879 -0.00791946 0.999945 205.84
0.999975 -3.43149e-005 0.00712199 66.1176 -3.43149e-005 0.999954 0.009636 -0.789776 -0.00712199 -0.009636 0.999928 206.386
0.999978 -1.59041e-005 0.00659762 66.1125 -1.59041e-005 0.999988 0.00482108 -0.794757 -0.00659762 -0.00482108 0.999967 206.956
0.999981 1.29806e-005 0.00612332 66.0975 1.29806e-005 0.999991 -0.00423966 -0.797609 -0.00612332 0.00423966 0.999972 207.522
0.999991 2.73497e-005 0.00430781 66.0987 2.73497e-005 0.999919 -0.0126972 -0.807002 -0.00430781 0.0126972 0.99991 208.08
1 6.99955e-006 0.000803111 66.103 6.99955e-006 0.999848 -0.0174298 -0.810723 -0.000803111 0.0174298 0.999848 208.608
0.999997 -1.5294e-005 -0.00264049 66.0951 -1.5294e-005 0.999933 -0.0115838 -0.817483 0.00264049 0.0115838 0.999929 209.131
0.999976 1.87672e-006 -0.0068808 66.0787 1.87672e-006 1 0.000545488 -0.822549 0.0068808 -0.000545488 0.999976 209.602
0.999935 8.45577e-005 -0.0114428 66.0814 8.45577e-005 0.999891 0.0147779 -0.828636 0.0114428 -0.0147779 0.999825 210.041
0.999873 0.000192191 -0.0159298 66.0754 0.000192191 0.999709 0.0241248 -0.833251 0.0159298 -0.0241248 0.999582 210.679
0.999831 0.000204663 -0.0184067 66.0663 0.000204663 0.999753 0.0222333 -0.832412 0.0184067 -0.0222333 0.999583 211.26
0.999801 0.000162263 -0.0199723 66.0287 0.000162263 0.999868 0.0162461 -0.83125 0.0199723 -0.0162461 0.999669 211.888
0.99971 9.10756e-005 -0.0240759 66.0116 9.10756e-005 0.999971 0.00756451 -0.828061 0.0240759 -0.00756451 0.999682 212.524
0.999656 2.90851e-005 -0.0262162 66.0056 2.90851e-005 0.999998 0.00221848 -0.820378 0.0262162 -0.00221848 0.999654 213.151
0.999624 9.09421e-005 -0.0274039 65.9986 9.09421e-005 0.999978 0.00663584 -0.815114 0.0274039 -0.00663584 0.999602 213.779
0.999584 0.000151865 -0.0288537 65.9827 0.000151865 0.999945 0.010524 -0.816202 0.0288537 -0.010524 0.999528 214.4
0.99952 0.00020594 -0.0309832 65.9732 0.00020594 0.999912 0.0132899 -0.822981 0.0309832 -0.0132899 0.999432 215.01
0.999459 0.000161471 -0.0328971 65.9697 0.000161471 0.999952 0.00981382 -0.824125 0.0328971 -0.00981382 0.999411 215.653
0.999462 8.36822e-005 -0.0328038 65.9386 8.36822e-005 0.999987 0.00510057 -0.8261 0.0328038 -0.00510057 0.999449 216.266
0.999412 5.86666e-005 -0.0342887 65.9325 5.86666e-005 0.999994 0.00342091 -0.828579 0.0342887 -0.00342091 0.999406 216.875
0.999385 0.000114678 -0.0350591 65.9102 0.000114678 0.999979 0.00653988 -0.831209 0.0350591 -0.00653988 0.999364 217.487
0.999371 0.000192016 -0.0354669 65.8854 0.000192016 0.999941 0.0108242 -0.834518 0.0354669 -0.0108242 0.999312 218.127
0.999376 0.000240434 -0.0353199 65.8523 0.000240434 0.999907 0.0136098 -0.836921 0.0353199 -0.0136098 0.999283 218.77
0.999356 0.000201081 -0.0358836 65.8339 0.000201081 0.999937 0.0112035 -0.842557 0.0358836 -0.0112035 0.999293 219.419
0.99939 6.97859e-005 -0.0349231 65.823 6.97859e-005 0.999992 0.00399531 -0.84138 0.0349231 -0.00399531 0.999382 219.525
0.999373 -9.78131e-005 -0.0354056 65.8022 -9.78131e-005 0.999985 -0.00552352 -0.852641 0.0354056 0.00552352 0.999358 220.478
0.999375 -0.000190115 -0.0353399 65.7896 -0.000190115 0.999942 -0.0107556 -0.86037 0.0353399 0.0107556 0.999317 220.892
0.999407 -0.000152562 -0.0344366 65.7619 -0.000152562 0.999961 -0.00885769 -0.874224 0.0344366 0.00885769 0.999368 221.476
0.999353 -6.84e-005 -0.0359798 65.7581 -6.84e-005 0.999993 -0.00380089 -0.876649 0.0359798 0.00380089 0.999345 222.005
0.999372 8.16803e-005 -0.0354461 65.7269 8.16803e-005 0.999989 0.00460723 -0.89606 0.0354461 -0.00460723 0.999361 222.568
0.999281 0.000158914 -0.0379033 65.7272 0.000158914 0.999965 0.00838206 -0.893472 0.0379033 -0.00838206 0.999246 223.13
0.999233 0.000235209 -0.0391528 65.7104 0.000235209 0.999928 0.0120099 -0.909105 0.0391528 -0.0120099 0.999161 223.771
0.999149 0.000288311 -0.0412397 65.6731 0.000288311 0.999902 0.0139756 -0.902011 0.0412397 -0.0139756 0.999052 224.303
0.998823 0.000332812 -0.0485009 65.6839 0.000332812 0.999906 0.0137152 -0.915316 0.0485009 -0.0137152 0.998729 225.106
0.998518 0.000307185 -0.0544192 65.6128 0.000307185 0.999936 0.0112809 -0.904121 0.0544192 -0.0112809 0.998454 225.515
0.99771 0.000267811 -0.0676389 65.6378 0.000267811 0.999969 0.00790966 -0.921043 0.0676389 -0.00790966 0.997679 225.768
0.996724 0.00017648 -0.080883 65.5918 0.00017648 0.99999 0.00435666 -0.919771 0.080883 -0.00435666 0.996714 226.077
0.994954 0.000106487 -0.100335 65.5426 0.000106487 0.999998 0.00211727 -0.918873 0.100335 -0.00211727 0.994951 226.564
0.992514 0.000191407 -0.122128 65.482 0.000191407 0.999995 0.0031228 -0.922257 0.122128 -0.0031228 0.992509 226.96
0.989191 0.000451857 -0.146634 65.3855 0.000451857 0.999981 0.0061297 -0.919509 0.146634 -0.0061297 0.989172 227.474
0.98471 0.000840469 -0.174197 65.2971 0.000840469 0.999954 0.00957566 -0.92322 0.174197 -0.00957566 0.984664 227.857
0.978653 0.00102849 -0.205516 65.1816 0.00102849 0.99995 0.00990174 -0.934274 0.205516 -0.00990174 0.978604 228.29
0.970516 0.000979669 -0.241034 65.0044 0.000979669 0.999967 0.00800892 -0.93282 0.241034 -0.00800892 0.970484 228.871
0.95973 0.0009101 -0.280922 64.852 0.0009101 0.999979 0.00634885 -0.942669 0.280922 -0.00634885 0.95971 229.294
0.946517 0.000911131 -0.322653 64.7056 0.000911131 0.999984 0.00549667 -0.941691 0.322653 -0.00549667 0.946501 229.598
0.930107 0.00140254 -0.367286 64.5301 0.00140254 0.999972 0.00737032 -0.938519 0.367286 -0.00737032 0.930079 229.975
0.911247 0.00228316 -0.411855 64.3407 0.00228316 0.999941 0.0105949 -0.937044 0.411855 -0.0105949 0.911188 230.253
0.888235 0.00414091 -0.459371 64.1123 0.00414091 0.999847 0.0170197 -0.939789 0.459371 -0.0170197 0.888081 230.595
0.863413 0.00682315 -0.504452 63.8699 0.00682315 0.999659 0.0251996 -0.940049 0.504452 -0.0251996 0.863072 230.848
0.832189 0.00945472 -0.554412 63.6444 0.00945472 0.999467 0.0312363 -0.935163 0.554412 -0.0312363 0.831656 231.152
0.802506 0.0129087 -0.596505 63.3366 0.0129087 0.999156 0.0389891 -0.925479 0.596505 -0.0389891 0.801662 231.367
0.764298 0.0166799 -0.644647 63.0813 0.0166799 0.99882 0.0456197 -0.909667 0.644647 -0.0456197 0.763118 231.663
0.727486 0.0232511 -0.685729 62.7727 0.0232511 0.998016 0.0585069 -0.900319 0.685729 -0.0585069 0.725502 231.89
0.688153 0.0302235 -0.724936 62.4488 0.0302235 0.997071 0.0702591 -0.879772 0.724936 -0.0702591 0.685223 232.136
0.647963 0.0367669 -0.760784 62.0526 0.0367669 0.99616 0.0794566 -0.859727 0.760784 -0.0794566 0.644123 232.371
0.604514 0.041147 -0.795531 61.6889 0.041147 0.995719 0.0827684 -0.830609 0.795531 -0.0827684 0.600233 232.592
0.559794 0.0457448 -0.827368 61.2741 0.0457448 0.995246 0.0859774 -0.805673 0.827368 -0.0859774 0.55504 232.791
0.511997 0.0472846 -0.857685 60.8766 0.0472846 0.995418 0.0831047 -0.778076 0.857685 -0.0831047 0.507415 232.966
0.461265 0.0469302 -0.886021 60.3773 0.0469302 0.995912 0.0771828 -0.757898 0.886021 -0.0771828 0.457177 233.185
0.408747 0.0450154 -0.911537 59.985 0.0450154 0.996573 0.0694005 -0.717158 0.911537 -0.0694005 0.40532 233.307
0.356338 0.0459924 -0.933225 59.4656 0.0459924 0.996714 0.0666829 -0.700124 0.933225 -0.0666829 0.353052 233.44
0.306294 0.0496597 -0.950641 58.9758 0.0496597 0.996445 0.0680526 -0.667368 0.950641 -0.0680526 0.302739 233.554
0.258503 0.0545386 -0.96447 58.5389 0.0545386 0.995989 0.0709387 -0.644827 0.96447 -0.0709387 0.254492 233.611
0.212247 0.0574526 -0.975526 58.0538 0.0574526 0.99581 0.0711473 -0.617887 0.975526 -0.0711473 0.208057 233.689
0.171218 0.0620462 -0.983278 57.546 0.0620462 0.995355 0.0736123 -0.589992 0.983278 -0.0736123 0.166573 233.694
0.130352 0.0631066 -0.989457 56.8952 0.0631066 0.995421 0.0718007 -0.554838 0.989457 -0.0718007 0.125773 233.773
0.0953447 0.0664149 -0.993226 56.3112 0.0664149 0.995124 0.0729173 -0.521857 0.993226 -0.0729173 0.0904689 233.829
0.0673957 0.069422 -0.995308 55.7111 0.069422 0.994832 0.0740896 -0.48151 0.995308 -0.0740896 0.062228 233.806
0.0209885 0.0769838 -0.996811 55.1031 0.0769838 0.993946 0.0783835 -0.448386 0.996811 -0.0783835 0.014935 233.806
0.0209885 0.0769838 -0.996811 54.4952 0.0769838 0.993946 0.0783835 -0.415263 0.996811 -0.0783835 0.014935 233.807
0.0036386 0.0809122 -0.996715 53.8679 0.0809122 0.993429 0.0809409 -0.362569 0.996715 -0.0809409 -0.00293209 233.767
-0.0103181 0.0857253 -0.996265 53.374 0.0857253 0.992726 0.084533 -0.339313 0.996265 -0.084533 -0.0175919 233.74
-0.0204073 0.086971 -0.996002 52.762 0.086971 0.992587 0.0848909 -0.288614 0.996002 -0.0848909 -0.02782 233.73
-0.0259364 0.088366 -0.99575 52.2947 0.088366 0.992389 0.085766 -0.25378 0.99575 -0.085766 -0.0335475 233.695
-0.0314083 0.0874584 -0.995673 51.6601 0.0874584 0.992584 0.0844282 -0.204904 0.995673 -0.0844282 -0.0388243 233.694
-0.0328895 0.0875662 -0.995616 51.0973 0.0875662 0.992576 0.0844062 -0.157106 0.995616 -0.0844062 -0.0403132 233.66
-0.0356732 0.0879527 -0.995486 50.522 0.0879527 0.992531 0.0845398 -0.113672 0.995486 -0.0845398 -0.0431425 233.655
-0.0359892 0.0878349 -0.995485 49.87 0.0878349 0.992553 0.0844008 -0.0621982 0.995485 -0.0844008 -0.0434361 233.623
-0.0360873 0.0870901 -0.995547 49.218 0.0870901 0.992679 0.0836823 -0.0102192 0.995547 -0.0836823 -0.0434078 233.606
-0.037371 0.0813181 -0.995987 48.5534 0.0813181 0.993626 0.0780741 0.044631 0.995987 -0.0780741 -0.0437455 233.599
-0.0363624 0.0795674 -0.996166 47.8635 0.0795674 0.993891 0.0764813 0.0981371 0.996166 -0.0764813 -0.0424713 233.566
-0.0340285 0.079003 -0.996293 47.1666 0.079003 0.993964 0.0761199 0.151554 0.996293 -0.0761199 -0.0400646 233.528
-0.0321607 0.0804246 -0.996242 46.5518 0.0804246 0.993733 0.0776259 0.19459 0.996242 -0.0776259 -0.0384273 233.493
-0.0318818 0.0796725 -0.996311 45.7014 0.0796725 0.993848 0.076926 0.259444 0.996311 -0.076926 -0.0380333 233.478
-0.0312346 0.0784486 -0.996429 45.0115 0.0784486 0.994032 0.0758008 0.325497 0.996429 -0.0758008 -0.0372024 233.455
-0.0292035 0.0762345 -0.996662 44.1957 0.0762345 0.994353 0.0738241 0.38381 0.996662 -0.0738241 -0.0348503 233.407
-0.0284224 0.0725717 -0.996958 43.4512 0.0725717 0.994879 0.0703514 0.443213 0.996958 -0.0703514 -0.0335435 233.397
-0.0273724 0.0706483 -0.997126 42.6228 0.0706483 0.995142 0.0685683 0.489925 0.997126 -0.0685683 -0.0322306 233.362
-0.0223481 0.0742343 -0.99699 41.8399 0.0742343 0.99461 0.072393 0.542692 0.99699 -0.072393 -0.0277384 233.297
-0.0249596 0.0699968 -0.997235 41.4435 0.0699968 0.99522 0.0681035 0.571663 0.997235 -0.0681035 -0.0297398 233.312
-0.0239571 0.0678528 -0.997408 40.3615 0.0678528 0.995504 0.0660935 0.63646 0.997408 -0.0660935 -0.0284534 233.279
-0.0234109 0.0685401 -0.997374 39.6602 0.0685401 0.99541 0.0667963 0.677523 0.997374 -0.0667963 -0.0280012 233.251
-0.0215087 0.0688043 -0.997398 38.8055 0.0688043 0.995366 0.0671803 0.709746 0.997398 -0.0671803 -0.0261431 233.177
-0.0234034 0.0689401 -0.997346 38.0606 0.0689401 0.995356 0.0671847 0.751353 0.997346 -0.0671847 -0.0280475 233.165
-0.0244052 0.0653683 -0.997563 37.1605 0.0653683 0.995829 0.0636554 0.802462 0.997563 -0.0636554 -0.0285764 233.121
-0.0271535 0.0649754 -0.997517 36.3271 0.0649754 0.99589 0.0631007 0.853044 0.997517 -0.0631007 -0.0312637 233.089
-0.0317302 0.0611584 -0.997624 35.4595 0.0611584 0.996375 0.0591367 0.896663 0.997624 -0.0591367 -0.0353555 233.058
-0.0350274 0.0612975 -0.997505 34.5553 0.0612975 0.99637 0.0590753 0.945287 0.997505 -0.0590753 -0.0386577 233.024
-0.035494 0.0626171 -0.997406 33.3692 0.0626171 0.996213 0.0603139 1.00723 0.997406 -0.0603139 -0.0392805 232.944
-0.0334197 0.0633027 -0.997435 32.5166 0.0633027 0.996122 0.0610984 1.04148 0.997435 -0.0610984 -0.0372973 232.851
-0.0433253 0.064691 -0.996964 30.7627 0.064691 0.995989 0.0618164 1.13839 0.996964 -0.0618164 -0.0473365 232.867
-0.0386014 0.0687633 -0.996886 30.2676 0.0687633 0.995447 0.0660015 1.15184 0.996886 -0.0660015 -0.0431541 232.793
-0.0386014 0.0687633 -0.996886 29.7725 0.0687633 0.995447 0.0660015 1.16528 0.996886 -0.0660015 -0.0431541 232.719
-0.0410195 0.0746267 -0.996368 28.4345 0.0746267 0.99465 0.0714258 1.25699 0.996368 -0.0714258 -0.0463692 232.719
-0.03767 0.0779051 -0.996249 27.4858 0.0779051 0.994151 0.0747953 1.30547 0.996249 -0.0747953 -0.0435189 232.566
-0.0399318 0.0769062 -0.996238 26.5455 0.0769062 0.994313 0.073675 1.36354 0.996238 -0.073675 -0.0456193 232.523
-0.0386925 0.0786958 -0.996148 25.471 0.0786958 0.994038 0.0754724 1.41602 0.996148 -0.0754724 -0.0446548 232.461
-0.0349033 0.0763923 -0.996467 24.6377 0.0763923 0.994361 0.0735551 1.47455 0.996467 -0.0735551 -0.0405423 232.422
-0.0349033 0.0763923 -0.996467 23.8044 0.0763923 0.994361 0.0735551 1.53307 0.996467 -0.0735551 -0.0405423 232.382
-0.0366703 0.072641 -0.996684 22.8823 0.072641 0.99491 0.0698391 1.5917 0.996684 -0.0698391 -0.0417604 232.363
-0.0288582 0.0728524 -0.996925 22.0163 0.0728524 0.994841 0.0705912 1.63484 0.996925 -0.0705912 -0.0340168 232.252
-0.0333478 0.0615938 -0.997544 21.0767 0.0615938 0.996329 0.0594596 1.69411 0.997544 -0.0594596 -0.0370192 232.295
-0.0333478 0.0615938 -0.997544 20.1372 0.0615938 0.996329 0.0594596 1.75338 0.997544 -0.0594596 -0.0370192 232.338
-0.0242633 0.0647304 -0.997608 19.2736 0.0647304 0.995909 0.0630459 1.8109 0.997608 -0.0630459 -0.028354 232.157
-0.0260938 0.0607314 -0.997813 18.3393 0.0607314 0.996405 0.0590575 1.83699 0.997813 -0.0590575 -0.0296883 232.193
-0.0210622 0.0644974 -0.997696 17.4378 0.0644974 0.995926 0.0630214 1.87211 0.997696 -0.0630214 -0.0251363 232.125
-0.0241355 0.0579423 -0.998028 16.5926 0.0579423 0.996722 0.0564652 1.91314 0.998028 -0.0564652 -0.0274137 232.115
-0.0242041 0.0616474 -0.997804 15.7039 0.0616474 0.996289 0.0600584 1.95807 0.997804 -0.0600584 -0.0279147 232.093
-0.0274894 0.0600389 -0.997817 14.8222 0.0600389 0.996492 0.0583051 1.99772 0.997817 -0.0583051 -0.0309976 232.069
-0.0322061 0.0601495 -0.99767 13.9533 0.0601495 0.996495 0.058137 2.04744 0.99767 -0.058137 -0.0357112 232.061
-0.0329843 0.0604193 -0.997628 12.9146 0.0604193 0.996466 0.0583513 2.06999 0.997628 -0.0583513 -0.0365183 232
-0.0420558 0.061949 -0.997193 12.0192 0.061949 0.996317 0.059282 2.11027 0.997193 -0.059282 -0.0457386 231.966
-0.0420558 0.061949 -0.997193 11.1237 0.061949 0.996317 0.059282 2.15055 0.997193 -0.059282 -0.0457386 231.931
-0.0448565 0.0657952 -0.996824 10.17 0.0657952 0.995857 0.0627706 2.17945 0.996824 -0.0627706 -0.0489996 231.867
-0.0536988 0.0589328 -0.996817 9.41304 0.0589328 0.996704 0.0557514 2.23249 0.996817 -0.0557514 -0.0569949 231.855
-0.0536391 0.0708952 -0.996041 7.86492 0.0708952 0.99523 0.0670196 2.29606 0.996041 -0.0670196 -0.0584094 231.72
-0.061848 0.064984 -0.995968 7.64965 0.064984 0.996023 0.0609522 2.30445 0.995968 -0.0609522 -0.0658249 231.722
-0.0631836 0.0733693 -0.995301 6.15611 0.0733693 0.994937 0.0686848 2.37592 0.995301 -0.0686848 -0.0682467 231.591
-0.0671567 0.0751652 -0.994907 5.32778 0.0751652 0.994706 0.0700763 2.41356 0.994907 -0.0700763 -0.0724509 231.534
-0.0685884 0.0798964 -0.994441 4.42061 0.0798964 0.994026 0.0743525 2.4716 0.994441 -0.0743525 -0.0745621 231.464
-0.0756806 0.0732959 -0.994435 2.83374 0.0732959 0.995006 0.0677599 2.53288 0.994435 -0.0677599 -0.0806749 231.376
-0.0695144 0.088657 -0.993634 2.75966 0.088657 0.992651 0.0823669 2.5701 0.993634 -0.0823669 -0.0768636 231.315
-0.0751422 0.080745 -0.993898 1.26413 0.080745 0.993936 0.0746434 2.59633 0.993898 -0.0746434 -0.0812062 231.216
-0.0655412 0.0957398 -0.993246 1.38638 0.0957398 0.991398 0.089244 2.62516 0.993246 -0.089244 -0.0741435 231.111
-0.0705695 0.0910784 -0.99334 0.208017 0.0910784 0.992252 0.0845081 2.67974 0.99334 -0.0845081 -0.0783179 231.075
-0.0638537 0.100766 -0.992859 -0.253147 0.100766 0.990456 0.094042 2.72625 0.992859 -0.094042 -0.0733981 230.983
-0.0690319 0.09376 -0.993199 -1.26331 0.09376 0.991777 0.087109 2.78682 0.993199 -0.087109 -0.0772552 230.964
-0.0637949 0.0977645 -0.993163 -1.70804 0.0977645 0.991015 0.0912733 2.84366 0.993163 -0.0912733 -0.0727796 230.91
-0.0656672 0.0951044 -0.993299 -2.76594 0.0951044 0.991513 0.0886459 2.90525 0.993299 -0.0886459 -0.0741547 230.924
-0.0626486 0.0932387 -0.993671 -3.32387 0.0932387 0.991819 0.0871865 2.94966 0.993671 -0.0871865 -0.0708295 230.848
-0.0588048 0.0960723 -0.993636 -4.2563 0.0960723 0.991283 0.0901591 3.01892 0.993636 -0.0901591 -0.0675221 230.801
-0.0537474 0.0931665 -0.994199 -5.33193 0.0931665 0.991763 0.0879016 3.07526 0.994199 -0.0879016 -0.0619847 230.606
-0.0451819 0.097047 -0.994254 -5.77538 0.097047 0.990989 0.0923182 3.08461 0.994254 -0.0923182 -0.0541929 230.588
-0.0451819 0.097047 -0.994254 -6.21883 0.097047 0.990989 0.0923182 3.09395 0.994254 -0.0923182 -0.0541929 230.569
-0.042406 0.0956966 -0.994507 -7.47515 0.0956966 0.991215 0.0912993 3.225 0.994507 -0.0912993 -0.0511913 230.498
-0.0378817 0.0977087 -0.994494 -7.95772 0.0977087 0.990801 0.093624 3.24012 0.994494 -0.093624 -0.0470802 230.469
-0.0350837 0.0927997 -0.995067 -9.05952 0.0927997 0.99168 0.0892119 3.33718 0.995067 -0.0892119 -0.0434036 230.426
-0.0302999 0.0931386 -0.995192 -9.62543 0.0931386 0.99158 0.0899648 3.37822 0.995192 -0.0899648 -0.0387195 230.419
-0.0253681 0.0919414 -0.995441 -10.3435 0.0919414 0.991756 0.089258 3.41469 0.995441 -0.089258 -0.0336122 230.359
-0.0220936 0.0908232 -0.995622 -10.8842 0.0908232 0.991929 0.0884709 3.4892 0.995622 -0.0884709 -0.0301641 230.406
-0.0169487 0.0892855 -0.995862 -11.7068 0.0892855 0.992161 0.0874341 3.50719 0.995862 -0.0874341 -0.0247878 230.29
-0.0126521 0.0904603 -0.99582 -12.0657 0.0904603 0.991919 0.0889566 3.58685 0.99582 -0.0889566 -0.0207329 230.373
-0.00402443 0.0925332 -0.995701 -12.7113 0.0925332 0.991472 0.0917661 3.59538 0.995701 -0.0917661 -0.0125525 230.305
-0.00224169 0.0897973 -0.995958 -13.0085 0.0897973 0.991954 0.0892343 3.6568 0.995958 -0.0892343 -0.0102872 230.359
0.0112663 0.0869333 -0.99615 -13.4611 0.0869333 0.992356 0.0875854 3.68294 0.99615 -0.0875854 0.00362281 230.341
0.0112663 0.0869333 -0.99615 -13.9138 0.0869333 0.992356 0.0875854 3.70908 0.99615 -0.0875854 0.00362281 230.324
0.0146311 0.0831792 -0.996427 -14.2647 0.0831792 0.992978 0.0841126 3.75387 0.996427 -0.0841126 0.00760961 230.382
0.0233497 0.083545 -0.99623 -14.6448 0.083545 0.992853 0.0852199 3.76065 0.99623 -0.0852199 0.0162031 230.32
0.0253717 0.0800396 -0.996469 -14.9867 0.0800396 0.993427 0.0818333 3.79741 0.996469 -0.0818333 0.0187986 230.412
0.0329986 0.08093 -0.996173 -15.3343 0.08093 0.993227 0.0833715 3.80684 0.996173 -0.0833715 0.0262254 230.357
0.0349987 0.0792012 -0.996244 -15.6166 0.0792012 0.9935 0.0817654 3.84133 0.996244 -0.0817654 0.0284983 230.432
0.042755 0.0822344 -0.995695 -15.8647 0.0822344 0.992935 0.0855376 3.83269 0.995695 -0.0855376 0.0356905 230.358
0.0435219 0.0772868 -0.996059 -16.1388 0.0772868 0.993755 0.080485 3.87464 0.996059 -0.080485 0.0372769 230.429
0.0490692 0.0767152 -0.995845 -16.2745 0.0767152 0.993811 0.0803386 3.85923 0.995845 -0.0803386 0.0428803 230.393
0.049818 0.0735881 -0.996044 -16.4566 0.0735881 0.994301 0.0771399 3.88731 0.996044 -0.0771399 0.0441188 230.447
0.0551732 0.0748826 -0.995665 -16.5979 0.0748826 0.994065 0.0789118 3.88084 0.995665 -0.0789118 0.0492383 230.394
0.0536626 0.0690072 -0.996172 -16.7035 0.0690072 0.994968 0.0726411 3.905 0.996172 -0.0726411 0.0486305 230.438
0.0536626 0.0690072 -0.996172 -16.8091 0.0690072 0.994968 0.0726411 3.92915 0.996172 -0.0726411 0.0486305 230.483
0.0574462 0.0753355 -0.995502 -16.9149 0.0753355 0.993979 0.0795675 3.90206 0.995502 -0.0795675 0.0514249 230.416
0.0580757 0.0666115 -0.996087 -18.2303 0.0666115 0.995289 0.0704419 4.03557 0.996087 -0.0704419 0.053365 230.387
0.0580757 0.0666115 -0.996087 -19.5457 0.0666115 0.995289 0.0704419 4.16908 0.996087 -0.0704419 0.053365 230.357
0.0677174 0.0814943 -0.994371 -19.5307 0.0814943 0.992876 0.0869217 4.38819 0.994371 -0.0869217 0.0605937 229.721
0.0545546 0.0475811 -0.997376 -19.7108 0.0475811 0.997605 0.0501946 4.42878 0.997376 -0.0501946 0.05216 229.867
0.0545546 0.0475811 -0.997376 -19.8909 0.0475811 0.997605 0.0501946 4.46936 0.997376 -0.0501946 0.05216 230.013
0.0545546 0.0475811 -0.997376 -20.0709 0.0475811 0.997605 0.0501946 4.50994 0.997376 -0.0501946 0.05216 230.159
0.0545546 0.0475811 -0.997376 -20.251 0.0475811 0.997605 0.0501946 4.55052 0.997376 -0.0501946 0.05216 230.305
0.0545546 0.0475811 -0.997376 -20.431 0.0475811 0.997605 0.0501946 4.59111 0.997376 -0.0501946 0.05216 230.451
0.0545546 0.0475811 -0.997376 -20.6111 0.0475811 0.997605 0.0501946 4.63169 0.997376 -0.0501946 0.05216 230.597
0.0545546 0.0475811 -0.997376 -20.7911 0.0475811 0.997605 0.0501946 4.67227 0.997376 -0.0501946 0.05216 230.743
0.0545546 0.0475811 -0.997376 -20.9712 0.0475811 0.997605 0.0501946 4.71285 0.997376 -0.0501946 0.05216 230.89
0.0545546 0.0475811 -0.997376 -21.1513 0.0475811 0.997605 0.0501946 4.75344 0.997376 -0.0501946 0.05216 231.036
0.0545546 0.0475811 -0.997376 -21.3313 0.0475811 0.997605 0.0501946 4.79402 0.997376 -0.0501946 0.05216 231.182
0.0545546 0.0475811 -0.997376 -21.5114 0.0475811 0.997605 0.0501946 4.8346 0.997376 -0.0501946 0.05216 231.328
0.0545546 0.0475811 -0.997376 -21.6914 0.0475811 0.997605 0.0501946 4.87518 0.997376 -0.0501946 0.05216 231.474
0.0545546 0.0475811 -0.997376 -21.8715 0.0475811 0.997605 0.0501946 4.91577 0.997376 -0.0501946 0.05216 231.62
0.0698134 0.0863648 -0.993814 -22.0643 0.0863648 0.991981 0.0922724 4.78676 0.993814 -0.0922724 0.0617947 230.551
0.0698134 0.0863648 -0.993814 -22.2571 0.0863648 0.991981 0.0922724 4.65775 0.993814 -0.0922724 0.0617947 229.483
0.0640619 0.0623479 -0.995996 -22.5682 0.0623479 0.995847 0.0663487 4.72883 0.995996 -0.0663487 0.0599086 229.827
0.0640619 0.0623479 -0.995996 -22.8793 0.0623479 0.995847 0.0663487 4.79991 0.995996 -0.0663487 0.0599086 230.17
0.0640619 0.0623479 -0.995996 -23.1905 0.0623479 0.995847 0.0663487 4.871 0.995996 -0.0663487 0.0599086 230.514
0.0640619 0.0623479 -0.995996 -23.5016 0.0623479 0.995847 0.0663487 4.94208 0.995996 -0.0663487 0.0599086 230.857
0.0749135 0.0827336 -0.993752 -22.4725 0.0827336 0.992601 0.0888746 4.66328 0.993752 -0.0888746 0.0675144 229.468
0.0771624 0.0717095 -0.994436 -22.873 0.0717095 0.994428 0.0772732 4.74298 0.994436 -0.0772732 0.0715902 229.811
0.0771624 0.0717095 -0.994436 -23.2735 0.0717095 0.994428 0.0772732 4.82268 0.994436 -0.0772732 0.0715902 230.155
0.0860024 0.0791598 -0.993145 -22.7125 0.0791598 0.993144 0.0860147 4.68535 0.993145 -0.0860147 0.0791465 229.497
0.101445 0.0735385 -0.992119 -23.0012 0.0735385 0.993982 0.0811959 4.73161 0.992119 -0.0811959 0.0954266 229.681
0.101445 0.0735385 -0.992119 -23.2898 0.0735385 0.993982 0.0811959 4.77787 0.992119 -0.0811959 0.0954266 229.865
0.114593 0.0757853 -0.990518 -23.2335 0.0757853 0.993513 0.0847822 4.75423 0.990518 -0.0847822 0.108107 229.707
0.128117 0.0745592 -0.988952 -23.4644 0.0745592 0.993624 0.0845704 4.78713 0.988952 -0.0845704 0.121741 229.82
0.144999 0.0751105 -0.986577 -23.5279 0.0751105 0.993402 0.0866692 4.78984 0.986577 -0.0866692 0.138401 229.794
0.163014 0.0725792 -0.983951 -23.7153 0.0725792 0.993706 0.0853233 4.80838 0.983951 -0.0853233 0.15672 229.857
0.185506 0.0716116 -0.98003 -23.8632 0.0716116 0.993704 0.0861658 4.81749 0.98003 -0.0861658 0.17921 229.877
0.208789 0.070413 -0.975423 -24.0677 0.070413 0.993734 0.0868067 4.83674 0.975423 -0.0868067 0.202523 229.943
0.234293 0.0664119 -0.969895 -24.2695 0.0664119 0.99424 0.0841216 4.85758 0.969895 -0.0841216 0.228532 230.013
0.263589 0.0622583 -0.962624 -24.518 0.0622583 0.994736 0.081383 4.87926 0.962624 -0.081383 0.258325 230.107
0.295724 0.0574803 -0.953542 -24.7337 0.0574803 0.995309 0.0778245 4.8996 0.953542 -0.0778245 0.291033 230.198
0.329667 0.0518401 -0.942673 -24.9712 0.0518401 0.995991 0.0729015 4.91813 0.942673 -0.0729015 0.325658 230.32
0.368152 0.0488458 -0.928482 -25.1976 0.0488458 0.996224 0.0717774 4.93884 0.928482 -0.0717774 0.364376 230.44
0.409768 0.0495063 -0.910845 -25.4398 0.0495063 0.995848 0.0763981 4.95711 0.910845 -0.0763981 0.405616 230.571
0.453215 0.0497274 -0.890013 -25.6855 0.0497274 0.995478 0.0809423 4.98329 0.890013 -0.0809423 0.448692 230.726
0.498483 0.0494089 -0.86549 -25.9334 0.0494089 0.995132 0.0852671 5.00124 0.86549 -0.0852671 0.493615 230.908
0.543297 0.0459379 -0.838283 -26.1588 0.0459379 0.995379 0.0843194 5.02565 0.838283 -0.0843194 0.538676 231.104
0.588583 0.0423826 -0.807325 -26.6287 0.0423826 0.995634 0.0831676 5.07636 0.807325 -0.0831676 0.584217 231.539
0.635729 0.0379755 -0.770977 -26.829 0.0379755 0.996041 0.080375 5.09633 0.770977 -0.080375 0.63177 231.747
0.679225 0.0331063 -0.733183 -27.3058 0.0331063 0.996583 0.0756699 5.15357 0.733183 -0.0756699 0.675809 232.315
0.726561 0.0293755 -0.686473 -27.5002 0.0293755 0.996844 0.0737477 5.18411 0.686473 -0.0737477 0.723406 232.547
0.767183 0.0253251 -0.640928 -27.8781 0.0253251 0.997245 0.0697182 5.23169 0.640928 -0.0697182 0.764428 233.114
0.809813 0.0224797 -0.586257 -28.0204 0.0224797 0.997343 0.0692942 5.28903 0.586257 -0.0692942 0.807156 233.388
0.845715 0.0209508 -0.533223 -28.4107 0.0209508 0.997155 0.0724081 5.31906 0.533223 -0.0724081 0.84287 234.011
0.877139 0.0178618 -0.479905 -28.5143 0.0178618 0.997403 0.0697695 5.35477 0.479905 -0.0697695 0.874542 234.416
0.904773 0.0156874 -0.425604 -28.8541 0.0156874 0.997416 0.070113 5.40269 0.425604 -0.070113 0.902189 235.103
0.927445 0.0129745 -0.373734 -28.8768 0.0129745 0.99768 0.0668326 5.43191 0.373734 -0.0668326 0.925125 235.545
0.946634 0.0108335 -0.322129 -29.1741 0.0108335 0.997801 0.0653929 5.48208 0.322129 -0.0653929 0.944435 236.281
0.961578 0.00840608 -0.274401 -29.2118 0.00840608 0.998161 0.0600351 5.5295 0.274401 -0.0600351 0.959739 236.841
0.973672 0.00680787 -0.227851 -29.4481 0.00680787 0.99824 0.0589179 5.58163 0.227851 -0.0589179 0.971912 237.579
0.982475 0.00550561 -0.186314 -29.3874 0.00550561 0.99827 0.0585312 5.59494 0.186314 -0.0585312 0.980745 237.891
0.988904 0.0045255 -0.148487 -29.626 0.0045255 0.998154 0.0605603 5.64741 0.148487 -0.0605603 0.987058 238.743
0.993043 0.00359441 -0.117696 -29.4609 0.00359441 0.998143 0.0608102 5.64243 0.117696 -0.0608102 0.991186 238.855
0.995853 0.00279479 -0.0909299 -29.5941 0.00279479 0.998116 0.0612859 5.68614 0.0909299 -0.0612859 0.99397 239.57
0.997571 0.00212805 -0.0696274 -29.5876 0.00212805 0.998136 0.0609957 5.70839 0.0696274 -0.0609957 0.995707 240.017
0.998576 0.00163936 -0.053322 -29.625 0.00163936 0.998113 0.0613873 5.74679 0.053322 -0.0613873 0.996689 240.642
0.999197 0.00123342 -0.0400596 -29.6905 0.00123342 0.998107 0.0614959 5.79007 0.0400596 -0.0614959 0.997303 241.334
0.99952 0.000945204 -0.0309647 -29.6669 0.000945204 0.998139 0.060979 5.81346 0.0309647 -0.060979 0.997659 241.873
0.999735 0.000689622 -0.023023 -29.7142 0.000689622 0.998207 0.0598455 5.86967 0.023023 -0.0598455 0.997942 242.618
0.999863 0.000484583 -0.0165661 -29.6685 0.000484583 0.99829 0.0584489 5.89515 0.0165661 -0.0584489 0.998153 243.236
0.99992 0.000365111 -0.0126507 -29.6679 0.000365111 0.998336 0.0576715 5.92119 0.0126507 -0.0576715 0.998255 243.695
0.999937 0.000325838 -0.0112209 -29.6653 0.000325838 0.998315 0.0580265 5.96387 0.0112209 -0.0580265 0.998252 244.545
0.999969 0.000232018 -0.0078094 -29.6729 0.000232018 0.998236 0.0593669 5.98289 0.0078094 -0.0593669 0.998206 244.946
0.999986 0.00016014 -0.00522213 -29.7128 0.00016014 0.998121 0.0612731 6.02943 0.00522213 -0.0612731 0.998107 245.754
0.99999 0.00014116 -0.00442021 -29.7216 0.00014116 0.997962 0.063805 6.06837 0.00442021 -0.063805 0.997953 246.39
0.999978 0.000210518 -0.00657964 -29.7234 0.000210518 0.997955 0.0639246 6.11261 0.00657964 -0.0639246 0.997933 247.101
0.999982 0.000185933 -0.00594236 -29.7788 0.000185933 0.998044 0.0625171 6.15854 0.00594236 -0.0625171 0.998026 247.935
0.999949 0.000295279 -0.0100674 -29.7695 0.000295279 0.998281 0.0586088 6.21173 0.0100674 -0.0586088 0.99823 248.727
0.999967 0.000213637 -0.00808105 -29.7845 0.000213637 0.998603 0.0528357 6.24307 0.00808105 -0.0528357 0.998571 249.404
0.999936 0.000280123 -0.0113361 -29.7999 0.000280123 0.99878 0.0493897 6.28357 0.0113361 -0.0493897 0.998715 250.258
0.999966 0.000203144 -0.00824695 -29.8391 0.000203144 0.998787 0.0492345 6.32252 0.00824695 -0.0492345 0.998753 250.951
0.999933 0.000326685 -0.0115366 -29.8288 0.000326685 0.998398 0.0565875 6.35204 0.0115366 -0.0565875 0.998331 251.745
0.999956 0.000307278 -0.00933672 -29.8868 0.000307278 0.997836 0.0657486 6.40262 0.00933672 -0.0657486 0.997793 252.538
0.999936 0.000403077 -0.0112868 -29.8407 0.000403077 0.997453 0.0713315 6.43778 0.0112868 -0.0713315 0.997389 253.369
0.999926 0.000415943 -0.0121824 -29.8666 0.000415943 0.997671 0.068204 6.50682 0.0121824 -0.068204 0.997597 254.345
0.999896 0.000441584 -0.0144168 -29.8567 0.000441584 0.998125 0.0611991 6.56172 0.0144168 -0.0611991 0.998021 255.323
0.9999 0.000378179 -0.0141112 -29.8974 0.000378179 0.998565 0.0535589 6.61509 0.0141112 -0.0535589 0.998465 256.212
0.999897 0.000353627 -0.0143703 -29.9205 0.000353627 0.99879 0.0491839 6.65738 0.0143703 -0.0491839 0.998686 257.083
0.999826 0.000446719 -0.0186274 -29.8906 0.000446719 0.998851 0.047932 6.69586 0.0186274 -0.047932 0.998677 257.927
0.999844 0.000442306 -0.0176667 -29.9382 0.000442306 0.998747 0.050037 6.72622 0.0176667 -0.050037 0.998591 258.752
0.999826 0.000529994 -0.0186425 -29.9387 0.000529994 0.998385 0.0568077 6.76696 0.0186425 -0.0568077 0.998211 259.602
0.999838 0.000574678 -0.0180148 -29.9735 0.000574678 0.997967 0.0637306 6.8079 0.0180148 -0.0637306 0.997805 260.462
0.999768 0.000711131 -0.0215343 -29.9573 0.000711131 0.997822 0.0659667 6.87508 0.0215343 -0.0659667 0.997589 261.488
0.99992 0.000429244 -0.0126295 -30.1913 0.000429244 0.997692 0.0678937 6.86162 0.0126295 -0.0678937 0.997613 262.288
0.999589 0.000864418 -0.0286667 -29.9231 0.000864418 0.998183 0.0602411 7.00489 0.0286667 -0.0602411 0.997772 263.542
0.999905 0.000414028 -0.0137831 -30.174 0.000414028 0.998197 0.0600208 6.97882 0.0137831 -0.0600208 0.998102 264.595
0.999615 0.000756904 -0.0277454 -30.0025 0.000756904 0.998513 0.0545096 7.1014 0.0277454 -0.0545096 0.998128 265.584
0.999896 0.00042286 -0.0144262 -30.2222 0.00042286 0.998283 0.0585704 7.08993 0.0144262 -0.0585704 0.998179 266.559
0.999585 0.000832343 -0.0287978 -30.1985 0.000832343 0.998331 0.0577457 7.2405 0.0287978 -0.0577457 0.997916 268.229
0.999841 0.000574047 -0.0178034 -30.2243 0.000574047 0.997923 0.0644153 7.18085 0.0178034 -0.0644153 0.997764 268.413
0.999425 0.00100645 -0.0338963 -30.2387 0.00100645 0.998239 0.0593145 7.32493 0.0338963 -0.0593145 0.997664 270.138
0.999736 0.000647398 -0.0229805 -30.157 0.000647398 0.998414 0.0562913 7.29053 0.0229805 -0.0562913 0.99815 270.299
0.999308 0.000917819 -0.0371872 -30.2969 0.000917819 0.998783 0.049315 7.40966 0.0371872 -0.049315 0.998091 272.115
0.999723 0.000590771 -0.0235224 -30.2788 0.000590771 0.998739 0.0501919 7.40332 0.0235224 -0.0501919 0.998463 272.262
0.999513 0.000786095 -0.0311926 -30.4149 0.000786095 0.998731 0.0503585 7.48495 0.0311926 -0.0503585 0.998244 273.673
0.999644 0.000753224 -0.0266734 -30.3345 0.000753224 0.998407 0.0564225 7.46949 0.0266734 -0.0564225 0.998051 274.116
0.999546 0.000910135 -0.0301301 -30.4389 0.000910135 0.998177 0.0603448 7.54094 0.0301301 -0.0603448 0.997723 275.298
0.999519 0.00100684 -0.0310063 -30.423 0.00100684 0.997894 0.0648601 7.56477 0.0310063 -0.0648601 0.997413 276.174
0.999493 0.00103361 -0.031816 -30.4981 0.00103361 0.997892 0.064889 7.63186 0.031816 -0.064889 0.997385 277.312
0.999486 0.00104422 -0.0320555 -30.5071 0.00104422 0.99788 0.0650649 7.6568 0.0320555 -0.0650649 0.997366 278.335
0.999531 0.00095115 -0.0306084 -30.5815 0.00095115 0.998071 0.0620751 7.72513 0.0306084 -0.0620751 0.997602 279.434
0.999559 0.000890489 -0.0296987 -30.6038 0.000890489 0.998204 0.0599012 7.75624 0.0296987 -0.0599012 0.997762 280.385
0.999436 0.00093361 -0.0335587 -30.6216 0.00093361 0.998454 0.0555818 7.7916 0.0335587 -0.0555818 0.99789 281.431
0.999578 0.000798362 -0.0290488 -30.699 0.000798362 0.998491 0.0549139 7.86014 0.0290488 -0.0549139 0.998068 282.493
0.99957 0.000818711 -0.0293276 -30.6873 0.000818711 0.998443 0.0557767 7.86689 0.0293276 -0.0557767 0.998012 283.256
0.999588 0.000851531 -0.0286922 -30.7379 0.000851531 0.99824 0.0592917 7.92832 0.0286922 -0.0592917 0.997828 284.352
0.999596 0.000862545 -0.0284128 -30.7623 0.000862545 0.998159 0.060647 7.9586 0.0284128 -0.060647 0.997755 285.283
0.999599 0.000871667 -0.0283034 -30.7609 0.000871667 0.998105 0.0615237 8.00833 0.0283034 -0.0615237 0.997704 286.272
0.999596 0.000935551 -0.0283904 -30.8503 0.000935551 0.997831 0.0658215 8.08072 0.0283904 -0.0658215 0.997427 287.49
0.99962 0.000972606 -0.0275505 -30.901 0.000972606 0.997511 0.0705042 8.1477 0.0275505 -0.0705042 0.997131 288.582
0.999669 0.000912398 -0.0257183 -30.9551 0.000912398 0.997486 0.0708522 8.18805 0.0257183 -0.0708522 0.997155 289.672
0.999634 0.00088274 -0.0270502 -30.9614 0.00088274 0.997873 0.0651853 8.27313 0.0270502 -0.0651853 0.997506 290.874
0.999673 0.00078392 -0.025562 -31.0139 0.00078392 0.998121 0.0612671 8.30922 0.025562 -0.0612671 0.997794 291.808
0.999616 0.000813375 -0.027707 -31.0008 0.000813375 0.998278 0.0586507 8.37584 0.027707 -0.0586507 0.997894 292.953
0.999712 0.00069267 -0.0239781 -31.0891 0.00069267 0.998333 0.0577187 8.41069 0.0239781 -0.0577187 0.998045 293.692
0.999689 0.000714095 -0.0249163 -31.1258 0.000714095 0.998359 0.0572635 8.45809 0.0249163 -0.0572635 0.998048 294.881
0.999813 0.000552209 -0.0193438 -31.1158 0.000552209 0.998372 0.0570424 8.47239 0.0193438 -0.0570424 0.998184 295.01
0.999754 0.000660789 -0.0221545 -31.167 0.000660789 0.998223 0.0595923 8.53361 0.0221545 -0.0595923 0.997977 296.307
0.999807 0.000605559 -0.0196241 -31.193 0.000605559 0.998098 0.0616511 8.56676 0.0196241 -0.0616511 0.997905 296.998
0.999766 0.000666919 -0.0216106 -31.2196 0.000666919 0.998097 0.0616556 8.6247 0.0216106 -0.0616556 0.997864 298.023
0.999837 0.00055094 -0.0180525 -31.3456 0.00055094 0.998139 0.0609759 8.66624 0.0180525 -0.0609759 0.997976 299.01
0.999833 0.000560757 -0.0182776 -31.412 0.000560757 0.998119 0.0612971 8.74024 0.0182776 -0.0612971 0.997952 300.191
0.999869 0.000495653 -0.0162034 -31.4481 0.000495653 0.99813 0.0611175 8.77453 0.0162034 -0.0611175 0.997999 301.189
0.999857 0.000515777 -0.0169315 -31.4626 0.000515777 0.998146 0.0608642 8.85897 0.0169315 -0.0608642 0.998002 302.488
0.999883 0.000463972 -0.0153017 -31.4978 0.000463972 0.998163 0.0605838 8.89316 0.0153017 -0.0605838 0.998046 303.479
0.999861 0.000516203 -0.0166589 -31.4624 0.000516203 0.998082 0.0619097 8.96656 0.0166589 -0.0619097 0.997943 304.651
0.999891 0.000450103 -0.0147903 -31.5763 0.000450103 0.99815 0.0608049 9.02078 0.0147903 -0.0608049 0.99804 305.766
0.999898 0.000396515 -0.014299 -31.5899 0.000396515 0.998463 0.0554151 9.10689 0.014299 -0.0554151 0.998361 306.956
0.999898 0.000381977 -0.0142629 -31.6337 0.000381977 0.998567 0.0535213 9.11611 0.0142629 -0.0535213 0.998465 307.883
0.999896 0.000399155 -0.0144112 -31.65 0.000399155 0.998467 0.0553497 9.18813 0.0144112 -0.0553497 0.998363 309.035
0.999891 0.000451234 -0.0147838 -31.6464 0.000451234 0.998139 0.0609842 9.20716 0.0147838 -0.0609842 0.998029 309.839
0.999914 0.000417346 -0.0131321 -31.6821 0.000417346 0.997982 0.0634943 9.26634 0.0131321 -0.0634943 0.997896 310.951
0.999913 0.000433343 -0.0131648 -31.6767 0.000433343 0.997835 0.0657597 9.31178 0.0131648 -0.0657597 0.997749 311.959
0.999916 0.000437727 -0.0129841 -31.6999 0.000437727 0.99773 0.0673457 9.37704 0.0129841 -0.0673457 0.997645 313.111
0.999905 0.000466433 -0.0137853 -31.7049 0.000466433 0.997713 0.0675905 9.43126 0.0137853 -0.0675905 0.997618 314.176
0.999934 0.000374056 -0.0114914 -31.772 0.000374056 0.997883 0.0650308 9.50208 0.0114914 -0.0650308 0.997817 315.336
0.999922 0.000390613 -0.0125011 -31.7925 0.000390613 0.998049 0.0624291 9.56459 0.0125011 -0.0624291 0.997971 316.549
0.999933 0.00034451 -0.0115493 -31.8579 0.00034451 0.998222 0.059604 9.64661 0.0115493 -0.059604 0.998155 317.637
0.999962 0.000264223 -0.00869105 -31.9153 0.000264223 0.998153 0.0607462 9.70031 0.00869105 -0.0607462 0.998115 318.762
0.999911 0.00042327 -0.0133196 -31.8738 0.00042327 0.997982 0.0634891 9.7528 0.0133196 -0.0634891 0.997894 319.712
0.999923 0.000416818 -0.0123687 -31.9075 0.000416818 0.997731 0.0673196 9.79911 0.0123687 -0.0673196 0.997655 320.743
0.999885 0.000516524 -0.0151332 -31.9075 0.000516524 0.997673 0.0681804 9.8659 0.0151332 -0.0681804 0.997558 321.895
0.999885 0.000495436 -0.0151413 -31.9384 0.000495436 0.997861 0.0653681 9.91613 0.0151413 -0.0653681 0.997746 323.026
0.999876 0.000467254 -0.0157558 -31.9503 0.000467254 0.998243 0.0592563 9.97229 0.0157558 -0.0592563 0.998118 324.059
0.999876 0.000467254 -0.0157558 -31.9623 0.000467254 0.998243 0.0592563 10.0284 0.0157558 -0.0592563 0.998118 325.091
0.999853 0.000521006 -0.0171459 -31.994 0.000521006 0.998155 0.0607127 10.0517 0.0171459 -0.0607127 0.998008 325.772
0.9998 0.000628327 -0.0200109 -31.9901 0.000628327 0.99803 0.0627302 10.1106 0.0200109 -0.0627302 0.99783 326.886
0.999544 0.00100788 -0.0301903 -31.9193 0.00100788 0.997774 0.0666785 10.1298 0.0301903 -0.0666785 0.997318 327.713
0.999751 0.000759132 -0.0223203 -32.0269 0.000759132 0.997689 0.0679346 10.2111 0.0223203 -0.0679346 0.99744 328.819
0.999742 0.000781142 -0.0226912 -32.0582 0.000781142 0.997633 0.0687593 10.2646 0.0226912 -0.0687593 0.997375 329.777
0.999694 0.000835911 -0.0247362 -32.0685 0.000835911 0.997719 0.0674987 10.3138 0.0247362 -0.0674987 0.997413 330.813
0.999684 0.000824297 -0.0251055 -32.0846 0.000824297 0.997847 0.0655856 10.3749 0.0251055 -0.0655856 0.997531 331.767
0.999675 0.000822536 -0.0254755 -32.1477 0.000822536 0.997918 0.0644971 10.4071 0.0254755 -0.0644971 0.997593 332.793
0.999639 0.000848742 -0.026863 -32.1472 0.000848742 0.998006 0.063116 10.4742 0.026863 -0.063116 0.997645 333.668
0.999715 0.000762819 -0.02387 -32.2738 0.000762819 0.99796 0.06384 10.503 0.02387 -0.06384 0.997675 334.677
0.999623 0.00087763 -0.0274339 -32.2215 0.00087763 0.997956 0.0639041 10.5631 0.0274339 -0.0639041 0.997579 335.491
0.999567 0.000983221 -0.0294093 -32.1901 0.000983221 0.997768 0.0667755 10.554 0.0294093 -0.0667755 0.997335 336.318
0.999636 0.000862147 -0.0269677 -32.3051 0.000862147 0.997958 0.0638623 10.6533 0.0269677 -0.0638623 0.997594 337.315
0.999486 0.00102141 -0.0320548 -32.2014 0.00102141 0.997972 0.0636483 10.6368 0.0320548 -0.0636483 0.997457 338.084
0.999586 0.000860974 -0.0287736 -32.3045 0.000860974 0.998211 0.0597787 10.7558 0.0287736 -0.0597787 0.997797 339.058
0.999548 0.000938994 -0.0300384 -32.2416 0.000938994 0.998048 0.0624445 10.7427 0.0300384 -0.0624445 0.997596 339.768
0.999699 0.000748828 -0.0245366 -32.3677 0.000748828 0.998139 0.0609716 10.8222 0.0245366 -0.0609716 0.997838 340.688
0.99958 0.000924311 -0.0289777 -32.2504 0.000924311 0.997968 0.0637164 10.8302 0.0289777 -0.0637164 0.997547 341.372
0.999782 0.000652164 -0.0208817 -32.3898 0.000652164 0.998051 0.0623949 10.9048 0.0208817 -0.0623949 0.997833 342.516
0.999747 0.000725751 -0.0224971 -32.3159 0.000725751 0.997921 0.0644442 10.9235 0.0224971 -0.0644442 0.997668 343.316
0.999789 0.000674993 -0.0205373 -32.3013 0.000674993 0.997842 0.0656556 10.973 0.0205373 -0.0656556 0.997631 344.243
0.999802 0.000674952 -0.0198916 -32.2939 0.000674952 0.9977 0.0677784 11.0115 0.0198916 -0.0677784 0.997502 345.135
0.999888 0.0005189 -0.0149428 -32.3136 0.0005189 0.997591 0.0693639 11.0504 0.0149428 -0.0693639 0.99748 346.023
0.999888 0.0005189 -0.0149428 -32.3332 0.0005189 0.997591 0.0693639 11.0892 0.0149428 -0.0693639 0.99748 346.911
0.999878 0.000515682 -0.0155923 -32.3391 0.000515682 0.997815 0.0660695 11.1154 0.0155923 -0.0660695 0.997693 347.339
0.999939 0.000333948 -0.0110003 -32.4125 0.000333948 0.998159 0.0606585 11.1692 0.0110003 -0.0606585 0.998098 348.89
0.999918 0.0003738 -0.0127906 -32.3479 0.0003738 0.998293 0.058397 11.1803 0.0127906 -0.058397 0.998211 348.912
0.999966 0.000241078 -0.00827014 -32.4647 0.000241078 0.998302 0.0582503 11.2634 0.00827014 -0.0582503 0.998268 350.536
0.999938 0.000364663 -0.0110856 -32.4558 0.000364663 0.997838 0.0657173 11.2688 0.0110856 -0.0657173 0.997777 350.838
0.999938 0.000364663 -0.0110856 -32.4469 0.000364663 0.997838 0.0657173 11.2742 0.0110856 -0.0657173 0.997777 351.14
0.999954 0.000317802 -0.00962634 -32.4966 0.000317802 0.997823 0.065954 11.3238 0.00962634 -0.065954 0.997776 352.179
0.999867 0.000520237 -0.0163186 -32.5061 0.000520237 0.99797 0.0636909 11.3489 0.0163186 -0.0636909 0.997836 352.481
0.99958 0.000836893 -0.0289778 -32.5252 0.000836893 0.998334 0.0577007 11.3727 0.0289778 -0.0577007 0.997913 353.055
0.99958 0.000836893 -0.0289778 -32.5443 0.000836893 0.998334 0.0577007 11.3965 0.0289778 -0.0577007 0.997913 353.629
0.99911 0.00120272 -0.0421677 -32.5574 0.00120272 0.998375 0.0569727 11.3946 0.0421677 -0.0569727 0.997485 353.488
0.998366 0.00160566 -0.0571179 -32.5983 0.00160566 0.998422 0.0561323 11.4273 0.0571179 -0.0561323 0.996788 354.271
0.997081 0.00212597 -0.0763261 -32.6396 0.00212597 0.998452 0.0555831 11.4381 0.0763261 -0.0555831 0.995532 354.572
0.995238 0.00276586 -0.0974316 -32.7034 0.00276586 0.998393 0.0565947 11.4645 0.0974316 -0.0565947 0.993632 355.151
0.992398 0.00366057 -0.123013 -32.7351 0.00366057 0.998237 0.0592364 11.4678 0.123013 -0.0592364 0.990636 355.249
0.988244 0.00484992 -0.152805 -32.8238 0.00484992 0.997999 0.0630419 11.4947 0.152805 -0.0630419 0.986244 355.822
0.982265 0.00608881 -0.187398 -32.9053 0.00608881 0.99791 0.0643385 11.514 0.187398 -0.0643385 0.980175 356.136
0.973968 0.00745503 -0.226562 -33.0006 0.00745503 0.997865 0.0648831 11.5312 0.226562 -0.0648831 0.971833 356.504
0.963473 0.00922342 -0.267646 -33.1816 0.00922342 0.997671 0.0675835 11.5562 0.267646 -0.0675835 0.961144 356.954
0.950524 0.0114471 -0.310439 -33.3339 0.0114471 0.997351 0.0718258 11.5766 0.310439 -0.0718258 0.947876 357.306
0.935246 0.0140825 -0.353718 -33.5481 0.0140825 0.996937 0.0769259 11.6044 0.353718 -0.0769259 0.932184 357.719
0.916283 0.016587 -0.400188 -33.8098 0.016587 0.996714 0.0792901 11.6973 0.400188 -0.0792901 0.912997 358.418
0.894825 0.0198856 -0.445973 -34.0038 0.0198856 0.99624 0.0843212 11.704 0.445973 -0.0843212 0.891065 358.666
0.869457 0.0236886 -0.49344 -34.3276 0.0236886 0.995701 0.0895408 11.7493 0.49344 -0.0895408 0.865158 359.177
0.841017 0.0283449 -0.540266 -35.3157 0.0283449 0.994946 0.0963233 11.8321 0.540266 -0.0963233 0.835963 360.263
0.808957 0.0334296 -0.586917 -35.8621 0.0334296 0.99415 0.102701 11.9134 0.586917 -0.102701 0.803107 360.909
0.746986 0.0412855 -0.663557 -36.8459 0.0412855 0.993263 0.108276 11.7261 0.663557 -0.108276 0.740249 361.123
0.746986 0.0412855 -0.663557 -37.8297 0.0412855 0.993263 0.108276 11.5387 0.663557 -0.108276 0.740249 361.338
0.706677 0.0481596 -0.705895 -38.1774 0.0481596 0.992093 0.115898 11.9336 0.705895 -0.115898 0.69877 362.392
