0.999994 -0.00266876 -0.00221869 -0.0135351 0.00266449 0.999995 -0.00192875 -0.0104086 0.00222383 0.00192283 0.999996 0.676429
0.999961 -0.00179 -0.00869473 -0.0100888 0.00176264 0.999993 -0.00315285 -0.0155504 0.00870031 0.0031374 0.999957 1.3312
0.999941 -0.00324714 -0.0103478 -0.0523915 0.00319123 0.99998 -0.00541442 -0.0129051 0.0103652 0.00538108 0.999932 2.01994
0.999868 -0.000957109 -0.0162437 -0.0421585 0.000861579 0.999982 -0.00588705 -0.0219094 0.0162491 0.00587227 0.999851 2.68952
0.999818 0.00247251 -0.0189269 -0.0524553 -0.00258424 0.999979 -0.00588117 -0.0291731 0.0189119 0.00592901 0.999804 3.46222
0.999686 0.00412972 -0.0247097 -0.0802825 -0.00429916 0.999968 -0.00680816 -0.0376037 0.0246808 0.00691225 0.999671 4.15291
0.999603 0.00328871 -0.0279665 -0.118879 -0.0035041 0.999965 -0.00765616 -0.0453298 0.0279403 0.00775112 0.99958 4.9173
0.999406 -0.000182458 -0.0344612 -0.135453 -1.88966e-005 0.999983 -0.00584251 -0.0515132 0.0344617 0.00583969 0.999389 5.68315
0.999238 0.00278721 -0.0389245 -0.182279 -0.00291852 0.99999 -0.00331703 -0.0642939 0.0389149 0.00342811 0.999237 6.51049
0.999142 0.000895092 -0.0414036 -0.210595 -0.000930606 0.999999 -0.000838479 -0.0673757 0.0414028 0.00087629 0.999142 7.21832
0.99902 -3.58526e-005 -0.044271 -0.252556 -1.61464e-005 0.999999 -0.0011742 -0.0775105 0.044271 0.00117377 0.999019 8.04172
0.998874 -0.00386775 -0.0472905 -0.304788 0.00378899 0.999991 -0.00175501 -0.0865539 0.0472969 0.00157385 0.99888 8.83576
0.998818 -0.0016479 -0.0485795 -0.344533 0.00153771 0.999996 -0.00230551 -0.0917404 0.0485831 0.00222808 0.998817 9.66231
0.998727 -0.00345056 -0.0503188 -0.387044 0.00340604 0.999994 -0.00097053 -0.101377 0.0503218 0.000797906 0.998733 10.4775
0.998689 -0.0006421 -0.0511835 -0.428238 0.000564812 0.999999 -0.00152447 -0.11334 0.0511844 0.00149357 0.998688 11.322
0.998542 0.00526978 -0.0537241 -0.470106 -0.00547836 0.999978 -0.00373585 -0.121718 0.0537032 0.00402472 0.998549 12.1697
0.998645 0.00229505 -0.051992 -0.535796 -0.00268182 0.999969 -0.00737059 -0.129801 0.0519735 0.00750003 0.99862 12.9482
0.998369 0.00701869 -0.0566608 -0.569845 -0.00741799 0.999949 -0.00684009 -0.145486 0.0566099 0.00724924 0.99837 13.7604
0.998368 0.00587894 -0.0568011 -0.630539 -0.00630763 0.999953 -0.00737085 -0.153028 0.0567551 0.0077171 0.998358 14.6031
0.998149 0.00374971 -0.0607073 -0.663514 -0.00412864 0.999973 -0.00611768 -0.171332 0.0606827 0.00635699 0.998137 15.4824
0.998264 0.00159148 -0.0588768 -0.718218 -0.00186389 0.999988 -0.00457219 -0.178696 0.0588688 0.00467399 0.998255 16.3305
0.998185 -0.00127337 -0.0602082 -0.800707 0.00101612 0.99999 -0.00430304 -0.189297 0.0602131 0.00423406 0.998177 17.2182
0.99817 0.00382656 -0.0603453 -0.856699 -0.00408186 0.999983 -0.00410809 -0.216793 0.0603285 0.0043469 0.998169 18.0939
0.997898 0.00129856 -0.0647957 -0.890042 -0.00163825 0.999985 -0.00518957 -0.232714 0.064788 0.00528481 0.997885 18.9234
0.996921 -0.0215983 -0.0753842 -0.82522 0.0210894 0.999749 -0.00753953 -0.252993 0.0755281 0.0059265 0.997126 19.7674
0.998083 0.0018018 -0.0618628 -0.992143 -0.00184773 0.999998 -0.000685324 -0.256999 0.0618614 0.000798317 0.998084 20.7302
0.998032 0.00280648 -0.0626476 -1.03181 -0.0026137 0.999992 0.00315901 -0.268571 0.062656 -0.00298905 0.998031 21.6084
0.997851 0.00266997 -0.0654633 -1.06293 -0.00230141 0.999981 0.00570478 -0.284164 0.0654773 -0.00554186 0.997839 22.4328
0.99815 0.000197117 -0.0607925 -1.14972 0.000201819 0.999978 0.00655604 -0.272172 0.0607925 -0.00655618 0.998129 23.5048
0.998174 -0.000114642 -0.0604107 -1.19905 0.000334208 0.999993 0.00362446 -0.291831 0.0604099 -0.00363803 0.998167 24.4348
0.998213 0.00187173 -0.0597222 -1.27396 -0.00192544 0.999998 -0.000841749 -0.296008 0.0597204 0.000955237 0.998215 25.3713
0.998325 -0.00107173 -0.0578533 -1.32279 0.000820181 0.99999 -0.00437162 -0.299752 0.0578575 0.00431685 0.998316 26.3807
0.998426 -0.00109327 -0.0560662 -1.39207 0.00089786 0.999993 -0.00351038 -0.311775 0.0560697 0.00345452 0.998421 27.3327
0.998378 -0.00459887 -0.0567461 -1.44077 0.00464782 0.999989 0.000730613 -0.318624 0.0567421 -0.000993174 0.998388 28.2529
0.998209 -0.0108703 -0.0588299 -1.48536 0.0111255 0.99993 0.00401179 -0.327606 0.0587822 -0.00465912 0.99826 29.192
0.998131 -0.0157512 -0.0590418 -1.54572 0.015956 0.999868 0.0029996 -0.33012 0.0589868 -0.00393607 0.998251 30.1873
0.99825 -0.0109692 -0.0581027 -1.62625 0.0109751 0.99994 -0.000218273 -0.345029 0.0581016 -0.000419789 0.998311 31.1587
0.998088 -0.0064006 -0.0614781 -1.66925 0.00614857 0.999972 -0.00428777 -0.355302 0.0615039 0.00390157 0.998099 32.0939
0.997886 -0.00151691 -0.0649682 -1.72565 0.00118607 0.999986 -0.00513073 -0.360727 0.0649751 0.00504283 0.997874 32.9588
0.997896 -0.000844875 -0.0648312 -1.77103 0.000606239 0.999993 -0.00370047 -0.377551 0.0648339 0.00365338 0.997889 33.8381
0.997903 0.00627532 -0.064424 -1.85797 -0.00631368 0.99998 -0.000391983 -0.391652 0.0644203 0.000797915 0.997923 34.7411
0.99771 0.000169231 -0.0676387 -1.9092 -0.000153105 1 0.000243604 -0.39944 0.0676388 -0.00023269 0.99771 35.6526
0.997714 0.00691231 -0.0672262 -1.99117 -0.00666714 0.99997 0.00387062 -0.411052 0.067251 -0.00341356 0.99773 36.5714
0.997687 -2.20812e-005 -0.0679771 -2.04471 0.000433013 0.999982 0.00603042 -0.417296 0.0679757 -0.00604591 0.997669 37.5058
0.997537 0.00273018 -0.0700907 -2.13332 -0.00214916 0.999963 0.00836364 -0.419436 0.0701109 -0.00819241 0.997506 38.5214
0.997622 -0.00230504 -0.0688812 -2.16564 0.00278491 0.999973 0.00687148 -0.416073 0.0688635 -0.00704697 0.997601 38.9196
0.997613 0.00436878 -0.0689183 -2.26343 -0.00395884 0.999974 0.00608366 -0.430014 0.068943 -0.00579631 0.997604 40.3536
0.997563 0.00347039 -0.0696834 -2.30715 -0.00321866 0.999988 0.00372443 -0.431141 0.0696955 -0.00349106 0.997562 41.3082
0.99759 0.00507943 -0.0692019 -2.37841 -0.00479148 0.999979 0.00432643 -0.447754 0.0692224 -0.00398442 0.997593 42.1994
0.997456 -0.00179396 -0.0712621 -2.45512 0.00217244 0.999984 0.00523399 -0.449833 0.0712516 -0.00537549 0.997444 43.3066
0.99751 -0.001104 -0.0705121 -2.51602 0.0015395 0.99998 0.00612213 -0.453415 0.070504 -0.00621544 0.997492 44.2447
0.997221 0.000920377 -0.0744918 -2.57001 -0.000702988 0.999995 0.00294447 -0.473186 0.0744941 -0.00288392 0.997217 45.2006
0.997385 0.00461319 -0.0721273 -2.6817 -0.0047126 0.999988 -0.00120807 -0.476063 0.0721209 0.00154482 0.997395 46.2328
0.997275 0.00465151 -0.0736253 -2.75228 -0.00486204 0.999985 -0.00268054 -0.493715 0.0736117 0.0030312 0.997282 47.2174
0.997176 -7.44409e-005 -0.0751038 -2.82747 0.000137269 1 0.000831386 -0.502874 0.0751037 -0.000839347 0.997175 48.1572
0.997187 -0.0032231 -0.0748878 -2.88723 0.00348707 0.999988 0.00339442 -0.50723 0.074876 -0.00364601 0.997186 49.0747
0.997143 -0.00612905 -0.0752923 -2.94706 0.00642531 0.999973 0.00369323 -0.522862 0.0752676 -0.00416645 0.997155 50.0123
0.997168 -0.00622486 -0.0749537 -3.05293 0.00648653 0.999974 0.00324817 -0.529736 0.0749315 -0.00372516 0.997182 51.0035
0.997258 -0.00638344 -0.073726 -3.13169 0.00651527 0.999978 0.00154776 -0.541555 0.0737144 -0.00202386 0.997277 52.057
0.997322 -0.00615353 -0.0728828 -3.24441 0.00636162 0.999976 0.00262341 -0.539661 0.0728649 -0.00308003 0.997337 52.9673
0.997042 -0.00343559 -0.0767881 -3.28724 0.00394527 0.999971 0.00648686 -0.548765 0.0767636 -0.00677062 0.997026 53.92
0.996997 -0.00526306 -0.0772565 -3.36376 0.00614852 0.999918 0.0112279 -0.559255 0.0771911 -0.0116692 0.996948 54.892
0.997039 -0.00177851 -0.0768729 -3.46655 0.00284107 0.999902 0.0137153 -0.575698 0.076841 -0.013893 0.996947 55.7876
0.996891 -0.00152586 -0.0787736 -3.52733 0.00225171 0.999956 0.00912634 -0.571665 0.0787562 -0.00927534 0.996851 56.8445
0.996732 0.00576417 -0.0805743 -3.63242 -0.00561457 0.999982 0.00208318 -0.577528 0.0805848 -0.00162399 0.996746 57.8515
0.996708 0.00499565 -0.0809186 -3.66541 -0.00517869 0.999984 -0.00205231 -0.603153 0.0809071 0.0024646 0.996719 58.7201
0.996535 0.0106267 -0.0824934 -3.70857 -0.0107336 0.999942 -0.000852346 -0.594549 0.0824796 0.00173484 0.996591 58.7056
0.996449 0.00908458 -0.0837088 -3.82163 -0.00909469 0.999959 0.000260472 -0.611081 0.0837077 0.000501758 0.99649 60.1779
0.99622 0.00559815 -0.0866858 -3.87484 -0.00536628 0.999981 0.00290769 -0.63721 0.0867004 -0.00243152 0.996231 60.9339
0.996391 0.00564632 -0.0846901 -3.99042 -0.00539609 0.99998 0.00318328 -0.642353 0.0847064 -0.00271479 0.996402 61.6748
0.996316 0.00498934 -0.0856072 -4.07968 -0.00470262 0.999983 0.00355063 -0.657202 0.0856234 -0.00313498 0.996323 62.6199
0.995989 0.00182976 -0.0894611 -4.14922 -0.001489 0.999991 0.00387557 -0.661247 0.0894674 -0.00372681 0.995983 63.4506
0.995967 0.00170979 -0.089706 -4.25 -0.00123269 0.999985 0.00537367 -0.67817 0.0897139 -0.00524142 0.995954 64.3127
0.995863 -0.00149776 -0.0908544 -4.32835 0.00212218 0.999975 0.00677652 -0.692125 0.090842 -0.0069413 0.995841 65.16
0.995827 0.0012445 -0.0912486 -4.4257 -0.000503136 0.999967 0.00814722 -0.692241 0.0912557 -0.00806731 0.995795 66.0269
0.995674 0.00207756 -0.0928944 -4.50875 -0.00091105 0.99992 0.012598 -0.69355 0.0929131 -0.0124589 0.995596 66.94
0.995699 0.0063838 -0.0924217 -4.58692 -0.00508024 0.999884 0.0143329 -0.704079 0.0925025 -0.0138017 0.995617 67.7001
0.99558 0.00986783 -0.0933957 -4.67373 -0.00888421 0.999901 0.0109417 -0.711809 0.0934944 -0.0100636 0.995569 68.5378
0.995383 0.00779842 -0.0956669 -4.77991 -0.0074523 0.999964 0.00397478 -0.72072 0.0956945 -0.00324349 0.995405 69.3562
0.995206 0.00379455 -0.0977235 -4.83073 -0.00399737 0.99999 -0.00187979 -0.732909 0.0977154 0.00226142 0.995212 70.1224
0.995223 0.0025421 -0.0975919 -4.95363 -0.0028738 0.999991 -0.00325835 -0.739468 0.0975827 0.00352324 0.995221 70.9919
0.995329 0.00579926 -0.0963621 -4.99386 -0.0057981 0.999983 0.000292077 -0.737849 0.0963622 0.000268004 0.995346 71.5281
0.994417 -0.000827925 -0.105517 -5.0323 0.00103501 0.999998 0.00190784 -0.765232 0.105515 -0.0020064 0.994416 72.2532
0.994842 -0.000806761 -0.101438 -5.14316 0.000799773 1 -0.000109555 -0.787694 0.101438 2.78622e-005 0.994842 72.9872
0.995121 -0.00537703 -0.0985106 -5.1695 0.00480519 0.99997 -0.0060412 -0.804021 0.0985402 0.00553837 0.995118 73.6524
0.99502 -0.012895 -0.098835 -5.23654 0.0117147 0.999853 -0.0125137 -0.806905 0.0989819 0.0112936 0.995025 74.2052
0.995141 -0.0109337 -0.0978512 -5.29775 0.00979821 0.999879 -0.0120773 -0.819115 0.0979714 0.0110598 0.995128 74.8288
0.99573 -0.00453911 -0.0922034 -5.3561 0.00378536 0.999958 -0.0083482 -0.836378 0.0922374 0.00796353 0.995705 75.3727
0.996223 -0.00681919 -0.0865643 -5.40884 0.00638047 0.999965 -0.00534382 -0.846437 0.0865977 0.00477132 0.996232 75.885
0.996512 -0.00353221 -0.0833705 -5.40479 0.00341746 0.999993 -0.00151912 -0.858662 0.0833753 0.00122891 0.996517 76.3456
0.997196 -0.00622855 -0.0745738 -5.44861 0.00633206 0.999979 0.00115171 -0.866078 0.074565 -0.00162068 0.997215 76.8095
0.997923 -0.00403941 -0.0642855 -5.48077 0.00418517 0.999989 0.00213279 -0.882386 0.0642762 -0.00239741 0.997929 77.3794
0.998823 -7.17996e-005 -0.048508 -5.51207 0.000169326 0.999998 0.00200642 -0.886158 0.0485077 -0.00201227 0.998821 77.8464
0.999518 0.00484362 -0.0306549 -5.52185 -0.00475369 0.999984 0.0030056 -0.890646 0.030669 -0.00285843 0.999526 78.3527
0.999934 0.00663459 -0.00942015 -5.51391 -0.00660581 0.999973 0.00308332 -0.89803 0.00944036 -0.00302089 0.999951 78.8413
0.999805 0.0103637 0.0167989 -5.47653 -0.0104264 0.999939 0.00365198 -0.908653 -0.01676 -0.00382642 0.999852 79.3816
0.998839 0.00342429 0.0480529 -5.44502 -0.00372632 0.999974 0.00619726 -0.912616 -0.0480304 -0.00636912 0.998826 79.6309
0.996955 -0.00490756 0.0778276 -5.38372 0.00425318 0.999954 0.0085717 -0.916873 -0.0778661 -0.00821458 0.99693 80.2691
0.992792 -0.00791987 0.119585 -5.30852 0.00686193 0.999934 0.00925593 -0.916358 -0.119651 -0.00836863 0.992781 80.7135
0.987456 -0.0097157 0.157596 -5.1634 0.00809409 0.999908 0.0109282 -0.918655 -0.157688 -0.00951555 0.987443 81.2104
0.980685 -0.00513594 0.195524 -5.038 0.00312746 0.999939 0.0105796 -0.930288 -0.195567 -0.0097638 0.980642 81.6846
0.968191 -0.00872848 0.250061 -4.89872 0.00501606 0.999868 0.0154795 -0.906684 -0.250163 -0.0137327 0.968106 82.0817
0.956249 0.000611622 0.292554 -4.66014 -0.00250089 0.999978 0.00608389 -0.929235 -0.292544 -0.00654936 0.95623 82.5599
0.934307 -0.00888817 0.356358 -4.50304 0.0071304 0.999955 0.00624593 -0.935828 -0.356398 -0.00329464 0.934329 82.9351
0.909623 -0.00758392 0.415365 -4.2637 0.00540395 0.999965 0.00642349 -0.961718 -0.415399 -0.00359835 0.909632 83.3714
0.877373 -0.00106565 0.479809 -3.9694 0.00146476 0.999999 -0.000457445 -0.932183 -0.479808 0.00110415 0.877373 83.8085
0.849364 -0.00487469 0.527786 -3.75885 0.00683872 0.999975 -0.00176964 -0.936064 -0.527764 0.00511245 0.849376 84.0307
0.810434 0.00244392 0.585824 -3.31125 0.0136658 0.99964 -0.0230756 -0.855257 -0.58567 0.026707 0.810109 84.539
0.768771 -0.00535879 0.639502 -3.06903 -0.00426179 0.9999 0.0135021 -0.953556 -0.63951 -0.0131054 0.768671 84.7642
0.732411 -0.00639743 0.680833 -2.72529 0.00499221 0.999979 0.00402588 -0.925941 -0.680844 0.000450262 0.732428 85.0513
0.695531 -0.00345842 0.718488 -2.41952 -0.00144036 0.99998 0.00620771 -0.933921 -0.718495 -0.00535253 0.695511 85.2195
0.634395 0.00165621 0.773007 -2.04013 -0.0023161 0.999997 -0.000241764 -0.94195 -0.773005 -0.00163699 0.634398 85.548
0.594894 0.0141423 0.80368 -1.68126 -0.00228287 0.999871 -0.0159048 -0.902575 -0.803801 0.00762699 0.594849 85.7063
0.547762 -0.00645979 0.836609 -1.3553 0.00364233 0.999979 0.00533645 -0.942065 -0.836626 0.00012411 0.547774 85.8864
0.499047 -0.00183004 0.866573 -0.960736 -0.0010488 0.999996 0.00271579 -0.942752 -0.866574 -0.00226417 0.499043 86.0803
0.445693 0.0140854 0.895075 -0.582812 -0.0073618 0.9999 -0.0120692 -0.951039 -0.895156 -0.00121019 0.445752 86.2774
0.413631 -0.00465615 0.910433 -0.222578 0.00206106 0.999989 0.00417777 -0.958232 -0.910442 0.000148398 0.413636 86.3529
0.375501 -0.0194018 0.926619 0.127065 0.0095069 0.999809 0.0170817 -0.954232 -0.926773 0.00239506 0.375614 86.4302
0.338772 -0.0243752 0.940553 0.458069 0.0112781 0.999698 0.0218458 -0.949579 -0.940801 0.00320691 0.338945 86.5241
0.304958 -0.0184689 0.952187 1.02654 0.00983591 0.99982 0.0162427 -0.961986 -0.952315 0.00441229 0.305084 86.6703
0.276218 -0.00579495 0.961077 1.49413 -0.000303147 0.999981 0.00611665 -0.976748 -0.961095 -0.00198088 0.276211 86.771
0.246907 0.00325662 0.969034 1.95591 -0.00912248 0.999958 -0.00103616 -0.979738 -0.968996 -0.00858416 0.246927 86.9133
0.225334 -0.00504863 0.974269 2.55692 -0.00467098 0.999969 0.00626214 -0.984615 -0.97427 -0.00596186 0.225303 87.0008
0.201562 -0.00164682 0.979474 3.03696 -0.00360274 0.999991 0.00242271 -0.990931 -0.979469 -0.00401711 0.201555 86.9405
0.177466 -0.0123935 0.984049 3.34323 0.00802925 0.999906 0.0111451 -0.98698 -0.984094 0.00592329 0.177548 87.0687
0.159192 -0.0149166 0.987135 3.76097 0.0199931 0.99973 0.0118827 -0.983203 -0.987045 0.0178442 0.159448 87.0999
0.139813 -0.00932267 0.990134 4.21733 0.0215691 0.999747 0.0063675 -0.997655 -0.989943 0.020466 0.139978 87.1637
0.125564 -0.00961781 0.992039 4.67727 0.0139328 0.999871 0.00793025 -0.994366 -0.991988 0.0128262 0.125682 87.2179
0.112743 -0.00902909 0.993583 5.33391 0.00418971 0.999954 0.00861158 -0.974944 -0.993615 0.00319192 0.112776 87.2464
0.0981525 -0.00847788 0.995135 5.61029 -0.0125985 0.999873 0.00976086 -0.991892 -0.995092 -0.0134953 0.0980333 87.2966
0.0872148 -0.012385 0.996113 6.11556 -0.0196311 0.999707 0.0141485 -0.981878 -0.995996 -0.0207887 0.0869461 87.303
0.0745303 -0.0107695 0.997161 6.60249 -0.0164114 0.999793 0.0120246 -0.999013 -0.997084 -0.017261 0.0743381 87.3495
0.0684354 -0.016959 0.997511 7.11828 -0.00844501 0.99981 0.0175774 -0.982187 -0.99762 -0.00962692 0.0682791 87.3505
0.0629472 -0.0176274 0.997861 7.72231 -0.00734473 0.999809 0.0181251 -0.981879 -0.99799 -0.00846994 0.0628057 87.3859
0.0568253 -0.0177731 0.998226 8.24735 -0.00494073 0.999824 0.0180828 -0.985627 -0.998372 -0.00595952 0.0567275 87.4208
0.0488585 -0.0205659 0.998594 8.81046 -0.00914929 0.999737 0.0210371 -0.963773 -0.998764 -0.0101643 0.0486574 87.4629
0.0479443 -0.0251834 0.998532 9.66442 -0.0137864 0.99957 0.0258715 -0.953168 -0.998755 -0.0150066 0.0475765 87.4934
0.0429353 -0.020296 0.998872 10.0025 -0.0155874 0.999658 0.0209819 -0.971027 -0.998956 -0.0164707 0.0426043 87.5018
0.0417015 -0.0234463 0.998855 10.7498 -0.015688 0.999586 0.0241184 -0.94442 -0.999007 -0.0166759 0.0413164 87.5231
0.0382427 -0.0269057 0.998906 11.4603 -0.0191709 0.999434 0.0276538 -0.918245 -0.999085 -0.0202075 0.0377052 87.5577
0.037955 -0.0307357 0.998807 12.1632 -0.0221589 0.999255 0.0315915 -0.913982 -0.999034 -0.0233315 0.0372456 87.5883
0.0386125 -0.0317005 0.998751 12.6168 -0.0248926 0.999156 0.0326757 -0.973363 -0.998944 -0.0261233 0.0377908 87.6644
0.0434301 -0.0397971 0.998263 13.6679 -0.0225207 0.998913 0.0408028 -0.857873 -0.998803 -0.0242536 0.0424866 87.6408
0.0466236 -0.0386216 0.998166 14.2956 -0.0308932 0.998719 0.040086 -0.884705 -0.998435 -0.0327055 0.0453707 87.6901
0.0460283 -0.0338979 0.998365 14.9846 -0.0309912 0.998895 0.0353447 -0.860667 -0.998459 -0.0325674 0.0449269 87.7319
0.054664 -0.0403769 0.997688 15.5722 -0.0377596 0.998384 0.0424739 -0.824162 -0.997791 -0.0399941 0.053051 87.7416
0.0567762 -0.0387257 0.997636 16.5008 -0.0410275 0.998313 0.0410869 -0.807965 -0.997544 -0.0432633 0.0550916 87.8045
0.0607551 -0.0350617 0.997537 17.1978 -0.0424745 0.998387 0.0376785 -0.78235 -0.997249 -0.0446591 0.0591678 87.8507
0.0662996 -0.0357587 0.997159 17.984 -0.0446912 0.998248 0.0387693 -0.749486 -0.996798 -0.0471346 0.0645854 87.9214
0.0682008 -0.0303888 0.997209 18.8055 -0.0438341 0.99848 0.0334254 -0.722775 -0.996708 -0.0459914 0.066765 87.9849
0.0717523 -0.0306405 0.996952 19.6885 -0.0335783 0.998887 0.0331167 -0.701329 -0.996857 -0.0358521 0.0706436 88.083
0.0735493 -0.0245863 0.996988 20.508 -0.026066 0.999307 0.0265664 -0.685103 -0.996951 -0.0279414 0.0728575 88.1179
0.0718777 -0.0193983 0.997225 21.5594 -0.0219646 0.999538 0.0210265 -0.668284 -0.997172 -0.023415 0.0714184 88.242
0.0746214 -0.0217859 0.996974 22.318 -0.0239268 0.999434 0.0236306 -0.659134 -0.996925 -0.0256177 0.0740579 88.2364
0.0725903 -0.0184903 0.99719 23.1653 -0.0252494 0.999474 0.0203707 -0.636477 -0.997042 -0.0266571 0.0720852 88.3626
0.0736279 -0.0209803 0.997065 24.0163 -0.0259232 0.999401 0.0229438 -0.634248 -0.996949 -0.0275364 0.0730399 88.3779
0.0772073 -0.0196417 0.996822 24.8447 -0.0256662 0.999435 0.0216811 -0.616669 -0.996685 -0.0272586 0.0766596 88.4589
0.0715896 -0.0128 0.997352 25.7259 -0.0194074 0.99971 0.0142234 -0.617273 -0.997245 -0.0203742 0.0713204 88.5451
0.0771086 -0.0151011 0.996908 26.5792 -0.0223562 0.999608 0.0168712 -0.604361 -0.996772 -0.023588 0.0767407 88.5963
0.0747612 -0.0102491 0.997149 27.4275 -0.0154431 0.999815 0.0114344 -0.60888 -0.997082 -0.0162539 0.0745891 88.6717
0.0725767 -0.00796846 0.997331 28.3073 -0.0156167 0.999836 0.00912492 -0.604879 -0.997241 -0.0162372 0.0724404 88.7256
0.0675884 -0.00481607 0.997702 29.1011 -0.0156547 0.99986 0.005887 -0.610055 -0.99759 -0.0160166 0.0675035 88.8067
0.0634081 -0.00229042 0.997985 29.957 -0.0173149 0.999844 0.00339481 -0.621552 -0.997837 -0.0174953 0.0633586 88.8579
0.0581556 -0.00217605 0.998305 30.7741 -0.0150658 0.999882 0.00305713 -0.625226 -0.998194 -0.015218 0.0581159 88.8957
0.048678 -0.00182224 0.998813 31.664 -0.00931715 0.999954 0.0022784 -0.632472 -0.998771 -0.00941699 0.0486588 88.9633
0.0529508 -0.037911 0.997877 31.8988 -0.00491441 0.999257 0.0382242 -0.677271 -0.998585 -0.00692798 0.0527252 88.8515
0.0314862 -0.00138913 0.999503 33.1627 -4.87435e-005 0.999999 0.00139136 -0.664708 -0.999504 -9.25278e-005 0.0314861 88.9702
0.0195739 -0.000486257 0.999808 34.1211 0.000286728 1 0.000480737 -0.663899 -0.999808 0.000277263 0.0195741 88.9896
0.0103164 -0.0029072 0.999943 34.9347 -0.00565031 0.99998 0.0029656 -0.674774 -0.999931 -0.00568058 0.0102998 89.0121
-1.03409e-005 -0.00322033 0.999995 35.8906 -0.00647278 0.999974 0.0032202 -0.685272 -0.999979 -0.00647271 -3.11851e-005 88.9948
-0.0124087 -0.00614814 0.999904 36.8224 -0.00422147 0.999973 0.00609617 -0.688917 -0.999914 -0.00414542 -0.0124343 89.0124
-0.0227162 -0.00558172 0.999726 37.6554 -0.00382721 0.999978 0.00549616 -0.709144 -0.999735 -0.00370132 -0.022737 88.9729
-0.0325 -0.00320389 0.999467 38.5778 -0.0028934 0.999991 0.00311149 -0.710756 -0.999468 -0.00279074 -0.032509 88.9525
-0.0431514 -0.00554293 0.999053 39.3767 -0.00333722 0.99998 0.00540393 -0.729175 -0.999063 -0.00310088 -0.0431691 88.907
-0.0526865 -0.006379 0.998591 40.387 -0.00315263 0.999976 0.00622151 -0.746859 -0.998606 -0.0028204 -0.0527053 88.8495
-0.0630335 -0.00707896 0.997986 41.13 -0.00297879 0.999972 0.0069049 -0.741417 -0.998007 -0.00253756 -0.0630528 88.822
-0.0706359 -0.00760012 0.997473 42.0931 -0.00413597 0.999965 0.00732622 -0.743267 -0.997494 -0.00360803 -0.0706648 88.729
-0.079915 -0.00824176 0.996768 42.8691 -0.00600643 0.999952 0.00778653 -0.755328 -0.996784 -0.00536475 -0.0799606 88.675
-0.0888217 -0.0113747 0.995983 43.7541 -0.00861538 0.999906 0.0106512 -0.756315 -0.99601 -0.00763472 -0.0889113 88.6097
-0.0926542 -0.0136814 0.995604 44.5112 -0.0128651 0.999839 0.0125423 -0.762647 -0.995615 -0.0116465 -0.0928152 88.5288
-0.0966431 -0.0169777 0.995174 45.3291 -0.0147862 0.999769 0.0156201 -0.769177 -0.995209 -0.0132052 -0.0968718 88.4425
-0.099592 -0.0179523 0.994866 46.1778 -0.0167159 0.999726 0.0163666 -0.770362 -0.994888 -0.0150001 -0.0998648 88.366
-0.101355 -0.0190202 0.994668 46.9609 -0.0179399 0.99969 0.0172882 -0.767376 -0.994689 -0.016092 -0.101665 88.2926
-0.101839 -0.0187413 0.994624 47.7039 -0.0195105 0.999668 0.0168386 -0.767052 -0.99461 -0.0176908 -0.102171 88.219
-0.102165 -0.0202555 0.994561 48.4918 -0.0186224 0.999656 0.0184463 -0.771884 -0.994593 -0.0166365 -0.102507 88.138
-0.112832 -0.0176192 0.993458 49.2327 -0.0103325 0.99981 0.0165583 -0.731312 -0.99356 -0.00839655 -0.112993 88.1579
-0.0937036 -0.0212245 0.995374 49.8953 -0.0160649 0.999675 0.0198039 -0.752333 -0.995471 -0.0141349 -0.0940141 88.0295
-0.0857821 -0.0208239 0.996096 50.5512 -0.0169351 0.999668 0.0194402 -0.747711 -0.99617 -0.0152013 -0.0861062 87.993
-0.0745221 -0.0202987 0.997013 51.2598 -0.0168107 0.999676 0.0190964 -0.745307 -0.997078 -0.0153373 -0.0748392 87.9416
-0.0679198 -0.0156678 0.997568 51.8647 -0.0176707 0.999739 0.0144987 -0.749308 -0.997534 -0.016643 -0.0681789 87.9451
-0.0451693 -0.0214258 0.99875 52.4436 -0.0205796 0.999578 0.0205129 -0.747829 -0.998767 -0.0196273 -0.0455912 87.9137
-0.0246067 -0.020403 0.999489 53.0279 -0.0163664 0.999666 0.0200037 -0.740861 -0.999563 -0.0158658 -0.0249324 87.9159
-0.000660056 -0.0128735 0.999917 53.6028 -0.0137938 0.999822 0.0128632 -0.75721 -0.999905 -0.0137841 -0.000837513 87.9414
0.0277931 -0.014277 0.999512 54.1738 -0.0115906 0.999826 0.0146038 -0.754217 -0.999546 -0.0119909 0.0276228 87.9875
0.0758139 0.0155294 0.997001 54.5576 -0.0307107 0.999441 -0.0132321 -0.813041 -0.996649 -0.0296154 0.0762484 87.9362
0.0981577 -0.0118914 0.9951 55.1846 -0.0159957 0.999781 0.0135252 -0.757803 -0.995042 -0.0172449 0.097946 88.0996
0.138709 -0.0147772 0.990223 55.6897 -0.017583 0.999694 0.0173816 -0.747084 -0.990177 -0.0198221 0.138407 88.205
0.183637 -0.00861658 0.982956 56.1978 -0.0236738 0.999633 0.0131855 -0.749344 -0.982709 -0.0256917 0.183366 88.3287
0.239026 0.00348427 0.971007 56.6401 -0.024641 0.999693 0.0024785 -0.767595 -0.970701 -0.024519 0.239038 88.451
0.289541 0.0116743 0.957094 57.1272 -0.032456 0.99947 -0.00237258 -0.773678 -0.956615 -0.0303765 0.289767 88.6141
0.338704 -0.000591281 0.940893 57.6121 -0.0154922 0.999861 0.00620523 -0.764019 -0.940765 -0.0166782 0.338648 88.8287
0.399619 -0.01072 0.916618 58.0935 -0.000492166 0.999929 0.0119089 -0.772647 -0.916681 -0.00521016 0.399586 89.0543
0.458479 -0.0181031 0.888521 58.6148 0.00849405 0.999836 0.0159881 -0.753544 -0.888665 0.000216927 0.458558 89.3345
0.514451 -0.0136627 0.857411 59.0305 0.00557946 0.999905 0.0125857 -0.764148 -0.857502 -0.00169081 0.514479 89.6691
0.579753 -0.0338007 0.814091 59.4434 0.0205325 0.999428 0.0268736 -0.698181 -0.814534 0.00113531 0.580115 89.9183
0.630521 -0.00372398 0.776163 59.749 -0.00286432 0.999971 0.00712464 -0.720394 -0.776167 -0.00671541 0.630492 90.2692
0.684006 -0.00765245 0.729436 60.0427 -0.00628011 0.999846 0.0163783 -0.703 -0.729449 -0.0157838 0.683853 90.5646
0.726945 -0.00123238 0.686695 60.3309 -0.00923242 0.99989 0.011568 -0.698262 -0.686634 -0.0147492 0.726854 90.9492
0.776931 -0.00669838 0.62955 60.5422 -0.00497666 0.999847 0.01678 -0.702814 -0.629566 -0.01617 0.776779 91.2703
0.815918 -0.00699768 0.578125 60.7401 -0.00870412 0.999665 0.0243843 -0.696813 -0.578102 -0.0249277 0.815584 91.6283
0.853387 -0.00275849 0.52127 60.9349 -0.0158791 0.999384 0.0312847 -0.683049 -0.521035 -0.0349753 0.852818 92.0183
0.881166 -0.00548895 0.472775 61.0576 -0.0153874 0.99907 0.0402785 -0.69277 -0.472556 -0.0427668 0.880262 92.3863
0.908643 -0.00696482 0.417515 61.2275 -0.0132974 0.998871 0.0456021 -0.706671 -0.417361 -0.0469879 0.907525 92.8107
0.927115 0.00329039 0.374764 61.361 -0.0187504 0.999116 0.0376138 -0.689055 -0.374309 -0.0418992 0.926357 93.2677
0.940309 0.0187519 0.339805 61.4387 -0.0306271 0.999092 0.0296172 -0.668664 -0.338941 -0.0382566 0.940029 93.7008
0.958194 -0.0270762 0.284834 61.5911 0.0134057 0.998667 0.0498355 -0.693513 -0.285804 -0.0439337 0.957281 93.9616
0.963098 0.00992765 0.268968 61.6876 -0.0196626 0.999244 0.0335238 -0.654635 -0.268432 -0.0375753 0.962566 94.6115
0.968617 -0.00296175 0.24854 61.8006 -0.00536226 0.999447 0.0328079 -0.648739 -0.2485 -0.0331111 0.968066 95.082
0.972677 -0.00578933 0.232091 61.9266 -0.00216863 0.999419 0.0340183 -0.634005 -0.232153 -0.0335921 0.972099 95.582
0.976642 -0.00524587 0.214809 62.0215 -0.00286171 0.999296 0.0374148 -0.62077 -0.214854 -0.0371556 0.975939 96.0965
0.978017 -0.00119356 0.208521 62.178 -0.00581257 0.999439 0.0329831 -0.593964 -0.208444 -0.0334701 0.977462 96.9572
0.979145 0.007009 0.20304 62.2493 -0.0131974 0.999488 0.029141 -0.578971 -0.202732 -0.0312129 0.978737 97.3852
0.9797 0.0173692 0.199715 62.3565 -0.0229511 0.999407 0.0256682 -0.565529 -0.199151 -0.0297308 0.979518 98.0013
0.979983 0.0152757 0.198495 62.4641 -0.0204821 0.999497 0.0242026 -0.561184 -0.198026 -0.0277837 0.979803 98.5866
0.979434 0.00861597 0.201583 62.6172 -0.0129796 0.999709 0.0203349 -0.553739 -0.201349 -0.0225332 0.97926 99.2683
0.978686 -0.00285962 0.205341 62.7115 -0.000131869 0.999894 0.0145532 -0.551482 -0.205361 -0.0142701 0.978582 99.7468
0.97763 -0.0032639 0.210308 62.8482 0.00115162 0.999948 0.0101654 -0.541032 -0.21033 -0.00969579 0.977582 100.335
0.976751 -0.00370018 0.214343 62.9698 0.00162771 0.99995 0.00984462 -0.528456 -0.214369 -0.00926685 0.976709 100.962
0.975563 0.00294275 0.219699 63.0856 -0.00598522 0.999895 0.0131841 -0.527464 -0.219637 -0.0141768 0.975479 101.514
0.974495 0.00440827 0.224367 63.2205 -0.00873672 0.999794 0.0183027 -0.527963 -0.224241 -0.0197961 0.974333 102.123
0.973621 0.0023228 0.228161 63.3711 -0.00806808 0.999673 0.0242512 -0.519321 -0.228031 -0.0254523 0.973321 102.692
0.97307 0.000642651 0.230508 63.5273 -0.00743875 0.999563 0.0286153 -0.500106 -0.230389 -0.0295594 0.97265 103.303
0.972309 -0.00868261 0.233539 63.6967 0.00158396 0.999531 0.0305664 -0.487351 -0.233695 -0.0293501 0.971867 104.003
0.97191 -0.0154458 0.234845 63.8728 0.0088606 0.999538 0.0290702 -0.478673 -0.235186 -0.0261727 0.971598 104.71
0.972194 -0.0144563 0.233731 64.0516 0.00937246 0.999695 0.0228469 -0.465471 -0.23399 -0.020021 0.972033 105.451
0.972297 -0.0150673 0.233261 64.2341 0.0114206 0.999791 0.0169762 -0.459842 -0.233468 -0.0138419 0.972266 106.199
0.973188 -0.00354397 0.229983 64.403 0.000703132 0.999922 0.0124332 -0.427738 -0.230009 -0.0119381 0.973115 106.834
0.973756 -0.00387785 0.227563 64.5551 -8.3875e-006 0.999854 0.0170742 -0.429878 -0.227596 -0.016628 0.973614 107.553
0.973577 -0.00136867 0.228353 64.6791 -0.00416821 0.999709 0.023763 -0.422254 -0.228319 -0.0240869 0.973288 108.211
0.974522 -0.000906936 0.224289 64.8503 -0.00595282 0.999535 0.0299064 -0.418275 -0.224212 -0.0304796 0.974064 108.935
0.975485 0.00228767 0.220055 65.0159 -0.00831163 0.999616 0.0264528 -0.399299 -0.21991 -0.0276333 0.975129 109.659
0.975541 0.00521392 0.219758 65.201 -0.0102697 0.999708 0.0218702 -0.377426 -0.219579 -0.0235921 0.975309 110.579
0.976386 0.00382393 0.216 65.3604 -0.00772804 0.999822 0.0172329 -0.372333 -0.215895 -0.0184952 0.976241 111.356
0.977356 -0.00485857 0.211548 65.5254 0.00192159 0.999899 0.0140866 -0.350548 -0.211595 -0.0133612 0.977266 112.079
0.978093 -0.00516411 0.208105 65.7356 0.00196982 0.999877 0.0155537 -0.344476 -0.20816 -0.014803 0.977983 113.069
0.978961 -0.00901459 0.20385 65.8564 0.00524222 0.999805 0.0190381 -0.34214 -0.203981 -0.0175689 0.978817 113.675
0.979344 -0.00758638 0.202057 66.017 0.00332135 0.999765 0.0214387 -0.332752 -0.202172 -0.0203248 0.979139 114.464
0.979484 -0.00982618 0.201281 66.1981 0.00514861 0.999705 0.0237494 -0.318912 -0.201455 -0.0222258 0.979246 115.251
0.979615 -0.00950718 0.200661 66.3512 0.00423642 0.999635 0.0266801 -0.311584 -0.200841 -0.0252862 0.979297 116.011
0.979785 -0.00956615 0.199824 66.5227 0.00407898 0.999604 0.0278537 -0.303565 -0.200011 -0.0264755 0.979436 116.806
0.979664 0.000674143 0.200643 66.6667 -0.00567179 0.999688 0.0243343 -0.278634 -0.200564 -0.0249774 0.979362 117.656
0.979197 0.00986297 0.202673 66.8206 -0.0141795 0.999702 0.0198573 -0.261418 -0.202416 -0.022318 0.979045 118.508
0.979497 0.0150297 0.200895 66.9898 -0.0190789 0.999652 0.0182348 -0.251748 -0.200551 -0.0216937 0.979443 119.377
0.978465 0.0170262 0.205708 67.1544 -0.0208093 0.999652 0.0162413 -0.244297 -0.20536 -0.0201722 0.978479 120.214
0.978525 0.0118837 0.205786 67.3413 -0.0158535 0.999718 0.0176527 -0.228128 -0.205518 -0.020536 0.978438 121.079
0.977472 0.00726876 0.210938 67.5171 -0.0110959 0.999795 0.0169655 -0.228219 -0.210771 -0.0189239 0.977352 121.905
0.97704 -0.0004986 0.213055 67.7165 -0.0027488 0.999885 0.0149455 -0.218069 -0.213038 -0.015188 0.976926 122.888
0.977217 -0.0124181 0.211879 67.9167 0.0090865 0.999819 0.0166907 -0.209356 -0.212048 -0.0143852 0.977153 123.665
0.976928 -0.016245 0.212951 68.0946 0.0126723 0.999755 0.0181318 -0.205614 -0.213194 -0.0150149 0.976895 124.575
0.976285 -0.0133117 0.216081 68.2287 0.00986588 0.999807 0.0170177 -0.195859 -0.216266 -0.0144823 0.976227 125.332
0.97588 -0.00281119 0.218291 68.453 -0.00101682 0.999848 0.017422 -0.183239 -0.218306 -0.0172237 0.975728 126.261
0.975956 0.00182042 0.217961 68.629 -0.00729866 0.999677 0.0243316 -0.179653 -0.217847 -0.0253374 0.975654 127.093
0.974826 0.0102218 0.222732 68.8099 -0.0161244 0.999565 0.0246983 -0.173509 -0.222382 -0.027668 0.974567 127.954
0.974764 0.00616649 0.223151 69.0173 -0.0107269 0.999758 0.0192302 -0.164414 -0.222979 -0.0211386 0.974594 128.97
0.974896 -0.00773241 0.222528 69.1073 0.00609689 0.999949 0.0080358 -0.170654 -0.222578 -0.00647735 0.974893 129.274
0.974685 -0.0131948 0.223192 69.3997 0.0139364 0.999901 -0.00174794 -0.160597 -0.223147 0.00481418 0.974773 130.616
0.97479 -0.0128853 0.222752 69.5531 0.0114148 0.999904 0.00788781 -0.160518 -0.222832 -0.00514628 0.974843 131.328
0.975804 -0.00879245 0.218472 69.7136 0.00235099 0.999555 0.0297267 -0.15934 -0.218636 -0.0284938 0.97539 131.926
0.975654 -0.00257104 0.219299 69.8862 -0.00696192 0.999064 0.0426863 -0.143654 -0.219203 -0.0431738 0.974724 132.83
0.975614 0.00228044 0.219482 70.0664 -0.0107728 0.999238 0.0375038 -0.142451 -0.219229 -0.0389536 0.974896 133.671
0.97581 0.00423446 0.218579 70.2852 -0.00888843 0.999754 0.0203131 -0.108115 -0.218439 -0.0217645 0.975608 134.825
0.976208 -0.000411768 0.216837 70.4881 -0.00257402 0.999906 0.0134872 -0.100403 -0.216822 -0.0137244 0.976115 135.77
0.97676 -0.00711045 0.214216 70.6669 0.00456526 0.999913 0.0123738 -0.0809865 -0.214285 -0.0111083 0.976708 136.511
0.976833 -0.00454906 0.213955 70.8443 0.00144843 0.999892 0.0146464 -0.0867148 -0.213999 -0.0139972 0.976734 137.508
0.977429 -0.00591997 0.211182 71.0531 0.00380831 0.999939 0.0104046 -0.0614253 -0.21123 -0.00936549 0.977391 138.501
0.978572 -0.00138116 0.205899 71.2265 -0.000761152 0.999946 0.0103251 -0.0693602 -0.205903 -0.0102606 0.978519 139.266
0.978559 0.00442459 0.20592 71.3974 -0.00641228 0.999939 0.00898635 -0.0820915 -0.205868 -0.0101141 0.978528 140.254
0.978828 0.0137764 0.204219 71.5608 -0.0153545 0.999863 0.00614495 -0.0709006 -0.204107 -0.00915054 0.978906 141.125
0.979682 0.0106107 0.200276 71.7227 -0.0126075 0.999883 0.00869738 -0.0856119 -0.20016 -0.0110457 0.979701 141.918
0.979657 0.00598847 0.200588 71.8868 -0.00892691 0.999866 0.0137478 -0.0811479 -0.200479 -0.0152588 0.979579 142.777
0.979999 -0.00217742 0.198989 72.0665 -0.000566892 0.999906 0.0137333 -0.08876 -0.199 -0.0135714 0.979905 143.709
0.980116 -0.00289145 0.198405 72.2314 0.000591528 0.999932 0.0116503 -0.0671846 -0.198425 -0.0113013 0.980051 144.623
0.980994 -0.0109727 0.193728 72.3917 0.00959042 0.999921 0.00807182 -0.0771995 -0.193802 -0.00606047 0.981022 145.357
0.982328 -0.011288 0.186824 72.5689 0.0100033 0.999919 0.00781762 -0.0780603 -0.186898 -0.00581061 0.982362 146.222
0.983397 -0.0100062 0.181191 72.6988 0.00799899 0.999898 0.0118051 -0.0764984 -0.181291 -0.0101597 0.983377 146.984
0.984631 -0.0057325 0.174551 72.8302 0.00195944 0.999761 0.0217805 -0.086091 -0.174634 -0.0211038 0.984407 147.72
0.985305 -0.00712956 0.170656 72.9477 0.00181646 0.999509 0.0312693 -0.0774278 -0.170795 -0.0304998 0.984834 148.465
0.986167 0.00126696 0.165752 73.0861 -0.00679144 0.99944 0.0327672 -0.0674068 -0.165618 -0.0334396 0.985623 149.32
0.986731 0.00665437 0.162226 73.2074 -0.0110829 0.99959 0.0264087 -0.0641533 -0.161984 -0.0278562 0.9864 150.089
0.987735 0.00675471 0.155996 73.3619 -0.00952422 0.99981 0.0170131 -0.0456178 -0.155852 -0.0182901 0.987611 151.171
0.989022 -0.00635963 0.147629 73.4884 0.00465402 0.999918 0.011896 -0.0273827 -0.147692 -0.0110783 0.988971 151.969
0.989706 -0.00648522 0.142966 73.5847 0.00475692 0.999911 0.0124273 -0.0326032 -0.143034 -0.0116193 0.98965 152.753
0.990948 -0.00059284 0.134243 73.6854 -0.0014516 0.999884 0.015131 -0.0287096 -0.134237 -0.0151889 0.990833 153.536
0.991999 0.00855922 0.125959 73.7627 -0.0102362 0.999867 0.0126723 -0.0290092 -0.125834 -0.0138602 0.991955 154.288
0.993077 0.0124841 0.1168 73.8471 -0.0133301 0.99989 0.00646521 -0.0309001 -0.116707 -0.00797741 0.993134 155.048
0.993982 0.0109807 0.10899 73.9376 -0.0115154 0.999925 0.00427733 -0.0291952 -0.108935 -0.00550665 0.994034 155.895
0.994987 -0.00268709 0.0999698 74.0125 0.00198869 0.999973 0.00708511 -0.0352703 -0.0999862 -0.00685078 0.994965 156.701
0.995675 0.00302561 0.092858 74.073 -0.00422451 0.99991 0.0127172 -0.0392521 -0.0928112 -0.0130545 0.995598 157.453
0.99636 0.00847364 0.0848261 74.1197 -0.00996996 0.999802 0.0172319 -0.0369147 -0.0846633 -0.0180149 0.996247 158.195
0.997076 0.00449271 0.076287 74.1734 -0.00611375 0.99976 0.0210289 -0.0354304 -0.0761742 -0.0214338 0.996864 159.028
0.997459 0.00413101 0.0711187 74.2259 -0.00574232 0.999731 0.022467 -0.0284637 -0.0710067 -0.0228183 0.997215 159.863
0.997789 0.000392967 0.0664544 74.2855 -0.00175196 0.999791 0.0203929 -0.0269053 -0.0664325 -0.0204643 0.997581 160.773
0.998015 0.00557294 0.0627362 74.3373 -0.00650845 0.999871 0.0147174 -0.0246832 -0.062646 -0.0150965 0.997922 161.774
0.998246 0.00742579 0.0587297 74.3607 -0.00787709 0.999941 0.00745656 -0.0184902 -0.0586709 -0.0079061 0.998246 162.586
0.998316 0.0105303 0.0570405 74.3835 -0.0108625 0.999926 0.00551619 -0.0201415 -0.0569781 -0.0061265 0.998357 163.517
0.998601 0.00282178 0.0527959 74.4218 -0.00339947 0.999935 0.0108554 -0.0129959 -0.0527619 -0.0110197 0.998546 164.23
0.998727 0.00542061 0.050147 74.4631 -0.00649309 0.999753 0.0212485 -0.0151263 -0.0500194 -0.0215471 0.998516 165.097
0.998869 0.00832375 0.0468143 74.4935 -0.00965282 0.999555 0.0282362 -0.0118188 -0.0465584 -0.0286561 0.998504 165.909
0.999124 -0.000444202 0.0418454 74.3905 -0.000613177 0.999681 0.0252525 -0.0732365 -0.0418433 -0.025256 0.998805 166.757
0.999215 -0.0160344 0.0362184 74.506 0.0155105 0.999772 0.0146996 -0.0258724 -0.0364458 -0.0141263 0.999236 167.67
0.999283 -0.0159121 0.0343601 74.5222 0.0155949 0.999833 0.00948051 -0.0304022 -0.0345052 -0.00893786 0.999365 168.601
0.999677 0.000880279 0.0254143 74.543 -0.00115361 0.999942 0.0107423 -0.0209602 -0.0254033 -0.0107682 0.999619 169.44
0.999834 0.000647891 0.0182227 74.5503 -0.000954206 0.999858 0.0168059 -0.0223562 -0.0182092 -0.0168205 0.999693 170.271
0.999932 -0.00267402 0.0113136 74.5634 0.00244607 0.999795 0.0201147 -0.0107055 -0.011365 -0.0200857 0.999734 171.311
0.999845 -0.0170013 0.00465475 74.566 0.0168789 0.99954 0.0251807 -0.00407141 -0.00508072 -0.0250982 0.999672 172.101
0.999866 -0.0162588 -0.00162524 74.5785 0.016293 0.999581 0.0239272 0.00807072 0.00123553 -0.0239505 0.999712 173.126
0.999842 -0.0157839 -0.00818528 74.5606 0.0159166 0.999738 0.0164202 0.00504764 0.00792396 -0.0165478 0.999832 174.016
0.996246 -0.0845821 -0.018444 74.5459 0.0848783 0.996264 0.0159124 0.0284506 0.0170292 -0.0174181 0.999703 174.32
0.999513 -0.0218125 -0.0223008 74.5438 0.021868 0.999758 0.00225055 0.0238307 0.0222463 -0.00273713 0.999749 175.661
0.999542 -0.00645419 -0.0295771 74.5278 0.00680945 0.999906 0.0119261 0.0227365 0.0294974 -0.012122 0.999491 176.196
0.999395 0.00395362 -0.0345421 74.4733 -0.0030755 0.999672 0.025438 0.0324647 0.0346313 -0.0253163 0.999079 177.027
0.999083 0.0199381 -0.0378997 74.431 -0.0187552 0.999334 0.0313144 0.0349453 0.0384988 -0.0305749 0.998791 177.877
0.998995 0.0146904 -0.0423529 74.4133 -0.0134436 0.999472 0.0295745 0.042156 0.042765 -0.0289754 0.998665 178.334
0.998995 0.00678298 -0.0443022 74.3436 -0.00596361 0.999809 0.0186012 0.0585346 0.0444199 -0.0183183 0.998845 179.609
0.998845 0.0127477 -0.0463161 74.2706 -0.0123269 0.99988 0.00935913 0.0693239 0.0464298 -0.00877739 0.998883 180.565
0.998755 0.00949384 -0.0489718 74.2238 -0.00921296 0.99994 0.00595808 0.06957 0.0490254 -0.00549949 0.998782 181.372
0.998673 0.0050523 -0.0512527 74.1895 -0.00451351 0.999933 0.0106226 0.0717778 0.051303 -0.0103772 0.998629 182.274
0.998665 -0.00670497 -0.0512118 74.1647 0.00770084 0.999785 0.0192735 0.0738 0.0510716 -0.0196422 0.998502 182.72
0.998694 -0.00531159 -0.0508168 74.0983 0.00658204 0.999669 0.024866 0.0819534 0.0506679 -0.025168 0.998398 183.81
0.998619 0.00118131 -0.0525292 74.0511 9.43346e-005 0.999705 0.0242753 0.0855533 0.0525424 -0.0242467 0.998324 184.655
0.998546 0.00035102 -0.0539062 73.9968 0.000424963 0.999896 0.0143829 0.092135 0.0539057 -0.0143849 0.998442 185.526
0.998307 -0.0118556 -0.0569416 73.9628 0.0120089 0.999925 0.0023522 0.0908799 0.0569094 -0.00303203 0.998375 186.407
0.998082 -0.020026 -0.0585692 73.9461 0.0199259 0.999799 -0.00229351 0.087044 0.0586034 0.00112207 0.998281 187.21
0.998067 -0.0169286 -0.0597903 73.8744 0.0171137 0.99985 0.00258476 0.0859983 0.0597376 -0.003603 0.998208 188.231
0.998129 -0.00243826 -0.061096 73.8216 0.00327103 0.999903 0.0135341 0.0791638 0.061057 -0.0137086 0.99804 188.864
0.997915 0.00761446 -0.064091 73.7667 -0.00650415 0.999825 0.0175149 0.0700867 0.0642132 -0.0170615 0.99779 189.718
0.997901 0.00969726 -0.0640229 73.6988 -0.00883867 0.999867 0.0136803 0.0727644 0.0641471 -0.0130857 0.997855 191.065
0.997974 0.00132587 -0.0636115 73.6369 -0.000848421 0.999971 0.00753217 0.0740256 0.0636196 -0.00746294 0.997946 191.735
0.997911 0.00883857 -0.0639951 73.5626 -0.00836329 0.999935 0.00769095 0.0746709 0.0640589 -0.00713968 0.997921 192.728
0.997882 0.0111592 -0.0640898 73.496 -0.0105067 0.99989 0.0105104 0.0729527 0.0642 -0.00981478 0.997889 193.547
0.997836 0.00692492 -0.0653876 73.4411 -0.0059768 0.999874 0.0146845 0.0638631 0.065481 -0.0142619 0.997752 194.369
0.997843 0.00778466 -0.0651889 73.3773 -0.00666859 0.999828 0.0173207 0.065721 0.0653125 -0.0168486 0.997723 195.21
0.997829 0.00817078 -0.0653482 73.311 -0.00706337 0.999828 0.0171595 0.0685284 0.0654771 -0.0166606 0.997715 196.051
0.983151 0.034105 -0.179586 72.5367 -0.0414304 0.998449 -0.0371979 0.268593 0.178039 0.0440115 0.983039 195.623
0.997734 -0.000372291 -0.0672774 72.9465 0.000927342 0.999966 0.00821915 0.127167 0.0672721 -0.00826291 0.9977 197.271
0.997656 0.00192898 -0.0684081 72.7799 -0.00135782 0.999964 0.00839473 0.143878 0.0684219 -0.00828216 0.997622 198.098
0.994097 0.00426734 -0.108406 72.5841 -0.00407276 0.99999 0.00201631 0.157275 0.108414 -0.00156289 0.994105 198.643
0.996521 -0.00228064 -0.0833165 72.6226 0.0040029 0.999782 0.02051 0.130889 0.0832515 -0.0207721 0.996312 199.616
0.99597 -0.00718034 -0.0893999 72.4925 0.00904944 0.999748 0.0205194 0.130783 0.0892301 -0.0212457 0.995784 200.733
0.996236 -0.00566458 -0.0864952 72.3867 0.00685237 0.999886 0.0134417 0.122762 0.0864092 -0.0139838 0.996162 201.573
0.995741 -0.00253253 -0.092163 72.3425 0.0032303 0.999967 0.00742266 0.128689 0.0921412 -0.00768876 0.995716 202.287
0.996141 0.00227183 -0.0877388 72.2524 -0.00208506 0.999995 0.00222029 0.117144 0.0877434 -0.00202878 0.996141 203.12
0.99617 -0.00107657 -0.0874286 72.1856 0.00098528 0.999999 -0.00108728 0.103317 0.0874297 0.000996972 0.99617 203.911
0.996256 -0.00642933 -0.0862077 72.1156 0.00585891 0.999959 -0.00686814 0.0964143 0.0862483 0.00633734 0.996254 204.742
0.996669 -0.00807033 -0.0811582 72.0807 0.0074337 0.999939 -0.0081435 0.0867581 0.081219 0.00751307 0.996668 205.232
0.997106 -0.00576702 -0.075811 72.0076 0.00556628 0.99998 -0.0028589 0.0761894 0.075826 0.00242864 0.997118 206.019
0.997565 4.72517e-005 -0.0697434 71.9768 0.000403208 0.999979 0.00644472 0.0646247 0.0697422 -0.00645715 0.997544 206.51
0.997873 0.00951003 -0.064496 71.9273 -0.00879448 0.999897 0.0113694 0.0565437 0.0645974 -0.010778 0.997853 207.211
0.998239 0.0105237 -0.0583864 71.8773 -0.00994744 0.999899 0.0101516 0.0441618 0.0584873 -0.00955296 0.998242 207.944
0.998658 0.0131273 -0.0501084 71.8651 -0.0130139 0.999912 0.00258859 0.0402623 0.0501379 -0.00193302 0.99874 208.343
0.999031 0.000556276 -0.044005 71.8245 -0.00084598 0.999978 -0.00656511 0.026185 0.0440003 0.00659598 0.99901 209.266
0.999306 0.00304217 -0.0371136 71.795 -0.00347778 0.999926 -0.0116784 0.0228296 0.0370754 0.0117994 0.999243 209.972
0.999579 0.00236869 -0.0289262 71.7752 -0.00265742 0.999947 -0.00994735 0.0105892 0.0289011 0.01002 0.999532 210.581
0.999738 -0.000547296 -0.022881 71.7692 0.000439754 0.999989 -0.00470482 -1.1772e-005 0.0228833 0.00469353 0.999727 211.074
0.999809 -0.00957698 -0.0170077 71.7694 0.00959654 0.999953 0.00106832 -0.0121272 0.0169967 -0.00123133 0.999855 211.603
0.999823 -0.0150737 -0.0112205 71.7691 0.0151022 0.999883 0.00246693 -0.0261379 0.011182 -0.00263595 0.999934 212.263
0.999832 -0.016652 -0.00764844 71.767 0.0166807 0.999854 0.00369339 -0.0293176 0.00758582 -0.00382035 0.999964 212.702
0.999883 -0.0134658 -0.00732209 71.7525 0.013505 0.999895 0.00533281 -0.0369051 0.00724951 -0.00543107 0.999959 213.471
0.999943 -0.00834275 -0.00659511 71.7441 0.00839078 0.999938 0.00728905 -0.0405298 0.00653389 -0.00734398 0.999952 214.129
0.999958 0.00477438 -0.00784701 71.7404 -0.00469806 0.999942 0.00971575 -0.0465271 0.00789294 -0.00967848 0.999922 214.786
0.999947 0.00582488 -0.00845471 71.7389 -0.00573054 0.999922 0.0111399 -0.046384 0.00851894 -0.0110909 0.999902 215.468
0.999916 0.012038 -0.00485099 71.7039 -0.0120039 0.999903 0.00699417 -0.0545705 0.00493471 -0.00693535 0.999964 216.105
0.999874 0.0131711 -0.00888946 71.6856 -0.0131871 0.999912 -0.00174231 -0.0576224 0.00886573 0.00185931 0.999959 216.903
0.999859 0.0133589 -0.0102201 71.6718 -0.0134637 0.999857 -0.0102612 -0.0668919 0.0100815 0.0103973 0.999895 217.587
0.999813 0.0104575 -0.0162886 71.6952 -0.0106849 0.999846 -0.0139357 -0.0834723 0.0161403 0.0141071 0.99977 218.155
0.999849 -0.00174394 -0.017283 71.6573 0.00158792 0.999958 -0.0090369 -0.0781157 0.0172981 0.00900809 0.99981 218.843
0.999766 0.00206185 -0.0215541 71.6284 -0.0020019 0.999994 0.00280239 -0.085041 0.0215597 -0.00275858 0.999764 219.41
0.99936 -0.025616 -0.0249722 71.5717 0.0260182 0.999535 0.0159172 -0.076284 0.0245529 -0.0165568 0.999561 219.853
0.999524 -0.00654758 -0.0301423 71.5965 0.00735559 0.999614 0.026774 -0.093474 0.0299554 -0.026983 0.999187 220.54
0.999438 -0.00382857 -0.0333058 71.5738 0.00465248 0.999684 0.0246954 -0.0888687 0.0332007 -0.0248365 0.99914 221.12
0.999369 -0.00167606 -0.035467 71.5222 0.00233269 0.999826 0.0184805 -0.0864436 0.0354298 -0.0185516 0.9992 221.99
0.999211 0.0018691 -0.0396763 71.492 -0.00149092 0.999953 0.00955896 -0.0787727 0.0396923 -0.00949227 0.999167 222.731
0.999114 -0.00511428 -0.0417747 71.4715 0.00531056 0.999975 0.00458891 -0.0702098 0.0417502 -0.00480669 0.999117 223.558
0.998946 -0.0168383 -0.0427044 71.4489 0.0172456 0.999809 0.00918722 -0.0637405 0.0425416 -0.009914 0.999046 224.24
0.998685 -0.0254469 -0.044506 71.4137 0.0260489 0.999576 0.0129975 -0.0614057 0.0441564 -0.0141397 0.998925 225.032
0.998641 -0.0249758 -0.0457323 71.3953 0.0257043 0.999551 0.0154117 -0.0722822 0.0453268 -0.0165663 0.998835 225.739
0.998654 -0.0221748 -0.0468936 71.3773 0.0227814 0.999663 0.0124408 -0.0747866 0.046602 -0.0134924 0.998822 226.496
0.998895 -0.00873351 -0.0461683 71.322 0.00906226 0.999935 0.00691636 -0.0748969 0.0461049 -0.00732712 0.99891 227.23
0.998756 -0.0149228 -0.0475724 71.3059 0.0151878 0.999871 0.00521322 -0.0847312 0.0474885 -0.00592926 0.998854 228.003
0.998627 -0.0143316 -0.0503909 71.2725 0.0147291 0.999863 0.007524 -0.0794807 0.0502761 -0.00825587 0.998701 228.701
0.998777 -0.00934578 -0.0485572 71.2171 0.00996926 0.999871 0.0126138 -0.0809346 0.0484331 -0.0130825 0.998741 229.473
0.998729 -0.000322226 -0.0503948 71.1731 0.00112477 0.999873 0.0158975 -0.0912878 0.0503833 -0.015934 0.998603 230.204
0.998656 -0.00253902 -0.0517625 71.1489 0.00318767 0.999917 0.0124526 -0.0950295 0.0517266 -0.0126009 0.998582 230.944
0.998722 -0.00264484 -0.0504688 71.1126 0.00291461 0.999982 0.00527242 -0.0909155 0.0504539 -0.00541278 0.998712 231.472
0.998694 -0.00354602 -0.0509688 71.0836 0.00334683 0.999986 -0.00399284 -0.103219 0.0509823 0.00381704 0.998692 232.327
0.998685 -0.00245695 -0.0512073 71.0551 0.00197942 0.999954 -0.00937418 -0.112235 0.0512279 0.00926049 0.998644 233.038
0.998737 0.00533832 -0.0499546 71.0173 -0.00573776 0.999953 -0.00785621 -0.122434 0.0499103 0.00813292 0.998721 233.54
0.999264 -0.00021845 -0.0383517 70.9206 1.37158e-005 0.999986 -0.00533851 -0.0929539 0.0383524 0.00533406 0.99925 234.201
0.998708 0.000707128 -0.0508196 70.9498 -0.000393621 0.999981 0.00617875 -0.129967 0.050823 -0.00615076 0.998689 234.73
0.998716 -0.00253426 -0.0506031 70.9223 0.00308993 0.999936 0.0109057 -0.134737 0.0505722 -0.011048 0.998659 235.251
0.998672 -0.00113934 -0.0515049 70.8941 0.00186393 0.9999 0.0140225 -0.142586 0.0514837 -0.0140998 0.998574 235.834
0.99853 -0.00681085 -0.0537663 70.8445 0.00775094 0.99982 0.0172955 -0.14648 0.0536388 -0.0176869 0.998404 236.444
0.998325 -0.0109677 -0.05681 70.8379 0.0118266 0.99982 0.0148048 -0.15043 0.0566374 -0.0154519 0.998275 237.092
0.997695 -0.0145501 -0.0662807 70.7767 0.0154844 0.999788 0.0136043 -0.154478 0.0660686 -0.0145993 0.997708 237.783
0.996855 -0.0138088 -0.0780334 70.7488 0.0145989 0.999848 0.0095642 -0.157099 0.0778894 -0.0106733 0.996905 238.135
0.995606 -0.0147544 -0.0924713 70.6981 0.0153807 0.999863 0.00606383 -0.16426 0.0923692 -0.00745947 0.995697 238.693
0.993813 -0.0142263 -0.110149 70.603 0.0147262 0.999885 0.00372652 -0.154958 0.110084 -0.00532555 0.993908 239.32
0.990703 -0.0130275 -0.135418 70.5544 0.0138567 0.999891 0.0051824 -0.16494 0.135336 -0.00701067 0.990775 239.746
0.987471 -0.00288938 -0.157771 70.4459 0.00433613 0.999952 0.0088265 -0.166651 0.157738 -0.00940003 0.987436 240.283
0.982664 -0.000575185 -0.185396 70.2839 0.00281785 0.999926 0.0118333 -0.166425 0.185376 -0.0121506 0.982593 240.975
0.976279 -0.00152983 -0.21651 70.1695 0.00430419 0.999915 0.0123431 -0.178437 0.216472 -0.0129822 0.976202 241.376
0.967067 0.00167863 -0.254515 69.9995 0.000914099 0.999949 0.0100683 -0.177731 0.254519 -0.00996941 0.967016 241.968
0.956157 0.0058795 -0.292796 69.8143 -0.00372806 0.999962 0.00790537 -0.182112 0.292831 -0.00646722 0.956142 242.454
0.944401 0.00447954 -0.328764 69.4455 -0.00254301 0.999977 0.00632008 -0.199268 0.328785 -0.00513265 0.944391 243.245
0.92429 0.015284 -0.381384 69.4279 -0.0127829 0.999877 0.00909041 -0.185022 0.381476 -0.00352698 0.924372 243.283
0.901595 0.0335258 -0.43128 69.3896 -0.0302132 0.999438 0.0145308 -0.19599 0.431524 -7.05347e-005 0.902101 243.501
0.881799 0.028682 -0.470752 69.0793 -0.0221958 0.999567 0.0193252 -0.191529 0.471102 -0.0065922 0.882054 243.868
0.853325 0.0540962 -0.518565 68.7631 -0.0447193 0.998532 0.030578 -0.188595 0.519458 -0.00290313 0.854491 244.253
0.822384 0.0393934 -0.567568 68.6202 -0.0255327 0.99915 0.0323526 -0.182945 0.56836 -0.0121147 0.822691 244.448
0.789221 0.039573 -0.612832 68.3213 -0.018459 0.998999 0.0407374 -0.17603 0.613831 -0.0208385 0.789162 244.706
0.751452 0.0237524 -0.65936 68.053 0.00899291 0.99889 0.0462323 -0.157697 0.659726 -0.0406709 0.750405 244.975
0.713753 0.0387877 -0.699323 67.7293 0.00706125 0.998016 0.0625616 -0.151462 0.700362 -0.0495916 0.712063 245.233
0.674757 0.0393829 -0.736988 67.3699 0.0204291 0.997196 0.0719919 -0.126419 0.737757 -0.0636331 0.672061 245.485
0.711439 0.0463304 -0.701219 67.1429 0.0120786 0.996871 0.0781192 -0.156714 0.702644 -0.0640468 0.708654 245.935
0.587963 0.0509903 -0.807279 66.5707 0.0294383 0.996001 0.0843513 -0.0873455 0.808352 -0.0733604 0.584111 246.072
0.542822 0.0585421 -0.837805 65.9416 0.0303559 0.995548 0.0892324 -0.0412253 0.839299 -0.0738697 0.538629 246.431
0.512934 0.0498915 -0.856977 65.4301 0.0380814 0.996004 0.0807786 0.0249258 0.857583 -0.0740689 0.508985 246.785
0.452174 0.0514885 -0.890442 65.0661 0.0409901 0.996078 0.0784119 0.0263424 0.890987 -0.0719551 0.44829 246.818
0.396748 0.0443399 -0.916856 64.1636 0.0460962 0.99661 0.0681439 0.081492 0.91677 -0.0692995 0.393359 247.186
0.348403 0.0469968 -0.936166 63.8927 0.03983 0.997098 0.0648789 0.103928 0.936498 -0.0598915 0.34552 247.236
0.296145 0.0541882 -0.953605 63.2575 0.0372955 0.996972 0.0682348 0.134778 0.954415 -0.0557726 0.293227 247.388
0.20494 -0.113052 -0.972224 62.3366 0.118867 0.98883 -0.089926 0.00843033 0.97153 -0.0971356 0.216089 247.559
0.202239 0.0587193 -0.977574 62.0281 0.0505645 0.996243 0.0703015 0.104066 0.97803 -0.0636483 0.198511 247.581
0.159351 0.0611017 -0.985329 61.0321 0.050382 0.996279 0.0699287 0.131258 0.985936 -0.0607861 0.15568 247.664
0.109774 0.0280002 -0.993562 60.243 0.0235196 0.99925 0.0307591 0.102281 0.993678 -0.0267448 0.109033 247.729
0.0802354 0.0488444 -0.995578 59.7436 0.0425001 0.997723 0.0523747 0.144097 0.995869 -0.0465144 0.0779768 247.756
0.0514006 0.0516436 -0.997342 58.946 0.0398482 0.997761 0.0537189 0.166381 0.997883 -0.0425035 0.0492276 247.752
0.0247708 0.0490085 -0.998491 58.2546 0.0333618 0.998201 0.0498219 0.184922 0.999136 -0.0345455 0.0230912 247.736
0.00274937 0.0556459 -0.998447 57.7191 0.038998 0.997685 0.0557108 0.218502 0.999236 -0.0390906 0.000572922 247.706
-0.014926 0.0595184 -0.998116 57.1419 0.0371545 0.99757 0.0589303 0.238903 0.999198 -0.0362049 -0.0171011 247.679
-0.0296032 0.0612027 -0.997686 56.3897 0.0426297 0.997293 0.0599137 0.259827 0.998652 -0.0407574 -0.0321321 247.637
-0.03934 0.0633575 -0.997215 55.8971 0.0443957 0.997113 0.0615996 0.287634 0.998239 -0.0418488 -0.0420393 247.606
-0.0456436 0.0617472 -0.997048 55.328 0.046699 0.997129 0.0596144 0.317827 0.997866 -0.0438401 -0.048396 247.57
-0.0483597 0.0657933 -0.996661 54.6948 0.0531076 0.996586 0.0632115 0.348357 0.997417 -0.0498734 -0.0516887 247.537
-0.0500193 0.0667097 -0.996518 54.0269 0.0525589 0.99656 0.0640744 0.387874 0.997364 -0.0491709 -0.0533535 247.492
-0.0505784 0.0655956 -0.996564 53.4157 0.0633739 0.996041 0.0623448 0.422017 0.996707 -0.0600028 -0.0545352 247.454
-0.0462452 0.0673122 -0.99666 52.7301 0.0645032 0.995846 0.0642643 0.463403 0.996845 -0.0613158 -0.050395 247.386
-0.0508724 0.0625835 -0.996742 52.0319 0.0653358 0.996105 0.0592088 0.510875 0.996566 -0.0621108 -0.0547632 247.353
-0.0496562 0.0609072 -0.996908 51.3323 0.0630672 0.996338 0.057731 0.543812 0.996773 -0.0600055 -0.0533156 247.318
-0.0491308 0.05835 -0.997086 50.6275 0.0598511 0.99667 0.0553765 0.575264 0.996997 -0.056956 -0.0524595 247.285
-0.049397 0.0580875 -0.997089 49.7394 0.0586587 0.996753 0.0551619 0.636726 0.997055 -0.0557631 -0.0526439 247.256
-0.043289 0.0656626 -0.996902 48.9629 0.0543824 0.996513 0.0632755 0.711502 0.997581 -0.0514748 -0.046709 247.189
-0.0437759 0.059006 -0.997297 48.1696 0.0576349 0.996741 0.0564432 0.719286 0.997378 -0.0550083 -0.047034 247.127
-0.0445237 0.0561374 -0.99743 47.3855 0.0592381 0.996811 0.0534583 0.786225 0.99725 -0.0567057 -0.0477072 247.128
-0.0417283 0.0553079 -0.997597 46.5926 0.0623637 0.996664 0.0526476 0.824272 0.997181 -0.0600169 -0.0450383 247.069
-0.0380478 0.0540641 -0.997812 45.7642 0.0623605 0.996718 0.0516269 0.869359 0.997328 -0.0602598 -0.0412943 247.055
-0.0362863 0.0541454 -0.997874 44.9214 0.0580846 0.996957 0.0519835 0.905199 0.997652 -0.0560748 -0.0393209 247.001
-0.0369121 0.0506085 -0.998036 44.1013 0.0607983 0.99698 0.0483064 0.947482 0.997467 -0.0588958 -0.0398775 246.965
-0.0372479 0.0474918 -0.998177 43.5205 0.059489 0.997204 0.0452257 0.975526 0.997534 -0.057696 -0.039969 246.961
-0.0342416 0.0503622 -0.998144 42.4586 0.0631003 0.996846 0.048132 1.01531 0.99742 -0.0613351 -0.0373114 246.909
-0.0336538 0.0486447 -0.998249 41.5714 0.0610997 0.997047 0.0465263 1.05805 0.997564 -0.0594269 -0.0365266 246.868
-0.039343 0.0419145 -0.998346 40.7547 0.0519448 0.997855 0.0398468 1.05726 0.997875 -0.0502912 -0.0414359 246.814
-0.0353202 0.0494168 -0.998154 39.8561 0.0409855 0.998008 0.0479593 1.09345 0.998535 -0.0392159 -0.0372753 246.774
-0.0401516 0.045825 -0.998142 38.8597 0.0386932 0.99827 0.0442744 1.14074 0.998444 -0.0368437 -0.0418552 246.748
-0.0413301 0.0400536 -0.998342 38.0647 0.0461767 0.998205 0.0381365 1.15199 0.998078 -0.0445239 -0.0431055 246.692
-0.0444036 0.0396189 -0.998228 37.1433 0.0547912 0.997806 0.0371649 1.18865 0.99751 -0.0530439 -0.046477 246.657
-0.0472993 0.0374859 -0.998177 36.2106 0.0583798 0.997691 0.0347012 1.22102 0.997173 -0.0566321 -0.0493785 246.599
-0.0510523 0.0365769 -0.998026 34.6637 0.0427279 0.998494 0.0344084 1.25825 0.997782 -0.0408869 -0.0525383 246.498
-0.0569431 0.0349215 -0.997766 33.3187 0.0357507 0.998818 0.032918 1.28309 0.997737 -0.0337964 -0.0581242 246.472
-0.0467799 0.0423929 -0.998005 32.263 0.0295348 0.998721 0.0410389 1.32217 0.998468 -0.0275561 -0.0479721 246.276
-0.0596304 0.0368872 -0.997539 31.0782 0.0297368 0.998939 0.0351614 1.33984 0.997778 -0.0275669 -0.060664 246.284
-0.0523302 0.0424472 -0.997727 29.9324 0.040707 0.998357 0.0403389 1.37781 0.9978 -0.0385035 -0.0539721 246.197
-0.059955 0.0454095 -0.997168 28.3675 0.0406246 0.998248 0.0430161 1.41979 0.997374 -0.0379305 -0.0616947 246.201
-0.0598116 0.0495629 -0.996978 26.7379 0.0432034 0.997959 0.0470198 1.4545 0.997274 -0.0402605 -0.0618308 246.065
-0.0601543 0.0502186 -0.996925 25.1738 0.0470546 0.997766 0.0474217 1.50593 0.997079 -0.0440573 -0.0623829 245.954
-0.0595308 0.0525128 -0.996844 24.1824 0.0471286 0.99765 0.0497407 1.52474 0.997113 -0.0440188 -0.0618657 245.903
-0.0553245 0.0551976 -0.996942 22.7676 0.047251 0.997497 0.0526061 1.54378 0.99735 -0.0441961 -0.0577942 245.729
-0.0526093 0.0515556 -0.997283 21.2154 0.0520118 0.997452 0.0488206 1.5912 0.99726 -0.0493021 -0.0551567 245.622
-0.0551717 0.0510392 -0.997172 20.2879 0.0509379 0.997536 0.0482395 1.64294 0.997177 -0.0481324 -0.0576356 245.618
-0.0494871 0.044469 -0.997784 18.9727 0.053121 0.997712 0.0418311 1.68067 0.997361 -0.0509332 -0.0517361 245.513
-0.0458375 0.049727 -0.99771 17.9823 0.0563099 0.997301 0.0471196 1.6978 0.997361 -0.0540211 -0.0485139 245.496
-0.0479559 0.0348138 -0.998243 16.0897 0.0470114 0.998364 0.0325596 1.75385 0.997743 -0.0453673 -0.0495141 245.419
-0.0441627 0.0408853 -0.998187 15.6486 0.0427805 0.998323 0.0389982 1.76027 0.998108 -0.0409807 -0.0458377 245.395
-0.0433208 0.0396174 -0.998275 14.6923 0.0418739 0.998407 0.0378055 1.78679 0.998183 -0.0401639 -0.0449107 245.364
-0.0446625 0.0345065 -0.998406 13.6032 0.03506 0.998842 0.0329532 1.81107 0.998387 -0.0335323 -0.0458206 245.34
-0.0430442 0.0326019 -0.998541 12.8685 0.0419254 0.998646 0.030798 1.82779 0.998193 -0.0405386 -0.0443527 245.289
-0.0452189 0.0341836 -0.998392 11.8724 0.0451894 0.998461 0.0321392 1.85851 0.997954 -0.0436634 -0.046694 245.262
-0.0481303 0.0326702 -0.998307 10.9681 0.0433834 0.99859 0.0305879 1.87012 0.997898 -0.0418377 -0.0494798 245.217
-0.0518716 0.0327301 -0.998117 10.0184 0.0334691 0.998958 0.0310183 1.88582 0.998093 -0.0317971 -0.052913 245.158
-0.0521877 0.035491 -0.998006 9.10201 0.0280867 0.999025 0.0340585 1.89355 0.998242 -0.0262532 -0.0531337 245.069
-0.0563201 0.0389052 -0.997654 8.30917 0.0268707 0.998938 0.0374383 1.90801 0.998051 -0.0246991 -0.0573057 245.023
-0.0614755 0.0351441 -0.99749 7.35715 0.0253995 0.999111 0.0336359 1.92554 0.997785 -0.0232679 -0.0623135 244.956
-0.0646685 0.0392146 -0.997136 6.22676 0.0373881 0.998621 0.0368482 1.94867 0.997206 -0.0348981 -0.0660455 244.889
-0.0683862 0.0473651 -0.996534 5.20944 0.0416986 0.998135 0.0445797 1.98422 0.996787 -0.0385054 -0.0702338 244.792
-0.0728848 0.0466301 -0.99625 4.37788 0.0436332 0.998099 0.0435245 2.0007 0.996385 -0.0402973 -0.0747809 244.716
-0.0762235 0.0527237 -0.995696 3.43303 0.0516934 0.997467 0.0488602 2.03261 0.99575 -0.0477466 -0.0787559 244.627
-0.0802586 0.056766 -0.995156 2.47864 0.0530156 0.997207 0.0526073 2.06681 0.995363 -0.0485366 -0.0830439 244.541
-0.0820053 0.0617084 -0.99472 1.64752 0.0540363 0.996888 0.0573882 2.09373 0.995166 -0.0490449 -0.0850846 244.443
-0.0826428 0.0695334 -0.994151 0.802331 0.0585306 0.99618 0.0648097 2.1332 0.994859 -0.0528322 -0.0863969 244.368
-0.0827076 0.0729679 -0.993899 0.0163996 0.0682753 0.995388 0.0673956 2.17209 0.994232 -0.0622846 -0.087308 244.28
-0.0814697 0.0782215 -0.993602 -0.951904 0.0633615 0.995305 0.0731603 2.20179 0.99466 -0.0569957 -0.0860434 244.147
-0.0820845 0.0807149 -0.993352 -1.6524 0.0751426 0.994379 0.0745891 2.25287 0.993789 -0.0685204 -0.0876883 244.095
-0.0819555 0.0831479 -0.993161 -2.46668 0.078437 0.993961 0.0767422 2.28897 0.993545 -0.0716112 -0.0879825 244.005
-0.082155 0.0840963 -0.993065 -3.23855 0.0762925 0.99404 0.0778673 2.33449 0.993695 -0.0693662 -0.0880813 243.921
-0.080127 0.0883289 -0.992863 -3.94886 0.0804498 0.99339 0.0818831 2.3808 0.993533 -0.0733146 -0.0867034 243.858
-0.0765231 0.0930772 -0.992714 -4.74985 0.0847293 0.992639 0.0865388 2.4293 0.993461 -0.0774897 -0.0838462 243.791
-0.0770291 0.0910287 -0.992865 -5.44078 0.0882485 0.992537 0.0841521 2.48023 0.993116 -0.0811367 -0.0844874 243.733
-0.0726483 0.091287 -0.993171 -6.38126 0.0915486 0.992209 0.084502 2.5404 0.993147 -0.0847845 -0.0804394 243.654
-0.0697596 0.0927462 -0.993243 -7.12471 0.0907839 0.992127 0.0862658 2.60026 0.993424 -0.0841526 -0.0776302 243.611
-0.0657708 0.0927295 -0.993517 -7.91904 0.090709 0.992106 0.0865929 2.64154 0.993703 -0.0844256 -0.073663 243.525
-0.0653293 0.0896476 -0.993829 -8.93672 0.0889947 0.992511 0.0836787 2.723 0.993887 -0.0829788 -0.0728182 243.456
-0.0624098 0.0859105 -0.994346 -9.82612 0.0887556 0.992819 0.0802078 2.77401 0.994096 -0.083248 -0.0695866 243.367
-0.0582529 0.0886311 -0.99436 -10.6723 0.0909818 0.992377 0.0831244 2.86002 0.994147 -0.0856264 -0.0658726 243.361
-0.0554941 0.0872104 -0.994643 -11.8096 0.0913791 0.992441 0.081919 2.89686 0.994269 -0.0863436 -0.0630439 243.268
-0.0504124 0.0892548 -0.994732 -12.3429 0.0915175 0.992221 0.0843914 2.9496 0.994527 -0.086781 -0.0581887 243.228
-0.0460505 0.0871356 -0.995132 -12.8693 0.0905268 0.992453 0.0827119 2.97531 0.994829 -0.0862771 -0.0535911 243.193
-0.0427081 0.0847878 -0.995483 -13.8269 0.0880651 0.992834 0.0807839 3.0363 0.995199 -0.0842172 -0.0498689 243.204
-0.0368867 0.0858526 -0.995625 -14.1299 0.0892834 0.992602 0.0822841 3.06723 0.995323 -0.0858576 -0.044279 243.143
-0.033357 0.0830937 -0.995983 -14.7622 0.0892066 0.992808 0.0798412 3.11213 0.995454 -0.0861851 -0.0405296 243.141
-0.0288724 0.0826433 -0.996161 -15.2751 0.0921991 0.992548 0.0796713 3.14091 0.995322 -0.0895449 -0.0362769 243.121
-0.0237044 0.0813437 -0.996404 -15.792 0.0923952 0.992597 0.0788348 3.1723 0.99544 -0.0901942 -0.0310447 243.108
-0.018773 0.0835806 -0.996324 -16.2145 0.0909524 0.992511 0.081547 3.19709 0.995678 -0.0890872 -0.0262343 243.108
-0.0135609 0.0812983 -0.996598 -16.6458 0.0907494 0.992676 0.0797435 3.22816 0.995781 -0.0893593 -0.0208394 243.084
-0.00855192 0.0781014 -0.996909 -17.1399 0.0872792 0.993199 0.077062 3.26862 0.996147 -0.0863504 -0.0153104 243.117
-0.00246533 0.0766342 -0.997056 -17.5261 0.085877 0.993392 0.0761402 3.28664 0.996303 -0.0854365 -0.00903015 243.102
0.00362206 0.0744698 -0.997217 -17.9452 0.0819783 0.993845 0.0745157 3.31969 0.996628 -0.08202 -0.00250514 243.114
0.00853336 0.0727537 -0.997313 -18.2955 0.0801935 0.994088 0.0732045 3.33211 0.996743 -0.0806027 0.00264854 243.112
0.0141372 0.0713508 -0.997351 -18.6727 0.0780353 0.99433 0.0722408 3.35908 0.99685 -0.0788499 0.00848912 243.126
0.0169991 0.0668915 -0.997615 -18.9912 0.0726841 0.995037 0.0679571 3.37236 0.99721 -0.073666 0.0120527 243.133
0.0229816 0.0694342 -0.997322 -19.2869 0.073141 0.994795 0.0709437 3.39022 0.997057 -0.0745755 0.0177835 243.137
0.0258942 0.0659385 -0.997488 -19.5703 0.0712519 0.995163 0.0676345 3.40806 0.997122 -0.0728243 0.0210707 243.154
0.0301234 0.0661719 -0.997353 -19.8049 0.0690737 0.995283 0.0681208 3.41945 0.997157 -0.0709429 0.0254106 243.151
0.0333405 0.063095 -0.99745 -19.9946 0.0621224 0.995945 0.0650762 3.42282 0.997512 -0.0641337 0.0292856 243.167
0.0359433 0.062399 -0.997404 -20.1753 0.0589198 0.99618 0.0644457 3.43353 0.997615 -0.0610833 0.0321295 243.178
0.0377805 0.0604446 -0.997456 -20.3473 0.0584776 0.996325 0.062591 3.43826 0.997574 -0.0606936 0.034107 243.193
0.0390966 0.0608643 -0.99738 -20.4487 0.0587338 0.996277 0.0630993 3.44436 0.997508 -0.0610469 0.0353763 243.181
0.0409159 0.0617387 -0.997253 -20.5415 0.0577067 0.996277 0.0640459 3.45026 0.997495 -0.0601687 0.0372008 243.191
0.0412362 0.0609777 -0.997287 -20.683 0.0584545 0.996279 0.0633331 3.48104 0.997438 -0.0609075 0.0375183 243.198
0.0414058 0.0601585 -0.99733 -20.6836 0.058165 0.996348 0.0625141 3.45809 0.997448 -0.0605981 0.0377555 243.181
0.0418072 0.0594404 -0.997356 -20.745 0.0560777 0.996516 0.061741 3.46037 0.997551 -0.0585106 0.0383282 243.196
0.0439963 0.0608343 -0.997178 -20.7964 0.0549488 0.996486 0.0632165 3.47501 0.997519 -0.057575 0.0404989 243.19
0.0430937 0.0615396 -0.997174 -20.8223 0.0563542 0.996362 0.0639249 3.4634 0.99748 -0.0589498 0.039469 243.19
0.0254345 0.118052 -0.992682 -22.0741 0.0529404 0.99145 0.119262 3.6289 0.998274 -0.0555864 0.0189673 243.172
0.0631741 -0.0227134 -0.997744 -22.1028 0.0787395 0.996738 -0.017705 3.65585 0.994892 -0.0774433 0.0647565 243.095
0.0631741 -0.0227134 -0.997744 -22.1315 0.0787395 0.996738 -0.017705 3.6828 0.994892 -0.0774433 0.0647565 243.018
0.0631741 -0.0227134 -0.997744 -22.1601 0.0787395 0.996738 -0.017705 3.70975 0.994892 -0.0774433 0.0647565 242.941
0.0432753 0.0385468 -0.998319 -22.1835 0.0426939 0.998271 0.0403956 3.71149 0.998151 -0.0443702 0.0415548 243.109
0.0432753 0.0385468 -0.998319 -22.2068 0.0426939 0.998271 0.0403956 3.71322 0.998151 -0.0443702 0.0415548 243.277
0.0432753 0.0385468 -0.998319 -22.2302 0.0426939 0.998271 0.0403956 3.71496 0.998151 -0.0443702 0.0415548 243.444
0.0432753 0.0385468 -0.998319 -22.2536 0.0426939 0.998271 0.0403956 3.71669 0.998151 -0.0443702 0.0415548 243.612
0.0432753 0.0385468 -0.998319 -22.2769 0.0426939 0.998271 0.0403956 3.71843 0.998151 -0.0443702 0.0415548 243.78
0.0432753 0.0385468 -0.998319 -22.3003 0.0426939 0.998271 0.0403956 3.72017 0.998151 -0.0443702 0.0415548 243.948
0.0432753 0.0385468 -0.998319 -22.3237 0.0426939 0.998271 0.0403956 3.7219 0.998151 -0.0443702 0.0415548 244.116
0.0432753 0.0385468 -0.998319 -22.347 0.0426939 0.998271 0.0403956 3.72364 0.998151 -0.0443702 0.0415548 244.283
0.0530373 0.0969623 -0.993874 -22.1218 0.00720639 0.995212 0.0974774 3.67505 0.998567 -0.0123322 0.0520846 243.577
0.0530373 0.0969623 -0.993874 -21.8967 0.00720639 0.995212 0.0974774 3.62647 0.998567 -0.0123322 0.0520846 242.87
0.0530373 0.0969623 -0.993874 -21.6715 0.00720639 0.995212 0.0974774 3.57788 0.998567 -0.0123322 0.0520846 242.163
0.0449286 0.0644251 -0.996911 -21.8279 0.0541241 0.996296 0.0668246 3.54229 0.997523 -0.0569592 0.0412752 242.472
0.0346311 0.119298 -0.992254 -22.2289 0.107371 0.986659 0.122373 3.64293 0.993616 -0.110777 0.02136 243.16
0.0667806 -0.0167094 -0.997628 -22.3107 -0.0260857 0.999489 -0.0184867 3.74556 0.997427 0.0272583 0.0663106 243.399
0.0454874 0.0399923 -0.998164 -22.149 0.0307638 0.998668 0.0414144 3.62543 0.998491 -0.0325912 0.0441965 242.982
0.0660528 0.0914892 -0.993613 -22.1389 0.0831439 0.99182 0.0968513 3.61251 0.994346 -0.0890101 0.0579057 242.607
0.0535906 0.0967025 -0.99387 -22.4017 0.0890349 0.990873 0.101212 3.66178 0.994586 -0.0939131 0.0444915 243.017
0.0493055 0.115999 -0.992025 -22.5025 0.110219 0.986535 0.120835 3.6792 0.992684 -0.115298 0.0358564 243.059
0.0732965 0.0271641 -0.99694 -22.6014 0.0213937 0.999356 0.0288028 3.68576 0.997081 -0.0234394 0.0726682 243.044
0.0805127 0.0733419 -0.994052 -22.7186 0.0710833 0.994328 0.0791196 3.68564 0.994216 -0.0770306 0.0748426 242.977
0.0902954 0.0971377 -0.991166 -22.8394 0.0968142 0.989662 0.10581 3.69983 0.991198 -0.105513 0.0799577 242.981
0.102113 0.0768486 -0.9918 -23.0333 0.0738302 0.993676 0.0845953 3.72162 0.992029 -0.0818631 0.0957935 243.066
0.11866 0.0762173 -0.990005 -23.1536 0.076655 0.993371 0.0856642 3.73481 0.989972 -0.0860538 0.112031 243.085
0.138275 0.0646929 -0.988279 -23.3481 0.0751392 0.994303 0.0756004 3.74724 0.987539 -0.0847121 0.132626 243.12
0.162876 0.0731851 -0.983928 -23.5006 0.0877001 0.992224 0.0883197 3.75955 0.982741 -0.100676 0.155191 243.135
0.185842 0.0736689 -0.979814 -23.6964 0.0895967 0.991761 0.091561 3.78201 0.978486 -0.104804 0.177711 243.194
0.210535 0.0627984 -0.975567 -23.9123 0.0876207 0.992706 0.0828108 3.80035 0.973652 -0.102914 0.203497 243.27
0.242082 0.059927 -0.968403 -24.1224 0.0860836 0.992828 0.0829576 3.82387 0.96643 -0.103446 0.235187 243.335
0.273542 0.0529921 -0.960399 -24.3633 0.079739 0.993795 0.0775461 3.84307 0.958549 -0.0977934 0.267619 243.432
0.309624 0.047612 -0.949666 -24.6038 0.0795476 0.993947 0.0757673 3.8677 0.947526 -0.0990031 0.303963 243.535
0.34511 0.0380506 -0.937791 -24.8271 0.0847481 0.993833 0.0715121 3.88689 0.934728 -0.104155 0.339757 243.654
0.391422 0.0449931 -0.919111 -25.0775 0.0816181 0.99317 0.0833773 3.90975 0.916585 -0.107652 0.385076 243.782
0.438945 0.0481478 -0.897223 -25.328 0.0798185 0.992526 0.0923115 3.93123 0.894961 -0.112135 0.431822 243.923
0.47944 0.0442222 -0.87646 -25.6071 0.0668383 0.993989 0.086714 3.95142 0.875026 -0.100155 0.473602 244.124
0.524294 0.0433925 -0.850431 -25.8716 0.0549954 0.99489 0.0846682 3.97834 0.84976 -0.0911608 0.519228 244.33
0.567356 0.0304213 -0.822911 -26.1115 0.0583112 0.995325 0.0769978 4.00472 0.821406 -0.0916701 0.562929 244.563
0.61036 0.0208664 -0.79185 -26.3872 0.059496 0.995622 0.0720957 4.03127 0.789887 -0.0911162 0.606446 244.879
0.659296 0.0162952 -0.751707 -26.6794 0.0523846 0.99634 0.067543 4.07014 0.750057 -0.0839087 0.656029 245.193
0.704967 0.0199389 -0.70896 -26.9154 0.0395219 0.996947 0.0673376 4.09294 0.708138 -0.0754903 0.702027 245.515
0.789225 0.0139241 -0.613946 -27.661 0.0308241 0.997585 0.0622492 4.15055 0.61333 -0.0680529 0.78689 246.007
0.792112 0.014133 -0.610212 -27.5803 0.0275764 0.997882 0.0589084 4.16366 0.609752 -0.0634895 0.790045 246.318
0.829317 0.0160054 -0.558549 -27.9239 0.0215392 0.997931 0.0605767 4.25511 0.558363 -0.062268 0.827257 246.871
0.874635 0.0248727 -0.484143 -28.0855 0.0116183 0.997321 0.0722261 4.25805 0.484643 -0.0687964 0.872003 247.161
0.894079 -0.00902751 -0.447819 -28.209 0.0380231 0.997718 0.0558009 4.26281 0.446293 -0.0669178 0.892381 247.72
0.947345 -0.00935947 -0.320077 -27.7456 -0.00254185 0.999321 -0.0367446 4.03712 0.320204 0.0356234 0.946679 248.135
0.939931 0.00225621 -0.341358 -28.1536 0.0176909 0.998312 0.0553104 4.17866 0.340906 -0.0580269 0.938305 248.577
0.956264 -0.000192655 -0.292503 -28.3794 0.0159686 0.998543 0.0515475 4.22651 0.292067 -0.0539639 0.954874 249.38
0.972181 0.00559513 -0.234165 -28.4122 0.00263454 0.99939 0.0348171 4.23414 0.234217 -0.0344655 0.971573 249.711
0.981416 0.0027268 -0.191874 -28.5433 0.00409053 0.999375 0.0351251 4.25308 0.19185 -0.0352572 0.980791 250.296
0.98769 -0.00190925 -0.15641 -28.6272 0.00751398 0.99935 0.0352503 4.28181 0.156241 -0.0359916 0.987063 251.129
0.992348 -0.000344641 -0.123469 -28.6715 0.00501078 0.999285 0.0374834 4.28805 0.123368 -0.0378152 0.99164 251.541
0.995434 -0.00206346 -0.0954333 -28.7233 0.00565304 0.999286 0.0373584 4.31384 0.0952881 -0.0377273 0.994735 252.118
0.997233 0.00285108 -0.0742801 -28.688 0.000187856 0.999164 0.0408728 4.31638 0.0743345 -0.0407737 0.996399 252.268
0.998167 -0.00991622 -0.0597092 -28.7629 0.0121152 0.999257 0.0365795 4.35124 0.0593021 -0.0372359 0.997545 253.294
0.998888 -0.00752909 -0.0465445 -28.7877 0.00927238 0.999259 0.0373524 4.37489 0.0462288 -0.0377425 0.998218 254.007
0.999336 -0.00303578 -0.0363226 -28.8085 0.00438309 0.999303 0.0370711 4.39414 0.0361847 -0.0372057 0.998652 254.563
0.999589 -0.00241595 -0.028557 -28.8133 0.00345886 0.999327 0.0365276 4.41078 0.0284495 -0.0366114 0.998925 255.141
0.999758 -0.000916463 -0.0219694 -28.8279 0.00167572 0.999401 0.0345666 4.43685 0.0219245 -0.034595 0.999161 255.924
0.999831 -0.00137741 -0.018324 -28.8259 0.00199866 0.999422 0.0339286 4.45663 0.0182667 -0.0339595 0.999256 256.46
0.99988 -0.00210664 -0.0153672 -28.8558 0.00263306 0.999408 0.0343171 4.48507 0.0152858 -0.0343535 0.999293 257.32
0.999904 -0.00333461 -0.0134273 -28.8648 0.00380668 0.99937 0.0352862 4.49539 0.0133012 -0.0353339 0.999287 257.912
0.999924 -0.000362526 -0.0123459 -28.8659 0.000825741 0.999295 0.0375354 4.52017 0.0123236 -0.0375427 0.999219 258.622
0.999913 -0.0042409 -0.0124698 -28.8785 0.00472964 0.999211 0.0394297 4.55057 0.0122928 -0.0394853 0.999145 259.439
0.999925 -0.00106524 -0.0121684 -28.9028 0.00156539 0.999151 0.0411674 4.56711 0.0121142 -0.0411834 0.999078 260.143
0.999932 -0.000920245 -0.0116012 -28.897 0.00138269 0.999202 0.0399167 4.58128 0.0115552 -0.0399301 0.999136 260.824
0.999844 -0.00374486 -0.0172618 -28.9027 0.00434407 0.999385 0.0348073 4.62763 0.0171208 -0.0348769 0.999245 261.748
0.999859 0.00161862 -0.016696 -28.8878 -0.00112428 0.999562 0.0295754 4.63663 0.0167366 -0.0295525 0.999423 262.453
0.99987 -0.000331978 -0.016145 -28.8056 0.000739786 0.999681 0.0252596 4.65019 0.0161315 -0.0252682 0.999551 263.213
0.999816 0.00703529 -0.0178656 -28.8671 -0.00656865 0.999639 0.0260455 4.67368 0.0180424 -0.0259234 0.999501 263.907
0.999768 0.00477974 -0.021023 -28.8884 -0.00408889 0.999454 0.0327831 4.69293 0.0211682 -0.0326895 0.999241 264.735
0.999806 0.00454391 -0.0191537 -28.9299 -0.00372802 0.999093 0.0424195 4.71526 0.0193291 -0.0423399 0.998916 265.539
0.999698 0.00107741 -0.0245624 -28.9461 8.81574e-005 0.998876 0.0474031 4.7391 0.0245859 -0.0473909 0.998574 266.341
0.999707 -0.00720176 -0.0231142 -28.9923 0.00822895 0.998968 0.0446567 4.77042 0.0227688 -0.0448339 0.998735 267.308
0.99959 -0.00994133 -0.026866 -28.9716 0.0109202 0.999273 0.0365372 4.81806 0.0264832 -0.0368156 0.998971 268.35
0.999636 -0.00776299 -0.0258477 -29.0228 0.00853952 0.999511 0.0300687 4.84504 0.0256016 -0.0302784 0.999214 269.316
0.999574 -0.0127138 -0.0262732 -29.029 0.0133871 0.999582 0.0256115 4.84348 0.0259367 -0.0259523 0.999327 269.583
0.999762 0.00753583 -0.0204825 -29.1334 -0.00704425 0.999688 0.023967 4.88376 0.0206567 -0.023817 0.999503 270.905
0.999626 0.00205435 -0.0272706 -29.1552 -0.0013364 0.999653 0.0263193 4.8956 0.0273152 -0.026273 0.999282 271.656
0.999597 0.00392104 -0.028105 -29.1596 -0.0029858 0.999443 0.0332416 4.9118 0.0282197 -0.0331443 0.999052 272.406
0.999611 0.00522904 -0.0273835 -29.1584 -0.00412487 0.999182 0.0402251 4.91584 0.0275714 -0.0400965 0.998815 273.149
0.999653 0.00422514 -0.0260119 -29.217 -0.00309335 0.999053 0.0433981 4.96787 0.0261707 -0.0433025 0.998719 274.431
0.999655 -0.00277122 -0.0261198 -29.2332 0.00388265 0.999085 0.0425969 4.98578 0.0259779 -0.0426836 0.998751 275.272
0.999636 -0.00286833 -0.0268237 -29.2893 0.00387882 0.999282 0.0376955 5.01618 0.0266963 -0.0377858 0.998929 276.251
0.99957 0.00309357 -0.0291462 -29.2773 -0.00209547 0.999412 0.0342131 5.03787 0.0292349 -0.0341373 0.998989 277.167
0.999567 0.011334 -0.0271644 -29.2712 -0.0104497 0.999418 0.0324768 5.05446 0.0275167 -0.0321789 0.999103 278.13
0.999583 -0.000689016 -0.0288812 -29.3512 0.00164209 0.999454 0.0329892 5.08534 0.0288427 -0.0330229 0.999038 279.203
0.999597 0.00366491 -0.028149 -29.3798 -0.00264228 0.999338 0.0362805 5.09982 0.0282634 -0.0361915 0.998945 280.126
0.99947 0.00283723 -0.0324342 -29.4048 -0.00156063 0.999226 0.0393174 5.12443 0.0325206 -0.039246 0.9987 281.068
0.999415 -0.00112757 -0.0341952 -29.4068 0.00248486 0.99921 0.0396757 5.13139 0.0341234 -0.0397374 0.998627 282.122
0.999463 -0.000754117 -0.0327655 -29.4645 0.00178511 0.999504 0.0314479 5.16929 0.0327255 -0.0314895 0.998968 283.095
0.999275 -0.00849473 -0.0371166 -29.4931 0.00950326 0.999588 0.0270805 5.1928 0.0368713 -0.0274136 0.998944 284.038
0.999212 -0.00172351 -0.0396612 -29.5471 0.00279745 0.99963 0.0270384 5.20859 0.0395999 -0.027128 0.998847 285.054
0.99922 0.02285 -0.0322022 -29.5709 -0.0219412 0.999359 0.028297 5.19444 0.0328281 -0.0275684 0.999081 285.812
0.999132 0.00392292 -0.0414676 -29.6362 -0.00258511 0.999476 0.032266 5.23037 0.0415724 -0.0321308 0.998619 286.846
0.999065 0.00426143 -0.0430128 -29.6697 -0.0026685 0.999311 0.0370235 5.24958 0.043141 -0.0368741 0.998388 287.748
0.999148 0.00296894 -0.04116 -29.7376 -0.00128184 0.99916 0.0409547 5.27771 0.041247 -0.0408671 0.998313 288.869
