0.999994 -0.00194756 -0.0030037 -0.00585926 0.00194031 0.999995 -0.00241628 -0.00275643 0.00300839 0.00241044 0.999993 0.741931
0.999975 0.00101669 -0.00705418 -0.0171731 -0.00104487 0.999991 -0.00399174 -0.00576879 0.00705007 0.00399901 0.999967 1.47933
0.99995 0.000829796 -0.00995988 -0.0466649 -0.000882029 0.999986 -0.00524109 -0.013392 0.00995539 0.00524961 0.999937 2.25396
0.999885 0.00130654 -0.0151279 -0.0610838 -0.00139769 0.999981 -0.00601659 -0.0169546 0.0151197 0.00603704 0.999867 3.04158
0.999817 -0.000373396 -0.0191276 -0.0852992 0.00025714 0.999981 -0.00607997 -0.0285349 0.0191295 0.00607394 0.999799 3.83316
0.999722 0.00159707 -0.0235389 -0.112857 -0.00176264 0.999974 -0.00701474 -0.0412849 0.0235271 0.00705428 0.999698 4.65528
0.999592 0.0032385 -0.0283749 -0.148063 -0.00345174 0.999966 -0.00746916 -0.0510661 0.0283497 0.00756406 0.999569 5.48846
0.999492 0.000430229 -0.0318659 -0.191054 -0.000627302 0.999981 -0.00617469 -0.0551614 0.0318626 0.00619155 0.999473 6.34373
0.999306 -0.00196608 -0.037193 -0.215824 0.00183844 0.999992 -0.00346585 -0.0674318 0.0371995 0.00339507 0.999302 7.24316
0.999178 -0.000279939 -0.0405256 -0.261976 0.000246295 1 -0.000835175 -0.0787679 0.0405259 0.000824508 0.999178 8.20989
0.999041 0.000836932 -0.0437739 -0.307518 -0.000907693 0.999998 -0.00159667 -0.0865426 0.0437725 0.00163487 0.99904 9.25831
0.999043 0.00196716 -0.0437059 -0.393088 -0.00205103 0.999996 -0.00187402 -0.0933764 0.0437021 0.00196187 0.999043 10.2738
0.998955 -0.00306166 -0.0456078 -0.435556 0.00294893 0.999992 -0.00253892 -0.101456 0.0456153 0.00240177 0.998956 11.2757
0.998858 -0.000757238 -0.0477625 -0.486151 0.000674223 0.999998 -0.00175417 -0.112094 0.0477637 0.00171996 0.998857 12.2713
0.998798 -0.00106279 -0.0490078 -0.541171 0.000967481 0.999998 -0.00196835 -0.124123 0.0490097 0.00191857 0.998796 13.2833
0.998678 0.00334163 -0.051293 -0.59609 -0.00355631 0.999985 -0.00409473 -0.137183 0.0512785 0.00427173 0.998675 14.3056
0.998608 9.83744e-005 -0.0527446 -0.650509 -0.000431744 0.99998 -0.00630908 -0.15492 0.052743 0.00632307 0.998588 15.3721
0.998592 0.00448007 -0.0528579 -0.742479 -0.00486445 0.999963 -0.00714561 -0.178509 0.0528239 0.00739267 0.998576 16.3933
0.998554 0.000880666 -0.0537425 -0.810884 -0.00124932 0.999976 -0.00682644 -0.192254 0.0537352 0.00688372 0.998531 17.4698
0.998406 -0.00278232 -0.0563683 -0.86269 0.00246671 0.999981 -0.00566783 -0.209686 0.056383 0.00551975 0.998394 18.6604
0.998334 -0.000204437 -0.0576924 -0.93352 -2.11848e-005 0.999992 -0.00391013 -0.229454 0.0576928 0.00390484 0.998327 19.7742
0.998246 -0.000705409 -0.0591902 -0.998548 0.000483489 0.999993 -0.00376352 -0.246787 0.0591924 0.0037283 0.99824 20.864
0.998214 0.000107849 -0.0597387 -1.08358 -0.000385923 0.999989 -0.00464332 -0.259925 0.0597376 0.00465808 0.998203 21.9161
0.998078 -0.00333943 -0.0618879 -1.13089 0.0030054 0.99998 -0.00548964 -0.271871 0.0619051 0.00529309 0.998068 22.9636
0.997928 -0.00204681 -0.0643018 -1.17839 0.00180705 0.999991 -0.00378655 -0.286725 0.064309 0.00366251 0.997923 23.9958
0.997934 0.000757466 -0.0642368 -1.2526 -0.000772185 1 -0.000204309 -0.298916 0.0642366 0.00025349 0.997935 25.0364
0.998007 0.00251647 -0.06306 -1.31211 -0.00227971 0.99999 0.00382612 -0.315491 0.063069 -0.00367474 0.998002 26.0674
0.998141 -0.000791771 -0.0609352 -1.38645 0.00118789 0.999978 0.00646475 -0.320965 0.0609288 -0.00652512 0.998121 27.1686
0.998204 0.000351432 -0.0599022 -1.45224 6.58696e-005 0.999976 0.00696426 -0.324086 0.0599032 -0.0069557 0.99818 28.3068
0.998259 -1.18353e-005 -0.0589854 -1.51797 0.000273298 0.99999 0.00442461 -0.332984 0.0589847 -0.00443303 0.998249 29.4639
0.998318 0.00281737 -0.0579141 -1.59896 -0.00283258 0.999996 -0.000180585 -0.339175 0.0579133 0.000344327 0.998322 30.6404
0.998425 -0.00261023 -0.0560382 -1.66377 0.00241778 0.999991 -0.0035017 -0.339434 0.0560468 0.00336069 0.998422 31.7221
0.998495 -0.00151279 -0.05482 -1.73234 0.00136144 0.999995 -0.00279816 -0.345975 0.0548239 0.00271932 0.998492 32.8018
0.998605 0.00167385 -0.0527711 -1.81374 -0.0015575 0.999996 0.00224599 -0.361166 0.0527746 -0.00216066 0.998604 33.8221
0.998585 -0.0034892 -0.0530727 -1.88389 0.00379485 0.999977 0.00565939 -0.369795 0.0530517 -0.00585278 0.998575 34.9576
0.998572 -0.0051837 -0.0531693 -1.95067 0.00543029 0.999975 0.00449432 -0.376114 0.0531447 -0.00477663 0.998575 36.0863
0.998532 -0.00318649 -0.054068 -2.03292 0.00321169 0.999995 0.000379199 -0.375347 0.0540665 -0.000552292 0.998537 37.2657
0.998479 0.000985729 -0.0551179 -2.10762 -0.00118259 0.999993 -0.00353919 -0.383924 0.055114 0.00359899 0.998474 38.3836
0.998467 0.0034374 -0.0552422 -2.19924 -0.00370341 0.999982 -0.00471356 -0.39013 0.055225 0.00491092 0.998462 39.4431
0.998368 -0.000651851 -0.0571019 -2.25237 0.000465746 0.999995 -0.00327241 -0.404239 0.0571037 0.00324048 0.998363 40.5711
0.998304 0.00352391 -0.0581073 -2.33143 -0.00355189 0.999994 -0.00037836 -0.415243 0.0581056 0.00058411 0.99831 41.7061
0.998232 6.15936e-005 -0.0594332 -2.39833 6.2738e-006 0.999999 0.00114172 -0.43699 0.0594332 -0.00114008 0.998232 42.8204
0.99814 0.000462171 -0.0609656 -2.47597 -0.000236959 0.999993 0.00370126 -0.445069 0.0609669 -0.00367993 0.998133 44.0479
0.998235 0.000266738 -0.0593906 -2.58097 0.00012599 0.999978 0.00660879 -0.446344 0.0593911 -0.00660461 0.998213 45.3206
0.998146 0.00653081 -0.0605131 -2.6895 -0.00600049 0.999942 0.00894121 -0.449111 0.060568 -0.00856152 0.998127 46.7516
0.998246 0.00111011 -0.059195 -2.78958 -0.000608726 0.999964 0.00848743 -0.456594 0.0592023 -0.00843651 0.99821 47.9583
0.998259 0.00240437 -0.0589316 -2.87722 -0.00201192 0.999975 0.00671795 -0.461324 0.0589463 -0.00658769 0.998239 49.2453
0.998288 0.00362126 -0.0583754 -2.9728 -0.00336356 0.999984 0.00451214 -0.466847 0.0583909 -0.00430806 0.998285 50.4553
0.998224 0.00049528 -0.0595634 -3.0741 -0.000211714 0.999989 0.00476697 -0.479978 0.0595651 -0.00474589 0.998213 51.7278
0.998081 -0.00360154 -0.0618194 -3.13425 0.00396956 0.999975 0.0058314 -0.482596 0.0617969 -0.0060656 0.99807 53.0889
0.998117 0.000810208 -0.0613366 -3.2416 -0.000403819 0.999978 0.00663766 -0.487786 0.0613406 -0.00660039 0.998095 54.4012
0.998103 0.00199221 -0.061538 -3.33883 -0.00181991 0.999994 0.0028558 -0.490084 0.0615434 -0.00273839 0.998101 55.7781
0.998063 0.00134282 -0.0622009 -3.43285 -0.00143728 0.999998 -0.00147388 -0.499587 0.0621988 0.00156042 0.998063 57.0572
0.998013 0.00165136 -0.062983 -3.51794 -0.00180628 0.999995 -0.00240286 -0.516708 0.0629788 0.00251185 0.998012 58.3367
0.997998 -0.00254245 -0.0631873 -3.60599 0.00261655 0.999996 0.00108993 -0.539718 0.0631843 -0.00125309 0.998001 59.6558
0.998038 -0.00101271 -0.0626026 -3.69249 0.00127234 0.999991 0.0041075 -0.55551 0.0625979 -0.00417909 0.99803 60.8749
0.998013 -0.00221638 -0.0629731 -3.77124 0.00249896 0.999987 0.00440891 -0.566851 0.0629625 -0.00455752 0.998005 62.0965
0.997987 -0.00283291 -0.0633618 -3.83981 0.00302018 0.999991 0.00285989 -0.576768 0.0633531 -0.0030455 0.997987 63.2608
0.997911 -0.00299814 -0.0645278 -3.89969 0.00311577 0.999994 0.00172243 -0.593448 0.0645222 -0.00191989 0.997914 64.3721
0.9978 -0.00224141 -0.0662604 -3.96209 0.00247106 0.999991 0.00338423 -0.610748 0.0662522 -0.00354051 0.997797 65.469
0.997773 -0.00253896 -0.0666561 -4.0468 0.00302655 0.999969 0.00721507 -0.622302 0.0666358 -0.00740074 0.99775 66.6317
0.99771 -0.00129701 -0.0676248 -4.12109 0.00212685 0.999923 0.0122006 -0.630782 0.0676038 -0.0123165 0.997636 67.8794
0.997679 0.0014024 -0.0680737 -4.21838 -0.000451592 0.999902 0.0139807 -0.62752 0.0680866 -0.0139175 0.997582 69.1381
0.997607 0.000816886 -0.0691394 -4.30693 -0.000149105 0.999953 0.00966309 -0.62808 0.069144 -0.00962965 0.99756 70.3365
0.997515 6.70213e-005 -0.0704607 -4.38878 6.0193e-005 0.999998 0.00180334 -0.629672 0.0704607 -0.0018031 0.997513 71.5202
0.997428 0.00200813 -0.0716477 -4.46893 -0.00221211 0.999994 -0.00276771 -0.643264 0.0716417 0.00291909 0.997426 72.5953
0.997283 0.0052324 -0.073482 -4.5515 -0.00535367 0.999985 -0.00145337 -0.658125 0.0734733 0.00184282 0.997295 73.6535
0.997185 0.0023778 -0.0749489 -4.63621 -0.00231592 0.999997 0.000912565 -0.671955 0.0749509 -0.00073642 0.997187 74.704
0.996995 0.000582199 -0.0774579 -4.70188 -0.000398042 0.999997 0.00239292 -0.686677 0.0774591 -0.0023549 0.996993 75.7256
0.996897 -0.00196542 -0.0786963 -4.77249 0.00212591 0.999996 0.00195563 -0.699359 0.0786921 -0.00211687 0.996897 76.7009
0.996617 -0.00110924 -0.0821784 -4.83517 0.00131719 0.999996 0.00247622 -0.70861 0.0821753 -0.00257609 0.996615 77.7369
0.996496 0.00163164 -0.0836298 -4.93125 -0.00137874 0.999994 0.00308174 -0.723821 0.0836344 -0.00295564 0.996492 78.7962
0.996352 -0.00167125 -0.0853181 -5.00739 0.00196538 0.999992 0.00336361 -0.743978 0.0853118 -0.00351902 0.996348 79.814
0.996157 -0.000608645 -0.0875824 -5.07807 0.00100962 0.999989 0.004534 -0.761297 0.0875787 -0.004605 0.996147 80.8568
0.996252 0.00502821 -0.0863506 -5.20763 -0.00442471 0.999964 0.00717895 -0.768359 0.0863836 -0.00676997 0.996239 81.8691
