0 0 1 0.666749 0.860443
0 1 2 0.663485 0.859327
0 2 3 0.672873 0.860438
1 2 4 1.34575 1.71987
0 4 5 0.766817 0.860435
0 5 6 0.733446 0.859398
0 6 7 0.771752 0.860538
0 7 8 0.800585 0.859446
0 8 9 0.779462 0.860306
0 9 10 0.815169 0.860598
0 10 11 0.834816 0.859134
0 11 12 0.822895 0.860432
0 12 13 0.828851 0.860357
0 13 14 0.80383 0.859593
0 14 15 0.836509 0.855871
0 15 16 0.81874 0.863667
0 16 17 0.826675 0.870724
0 17 18 0.8306 0.881615
0 18 19 0.838547 0.891922
0 19 20 0.830335 0.901721
0 20 21 0.855684 0.906165
0 21 22 0.808967 0.913045
0 22 23 0.828858 0.9151
0 23 24 0.845835 0.918507
0 24 25 0.838851 0.928696
