1 -8.22789e-007 -0.00085052 -0.0332714 -8.22789e-007 0.999998 -0.00193479 -0.0106501 0.00085052 0.00193479 0.999998 0.665833
1 -1.71017e-006 -0.000963462 -0.103074 -1.71017e-006 0.999994 -0.00355004 -0.0155487 0.000963462 0.00355004 0.999993 1.32726
0.99995 -2.10532e-005 -0.00997822 -0.112267 -2.10532e-005 0.999991 -0.00421972 -0.0327519 0.00997822 0.00421972 0.999941 1.99597
0.99995 -2.10532e-005 -0.00997822 -0.12146 -2.10532e-005 0.999991 -0.00421972 -0.0499551 0.00997822 0.00421972 0.999941 2.66468
0.999898 -2.95819e-005 -0.0142756 -0.134364 -2.95819e-005 0.999991 -0.00414417 -0.0595446 0.0142756 0.00414417 0.99989 3.3824
0.999864 -4.49715e-005 -0.0164619 -0.17821 -4.49715e-005 0.999985 -0.00546328 -0.0656754 0.0164619 0.00546328 0.99985 4.10673
0.999772 -6.36651e-005 -0.0213636 -0.211392 -6.36651e-005 0.999982 -0.00595942 -0.0727799 0.0213636 0.00595942 0.999754 4.85467
0.999685 -5.12804e-005 -0.0250781 -0.243543 -5.12804e-005 0.999992 -0.00408901 -0.0833523 0.0250781 0.00408901 0.999677 5.62858
0.999581 -2.70582e-005 -0.0289337 -0.270039 -2.70582e-005 0.999998 -0.00186997 -0.0866013 0.0289337 0.00186997 0.99958 6.40518
0.999524 1.22319e-005 -0.0308623 -0.318414 1.22319e-005 1 0.000792484 -0.0957766 0.0308623 -0.000792484 0.999523 7.19977
0.999451 4.4038e-006 -0.0331204 -0.36062 4.4038e-006 1 0.000265854 -0.101858 0.0331204 -0.000265854 0.999451 8.01412
0.99946 4.08799e-006 -0.0328653 -0.429376 4.08799e-006 1 0.000248705 -0.1086 0.0328653 -0.000248705 0.99946 8.83038
0.999384 -6.03233e-006 -0.0350844 -0.453834 -6.03233e-006 1 -0.000343769 -0.115191 0.0350844 0.000343769 0.999384 9.654
0.999272 2.28656e-005 -0.0381511 -0.460321 2.28656e-005 0.999999 0.00119825 -0.131533 0.0381511 -0.00119825 0.999271 10.4677
0.999082 2.55762e-005 -0.0428368 -0.453478 2.55762e-005 0.999999 0.00119358 -0.143207 0.0428368 -0.00119358 0.999081 11.2928
0.999042 -1.80446e-005 -0.0437698 -0.509145 -1.80446e-005 1 -0.000824126 -0.152377 0.0437698 0.000824126 0.999041 12.1129
0.999033 -7.38507e-005 -0.0439698 -0.561197 -7.38507e-005 0.999994 -0.00335752 -0.161075 0.0439698 0.00335752 0.999027 12.9355
0.999019 -0.000106422 -0.0442804 -0.626124 -0.000106422 0.999988 -0.00480433 -0.169147 0.0442804 0.00480433 0.999008 13.7604
0.998941 -8.37714e-005 -0.0460119 -0.661492 -8.37714e-005 0.999993 -0.00363935 -0.188967 0.0460119 0.00363935 0.998934 14.5924
0.99883 -6.52058e-005 -0.0483554 -0.68183 -6.52058e-005 0.999996 -0.00269536 -0.198294 0.0483554 0.00269536 0.998827 15.4238
0.998754 -2.80549e-005 -0.0498952 -0.729086 -2.80549e-005 0.999999 -0.00112385 -0.207052 0.0498952 0.00112385 0.998754 16.2661
0.998706 -2.56661e-005 -0.0508535 -0.748834 -2.56661e-005 0.999999 -0.00100876 -0.221838 0.0508535 0.00100876 0.998706 17.092
0.998622 -4.44998e-005 -0.0524801 -0.794512 -4.44998e-005 0.999999 -0.0016947 -0.233468 0.0524801 0.0016947 0.998621 17.9183
0.998515 -6.79602e-005 -0.0544834 -0.827366 -6.79602e-005 0.999997 -0.00249286 -0.246199 0.0544834 0.00249286 0.998512 18.7543
0.99849 -4.45677e-005 -0.0549377 -0.875658 -4.45677e-005 0.999999 -0.00162126 -0.251286 0.0549377 0.00162126 0.998488 19.5906
0.998487 5.22866e-005 -0.0549839 -0.92065 5.22866e-005 0.999998 0.00190045 -0.263607 0.0549839 -0.00190045 0.998485 20.4182
0.998402 0.000161316 -0.056513 -0.934154 0.000161316 0.999984 0.00570438 -0.287788 0.056513 -0.00570438 0.998386 21.2676
0.998554 0.000221709 -0.0537637 -0.999312 0.000221709 0.999966 0.00824144 -0.284818 0.0537637 -0.00824144 0.99852 22.143
0.998765 0.000161 -0.0496889 -1.02652 0.000161 0.999979 0.00647624 -0.293887 0.0496889 -0.00647624 0.998744 23.0276
0.998765 0.000161 -0.0496889 -1.05372 0.000161 0.999979 0.00647624 -0.302956 0.0496889 -0.00647624 0.998744 23.9122
0.998923 3.56754e-005 -0.0463925 -1.136 3.56754e-005 0.999999 0.00153715 -0.299524 0.0463925 -0.00153715 0.998922 24.8106
0.998996 -3.71412e-005 -0.0448076 -1.1804 -3.71412e-005 0.999999 -0.00165697 -0.302109 0.0448076 0.00165697 0.998994 25.7116
0.999022 -1.25099e-005 -0.0442078 -1.21543 -1.25099e-005 1 -0.000565685 -0.317777 0.0442078 0.000565685 0.999022 26.6057
0.998984 0.000100177 -0.0450647 -1.24772 0.000100177 0.99999 0.00444366 -0.328024 0.0450647 -0.00444366 0.998974 27.5066
0.998985 0.000172206 -0.0450382 -1.29328 0.000172206 0.999971 0.00764311 -0.334756 0.0450382 -0.00764311 0.998956 28.4075
0.998906 0.000157909 -0.046756 -1.31809 0.000157909 0.999977 0.00675084 -0.347459 0.046756 -0.00675084 0.998884 29.3192
0.998835 6.7142e-005 -0.0482594 -1.35929 6.7142e-005 0.999996 0.00278092 -0.35159 0.0482594 -0.00278092 0.998831 30.2292
0.99873 -1.93395e-005 -0.0503889 -1.3982 -1.93395e-005 1 -0.000767122 -0.361934 0.0503889 0.000767122 0.998729 31.1274
0.998623 -4.09907e-005 -0.0524679 -1.44619 -4.09907e-005 0.999999 -0.00156143 -0.368966 0.0524679 0.00156143 0.998621 32.0073
0.998594 -1.25352e-005 -0.0530074 -1.52401 -1.25352e-005 1 -0.000472627 -0.368461 0.0530074 0.000472627 0.998594 32.9082
0.998523 7.29233e-005 -0.0543276 -1.56731 7.29233e-005 0.999996 0.00268259 -0.383275 0.0543276 -0.00268259 0.99852 33.7895
0.998537 0.000115365 -0.0540739 -1.63247 0.000115365 0.999991 0.0042638 -0.394741 0.0540739 -0.0042638 0.998528 34.6742
0.998512 0.000182414 -0.0545309 -1.68975 0.000182414 0.999978 0.00668524 -0.396892 0.0545309 -0.00668524 0.99849 35.5717
0.998525 0.000255954 -0.0542945 -1.74051 0.000255954 0.999956 0.00942121 -0.397874 0.0542945 -0.00942121 0.998481 36.4844
0.998414 0.000331455 -0.0563007 -1.78881 0.000331455 0.999931 0.0117647 -0.396495 0.0563007 -0.0117647 0.998345 37.422
0.998568 0.000315277 -0.0534904 -1.89829 0.000315277 0.999931 0.0117793 -0.402173 0.0534904 -0.0117793 0.998499 38.3895
0.998548 0.000219392 -0.0538719 -1.956 0.000219392 0.999967 0.0081389 -0.406219 0.0538719 -0.0081389 0.998515 39.3634
0.998548 0.000219392 -0.0538719 -2.01372 0.000219392 0.999967 0.0081389 -0.410264 0.0538719 -0.0081389 0.998515 40.3373
0.998415 0.000225883 -0.0562779 -2.05843 0.000225883 0.999968 0.00802094 -0.412687 0.0562779 -0.00802094 0.998383 41.2998
0.998204 0.000268666 -0.0599138 -2.07783 0.000268666 0.99996 0.00896019 -0.416368 0.0599138 -0.00896019 0.998163 42.2692
0.998054 0.000318099 -0.0623557 -2.12555 0.000318099 0.999948 0.0101925 -0.426038 0.0623557 -0.0101925 0.998002 43.226
0.998051 0.000208619 -0.0624054 -2.20449 0.000208619 0.999978 0.00667934 -0.431036 0.0624054 -0.00667934 0.998029 44.1922
0.998046 7.51543e-005 -0.0624885 -2.29311 7.51543e-005 0.999997 0.00240303 -0.423102 0.0624885 -0.00240303 0.998043 45.1558
0.998029 3.9685e-005 -0.0627569 -2.35563 3.9685e-005 0.999999 0.00126347 -0.430626 0.0627569 -0.00126347 0.998028 46.0848
0.99795 0.000151631 -0.063996 -2.39397 0.000151631 0.999989 0.00473387 -0.441865 0.063996 -0.00473387 0.997939 46.9996
0.997961 0.000248464 -0.063824 -2.46032 0.000248464 0.99997 0.00777784 -0.451648 0.063824 -0.00777784 0.997931 47.9126
0.997925 0.000274974 -0.0643855 -2.51715 0.000274974 0.999964 0.00853247 -0.459711 0.0643855 -0.00853247 0.997889 48.8356
0.997929 0.000246426 -0.0643318 -2.57663 0.000246426 0.999971 0.00765304 -0.473893 0.0643318 -0.00765304 0.997899 49.7451
0.997947 0.00019072 -0.0640505 -2.64162 0.00019072 0.999982 0.00594912 -0.4807 0.0640505 -0.00594912 0.997929 50.6479
0.997999 0.000205235 -0.063224 -2.72377 0.000205235 0.999979 0.00648574 -0.480712 0.063224 -0.00648574 0.997978 51.5406
0.998042 0.000310071 -0.0625391 -2.81239 0.000310071 0.999951 0.00990613 -0.481135 0.0625391 -0.00990613 0.997993 52.4415
0.997951 0.000457619 -0.0639738 -2.85419 0.000457619 0.999898 0.0142911 -0.482576 0.0639738 -0.0142911 0.997849 53.3387
0.997824 0.000533005 -0.0659277 -2.90549 0.000533005 0.999869 0.0161507 -0.480493 0.0659277 -0.0161507 0.997694 54.2547
0.99776 0.00040909 -0.0668918 -2.98133 0.00040909 0.999925 0.0122172 -0.484213 0.0668918 -0.0122172 0.997685 55.1728
0.997673 0.000169886 -0.068185 -3.04832 0.000169886 0.999988 0.00497726 -0.492195 0.068185 -0.00497726 0.99766 56.0831
0.997619 1.63604e-005 -0.0689658 -3.11419 1.63604e-005 1 0.000473885 -0.506974 0.0689658 -0.000473885 0.997619 56.9747
0.997546 5.48282e-005 -0.070016 -3.18113 5.48282e-005 0.999999 0.00156424 -0.510564 0.070016 -0.00156424 0.997545 57.8475
0.99747 0.000150164 -0.0710875 -3.2503 0.000150164 0.999991 0.00421939 -0.524467 0.0710875 -0.00421939 0.997461 58.7144
0.997337 0.000204519 -0.0729288 -3.30232 0.000204519 0.999984 0.00560121 -0.535923 0.0729288 -0.00560121 0.997321 59.566
0.997264 0.000211741 -0.0739212 -3.3791 0.000211741 0.999984 0.00572095 -0.544812 0.0739212 -0.00572095 0.997248 60.4107
0.997057 0.000278732 -0.076662 -3.45844 0.000278732 0.999974 0.00726091 -0.565634 0.076662 -0.00726091 0.997031 61.2315
0.99687 0.000301291 -0.0790591 -3.51646 0.000301291 0.999971 0.00760988 -0.571812 0.0790591 -0.00760988 0.996841 62.0565
0.996755 0.000330609 -0.0804995 -3.58614 0.000330609 0.999966 0.00820048 -0.582516 0.0804995 -0.00820048 0.996721 62.8788
0.996714 0.000365894 -0.0809991 -3.66651 0.000365894 0.999959 0.00901948 -0.586551 0.0809991 -0.00901948 0.996673 63.6933
0.996578 0.000497861 -0.0826572 -3.73311 0.000497861 0.999928 0.0120254 -0.591319 0.0826572 -0.0120254 0.996505 64.4958
0.996642 0.000654121 -0.0818833 -3.82954 0.000654121 0.999873 0.0159491 -0.589678 0.0818833 -0.0159491 0.996514 65.2966
0.996533 0.000734016 -0.0831948 -3.91915 0.000734016 0.999845 0.0176138 -0.581674 0.0831948 -0.0176138 0.996378 66.1135
0.996739 0.000544965 -0.0806908 -4.06557 0.000544965 0.999909 0.0134848 -0.580139 0.0806908 -0.0134848 0.996648 66.9165
0.996498 2.20949e-005 -0.0836156 -4.12615 2.20949e-005 1 0.000527563 -0.5899 0.0836156 -0.000527563 0.996498 67.7032
0.996498 2.20949e-005 -0.0836156 -4.18673 2.20949e-005 1 0.000527563 -0.59966 0.0836156 -0.000527563 0.996498 68.4899
0.996189 3.13363e-005 -0.0872251 -4.18475 3.13363e-005 1 0.000717147 -0.62779 0.0872251 -0.000717147 0.996188 69.2058
0.996005 0.00026641 -0.0892959 -4.259 0.00026641 0.999982 0.00595493 -0.631356 0.0892959 -0.00595493 0.995987 69.908
0.996005 0.00026641 -0.0892959 -4.33326 0.00026641 0.999982 0.00595493 -0.634922 0.0892959 -0.00595493 0.995987 70.6102
0.995975 0.000116679 -0.0896359 -4.4024 0.000116679 0.999997 0.00259816 -0.648061 0.0896359 -0.00259816 0.995971 71.2887
0.996044 -0.000359673 -0.0888599 -4.4428 -0.000359673 0.999967 -0.00807914 -0.66275 0.0888599 0.00807914 0.996011 71.9294
0.996044 -0.000359673 -0.0888599 -4.48319 -0.000359673 0.999967 -0.00807914 -0.677438 0.0888599 0.00807914 0.996011 72.5702
0.99624 -0.000358015 -0.0866409 -4.52721 -0.000358015 0.999966 -0.00824866 -0.686394 0.0866409 0.00824866 0.996205 73.1636
0.99645 -0.00019517 -0.084183 -4.56348 -0.00019517 0.999989 -0.00462854 -0.704388 0.084183 0.00462854 0.99644 73.732
0.996953 -0.000103773 -0.0780025 -4.63341 -0.000103773 0.999996 -0.0026567 -0.697736 0.0780025 0.0026567 0.99695 74.3053
0.997503 4.52381e-005 -0.0706267 -4.70424 4.52381e-005 0.999999 0.00127945 -0.708405 0.0706267 -0.00127945 0.997502 74.8784
0.998058 0.000142876 -0.0622891 -4.73304 0.000142876 0.999989 0.00458303 -0.722608 0.0622891 -0.00458303 0.998048 75.434
0.999339 7.9548e-005 -0.0363623 -4.75866 7.9548e-005 0.99999 0.00437383 -0.728344 0.0363623 -0.00437383 0.999329 75.962
0.999339 7.9548e-005 -0.0363623 -4.78427 7.9548e-005 0.99999 0.00437383 -0.734081 0.0363623 -0.00437383 0.999329 76.49
0.999843 4.61073e-005 -0.0177051 -4.79925 4.61073e-005 0.999986 0.00520791 -0.739377 0.0177051 -0.00520791 0.99983 77.0074
0.999989 -1.46356e-005 0.00478609 -4.79036 -1.46356e-005 0.999981 0.00611579 -0.743111 -0.00478609 -0.00611579 0.99997 77.5024
0.999521 -0.000117145 0.0309343 -4.75657 -0.000117145 0.999971 0.00757185 -0.752134 -0.0309343 -0.00757185 0.999493 77.9876
0.998161 -0.000289318 0.0606199 -4.71344 -0.000289318 0.999954 0.0095363 -0.757678 -0.0606199 -0.0095363 0.998115 78.4549
0.99567 -0.000536921 0.0929569 -4.64133 -0.000536921 0.999933 0.0115266 -0.765387 -0.0929569 -0.0115266 0.995603 78.9206
0.991446 -0.000819985 0.130513 -4.55776 -0.000819985 0.999921 0.0125113 -0.77107 -0.130513 -0.0125113 0.991368 79.3871
0.984866 -0.00109866 0.173314 -4.47483 -0.00109866 0.99992 0.0125818 -0.77056 -0.173314 -0.0125818 0.984786 79.8387
0.975709 -0.00141443 0.219065 -4.36315 -0.00141443 0.999918 0.0127559 -0.772543 -0.219065 -0.0127559 0.975627 80.2759
0.963649 -0.00148037 0.267168 -4.20232 -0.00148037 0.99994 0.0108802 -0.778439 -0.267168 -0.0108802 0.963589 80.6891
0.947461 -0.00144409 0.319869 -4.03413 -0.00144409 0.99996 0.00879192 -0.785809 -0.319869 -0.00879192 0.947421 81.0849
0.926969 -0.00138918 0.375136 -3.84431 -0.00138918 0.999974 0.00713571 -0.786729 -0.375136 -0.00713571 0.926942 81.4644
0.902494 -0.00131422 0.4307 -3.6194 -0.00131422 0.999982 0.00580513 -0.783043 -0.4307 -0.00580513 0.902477 81.8183
0.873549 -0.00133338 0.486734 -3.3734 -0.00133338 0.999986 0.00513246 -0.783131 -0.486734 -0.00513246 0.873535 82.1419
0.839646 -0.00165757 0.543132 -3.11921 -0.00165757 0.999983 0.00561431 -0.787988 -0.543132 -0.00561431 0.839629 82.4532
0.802098 -0.00178938 0.597189 -2.85097 -0.00178938 0.999984 0.00539966 -0.795502 -0.597189 -0.00539966 0.802082 82.7466
0.761471 -0.00236074 0.648194 -2.56785 -0.00236074 0.999977 0.00641524 -0.797906 -0.648194 -0.00641524 0.761448 83.0224
0.718689 -0.00289144 0.695326 -2.25971 -0.00289144 0.99997 0.00714687 -0.794644 -0.695326 -0.00714687 0.718659 83.2735
0.673412 -0.00368243 0.739258 -1.93568 -0.00368243 0.999958 0.00833548 -0.796901 -0.739258 -0.00833548 0.673371 83.5027
0.626226 -0.00462537 0.779628 -1.59833 -0.00462537 0.999943 0.00964772 -0.794798 -0.779628 -0.00964772 0.626169 83.7186
0.578836 -0.006791 0.815415 -1.25367 -0.006791 0.99989 0.0131481 -0.805309 -0.815415 -0.0131481 0.578727 83.9063
0.532068 -0.00637166 0.846678 -0.899572 -0.00637166 0.999913 0.0115289 -0.808757 -0.846678 -0.0115289 0.531981 84.0788
0.485185 -0.00522066 0.874396 -0.543998 -0.00522066 0.999947 0.00886712 -0.816033 -0.874396 -0.00886712 0.485132 84.2326
0.440487 -0.00510583 0.897744 -0.181033 -0.00510583 0.999953 0.00819236 -0.822885 -0.897744 -0.00819236 0.440441 84.3613
0.397836 -0.0092935 0.917409 0.187784 -0.0092935 0.999857 0.0141588 -0.821358 -0.917409 -0.0141588 0.397693 84.4775
0.358894 -0.0199066 0.933166 0.575426 -0.0199066 0.999382 0.0289752 -0.814179 -0.933166 -0.0289752 0.358276 84.5697
0.322724 -0.0228573 0.946217 0.943797 -0.0228573 0.999229 0.0319338 -0.800643 -0.946217 -0.0319338 0.321952 84.6704
0.290338 -0.0214686 0.956683 1.32681 -0.0214686 0.999351 0.0289414 -0.802333 -0.956683 -0.0289414 0.289689 84.7542
0.259068 -0.0132608 0.965768 1.72331 -0.0132608 0.999763 0.0172848 -0.799094 -0.965768 -0.0172848 0.258831 84.8579
0.231148 -0.00944959 0.972873 2.12769 -0.00944959 0.999884 0.0119571 -0.804759 -0.972873 -0.0119571 0.231032 84.9357
0.205793 -0.0099981 0.978545 2.53048 -0.0099981 0.999874 0.0123187 -0.810466 -0.978545 -0.0123187 0.205667 84.994
0.181921 -0.014334 0.983209 2.93049 -0.014334 0.999749 0.0172273 -0.812287 -0.983209 -0.0172273 0.18167 85.0515
0.162337 -0.0194956 0.986543 3.33543 -0.0194956 0.999546 0.0229606 -0.80006 -0.986543 -0.0229606 0.161884 85.0878
0.143289 -0.0210096 0.989458 3.74421 -0.0210096 0.999485 0.024265 -0.783425 -0.989458 -0.024265 0.142774 85.1286
0.125604 -0.0188448 0.991901 4.15611 -0.0188448 0.999594 0.0213772 -0.77189 -0.991901 -0.0213772 0.125198 85.1785
0.110123 -0.0180951 0.993753 4.52948 -0.0180951 0.999632 0.0202074 -0.769854 -0.993753 -0.0202074 0.109755 85.217
0.095548 -0.0181769 0.995259 4.91711 -0.0181769 0.999635 0.0200019 -0.766978 -0.995259 -0.0200019 0.0951827 85.2472
0.0823735 -0.0203455 0.996394 5.3413 -0.0203455 0.999549 0.0220919 -0.766013 -0.996394 -0.0220919 0.0819224 85.2666
0.0706028 -0.0233352 0.997232 5.78809 -0.0233352 0.999414 0.0250384 -0.763352 -0.997232 -0.0250384 0.0700169 85.2909
0.0606731 -0.0261544 0.997815 6.24888 -0.0261544 0.999272 0.0277829 -0.756529 -0.997815 -0.0277829 0.0599449 85.3046
0.052212 -0.0276763 0.998252 6.74064 -0.0276763 0.999192 0.0291499 -0.748474 -0.998252 -0.0291499 0.0514038 85.3305
0.0444339 -0.0294956 0.998577 7.25328 -0.0294956 0.99909 0.0308232 -0.733863 -0.998577 -0.0308232 0.0435235 85.3673
0.0381826 -0.029056 0.998848 7.78293 -0.029056 0.999122 0.0301747 -0.717572 -0.998848 -0.0301747 0.0373049 85.3917
0.0333689 -0.0297615 0.999 8.3174 -0.0297615 0.999084 0.0307581 -0.702904 -0.999 -0.0307581 0.0324526 85.399
0.0271893 -0.0287876 0.999216 8.87202 -0.0287876 0.999148 0.0295689 -0.692588 -0.999216 -0.0295689 0.0263374 85.4325
0.0237683 -0.0294508 0.999284 9.44974 -0.0294508 0.999112 0.0301462 -0.677569 -0.999284 -0.0301462 0.0228799 85.4488
0.020329 -0.0291475 0.999368 10.0456 -0.0291475 0.999133 0.0297336 -0.662421 -0.999368 -0.0297336 0.0194618 85.4646
0.0177983 -0.03793 0.999122 10.6766 -0.03793 0.998535 0.0385834 -0.65188 -0.999122 -0.0385834 0.0163335 85.4605
0.0188589 -0.0424859 0.998919 11.3328 -0.0424859 0.99816 0.0432557 -0.621779 -0.998919 -0.0432557 0.0170191 85.4489
0.01997 -0.0437758 0.998842 11.9944 -0.0437758 0.998045 0.0446161 -0.594381 -0.998842 -0.0446161 0.0180146 85.4603
0.0223768 -0.0437716 0.998791 12.671 -0.0437716 0.99804 0.0447194 -0.565091 -0.998791 -0.0447194 0.020417 85.48
0.0278634 -0.047941 0.998461 13.3607 -0.047941 0.997636 0.0492392 -0.538785 -0.998461 -0.0492392 0.0254992 85.4818
0.0340863 -0.0499564 0.99817 14.0632 -0.0499564 0.997416 0.0516247 -0.500899 -0.99817 -0.0516247 0.0315025 85.4827
0.037961 -0.0499974 0.998028 14.7884 -0.0499974 0.997402 0.0518677 -0.465593 -0.998028 -0.0518677 0.0353626 85.5151
0.0402354 -0.048783 0.997999 15.5179 -0.048783 0.99752 0.0507263 -0.425958 -0.997999 -0.0507263 0.0377559 85.5621
0.0440959 -0.046275 0.997955 16.2605 -0.046275 0.99776 0.0483106 -0.392051 -0.997955 -0.0483106 0.0418558 85.599
0.0477978 -0.0452345 0.997832 17.0247 -0.0452345 0.997851 0.0474022 -0.356554 -0.997832 -0.0474022 0.0456489 85.643
0.0518154 -0.0410499 0.997813 17.7958 -0.0410499 0.998223 0.0431985 -0.331645 -0.997813 -0.0431985 0.0500382 85.694
0.0556616 -0.0377257 0.997737 18.5988 -0.0377257 0.998493 0.0398589 -0.317184 -0.997737 -0.0398589 0.0541544 85.7404
0.0566883 -0.0315986 0.997892 19.4189 -0.0315986 0.998942 0.0334269 -0.288534 -0.997892 -0.0334269 0.0556298 85.7986
0.056475 -0.0294448 0.99797 20.2353 -0.0294448 0.999081 0.0311439 -0.260352 -0.99797 -0.0311439 0.0555561 85.853
0.0541248 -0.0269304 0.998171 21.0392 -0.0269304 0.999233 0.0284194 -0.243913 -0.998171 -0.0284194 0.0533581 85.9399
0.0554074 -0.0256293 0.998135 21.8472 -0.0256293 0.999305 0.027082 -0.232193 -0.998135 -0.027082 0.054712 85.9771
0.0545817 -0.0258521 0.998175 22.6629 -0.0258521 0.999293 0.0272947 -0.218406 -0.998175 -0.0272947 0.0538748 86.0334
0.054086 -0.0231438 0.998268 23.489 -0.0231438 0.999434 0.0244247 -0.202611 -0.998268 -0.0244247 0.0535197 86.1084
0.0537794 -0.0219684 0.998311 24.3047 -0.0219684 0.99949 0.0231778 -0.199014 -0.998311 -0.0231778 0.0532694 86.1658
0.0537561 -0.0180218 0.998391 25.1301 -0.0180218 0.999657 0.019015 -0.192338 -0.998391 -0.019015 0.0534128 86.2217
0.0508098 -0.0100604 0.998658 25.9027 -0.0100604 0.999893 0.0105847 -0.199202 -0.998658 -0.0105847 0.0507031 86.307
0.0481509 -0.00979495 0.998792 26.6829 -0.00979495 0.999899 0.010278 -0.195022 -0.998792 -0.010278 0.0480501 86.3363
0.0422497 -0.00785529 0.999076 27.4626 -0.00785529 0.999936 0.00819423 -0.188121 -0.999076 -0.00819423 0.0421853 86.3873
0.0359819 -0.00390688 0.999345 28.2717 -0.00390688 0.999984 0.00405005 -0.186406 -0.999345 -0.00405005 0.035966 86.4442
0.0293135 0.000305087 0.99957 29.0677 0.000305087 1 -0.000314165 -0.201518 -0.99957 0.000314165 0.0293134 86.4761
0.021754 -0.000759936 0.999763 29.8797 -0.000759936 0.999999 0.000776652 -0.21246 -0.999763 -0.000776652 0.0217534 86.4935
0.0136731 -0.00039568 0.999906 30.6933 -0.00039568 1 0.000401127 -0.230822 -0.999906 -0.000401127 0.0136729 86.4894
0.00311453 0.000296921 0.999995 31.5249 0.000296921 1 -0.000297847 -0.231049 -0.999995 0.000297847 0.00311444 86.51
-0.00768226 -0.000458175 0.99997 32.3732 -0.000458175 1 0.000454668 -0.241032 -0.99997 -0.000454668 -0.00768247 86.5174
-0.0182386 0.00201044 0.999832 33.181 0.00201044 0.999996 -0.00197409 -0.262224 -0.999832 0.00197409 -0.0182426 86.4927
-0.0293463 0.000607674 0.999569 34.0047 0.000607674 1 -0.000590095 -0.276144 -0.999569 0.000590095 -0.0293467 86.4649
-0.0406197 0.000929883 0.999174 34.8439 0.000929883 0.999999 -0.000892848 -0.287545 -0.999174 0.000892848 -0.0406206 86.4336
-0.0516698 0.000905725 0.998664 35.6776 0.000905725 0.999999 -0.000860075 -0.300935 -0.998664 0.000860075 -0.0516706 86.3867
-0.0624358 0.00175674 0.998047 36.4737 0.00175674 0.999997 -0.00165027 -0.313372 -0.998047 0.00165027 -0.0624387 86.3399
-0.0728739 0.0012658 0.99734 37.277 0.0012658 0.999999 -0.00117669 -0.326843 -0.99734 0.00117669 -0.0728754 86.2774
-0.082758 0.000440402 0.99657 38.0873 0.000440402 1 -0.000405346 -0.336065 -0.99657 0.000405346 -0.0827582 86.2189
-0.0922092 0.000397206 0.99574 38.8771 0.000397206 1 -0.000362123 -0.349157 -0.99574 0.000362123 -0.0922094 86.1376
-0.101922 -0.000357575 0.994792 39.6517 -0.000357575 1 0.000322811 -0.35756 -0.994792 -0.000322811 -0.101922 86.062
-0.111061 -0.0015999 0.993812 40.4347 -0.0015999 0.999998 0.00143107 -0.359941 -0.993812 -0.00143107 -0.111063 85.9905
-0.123874 -0.00518619 0.992284 41.2051 -0.00518619 0.999976 0.00457896 -0.372122 -0.992284 -0.00457896 -0.123898 85.8961
-0.123874 -0.00518619 0.992284 41.9755 -0.00518619 0.999976 0.00457896 -0.384304 -0.992284 -0.00457896 -0.123898 85.8017
-0.123568 -0.0192199 0.99215 42.7313 -0.0192199 0.999671 0.0169719 -0.348768 -0.99215 -0.0169719 -0.123896 85.668
-0.126188 -0.0199789 0.991805 43.4742 -0.0199789 0.999646 0.0175949 -0.353754 -0.991805 -0.0175949 -0.126543 85.5691
-0.128401 -0.0204511 0.991511 44.2082 -0.0204511 0.999629 0.0179701 -0.351757 -0.991511 -0.0179701 -0.128772 85.4834
-0.130376 -0.021074 0.991241 44.9215 -0.021074 0.999607 0.01848 -0.352253 -0.991241 -0.01848 -0.130769 85.4047
-0.123284 -0.0247207 0.992063 45.6435 -0.0247207 0.999456 0.0218328 -0.355891 -0.992063 -0.0218328 -0.123828 85.2869
-0.123284 -0.0247207 0.992063 46.3654 -0.0247207 0.999456 0.0218328 -0.359529 -0.992063 -0.0218328 -0.123828 85.1692
-0.115983 -0.0265396 0.992897 47.0394 -0.0265396 0.999369 0.0236124 -0.368946 -0.992897 -0.0236124 -0.116614 85.0688
-0.107099 -0.0266427 0.993891 47.681 -0.0266427 0.999359 0.0239184 -0.36432 -0.993891 -0.0239184 -0.10774 84.9964
-0.0958415 -0.0260871 0.995055 48.3155 -0.0260871 0.999379 0.0236878 -0.36086 -0.995055 -0.0236878 -0.0964625 84.942
-0.082517 -0.0246196 0.996286 48.921 -0.0246196 0.99944 0.0226584 -0.368976 -0.996286 -0.0226584 -0.0830769 84.9112
-0.0649947 -0.0238339 0.997601 49.5124 -0.0238339 0.999467 0.0223256 -0.366391 -0.997601 -0.0223256 -0.0655281 84.8829
-0.0439471 -0.021677 0.998799 50.0814 -0.021677 0.99955 0.0207395 -0.37242 -0.998799 -0.0207395 -0.0443972 84.8796
-0.0187797 -0.0199071 0.999625 50.6197 -0.0199071 0.999611 0.0195328 -0.37464 -0.999625 -0.0195328 -0.0191687 84.8775
0.00964101 -0.0167074 0.999814 51.149 -0.0167074 0.999718 0.0168669 -0.369863 -0.999814 -0.0168669 0.00935915 84.8964
0.0424997 -0.0151003 0.998982 51.6589 -0.0151003 0.999762 0.0157545 -0.367275 -0.998982 -0.0157545 0.0422615 84.9417
0.0803471 -0.0148821 0.996656 52.145 -0.0148821 0.999759 0.0161282 -0.364767 -0.996656 -0.0161282 0.0801063 85.0013
0.122409 -0.0137278 0.992385 52.6139 -0.0137278 0.999785 0.0155235 -0.358786 -0.992385 -0.0155235 0.122195 85.0853
0.167218 -0.0117808 0.985849 53.0939 -0.0117808 0.999833 0.0139462 -0.359839 -0.985849 -0.0139462 0.167052 85.1983
0.21495 -0.00790362 0.976593 53.5744 -0.00790362 0.99992 0.00983201 -0.360302 -0.976593 -0.00983201 0.214871 85.3462
0.266959 -0.00618593 0.963688 54.0583 -0.00618593 0.999948 0.0081323 -0.358964 -0.963688 -0.0081323 0.266907 85.5118
0.320638 4.71781e-005 0.947202 54.4975 4.71781e-005 1 -6.57781e-005 -0.35708 -0.947202 6.57781e-005 0.320638 85.7315
0.457432 -0.00696956 0.889217 55.0061 -0.00696956 0.99991 0.0114224 -0.344768 -0.889217 -0.0114224 0.457342 85.8049
0.457432 -0.00696956 0.889217 55.5147 -0.00696956 0.99991 0.0114224 -0.332457 -0.889217 -0.0114224 0.457342 85.8784
0.58467 -0.00914008 0.81122 55.9622 -0.00914008 0.999799 0.0178523 -0.277926 -0.81122 -0.0178523 0.584469 86.1179
0.58467 -0.00914008 0.81122 56.4098 -0.00914008 0.999799 0.0178523 -0.223395 -0.81122 -0.0178523 0.584469 86.3574
0.640077 -0.00780546 0.768271 56.7536 -0.00780546 0.999831 0.0166611 -0.216062 -0.768271 -0.0166611 0.639908 86.6938
0.691879 -0.00750309 0.721974 57.0722 -0.00750309 0.999817 0.0175809 -0.208624 -0.721974 -0.0175809 0.691696 87.0414
0.739033 -0.00754025 0.673627 57.3381 -0.00754025 0.999782 0.0194634 -0.201589 -0.673627 -0.0194634 0.738815 87.4001
0.782743 -0.00842277 0.622288 57.5594 -0.00842277 0.999673 0.0241253 -0.201668 -0.622288 -0.0241253 0.782416 87.7438
0.822369 -0.00896107 0.568884 57.7554 -0.00896107 0.999548 0.0286989 -0.18984 -0.568884 -0.0286989 0.821917 88.1132
0.85785 -0.00929638 0.513815 57.9399 -0.00929638 0.999392 0.0336028 -0.183001 -0.513815 -0.0336028 0.857242 88.4867
0.887523 -0.00936394 0.460669 58.0845 -0.00936394 0.99922 0.0383515 -0.17609 -0.460669 -0.0383515 0.886743 88.8755
0.912362 -0.00907371 0.409283 58.2389 -0.00907371 0.999061 0.0423758 -0.167125 -0.409283 -0.0423758 0.911423 89.2893
0.931682 -0.00829137 0.36318 58.3736 -0.00829137 0.998994 0.0440771 -0.158063 -0.36318 -0.0440771 0.930676 89.7318
0.946184 -0.00715431 0.32355 58.4855 -0.00715431 0.999049 0.0430128 -0.14431 -0.32355 -0.0430128 0.945233 90.1909
0.957432 -0.00588279 0.2886 58.5922 -0.00588279 0.999187 0.0398836 -0.124381 -0.2886 -0.0398836 0.956619 90.6663
0.966185 -0.00509829 0.2578 58.6869 -0.00509829 0.999231 0.0388684 -0.109173 -0.2578 -0.0388684 0.965416 91.1399
0.971758 -0.00474703 0.235932 58.7781 -0.00474703 0.999202 0.0396564 -0.0979036 -0.235932 -0.0396564 0.97096 91.5959
0.975405 -0.00453405 0.220375 58.8734 -0.00453405 0.999164 0.0406252 -0.087504 -0.220375 -0.0406252 0.974569 92.0709
0.978087 -0.00408682 0.208156 58.9534 -0.00408682 0.999238 0.0388217 -0.0642906 -0.208156 -0.0388217 0.977325 92.5645
0.980014 -0.00376098 0.198892 59.0414 -0.00376098 0.999292 0.0374281 -0.0415501 -0.198892 -0.0374281 0.979307 93.0505
0.981369 -0.00334846 0.192101 59.1394 -0.00334846 0.999398 0.0345261 -0.0187374 -0.192101 -0.0345261 0.980768 93.5547
0.981867 -0.00291676 0.189547 59.2163 -0.00291676 0.999531 0.0304898 -0.0102135 -0.189547 -0.0304898 0.981398 94.0815
0.981948 -0.0026673 0.189133 59.3126 -0.0026673 0.999606 0.0279455 -0.00468671 -0.189133 -0.0279455 0.981554 94.6168
0.981583 -0.00238892 0.191019 59.4215 -0.00238892 0.99969 0.0247782 0.00617978 -0.191019 -0.0247782 0.981274 95.1603
0.980978 -0.00183811 0.194108 59.5488 -0.00183811 0.999822 0.0187572 0.0258027 -0.194108 -0.0187572 0.980801 95.6988
0.979746 -0.00133376 0.200241 59.6367 -0.00133376 0.999912 0.0131861 0.0470132 -0.200241 -0.0131861 0.979658 96.2534
0.97764 -0.00170658 0.21028 59.7386 -0.00170658 0.99987 0.0160489 0.0497525 -0.21028 -0.0160489 0.977509 96.7684
0.97764 -0.00170658 0.21028 59.8405 -0.00170658 0.99987 0.0160489 0.0524919 -0.21028 -0.0160489 0.977509 97.2833
0.97644 -0.00226979 0.215779 59.9844 -0.00226979 0.999781 0.020788 0.0595022 -0.215779 -0.020788 0.976221 98.0344
0.975693 -0.00306055 0.219119 60.1854 -0.00306055 0.999615 0.0275902 0.0634944 -0.219119 -0.0275902 0.975308 98.9023
0.974734 -0.00372715 0.223339 60.3499 -0.00372715 0.99945 0.0329458 0.0717503 -0.223339 -0.0329458 0.974184 99.6583
0.974588 -0.00398203 0.223972 60.5343 -0.00398203 0.999376 0.0350954 0.0877692 -0.223972 -0.0350954 0.973964 100.344
0.974595 -0.0030386 0.223953 60.6912 -0.0030386 0.999637 0.0267865 0.10117 -0.223953 -0.0267865 0.974232 101.019
0.974595 -0.0030386 0.223953 60.848 -0.0030386 0.999637 0.0267865 0.114571 -0.223953 -0.0267865 0.974232 101.695
0.975133 -0.00230499 0.221609 61.0126 -0.00230499 0.999786 0.0205414 0.127099 -0.221609 -0.0205414 0.974919 102.359
0.975551 -0.00175713 0.219765 61.1406 -0.00175713 0.999874 0.0157945 0.142465 -0.219765 -0.0157945 0.975425 103.017
0.976041 -0.00220559 0.217576 61.2782 -0.00220559 0.999797 0.0200292 0.155466 -0.217576 -0.0200292 0.975838 103.665
0.976353 -0.00303106 0.216163 61.4231 -0.00303106 0.999611 0.0277073 0.170762 -0.216163 -0.0277073 0.975964 104.319
0.977042 -0.00349968 0.213017 61.5789 -0.00349968 0.999467 0.0324723 0.186438 -0.213017 -0.0324723 0.976509 105.006
0.97781 -0.00338658 0.209464 61.7532 -0.00338658 0.999483 0.0319685 0.194754 -0.209464 -0.0319685 0.977294 105.732
0.97832 -0.0027723 0.207079 61.9014 -0.0027723 0.999645 0.0264804 0.212476 -0.207079 -0.0264804 0.977966 106.479
0.979367 -0.00222753 0.202076 62.0623 -0.00222753 0.99976 0.0218165 0.225048 -0.202076 -0.0218165 0.979127 107.225
0.980139 -0.00188756 0.1983 62.2018 -0.00188756 0.999821 0.0188466 0.240053 -0.1983 -0.0188466 0.97996 107.929
0.980982 -0.00207349 0.194088 62.3502 -0.00207349 0.999774 0.0211609 0.248716 -0.194088 -0.0211609 0.980756 108.63
0.981524 -0.00225952 0.191327 62.4843 -0.00225952 0.999724 0.023398 0.259073 -0.191327 -0.023398 0.981247 109.35
0.98165 -0.00247495 0.190673 62.6118 -0.00247495 0.999666 0.0257177 0.269049 -0.190673 -0.0257177 0.981317 110.085
0.982153 -0.00274984 0.188062 62.7726 -0.00274984 0.999576 0.0289768 0.278139 -0.188062 -0.0289768 0.98173 110.827
0.982268 -0.00292609 0.187461 62.9204 -0.00292609 0.999517 0.0309338 0.298063 -0.187461 -0.0309338 0.981785 111.596
0.983016 -0.00312068 0.183491 63.0961 -0.00312068 0.999427 0.0337159 0.299816 -0.183491 -0.0337159 0.982443 112.32
0.982689 -0.00245793 0.185248 63.2282 -0.00245793 0.999651 0.0263023 0.320552 -0.185248 -0.0263023 0.98234 113.105
0.982689 -0.00245793 0.185248 63.3603 -0.00245793 0.999651 0.0263023 0.341288 -0.185248 -0.0263023 0.98234 113.891
0.982312 -0.00214718 0.187238 63.486 -0.00214718 0.999739 0.0227295 0.361818 -0.187238 -0.0227295 0.982052 114.681
0.981852 -0.00216267 0.189638 63.6347 -0.00216267 0.999742 0.0225985 0.369651 -0.189638 -0.0225985 0.981594 115.47
0.981055 -0.00220526 0.193719 63.77 -0.00220526 0.999743 0.022549 0.392577 -0.193719 -0.022549 0.980798 116.274
0.981141 -0.00216066 0.193279 63.9648 -0.00216066 0.999752 0.0221443 0.399625 -0.193279 -0.0221443 0.980894 117.058
0.980539 -0.0022296 0.19631 64.1325 -0.0022296 0.999745 0.0224912 0.406388 -0.19631 -0.0224912 0.980284 117.89
0.980539 -0.0022296 0.19631 64.3002 -0.0022296 0.999745 0.0224912 0.413151 -0.19631 -0.0224912 0.980284 118.722
0.980463 -0.00221059 0.196691 64.4645 -0.00221059 0.99975 0.0222555 0.431596 -0.196691 -0.0222555 0.980213 119.572
0.98005 -0.00220756 0.19874 64.625 -0.00220756 0.999756 0.0219912 0.443815 -0.19874 -0.0219912 0.979805 120.413
0.979563 -0.0024098 0.201123 64.7834 -0.0024098 0.999716 0.0237152 0.462731 -0.201123 -0.0237152 0.979279 121.23
0.979493 -0.00298559 0.201454 64.9542 -0.00298559 0.999565 0.02933 0.471549 -0.201454 -0.02933 0.979059 122.044
0.979416 -0.00334636 0.201825 65.1269 -0.00334636 0.999456 0.0328107 0.478718 -0.201825 -0.0328107 0.978872 122.885
0.979157 -0.00149463 0.203097 65.3118 -0.00149463 0.999893 0.0145642 0.486802 -0.203097 -0.0145642 0.97905 123.771
0.979157 -0.00149463 0.203097 65.4968 -0.00149463 0.999893 0.0145642 0.494887 -0.203097 -0.0145642 0.97905 124.658
0.979125 -0.000670963 0.203257 65.6652 -0.000670963 0.999978 0.00653313 0.499834 -0.203257 -0.00653313 0.979104 125.482
0.979226 -0.00156584 0.202766 65.8227 -0.00156584 0.999882 0.0152834 0.508698 -0.202766 -0.0152834 0.979108 126.26
0.979499 -0.00367807 0.201416 65.9794 -0.00367807 0.99934 0.0361357 0.513982 -0.201416 -0.0361357 0.978839 127.046
0.97959 -0.00514542 0.200941 66.1407 -0.00514542 0.998703 0.0506575 0.519802 -0.200941 -0.0506575 0.978293 127.877
0.979598 -0.00449817 0.200917 66.3028 -0.00449817 0.999008 0.0442974 0.54087 -0.200917 -0.0442974 0.978606 128.753
0.979816 -0.00275365 0.199884 66.4617 -0.00275365 0.999624 0.0272692 0.567539 -0.199884 -0.0272692 0.97944 129.633
0.979455 -0.00196314 0.201651 66.5945 -0.00196314 0.999812 0.0192689 0.593975 -0.201651 -0.0192689 0.979268 130.483
0.979185 -0.00187216 0.202961 66.7333 -0.00187216 0.999832 0.018255 0.614764 -0.202961 -0.018255 0.979017 131.279
0.978602 -0.00186123 0.205752 66.8343 -0.00186123 0.999838 0.0178969 0.630068 -0.205752 -0.0178969 0.97844 132.034
0.978367 -0.00175341 0.20687 66.9545 -0.00175341 0.999858 0.0167672 0.626997 -0.20687 -0.0167672 0.978225 132.858
0.979639 -0.00158634 0.200762 67.1246 -0.00158634 0.999876 0.0156413 0.625642 -0.200762 -0.0156413 0.979515 133.648
0.980402 -0.00127622 0.197002 67.2709 -0.00127622 0.999917 0.0128289 0.625171 -0.197002 -0.0128289 0.980319 134.469
0.980402 -0.00127622 0.197002 67.4172 -0.00127622 0.999917 0.0128289 0.6247 -0.197002 -0.0128289 0.980319 135.289
0.979965 -0.00167571 0.199163 67.524 -0.00167571 0.99986 0.0166577 0.599547 -0.199163 -0.0166577 0.979825 136.082
0.980169 -0.00213465 0.19815 67.6797 -0.00213465 0.99977 0.0213296 0.605874 -0.19815 -0.0213296 0.97994 136.888
0.980713 -0.00214103 0.19544 67.8573 -0.00214103 0.999762 0.021696 0.613218 -0.19544 -0.021696 0.980476 137.723
0.981323 -0.00187579 0.192359 68.0249 -0.00187579 0.999812 0.019319 0.616956 -0.192359 -0.019319 0.981134 138.555
0.982086 -0.00153225 0.188425 68.1619 -0.00153225 0.999869 0.016117 0.628815 -0.188425 -0.016117 0.981955 139.353
0.983348 -0.00143663 0.181729 68.3084 -0.00143663 0.999876 0.015678 0.632441 -0.181729 -0.015678 0.983224 140.109
0.984643 -0.00194959 0.174567 68.4027 -0.00194959 0.999752 0.0221621 0.630244 -0.174567 -0.0221621 0.984396 140.797
0.985571 -0.0026 0.169242 68.5053 -0.0026 0.999531 0.0304963 0.632973 -0.169242 -0.0304963 0.985103 141.507
0.986117 -0.00332798 0.166021 68.5996 -0.00332798 0.999202 0.0397968 0.642767 -0.166021 -0.0397968 0.985319 142.214
0.986873 -0.00324937 0.161465 68.7178 -0.00324937 0.999196 0.0399681 0.672847 -0.161465 -0.0399681 0.986069 142.975
0.987479 -0.00276144 0.157724 68.8248 -0.00276144 0.999391 0.0347862 0.688312 -0.157724 -0.0347862 0.98687 143.779
0.98852 -0.00185637 0.151082 68.9359 -0.00185637 0.9997 0.0244296 0.704415 -0.151082 -0.0244296 0.988219 144.58
0.989267 -0.00149813 0.146113 69.0297 -0.00149813 0.999791 0.0203943 0.70968 -0.146113 -0.0203943 0.989058 145.36
0.989966 -0.00146894 0.141296 69.1042 -0.00146894 0.999785 0.0206858 0.726613 -0.141296 -0.0206858 0.989751 146.116
0.991004 -0.0015459 0.13382 69.1906 -0.0015459 0.999734 0.0229971 0.730141 -0.13382 -0.0229971 0.990739 146.867
0.991827 -0.00128678 0.127586 69.2496 -0.00128678 0.999797 0.0200867 0.736073 -0.127586 -0.0200867 0.991624 147.629
0.993046 -0.000812203 0.117723 69.3302 -0.000812203 0.999905 0.0137499 0.739794 -0.117723 -0.0137499 0.992951 148.384
0.993983 -0.000619993 0.109534 69.4054 -0.000619993 0.999936 0.0112861 0.746437 -0.109534 -0.0112861 0.993919 149.124
0.99483 -0.000703584 0.101556 69.4714 -0.000703584 0.999904 0.0138196 0.752528 -0.101556 -0.0138196 0.994734 149.864
0.995632 -0.000960335 0.0933558 69.5377 -0.000960335 0.999789 0.0205266 0.75343 -0.0933558 -0.0205266 0.995421 150.612
0.996345 -0.00109143 0.0854143 69.5848 -0.00109143 0.999674 0.0255054 0.758455 -0.0854143 -0.0255054 0.996019 151.388
0.996921 -0.00111882 0.078406 69.6324 -0.00111882 0.999593 0.0284895 0.768377 -0.078406 -0.0284895 0.996514 152.18
0.997432 -0.00108909 0.0716098 69.6889 -0.00108909 0.999538 0.0303713 0.779807 -0.0716098 -0.0303713 0.99697 152.986
0.997696 -0.000982936 0.0678426 69.7295 -0.000982936 0.999581 0.0289375 0.782404 -0.0678426 -0.0289375 0.997276 153.783
0.998048 -0.000741225 0.0624402 69.7802 -0.000741225 0.999718 0.0237154 0.786093 -0.0624402 -0.0237154 0.997767 154.579
0.99824 -0.000485492 0.0593098 69.8106 -0.000485492 0.999866 0.0163559 0.798368 -0.0593098 -0.0163559 0.998106 155.378
0.998407 -0.000379301 0.0564265 69.8453 -0.000379301 0.99991 0.0134328 0.81102 -0.0564265 -0.0134328 0.998316 156.142
0.998589 -0.000495108 0.0530927 69.8808 -0.000495108 0.999826 0.0186359 0.823488 -0.0530927 -0.0186359 0.998416 156.915
0.998715 -0.000731617 0.0506715 69.9104 -0.000731617 0.999583 0.0288523 0.831627 -0.0506715 -0.0288523 0.998299 157.713
0.99889 -0.000842747 0.0471031 69.9416 -0.000842747 0.99936 0.0357518 0.84157 -0.0471031 -0.0357518 0.99825 158.516
0.999072 -0.000697106 0.043071 69.9612 -0.000697106 0.999476 0.0323466 0.853985 -0.043071 -0.0323466 0.998548 159.369
0.999282 -0.000427746 0.0378963 69.9847 -0.000427746 0.999745 0.0225635 0.868045 -0.0378963 -0.0225635 0.999027 160.18
0.999539 -0.00026717 0.0303593 70.0177 -0.00026717 0.999845 0.0175951 0.88526 -0.0303593 -0.0175951 0.999384 160.964
0.999738 -0.000219202 0.0228943 70.0274 -0.000219202 0.999817 0.0191448 0.892474 -0.0228943 -0.0191448 0.999555 161.771
0.999884 -0.000193863 0.0152485 70.0308 -0.000193863 0.999677 0.0254215 0.896274 -0.0152485 -0.0254215 0.999561 162.584
0.999974 -9.74464e-005 0.00719057 70.05 -9.74464e-005 0.999633 0.0270986 0.93881 -0.00719057 -0.0270986 0.999607 163.412
1 -1.45225e-005 0.000941387 70.0631 -1.45225e-005 0.999524 0.030846 0.959245 -0.000941387 -0.030846 0.999524 164.233
0.999991 6.19199e-005 -0.00417019 70.0417 6.19199e-005 0.999559 0.0296897 0.985394 0.00417019 -0.0296897 0.99955 165.076
0.999942 0.000122104 -0.010802 70.0353 0.000122104 0.999744 0.022604 0.991802 0.010802 -0.022604 0.999686 165.916
0.999838 0.000109852 -0.0179847 70.0206 0.000109852 0.999925 0.0122148 1.0013 0.0179847 -0.0122148 0.999764 166.74
0.999717 9.46916e-005 -0.0237789 70.0014 9.46916e-005 0.999968 0.00796309 1.00839 0.0237789 -0.00796309 0.999686 167.525
0.999542 0.000236104 -0.0302681 69.9967 0.000236104 0.999878 0.0155964 0.994292 0.0302681 -0.0155964 0.99942 168.27
0.999371 0.000514107 -0.0354556 69.9554 0.000514107 0.99958 0.0289848 1.00367 0.0354556 -0.0289848 0.998951 169.035
0.999214 0.000730575 -0.0396278 69.9043 0.000730575 0.999321 0.0368448 1.01099 0.0396278 -0.0368448 0.998535 169.832
0.999036 0.000737666 -0.0438923 69.8711 0.000737666 0.999436 0.0335869 1.02759 0.0438923 -0.0335869 0.998472 170.693
0.998965 0.000518748 -0.0454896 69.8173 0.000518748 0.99974 0.0227926 1.04344 0.0454896 -0.0227926 0.998705 171.567
0.998871 0.000329475 -0.0474983 69.7427 0.000329475 0.999904 0.0138646 1.0569 0.0474983 -0.0138646 0.998775 172.431
0.998813 0.000251067 -0.0487145 69.6838 0.000251067 0.999947 0.0103013 1.06206 0.0487145 -0.0103013 0.99876 173.272
0.998688 0.000364138 -0.0512064 69.6499 0.000364138 0.999899 0.0142123 1.07387 0.0512064 -0.0142123 0.998587 174.092
0.998669 0.000594152 -0.0515729 69.6096 0.000594152 0.999735 0.0230229 1.07746 0.0515729 -0.0230229 0.998404 174.914
0.99864 0.000738573 -0.0521325 69.5686 0.000738573 0.999599 0.0283095 1.09028 0.0521325 -0.0283095 0.998239 175.753
0.998518 0.000735494 -0.0544091 69.5281 0.000735494 0.999635 0.0270107 1.1064 0.0544091 -0.0270107 0.998153 176.608
0.998428 0.000491102 -0.0560415 69.4767 0.000491102 0.999847 0.0175113 1.11652 0.0560415 -0.0175113 0.998275 177.47
0.998309 0.000157415 -0.0581378 69.4527 0.000157415 0.999985 0.00541061 1.11835 0.0581378 -0.00541061 0.998294 178.013
0.997979 3.80622e-005 -0.0635524 69.4606 3.80622e-005 0.999999 0.00119661 1.11811 0.0635524 -0.00119661 0.997978 178.667
0.997842 0.000567021 -0.0656619 69.4095 0.000567021 0.999851 0.017251 1.11472 0.0656619 -0.017251 0.997693 179.366
0.997842 0.000567021 -0.0656619 69.3584 0.000567021 0.999851 0.017251 1.11132 0.0656619 -0.017251 0.997693 180.064
0.997691 0.000693567 -0.0679191 69.3083 0.000693567 0.999792 0.0203976 1.11212 0.0679191 -0.0203976 0.997482 180.829
0.9978 0.000529259 -0.0663 69.2296 0.000529259 0.999873 0.015947 1.11911 0.0663 -0.015947 0.997672 181.632
0.997674 0.000319817 -0.0681715 69.1844 0.000319817 0.999956 0.00937158 1.1266 0.0681715 -0.00937158 0.99763 182.492
0.997685 0.000316453 -0.0680113 69.1138 0.000316453 0.999957 0.00929493 1.12792 0.0680113 -0.00929493 0.997641 183.35
0.99773 0.000428418 -0.0673425 69.0356 0.000428418 0.999919 0.0127086 1.12599 0.0673425 -0.0127086 0.997649 184.197
0.997723 0.000553373 -0.0674403 68.963 0.000553373 0.999866 0.016391 1.12103 0.0674403 -0.016391 0.997589 185.039
0.997739 0.000664886 -0.0672116 68.8967 0.000664886 0.999805 0.0197606 1.1199 0.0672116 -0.0197606 0.997543 185.866
0.997703 0.000649705 -0.0677332 68.8351 0.000649705 0.999816 0.0191604 1.12255 0.0677332 -0.0191604 0.997519 186.702
0.997612 0.000526979 -0.0690592 68.7959 0.000526979 0.999884 0.0152426 1.11338 0.0690592 -0.0152426 0.997496 187.507
0.997525 0.00034384 -0.0703145 68.7453 0.00034384 0.999952 0.00976773 1.11142 0.0703145 -0.00976773 0.997477 188.266
0.997404 0.000367786 -0.072004 68.6892 0.000367786 0.999948 0.0102022 1.11104 0.072004 -0.0102022 0.997352 189.019
0.997231 0.000736154 -0.0743581 68.6329 0.000736154 0.999804 0.0197709 1.11503 0.0743581 -0.0197709 0.997036 189.782
0.997079 0.00109032 -0.0763737 68.5754 0.00109032 0.999593 0.0285047 1.11604 0.0763737 -0.0285047 0.996672 190.569
0.997062 0.0011545 -0.0765934 68.5159 0.0011545 0.999546 0.0300951 1.11646 0.0765934 -0.0300951 0.996608 191.367
0.996917 0.000919656 -0.0784559 68.4686 0.000919656 0.999726 0.0234045 1.12218 0.0784559 -0.0234045 0.996643 192.156
0.997006 0.000716501 -0.0773219 68.3945 0.000716501 0.999829 0.0185036 1.12863 0.0773219 -0.0185036 0.996834 192.926
0.997066 0.0004881 -0.0765411 68.3302 0.0004881 0.999919 0.0127347 1.12458 0.0765411 -0.0127347 0.996985 193.669
0.997127 0.00034197 -0.0757419 68.2861 0.00034197 0.999959 0.00901673 1.11743 0.0757419 -0.00901673 0.997087 194.364
0.997628 8.49446e-005 -0.0688327 68.238 8.49446e-005 0.999997 0.00246521 1.11829 0.0688327 -0.00246521 0.997625 195.046
0.997628 8.49446e-005 -0.0688327 68.19 8.49446e-005 0.999997 0.00246521 1.11914 0.0688327 -0.00246521 0.997625 195.728
0.997976 0.00023697 -0.0635976 68.1359 0.00023697 0.999972 0.00744453 1.1177 0.0635976 -0.00744453 0.997948 196.365
0.998357 0.000487232 -0.0573037 68.1044 0.000487232 0.999856 0.01699 1.11065 0.0573037 -0.01699 0.998212 196.976
0.998617 0.00057105 -0.0525805 68.077 0.00057105 0.999764 0.0217034 1.10865 0.0525805 -0.0217034 0.998381 197.613
0.998919 0.000479779 -0.0464731 68.0378 0.000479779 0.999787 0.0206343 1.10386 0.0464731 -0.0206343 0.998706 198.267
0.99924 0.00025127 -0.0389707 68.008 0.00025127 0.999917 0.0128899 1.10327 0.0389707 -0.0128899 0.999157 198.79
0.999497 6.6405e-005 -0.0316991 67.9936 6.6405e-005 0.999991 0.00418864 1.1003 0.0316991 -0.00418864 0.999489 199.357
0.999705 -1.04658e-005 -0.0242793 67.9715 -1.04658e-005 1 -0.000861988 1.10223 0.0242793 0.000861988 0.999705 199.929
0.999874 3.35662e-006 -0.0158822 67.9456 3.35662e-006 1 0.000422661 1.10057 0.0158822 -0.000422661 0.999874 200.483
0.999939 3.13984e-005 -0.011062 67.9534 3.13984e-005 0.999984 0.00567657 1.09707 0.011062 -0.00567657 0.999923 201.066
0.999989 2.74855e-005 -0.00466137 67.9525 2.74855e-005 0.99993 0.0117924 1.08817 0.00466137 -0.0117924 0.99992 201.667
1 -6.20072e-006 0.000939309 67.9593 -6.20072e-006 0.999913 0.0132022 1.08357 -0.000939309 -0.0132022 0.999912 202.27
0.999989 -3.40173e-005 0.00479196 67.953 -3.40173e-005 0.999899 0.0141969 1.08384 -0.00479196 -0.0141969 0.999888 202.877
0.999978 -5.15218e-005 0.00670454 67.9405 -5.15218e-005 0.999882 0.0153681 1.08965 -0.00670454 -0.0153681 0.999859 203.481
0.999984 -4.91242e-005 0.00558662 67.952 -4.91242e-005 0.999845 0.0175849 1.09068 -0.00558662 -0.0175849 0.99983 204.093
0.999994 -3.57225e-005 0.00351701 67.9637 -3.57225e-005 0.999794 0.020312 1.09237 -0.00351701 -0.020312 0.999788 204.717
0.999993 -3.92037e-005 0.00370237 67.9591 -3.92037e-005 0.999776 0.0211752 1.10639 -0.00370237 -0.0211752 0.999769 205.35
0.999993 -2.94252e-005 0.0036548 67.9435 -2.94252e-005 0.99987 0.0161011 1.11025 -0.0036548 -0.0161011 0.999864 205.988
0.999997 -9.20305e-006 0.0025735 67.9346 -9.20305e-006 0.999974 0.00715207 1.1136 -0.0025735 -0.00715207 0.999971 206.625
0.999999 8.77546e-007 0.00124098 67.9279 8.77546e-007 0.999999 -0.00141428 1.11062 -0.00124098 0.00141428 0.999998 207.236
0.999998 -7.00251e-006 -0.00219477 67.932 -7.00251e-006 0.99998 -0.00638101 1.11579 0.00219477 0.00638101 0.999977 207.827
0.999985 -1.94557e-006 -0.00539851 67.9179 -1.94557e-006 1 -0.000720775 1.11604 0.00539851 0.000720775 0.999985 208.416
0.999957 5.33292e-005 -0.00925595 67.8951 5.33292e-005 0.999934 0.0115226 1.11489 0.00925595 -0.0115226 0.999891 209.003
0.999906 0.000175685 -0.0136748 67.8838 0.000175685 0.99967 0.0256893 1.11537 0.0136748 -0.0256893 0.999576 209.619
0.999831 0.000323184 -0.0183575 67.8838 0.000323184 0.99938 0.0351961 1.11522 0.0183575 -0.0351961 0.999212 210.275
0.999791 0.000339979 -0.0204186 67.8622 0.000339979 0.999446 0.0332882 1.1218 0.0204186 -0.0332882 0.999237 210.957
0.999738 0.000315736 -0.0228817 67.8373 0.000315736 0.999619 0.0275884 1.12658 0.0228817 -0.0275884 0.999357 211.663
0.999647 0.000251999 -0.0265494 67.8039 0.000251999 0.99982 0.0189783 1.13761 0.0265494 -0.0189783 0.999467 212.358
0.999594 0.000195918 -0.028492 67.7892 0.000195918 0.999905 0.0137491 1.15204 0.028492 -0.0137491 0.999499 213.047
0.999591 0.00026132 -0.0285943 67.7676 0.00026132 0.999833 0.0182725 1.16284 0.0285943 -0.0182725 0.999424 213.738
0.999536 0.000336587 -0.0304523 67.7569 0.000336587 0.999756 0.0220981 1.16905 0.0304523 -0.0220981 0.999292 214.44
0.999471 0.000410451 -0.0325163 67.7399 0.000410451 0.999681 0.0252351 1.16594 0.0325163 -0.0252351 0.999153 215.153
0.999425 0.000365756 -0.033915 67.7268 0.000365756 0.999767 0.0215603 1.17709 0.033915 -0.0215603 0.999192 215.854
0.999424 0.000284995 -0.0339308 67.6973 0.000284995 0.999859 0.0167926 1.18123 0.0339308 -0.0167926 0.999283 216.552
0.99942 0.000260819 -0.034049 67.6731 0.000260819 0.999883 0.0153149 1.18732 0.034049 -0.0153149 0.999303 217.241
0.999409 0.000317584 -0.0343736 67.6449 0.000317584 0.999829 0.0184714 1.19077 0.0343736 -0.0184714 0.999238 217.919
0.999435 0.000387872 -0.0335969 67.608 0.000387872 0.999734 0.0230801 1.19404 0.0335969 -0.0230801 0.999169 218.607
0.999468 0.00042248 -0.0326093 67.563 0.00042248 0.999664 0.0259004 1.19951 0.0326093 -0.0259004 0.999133 219.327
0.999476 0.000384589 -0.0323656 67.5385 0.000384589 0.999718 0.0237557 1.20006 0.0323656 -0.0237557 0.999194 220.054
0.999519 0.000259134 -0.0310104 67.5075 0.000259134 0.99986 0.0167075 1.20634 0.0310104 -0.0167075 0.999379 220.791
0.999527 0.000111084 -0.0307533 67.4832 0.000111084 0.999974 0.00722243 1.20692 0.0307533 -0.00722243 0.999501 221.513
0.999538 2.94825e-005 -0.0303884 67.454 2.94825e-005 0.999998 0.00193993 1.20808 0.0303884 -0.00193993 0.999536 222.186
0.999505 6.29014e-005 -0.0314747 67.4601 6.29014e-005 0.999992 0.00399594 1.19395 0.0314747 -0.00399594 0.999497 222.838
0.999481 0.000292933 -0.032228 67.4409 0.000292933 0.999835 0.0181726 1.18705 0.032228 -0.0181726 0.999315 223.437
0.999481 0.000292933 -0.032228 67.4216 0.000292933 0.999835 0.0181726 1.18015 0.032228 -0.0181726 0.999315 224.037
0.99937 0.000381001 -0.03549 67.4203 0.000381001 0.99977 0.0214617 1.20157 0.03549 -0.0214617 0.99914 224.674
0.999222 0.000480701 -0.0394282 67.4509 0.000480701 0.999703 0.0243705 1.19705 0.0394282 -0.0243705 0.998925 225.291
0.998803 0.000638059 -0.0489091 67.438 0.000638059 0.99966 0.0260716 1.20201 0.0489091 -0.0260716 0.998463 225.933
0.998803 0.000638059 -0.0489091 67.4251 0.000638059 0.99966 0.0260716 1.20696 0.0489091 -0.0260716 0.998463 226.575
0.99834 0.000706501 -0.0575895 67.4013 0.000706501 0.999699 0.0245117 1.20273 0.0575895 -0.0245117 0.998039 227.192
0.997648 0.00071232 -0.0685464 67.3583 0.00071232 0.999784 0.0207569 1.20391 0.0685464 -0.0207569 0.997432 227.752
0.996539 0.000723628 -0.0831267 67.3132 0.000723628 0.999849 0.0173788 1.20359 0.0831267 -0.0173788 0.996387 228.301
0.994819 0.000763434 -0.101657 67.2325 0.000763434 0.999888 0.01498 1.21948 0.101657 -0.01498 0.994707 228.839
0.992308 0.000990047 -0.123789 67.1595 0.000990047 0.999873 0.0159332 1.22066 0.123789 -0.0159332 0.992181 229.355
0.988911 0.00145609 -0.148501 67.099 0.00145609 0.999809 0.0194999 1.21956 0.148501 -0.0194999 0.98872 229.71
0.984374 0.00202627 -0.176079 67.0213 0.00202627 0.999737 0.0228325 1.22132 0.176079 -0.0228325 0.984111 230.049
0.978137 0.0024326 -0.207946 66.9226 0.0024326 0.999729 0.0231375 1.21849 0.207946 -0.0231375 0.977867 230.44
0.969981 0.00264206 -0.243167 66.7897 0.00264206 0.999767 0.0214017 1.22064 0.243167 -0.0214017 0.969748 230.846
0.959158 0.00283942 -0.282858 66.6498 0.00283942 0.999803 0.0196647 1.22577 0.282858 -0.0196647 0.95896 231.242
0.945828 0.00320631 -0.324651 66.4786 0.00320631 0.99981 0.0192155 1.22795 0.324651 -0.0192155 0.945639 231.621
0.929316 0.00398351 -0.369264 66.3013 0.00398351 0.999776 0.0208104 1.2369 0.369264 -0.0208104 0.929091 231.987
0.909863 0.00542431 -0.414873 66.1004 0.00542431 0.999674 0.0249665 1.24311 0.414873 -0.0249665 0.909537 232.332
0.886792 0.00765053 -0.462106 65.8842 0.00765053 0.999483 0.0312288 1.24518 0.462106 -0.0312288 0.886275 232.652
0.860238 0.0106336 -0.509782 65.6559 0.0106336 0.999191 0.0387859 1.24988 0.509782 -0.0387859 0.859429 232.947
0.830406 0.0138375 -0.556986 65.4045 0.0138375 0.998871 0.0454458 1.25928 0.556986 -0.0454458 0.829277 233.225
0.796271 0.0171685 -0.604697 65.1476 0.0171685 0.998553 0.0509585 1.26926 0.604697 -0.0509585 0.794824 233.495
0.760468 0.0218483 -0.649007 64.8654 0.0218483 0.998007 0.0591976 1.286 0.649007 -0.0591976 0.758476 233.744
0.722781 0.0280973 -0.690505 64.5556 0.0280973 0.997152 0.0699858 1.30413 0.690505 -0.0699858 0.719934 233.982
0.684284 0.035572 -0.728348 64.2195 0.035572 0.995992 0.0820636 1.32454 0.728348 -0.0820636 0.680276 234.206
0.643782 0.0425078 -0.764027 63.8613 0.0425078 0.994928 0.0911721 1.35074 0.764027 -0.0911721 0.63871 234.419
0.600521 0.0472372 -0.798212 63.4879 0.0472372 0.994414 0.0943863 1.38443 0.798212 -0.0943863 0.594935 234.632
0.555452 0.0521669 -0.829911 63.052 0.0521669 0.993878 0.0973885 1.41519 0.829911 -0.0973885 0.54933 234.843
0.507724 0.0543697 -0.859803 62.587 0.0543697 0.993995 0.0949614 1.4442 0.859803 -0.0949614 0.501719 235.045
0.457655 0.054811 -0.887439 62.1402 0.054811 0.994461 0.0896872 1.48433 0.887439 -0.0896872 0.452116 235.212
0.404693 0.0535344 -0.912884 61.6996 0.0535344 0.995186 0.0820932 1.5177 0.912884 -0.0820932 0.399878 235.371
0.351366 0.0544856 -0.934651 61.2493 0.0544856 0.995423 0.0785113 1.54744 0.934651 -0.0785113 0.346789 235.502
0.301555 0.0584363 -0.951656 60.7965 0.0584363 0.995111 0.0796215 1.57601 0.951656 -0.0796215 0.296666 235.591
0.253423 0.0637455 -0.965253 60.3324 0.0637455 0.994557 0.0824169 1.61201 0.965253 -0.0824169 0.24798 235.668
0.207606 0.0675751 -0.975876 59.8531 0.0675751 0.994237 0.0832224 1.64385 0.975876 -0.0832224 0.201843 235.734
0.166853 0.0736599 -0.983226 59.3949 0.0736599 0.993488 0.0869287 1.67493 0.983226 -0.0869287 0.160341 235.736
0.092441 0.0796473 -0.992528 58.8835 0.0796473 0.99301 0.0871042 1.70709 0.992528 -0.0871042 0.0854512 235.77
0.092441 0.0796473 -0.992528 58.3721 0.0796473 0.99301 0.0871042 1.73924 0.992528 -0.0871042 0.0854512 235.805
0.0645929 0.0842563 -0.994348 57.8259 0.0842563 0.992411 0.0895654 1.78383 0.994348 -0.0895654 0.0570035 235.81
0.0396838 0.0866484 -0.995448 57.3217 0.0866484 0.992182 0.0898183 1.82946 0.995448 -0.0898183 0.0318656 235.81
0.0179483 0.0902483 -0.995758 56.808 0.0902483 0.991706 0.0915078 1.87135 0.995758 -0.0915078 0.00965469 235.797
0.000468528 0.0953224 -0.995446 56.3185 0.0953224 0.990909 0.0949328 1.91072 0.995446 -0.0949328 -0.00862209 235.774
-0.0122789 0.100746 -0.994836 55.8962 0.100746 0.989973 0.0990098 1.94845 0.994836 -0.0990098 -0.0223055 235.732
-0.0212436 0.105818 -0.994159 55.4466 0.105818 0.989035 0.103011 1.99035 0.994159 -0.103011 -0.0322081 235.7
-0.0267581 0.106449 -0.993958 54.9479 0.106449 0.988964 0.103049 2.04108 0.993958 -0.103049 -0.0377943 235.669
-0.0336453 0.105138 -0.993888 54.3988 0.105138 0.989306 0.101094 2.08746 0.993888 -0.101094 -0.0443395 235.677
-0.0373902 0.103189 -0.993959 53.8364 0.103189 0.989736 0.0988687 2.1493 0.993959 -0.0988687 -0.0476544 235.669
-0.0401672 0.103615 -0.993806 53.2439 0.103615 0.989678 0.0989971 2.20299 0.993806 -0.0989971 -0.0504888 235.659
-0.0443463 0.101136 -0.993884 52.6217 0.101136 0.990206 0.0962491 2.26621 0.993884 -0.0962491 -0.0541405 235.67
-0.0435337 0.102559 -0.993774 51.9901 0.102559 0.98992 0.0976689 2.32516 0.993774 -0.0976689 -0.0536133 235.628
-0.0442952 0.0966117 -0.994336 51.3316 0.0966117 0.991062 0.0919897 2.38585 0.994336 -0.0919897 -0.0532332 235.611
-0.0448243 0.0909859 -0.994843 50.6545 0.0909859 0.992077 0.0866334 2.45014 0.994843 -0.0866334 -0.0527476 235.585
-0.0403917 0.092878 -0.994858 49.9934 0.092878 0.991709 0.0888131 2.51606 0.994858 -0.0888131 -0.0486831 235.515
-0.0386331 0.0937956 -0.994842 49.3205 0.0937956 0.99153 0.089841 2.5719 0.994842 -0.089841 -0.0471035 235.474
-0.035283 0.093586 -0.994986 48.6111 0.093586 0.99154 0.0899432 2.63828 0.994986 -0.0899432 -0.0437429 235.437
-0.035283 0.093586 -0.994986 47.9016 0.093586 0.99154 0.0899432 2.70465 0.994986 -0.0899432 -0.0437429 235.401
-0.0333069 0.0932274 -0.995088 47.1502 0.0932274 0.991589 0.0897792 2.77221 0.995088 -0.0897792 -0.041718 235.354
-0.0314542 0.0902525 -0.995422 46.3665 0.0902525 0.992103 0.0870997 2.84753 0.995422 -0.0870997 -0.0393513 235.319
-0.0307668 0.0872322 -0.995713 45.5766 0.0872322 0.992618 0.0842656 2.90398 0.995713 -0.0842656 -0.0381491 235.283
-0.0242379 0.0912553 -0.995533 44.7817 0.0912553 0.99187 0.0886978 2.96534 0.995533 -0.0886978 -0.0323683 235.202
-0.0252139 0.0880209 -0.995799 43.9503 0.0880209 0.992443 0.0854955 3.03641 0.995799 -0.0854955 -0.032771 235.182
-0.0253821 0.0856308 -0.996004 43.1017 0.0856308 0.992849 0.0831774 3.09968 0.996004 -0.0831774 -0.0325332 235.153
-0.0254721 0.0845129 -0.996097 42.233 0.0845129 0.993035 0.0820919 3.15883 0.996097 -0.0820919 -0.0324371 235.125
-0.0271749 0.0816417 -0.996291 41.3308 0.0816417 0.993511 0.079187 3.21194 0.996291 -0.079187 -0.0336639 235.117
-0.0273953 0.084188 -0.996073 40.4513 0.084188 0.993101 0.0816213 3.27453 0.996073 -0.0816213 -0.0342939 235.068
-0.029258 0.0813811 -0.996254 39.5606 0.0813811 0.993565 0.0787715 3.34044 0.996254 -0.0787715 -0.0356927 235.044
-0.0311708 0.0800681 -0.996302 38.6935 0.0800681 0.993783 0.0773606 3.40343 0.996302 -0.0773606 -0.0373879 234.996
-0.0361064 0.0770886 -0.99637 37.8097 0.0770886 0.994264 0.0741322 3.45874 0.99637 -0.0741322 -0.041842 234.969
-0.0407043 0.0759274 -0.996282 36.9144 0.0759274 0.994461 0.0726864 3.50933 0.996282 -0.0726864 -0.0462438 234.952
-0.0414284 0.077708 -0.996115 35.9592 0.077708 0.994202 0.0743269 3.56652 0.996115 -0.0743269 -0.0472268 234.884
-0.0393051 0.078382 -0.996148 34.9333 0.078382 0.994089 0.0751272 3.6212 0.996148 -0.0751272 -0.0452165 234.765
-0.0405183 0.0771349 -0.996197 33.7255 0.0771349 0.994282 0.0738493 3.70576 0.996197 -0.0738493 -0.0462364 234.613
-0.0405183 0.0771349 -0.996197 32.5177 0.0771349 0.994282 0.0738493 3.79033 0.996197 -0.0738493 -0.0462364 234.462
-0.0366602 0.0799903 -0.996121 31.4027 0.0799903 0.993828 0.0768623 3.85389 0.996121 -0.0768623 -0.0428324 234.321
-0.0323092 0.0845277 -0.995897 30.2384 0.0845277 0.993079 0.0815462 3.96121 0.995897 -0.0815462 -0.0392305 234.258
-0.0308669 0.0885499 -0.995593 28.8686 0.0885499 0.992394 0.08552 4.03889 0.995593 -0.08552 -0.0384732 234.168
-0.031839 0.0891501 -0.995509 27.4979 0.0891501 0.992297 0.0860113 4.1346 0.995509 -0.0860113 -0.0395415 234.116
-0.0353308 0.0881263 -0.995483 26.1272 0.0881263 0.992499 0.0847345 4.2437 0.995483 -0.0847345 -0.0428321 234.122
-0.0324427 0.0876246 -0.995625 24.7564 0.0876246 0.992563 0.0844998 4.33694 0.995625 -0.0844998 -0.0398795 234.068
-0.0324427 0.0876246 -0.995625 23.3857 0.0876246 0.992563 0.0844998 4.43018 0.995625 -0.0844998 -0.0398795 234.014
-0.029329 0.0826063 -0.996151 22.6988 0.0826063 0.993371 0.0799436 4.47988 0.996151 -0.0799436 -0.0359584 233.978
-0.029329 0.0826063 -0.996151 22.012 0.0826063 0.993371 0.0799436 4.52957 0.996151 -0.0799436 -0.0359584 233.942
-0.0245661 0.0802103 -0.996475 21.1341 0.0802103 0.993721 0.0780111 4.58217 0.996475 -0.0780111 -0.0308456 233.921
-0.0218461 0.0786423 -0.996664 19.955 0.0786423 0.993948 0.0767042 4.66194 0.996664 -0.0767042 -0.0278985 233.887
-0.0170632 0.0800399 -0.996646 18.9293 0.0800399 0.993701 0.0784331 4.72676 0.996646 -0.0784331 -0.0233621 233.795
-0.0149588 0.0758471 -0.997007 17.9638 0.0758471 0.994332 0.0745056 4.78303 0.997007 -0.0745056 -0.0206268 233.772
-0.0149588 0.0758471 -0.997007 16.9982 0.0758471 0.994332 0.0745056 4.8393 0.997007 -0.0745056 -0.0206268 233.749
-0.0112631 0.0745462 -0.997154 16.1191 0.0745462 0.994505 0.0735061 4.8944 0.997154 -0.0735061 -0.0167584 233.653
-0.014632 0.0750124 -0.997075 15.2373 0.0750124 0.994454 0.0737144 4.95054 0.997075 -0.0737144 -0.0201777 233.627
-0.014632 0.0750124 -0.997075 14.3555 0.0750124 0.994454 0.0737144 5.00668 0.997075 -0.0737144 -0.0201777 233.602
-0.0245964 0.0674118 -0.997422 13.4112 0.0674118 0.995565 0.0656239 5.09285 0.997422 -0.0656239 -0.0290316 233.685
-0.0308189 0.0668504 -0.997287 12.5032 0.0668504 0.995665 0.0646758 5.14342 0.997287 -0.0646758 -0.0351543 233.66
-0.0308189 0.0668504 -0.997287 11.5952 0.0668504 0.995665 0.0646758 5.19399 0.997287 -0.0646758 -0.0351543 233.636
-0.0291126 0.0734221 -0.996876 10.7669 0.0734221 0.994762 0.0711222 5.22296 0.996876 -0.0711222 -0.034351 233.514
-0.040813 0.0705807 -0.996671 9.92145 0.0705807 0.995214 0.0675873 5.27351 0.996671 -0.0675873 -0.0455993 233.486
-0.040813 0.0705807 -0.996671 9.07598 0.0705807 0.995214 0.0675873 5.32407 0.996671 -0.0675873 -0.0455993 233.458
-0.0445416 0.072753 -0.996355 8.23456 0.072753 0.994933 0.0693967 5.36843 0.996355 -0.0693967 -0.0496089 233.385
-0.0474245 0.0761832 -0.995965 7.37775 0.0761832 0.994459 0.0724404 5.41273 0.995965 -0.0724404 -0.0529656 233.328
-0.0506701 0.0799435 -0.995511 6.47086 0.0799435 0.993917 0.0757465 5.46597 0.995511 -0.0757465 -0.0567528 233.282
-0.0529973 0.083632 -0.995086 5.55054 0.083632 0.993358 0.0790325 5.51504 0.995086 -0.0790325 -0.0596396 233.213
-0.0543443 0.0882928 -0.994611 4.62985 0.0882928 0.992606 0.0832906 5.58217 0.994611 -0.0832906 -0.0617381 233.153
-0.0557531 0.0915001 -0.994243 3.77856 0.0915001 0.99207 0.0861691 5.64421 0.994243 -0.0861691 -0.0636832 233.086
-0.0501451 0.0961471 -0.994103 2.95701 0.0961471 0.991197 0.0910162 5.71208 0.994103 -0.0910162 -0.0589479 232.96
-0.0460794 0.103095 -0.993604 2.22953 0.103095 0.98984 0.0979237 5.74715 0.993604 -0.0979237 -0.0562399 232.866
-0.0460794 0.103095 -0.993604 1.50205 0.103095 0.98984 0.0979237 5.78222 0.993604 -0.0979237 -0.0562399 232.772
-0.0452925 0.105977 -0.993337 0.768548 0.105977 0.989256 0.100709 5.84273 0.993337 -0.100709 -0.0560369 232.724
-0.0412616 0.111601 -0.992896 0.0721771 0.111601 0.988039 0.106417 5.89783 0.992896 -0.106417 -0.0532228 232.654
-0.0444961 0.108838 -0.993063 -0.620134 0.108838 0.988659 0.103479 5.96679 0.993063 -0.103479 -0.0558371 232.643
-0.0411121 0.110129 -0.993067 -1.34167 0.110129 0.98835 0.105047 6.03614 0.993067 -0.105047 -0.0527617 232.64
-0.0411121 0.110129 -0.993067 -2.0632 0.110129 0.98835 0.105047 6.10549 0.993067 -0.105047 -0.0527617 232.636
-0.0379517 0.110312 -0.993172 -2.80116 0.110312 0.988276 0.105553 6.16868 0.993172 -0.105553 -0.0496754 232.595
-0.0328426 0.113108 -0.99304 -3.54653 0.113108 0.987613 0.108749 6.23452 0.99304 -0.108749 -0.0452292 232.545
-0.0289342 0.112446 -0.993236 -4.29261 0.112446 0.987711 0.108545 6.29629 0.993236 -0.108545 -0.0412228 232.495
-0.0204563 0.11334 -0.993346 -5.05654 0.11334 0.987412 0.110329 6.36666 0.993346 -0.110329 -0.0330448 232.452
-0.0204563 0.11334 -0.993346 -5.82047 0.11334 0.987412 0.110329 6.43703 0.993346 -0.110329 -0.0330448 232.408
-0.0161256 0.115714 -0.993152 -6.84803 0.115714 0.986823 0.113098 6.5386 0.993152 -0.113098 -0.0293028 232.384
-0.0142935 0.115176 -0.993242 -7.8795 0.115176 0.986921 0.112786 6.64909 0.993242 -0.112786 -0.0273722 232.418
-0.00519416 0.112877 -0.993595 -8.7543 0.112877 0.987325 0.111575 6.73024 0.993595 -0.111575 -0.0178695 232.398
-0.00519416 0.112877 -0.993595 -9.62909 0.112877 0.987325 0.111575 6.8114 0.993595 -0.111575 -0.0178695 232.378
0.00106131 0.112744 -0.993624 -10.0692 0.112744 0.987275 0.112144 6.8504 0.993624 -0.112144 -0.0116633 232.34
0.00931295 0.110014 -0.993886 -10.6305 0.110014 0.987783 0.110369 6.90125 0.993886 -0.110369 -0.00290385 232.324
0.00931295 0.110014 -0.993886 -11.1918 0.110014 0.987783 0.110369 6.9521 0.993886 -0.110369 -0.00290385 232.308
0.0118041 0.108081 -0.994072 -11.4762 0.108081 0.988179 0.108724 6.97928 0.994072 -0.108724 -1.69723e-005 232.322
0.0221463 0.107261 -0.993984 -11.8539 0.107261 0.988234 0.109031 7.01489 0.993984 -0.109031 0.0103808 232.324
0.0221463 0.107261 -0.993984 -12.2316 0.107261 0.988234 0.109031 7.05051 0.993984 -0.109031 0.0103808 232.326
0.0297006 0.103584 -0.994177 -12.4239 0.103584 0.988942 0.106133 7.06445 0.994177 -0.106133 0.0186426 232.307
0.0404677 0.098429 -0.994321 -12.7237 0.098429 0.989903 0.101998 7.09262 0.994321 -0.101998 0.0303709 232.324
0.0404677 0.098429 -0.994321 -13.0235 0.098429 0.989903 0.101998 7.1208 0.994321 -0.101998 0.0303709 232.342
0.0451233 0.101916 -0.993769 -13.3454 0.101916 0.989122 0.106067 7.12439 0.993769 -0.106067 0.0342455 232.363
0.0546595 0.0991496 -0.99357 -13.6775 0.0991496 0.989601 0.104208 7.15391 0.99357 -0.104208 0.0442605 232.387
0.0546595 0.0991496 -0.99357 -14.0096 0.0991496 0.989601 0.104208 7.18343 0.99357 -0.104208 0.0442605 232.411
0.0593643 0.0980991 -0.993404 -14.3395 0.0980991 0.989769 0.103602 7.21685 0.993404 -0.103602 0.0491336 232.432
0.0641277 0.0994406 -0.992975 -14.5088 0.0994406 0.989434 0.105508 7.23359 0.992975 -0.105508 0.0535617 232.435
0.0676431 0.0970522 -0.992978 -14.726 0.0970522 0.989897 0.103362 7.25248 0.992978 -0.103362 0.0575406 232.45
0.0739223 0.093134 -0.992906 -14.914 0.093134 0.990634 0.0998548 7.26441 0.992906 -0.0998548 0.0645559 232.465
0.0739223 0.093134 -0.992906 -15.102 0.093134 0.990634 0.0998548 7.27633 0.992906 -0.0998548 0.0645559 232.479
0.078165 0.0928033 -0.992612 -15.2676 0.0928033 0.990657 0.0999286 7.2935 0.992612 -0.0999286 0.0688222 232.488
0.078165 0.0928033 -0.992612 -15.4332 0.0928033 0.990657 0.0999286 7.31068 0.992612 -0.0999286 0.0688222 232.496
0.0812851 0.0918795 -0.992447 -15.5181 0.0918795 0.990811 0.0992534 7.31911 0.992447 -0.0992534 0.0720963 232.496
0.0812851 0.0918795 -0.992447 -15.6031 0.0918795 0.990811 0.0992534 7.32754 0.992447 -0.0992534 0.0720963 232.496
0.091837 0.0975593 -0.990983 -15.6451 0.0975593 0.98952 0.106456 7.33592 0.990983 -0.106456 0.0813567 232.485
0.091837 0.0975593 -0.990983 -15.6872 0.0975593 0.98952 0.106456 7.3443 0.990983 -0.106456 0.0813567 232.475
0.091837 0.0975593 -0.990983 -15.7292 0.0975593 0.98952 0.106456 7.35268 0.990983 -0.106456 0.0813567 232.465
0.0941952 0.102126 -0.990302 -15.7619 0.102126 0.988486 0.111653 7.35648 0.990302 -0.111653 0.0826808 232.462
0.0941952 0.102126 -0.990302 -15.7946 0.102126 0.988486 0.111653 7.36027 0.990302 -0.111653 0.0826808 232.46
0.0941952 0.102126 -0.990302 -15.8273 0.102126 0.988486 0.111653 7.36406 0.990302 -0.111653 0.0826808 232.458
0.0941952 0.102126 -0.990302 -15.86 0.102126 0.988486 0.111653 7.36785 0.990302 -0.111653 0.0826808 232.456
0.0941952 0.102126 -0.990302 -15.8927 0.102126 0.988486 0.111653 7.37165 0.990302 -0.111653 0.0826808 232.454
0.0941952 0.102126 -0.990302 -15.9254 0.102126 0.988486 0.111653 7.37544 0.990302 -0.111653 0.0826808 232.452
0.0941952 0.102126 -0.990302 -15.9581 0.102126 0.988486 0.111653 7.37923 0.990302 -0.111653 0.0826808 232.449
0.0941952 0.102126 -0.990302 -15.9908 0.102126 0.988486 0.111653 7.38303 0.990302 -0.111653 0.0826808 232.447
0.0941952 0.102126 -0.990302 -16.0235 0.102126 0.988486 0.111653 7.38682 0.990302 -0.111653 0.0826808 232.445
0.0941952 0.102126 -0.990302 -16.0563 0.102126 0.988486 0.111653 7.39061 0.990302 -0.111653 0.0826808 232.443
0.0941952 0.102126 -0.990302 -16.089 0.102126 0.988486 0.111653 7.3944 0.990302 -0.111653 0.0826808 232.441
0.0941952 0.102126 -0.990302 -16.1217 0.102126 0.988486 0.111653 7.3982 0.990302 -0.111653 0.0826808 232.438
0.0941952 0.102126 -0.990302 -16.1544 0.102126 0.988486 0.111653 7.40199 0.990302 -0.111653 0.0826808 232.436
0.0941952 0.102126 -0.990302 -16.1871 0.102126 0.988486 0.111653 7.40578 0.990302 -0.111653 0.0826808 232.434
0.0941952 0.102126 -0.990302 -16.2198 0.102126 0.988486 0.111653 7.40957 0.990302 -0.111653 0.0826808 232.432
0.0947516 0.0938255 -0.99107 -16.2515 0.0938255 0.990275 0.102721 7.41386 0.99107 -0.102721 0.085027 232.44
0.0947516 0.0938255 -0.99107 -16.2832 0.0938255 0.990275 0.102721 7.41815 0.99107 -0.102721 0.085027 232.448
0.0947516 0.0938255 -0.99107 -16.315 0.0938255 0.990275 0.102721 7.42244 0.99107 -0.102721 0.085027 232.456
0.0947516 0.0938255 -0.99107 -16.3467 0.0938255 0.990275 0.102721 7.42672 0.99107 -0.102721 0.085027 232.464
0.0985773 0.0926286 -0.990809 -16.4135 0.0926286 0.990482 0.101814 7.43584 0.990809 -0.101814 0.089059 232.47
0.0985773 0.0926286 -0.990809 -16.4802 0.0926286 0.990482 0.101814 7.44495 0.990809 -0.101814 0.089059 232.475
0.101912 0.0917702 -0.990551 -16.5178 0.0917702 0.990623 0.101218 7.44729 0.990551 -0.101218 0.0925343 232.48
0.114801 0.0891575 -0.989379 -16.5916 0.0891575 0.99102 0.0996506 7.45415 0.989379 -0.0996506 0.105821 232.49
0.114801 0.0891575 -0.989379 -16.6654 0.0891575 0.99102 0.0996506 7.46101 0.989379 -0.0996506 0.105821 232.5
0.123835 0.0860275 -0.988567 -16.742 0.0860275 0.991553 0.0970639 7.47109 0.988567 -0.0970639 0.115388 232.521
0.149471 0.084961 -0.985109 -16.8471 0.084961 0.991513 0.0984045 7.48356 0.985109 -0.0984045 0.140984 232.542
0.149471 0.084961 -0.985109 -16.9522 0.084961 0.991513 0.0984045 7.49604 0.985109 -0.0984045 0.140984 232.562
0.165556 0.0843782 -0.982584 -17.0888 0.0843782 0.991468 0.099358 7.5129 0.982584 -0.099358 0.157024 232.59
0.183168 0.0821069 -0.979647 -17.2353 0.0821069 0.991747 0.0984728 7.52725 0.979647 -0.0984728 0.174914 232.636
0.227885 0.0788381 -0.970491 -17.4051 0.0788381 0.99195 0.0990936 7.54417 0.970491 -0.0990936 0.219835 232.687
0.227885 0.0788381 -0.970491 -17.5749 0.0788381 0.99195 0.0990936 7.5611 0.970491 -0.0990936 0.219835 232.738
0.253203 0.0748359 -0.964514 -17.7625 0.0748359 0.992501 0.0966532 7.58612 0.964514 -0.0966532 0.245704 232.809
0.283232 0.0716551 -0.956371 -17.9701 0.0716551 0.992837 0.0956081 7.60713 0.956371 -0.0956081 0.276069 232.879
0.315387 0.0663674 -0.94664 -18.1886 0.0663674 0.993566 0.0917687 7.62848 0.94664 -0.0917687 0.308953 232.968
0.34911 0.0606136 -0.93512 -18.4014 0.0606136 0.994355 0.0870822 7.64615 0.93512 -0.0870822 0.343465 233.083
0.386087 0.0566444 -0.920722 -18.6218 0.0566444 0.994774 0.0849529 7.67181 0.920722 -0.0849529 0.380861 233.218
0.427012 0.0565547 -0.902476 -18.8586 0.0565547 0.994418 0.0890756 7.69305 0.902476 -0.0890756 0.42143 233.357
0.469321 0.0561265 -0.881242 -19.0937 0.0561265 0.994064 0.0932033 7.71921 0.881242 -0.0932033 0.463385 233.525
0.513217 0.0547302 -0.856512 -19.3172 0.0547302 0.993847 0.0962998 7.74122 0.856512 -0.0962998 0.507064 233.714
0.558606 0.0517471 -0.827817 -19.5681 0.0517471 0.993933 0.0970498 7.7726 0.827817 -0.0970498 0.552539 233.917
0.6496 0.04302 -0.759058 -19.8472 0.04302 0.994718 0.0931925 7.80797 0.759058 -0.0931925 0.644318 234.195
0.6496 0.04302 -0.759058 -20.1264 0.04302 0.994718 0.0931925 7.84334 0.759058 -0.0931925 0.644318 234.472
0.694579 0.0377709 -0.718425 -20.3887 0.0377709 0.995329 0.0888463 7.88021 0.718425 -0.0888463 0.689908 234.759
0.780509 0.0290841 -0.624467 -20.6373 0.0290841 0.996146 0.0827465 7.92132 0.624467 -0.0827465 0.776656 235.122
0.780509 0.0290841 -0.624467 -20.886 0.0290841 0.996146 0.0827465 7.96244 0.624467 -0.0827465 0.776656 235.485
0.820313 0.0259834 -0.571325 -21.0917 0.0259834 0.996243 0.0826154 8.00112 0.571325 -0.0826154 0.816555 235.843
0.855857 0.0232202 -0.516691 -21.2743 0.0232202 0.996259 0.0832345 8.04049 0.516691 -0.0832345 0.852117 236.212
0.886141 0.0200143 -0.462984 -21.4324 0.0200143 0.996482 0.0813837 8.08021 0.462984 -0.0813837 0.882623 236.607
0.912539 0.0172281 -0.408626 -21.5791 0.0172281 0.996606 0.0804914 8.11526 0.408626 -0.0804914 0.909146 237.023
0.934745 0.014485 -0.355023 -21.7039 0.014485 0.996785 0.0788068 8.15293 0.355023 -0.0788068 0.93153 237.444
0.952537 0.011817 -0.304195 -21.8115 0.011817 0.997058 0.0757354 8.18771 0.304195 -0.0757354 0.949594 237.934
0.966772 0.0093626 -0.255469 -21.9199 0.0093626 0.997362 0.0719828 8.22829 0.255469 -0.0719828 0.964134 238.423
0.977893 0.00738838 -0.208975 -22.0164 0.00738838 0.997531 0.0698416 8.26973 0.208975 -0.0698416 0.975424 238.922
0.985857 0.00595504 -0.167485 -22.0456 0.00595504 0.997493 0.0705191 8.28997 0.167485 -0.0705191 0.983349 239.365
0.995107 0.00360781 -0.0987344 -22.072 0.00360781 0.99734 0.0728051 8.31829 0.0987344 -0.0728051 0.992447 239.828
0.995107 0.00360781 -0.0987344 -22.0985 0.00360781 0.99734 0.0728051 8.34661 0.0987344 -0.0728051 0.992447 240.29
0.997345 0.00265299 -0.0727784 -22.1202 0.00265299 0.997349 0.0727125 8.38584 0.0727784 -0.0727125 0.994694 240.816
0.998679 0.00187237 -0.0513491 -22.1576 0.00187237 0.997346 0.0727823 8.41893 0.0513491 -0.0727823 0.996025 241.396
0.99941 0.00125878 -0.0343341 -22.1903 0.00125878 0.997316 0.0732054 8.45579 0.0343341 -0.0732054 0.996726 242.003
0.999756 0.000811675 -0.0220548 -22.1934 0.000811675 0.997295 0.0734968 8.49769 0.0220548 -0.0734968 0.997052 242.595
0.999912 0.000479446 -0.0132435 -22.1723 0.000479446 0.997382 0.0723067 8.52078 0.0132435 -0.0723067 0.997295 242.894
0.999999 -3.95127e-005 0.00113071 -22.1646 -3.95127e-005 0.997561 0.0698049 8.55381 -0.00113071 -0.0698049 0.99756 243.357
0.999999 -3.95127e-005 0.00113071 -22.1569 -3.95127e-005 0.997561 0.0698049 8.58685 -0.00113071 -0.0698049 0.99756 243.82
0.999979 -0.000223411 0.00642535 -22.1457 -0.000223411 0.997585 0.0694558 8.62256 -0.00642535 -0.0694558 0.997564 244.379
0.999979 -0.000223411 0.00642535 -22.1344 -0.000223411 0.997585 0.0694558 8.65826 -0.00642535 -0.0694558 0.997564 244.937
0.999956 -0.000330336 0.00933619 -22.134 -0.000330336 0.997499 0.0706746 8.67627 -0.00933619 -0.0706746 0.997456 245.221
0.999938 -0.000422785 0.0111553 -22.1347 -0.000422785 0.997131 0.0756886 8.7108 -0.0111553 -0.0756886 0.997069 245.73
0.999938 -0.000422785 0.0111553 -22.1354 -0.000422785 0.997131 0.0756886 8.74532 -0.0111553 -0.0756886 0.997069 246.239
0.999956 -0.000356068 0.00938564 -22.1583 -0.000356068 0.997126 0.0757645 8.79449 -0.00938564 -0.0757645 0.997082 246.879
0.999951 -0.000365117 0.00987386 -22.1799 -0.000365117 0.997269 0.0738535 8.84619 -0.00987386 -0.0738535 0.99722 247.578
0.999966 -0.000290931 0.00824755 -22.1795 -0.000290931 0.997515 0.0704609 8.86857 -0.00824755 -0.0704609 0.99748 247.932
0.999954 -0.000307773 0.00959973 -22.2027 -0.000307773 0.997946 0.0640538 8.91155 -0.00959973 -0.0640538 0.9979 248.477
0.999955 -0.000286411 0.00947695 -22.2143 -0.000286411 0.998175 0.0603871 8.95288 -0.00947695 -0.0603871 0.99813 249.137
0.999955 -0.000286411 0.00947695 -22.2259 -0.000286411 0.998175 0.0603871 8.99421 -0.00947695 -0.0603871 0.99813 249.797
0.999947 -0.000346581 0.0103139 -22.2311 -0.000346581 0.997744 0.0671289 9.01301 -0.0103139 -0.0671289 0.997691 250.131
0.999947 -0.000396259 0.0103046 -22.2314 -0.000396259 0.997047 0.0767934 9.05097 -0.0103046 -0.0767934 0.996994 250.715
0.999932 -0.000476685 0.0116534 -22.2319 -0.000476685 0.996659 0.0816714 9.07116 -0.0116534 -0.0816714 0.996591 251.011
0.999957 -0.000366728 0.0092789 -22.2087 -0.000366728 0.996881 0.0789207 9.12417 -0.0092789 -0.0789207 0.996838 251.708
0.999978 -0.000239418 0.00669007 -22.1817 -0.000239418 0.997442 0.0714819 9.19356 -0.00669007 -0.0714819 0.997419 252.616
0.999961 -0.000281613 0.00883615 -22.233 -0.000281613 0.997971 0.0636753 9.26045 -0.00883615 -0.0636753 0.997932 253.555
0.999943 -0.000314563 0.0107165 -22.2587 -0.000314563 0.998278 0.0586543 9.3232 -0.0107165 -0.0586543 0.998221 254.543
0.999946 -0.000298944 0.0104339 -22.2558 -0.000298944 0.99836 0.0572537 9.37379 -0.0104339 -0.0572537 0.998305 255.435
0.999961 -0.000261119 0.00877158 -22.2513 -0.000261119 0.998229 0.0594837 9.40852 -0.00877158 -0.0594837 0.998191 256.309
0.999945 -0.000351169 0.010529 -22.2617 -0.000351169 0.997778 0.0666292 9.45085 -0.010529 -0.0666292 0.997722 257.168
0.999942 -0.0003959 0.0107586 -22.256 -0.0003959 0.997295 0.0734952 9.50588 -0.0107586 -0.0734952 0.997238 258.045
0.999994 -0.000128625 0.00343287 -22.1755 -0.000128625 0.997196 0.0748321 9.58181 -0.00343287 -0.0748321 0.99719 258.942
0.999993 0.000131519 -0.00378786 -22.1373 0.000131519 0.997592 0.0693584 9.64796 0.00378786 -0.0693584 0.997585 259.859
0.999993 0.000131519 -0.00378786 -22.099 0.000131519 0.997592 0.0693584 9.71412 0.00378786 -0.0693584 0.997585 260.776
0.999979 0.000211629 -0.00645881 -22.0805 0.000211629 0.997855 0.0654609 9.77689 0.00645881 -0.0654609 0.997834 261.715
0.999975 0.000223372 -0.00706925 -22.0947 0.000223372 0.998005 0.0631316 9.8369 0.00706925 -0.0631316 0.99798 262.66
0.999979 0.000205838 -0.00650268 -22.1159 0.000205838 0.997998 0.0632445 9.88804 0.00650268 -0.0632445 0.997977 263.596
0.999977 0.000226586 -0.00680382 -22.0559 0.000226586 0.997784 0.066531 9.93695 0.00680382 -0.066531 0.997761 264.461
0.999929 0.000406583 -0.011919 -22.055 0.000406583 0.997675 0.0681428 9.98523 0.011919 -0.0681428 0.997604 265.371
0.999929 0.000406583 -0.011919 -22.0542 0.000406583 0.997675 0.0681428 10.0335 0.011919 -0.0681428 0.997604 266.281
0.999906 0.000427089 -0.0136732 -22.0541 0.000427089 0.998051 0.0624073 10.0771 0.0136732 -0.0624073 0.997957 267.208
0.999871 0.000468888 -0.0160644 -22.0498 0.000468888 0.998298 0.0583226 10.131 0.0160644 -0.0583226 0.998169 268.128
0.999884 0.000437938 -0.0152211 -22.1325 0.000437938 0.998346 0.0574925 10.1758 0.0152211 -0.0574925 0.99823 269.071
0.999852 0.000509328 -0.0171986 -22.1885 0.000509328 0.998248 0.0591728 10.2309 0.0171986 -0.0591728 0.9981 270.052
0.999811 0.000612661 -0.019427 -22.2042 0.000612661 0.998013 0.0630046 10.2784 0.019427 -0.0630046 0.997824 270.989
0.999808 0.000666126 -0.0195792 -22.2378 0.000666126 0.997688 0.0679589 10.3274 0.0195792 -0.0679589 0.997496 271.923
0.999752 0.000802205 -0.0222659 -22.2164 0.000802205 0.997408 0.0719545 10.3617 0.0222659 -0.0719545 0.997159 272.858
0.999728 0.000841497 -0.0232969 -22.2468 0.000841497 0.997394 0.0721371 10.4118 0.0232969 -0.0721371 0.997123 273.865
0.999728 0.000841497 -0.0232969 -22.2772 0.000841497 0.997394 0.0721371 10.4619 0.0232969 -0.0721371 0.997123 274.873
0.999747 0.000789874 -0.0224795 -22.3175 0.000789874 0.997534 0.0701794 10.5216 0.0224795 -0.0701794 0.997281 275.866
0.999677 0.000865321 -0.025396 -22.3115 0.000865321 0.997681 0.0680561 10.559 0.025396 -0.0680561 0.997358 276.853
0.999709 0.000775787 -0.0241028 -22.3394 0.000775787 0.99793 0.0642971 10.6161 0.0241028 -0.0642971 0.99764 277.82
0.999761 0.000681004 -0.0218655 -22.3955 0.000681004 0.998062 0.0622224 10.668 0.0218655 -0.0622224 0.997823 278.773
0.999821 0.000599395 -0.0188928 -22.4387 0.000599395 0.997989 0.0633827 10.7168 0.0188928 -0.0633827 0.99781 279.684
0.999859 0.000558071 -0.0167581 -22.4818 0.000558071 0.997785 0.0665247 10.7598 0.0167581 -0.0665247 0.997644 280.603
0.999867 0.000553072 -0.0162913 -22.5113 0.000553072 0.997698 0.067815 10.8043 0.0162913 -0.067815 0.997565 281.551
0.999864 0.000564318 -0.0164905 -22.4467 0.000564318 0.997661 0.068357 10.855 0.0164905 -0.068357 0.997525 282.657
0.999881 0.00059199 -0.0153915 -22.4621 0.00059199 0.997046 0.0768059 10.9159 0.0153915 -0.0768059 0.996927 283.728
0.999881 0.00059199 -0.0153915 -22.4774 0.00059199 0.997046 0.0768059 10.9767 0.0153915 -0.0768059 0.996927 284.798
0.999941 0.000416652 -0.0108156 -22.539 0.000416652 0.997036 0.0769302 11.0166 0.0108156 -0.0769302 0.996978 285.852
0.99994 0.00039228 -0.0109304 -22.5581 0.00039228 0.997427 0.071683 11.0947 0.0109304 -0.071683 0.997368 286.918
0.999957 0.000312403 -0.00925219 -22.5651 0.000312403 0.997722 0.0674522 11.1423 0.00925219 -0.0674522 0.99768 287.941
0.999968 0.000258439 -0.00794943 -22.5977 0.000258439 0.997888 0.0649511 11.2014 0.00794943 -0.0649511 0.997857 288.96
0.999979 0.000206123 -0.00644815 -22.6005 0.000206123 0.997958 0.0638665 11.249 0.00644815 -0.0638665 0.997938 289.94
0.999977 0.000216506 -0.00679862 -22.5956 0.000216506 0.997974 0.0636259 11.2887 0.00679862 -0.0636259 0.997951 290.913
0.99999 0.000144522 -0.00445714 -22.6634 0.000144522 0.997899 0.0647813 11.3432 0.00445714 -0.0647813 0.99789 291.918
1 -1.72826e-005 0.0005178 -22.7328 -1.72826e-005 0.997774 0.0666795 11.3945 -0.0005178 -0.0666795 0.997774 292.912
0.999995 -0.000109465 0.00316968 -22.8037 -0.000109465 0.997618 0.0689877 11.4637 -0.00316968 -0.0689877 0.997612 293.943
0.999997 -8.38364e-005 0.00240893 -22.8179 -8.38364e-005 0.997581 0.0695204 11.5339 -0.00240893 -0.0695204 0.997578 295.005
1 -3.03462e-005 0.000873434 -22.7841 -3.03462e-005 0.997589 0.0694033 11.584 -0.000873434 -0.0694033 0.997588 296.078
0.999999 -4.63624e-005 0.00132602 -22.7953 -4.63624e-005 0.997558 0.0698416 11.6576 -0.00132602 -0.0698416 0.997557 297.153
1 1.18223e-005 -0.000335464 -22.7605 1.18223e-005 0.997519 0.0703961 11.704 0.000335464 -0.0703961 0.997519 298.233
1 -1.95256e-005 0.000558193 -22.7427 -1.95256e-005 0.997556 0.0698746 11.7614 -0.000558193 -0.0698746 0.997556 299.306
1 -1.95256e-005 0.000558193 -22.7248 -1.95256e-005 0.997556 0.0698746 11.8187 -0.000558193 -0.0698746 0.997556 300.379
0.999999 -3.65111e-005 0.00103972 -22.7452 -3.65111e-005 0.997537 0.0701459 11.8909 -0.00103972 -0.0701459 0.997536 301.487
0.999999 -3.65111e-005 0.00103972 -22.7656 -3.65111e-005 0.997537 0.0701459 11.9631 -0.00103972 -0.0701459 0.997536 302.595
0.999998 -6.23367e-005 0.00190623 -22.74 -6.23367e-005 0.997863 0.0653333 12.0422 -0.00190623 -0.0653333 0.997862 303.64
1 -1.16197e-005 0.000372765 -22.7399 -1.16197e-005 0.998059 0.0622829 12.1011 -0.000372765 -0.0622829 0.998058 304.701
1 -6.75622e-006 0.000207041 -22.7679 -6.75622e-006 0.997873 0.0651952 12.1531 -0.000207041 -0.0651952 0.997873 305.77
1 2.81008e-006 -8.02604e-005 -22.7497 2.81008e-006 0.997551 0.0699384 12.2106 8.02604e-005 -0.0699384 0.997551 306.812
0.999998 -6.59765e-005 0.00181316 -22.7736 -6.59765e-005 0.997355 0.0726787 12.2706 -0.00181316 -0.0726787 0.997354 307.866
0.999998 -6.78621e-005 0.00181377 -22.7666 -6.78621e-005 0.997204 0.0747254 12.337 -0.00181377 -0.0747254 0.997202 308.942
1 -3.71001e-005 0.000970132 -22.7538 -3.71001e-005 0.997079 0.076373 12.4073 -0.000970132 -0.076373 0.997079 310.017
1 -1.25625e-005 0.000329116 -22.7445 -1.25625e-005 0.99709 0.0762296 12.4797 -0.000329116 -0.0762296 0.99709 311.112
1 3.17572e-006 -8.54756e-005 -22.7526 3.17572e-006 0.997243 0.0742047 12.5501 8.54756e-005 -0.0742047 0.997243 312.214
1 1.08236e-006 -3.03322e-005 -22.7705 1.08236e-006 0.997457 0.0712761 12.62 3.03322e-005 -0.0712761 0.997457 313.327
0.999997 8.32978e-005 -0.00242979 -22.7905 8.32978e-005 0.997652 0.0684832 12.7179 0.00242979 -0.0684832 0.997649 314.458
0.999997 -8.85845e-005 0.00258318 -22.8965 -8.85845e-005 0.997651 0.0685049 12.7972 -0.00258318 -0.0685049 0.997647 315.539
0.999997 -9.19939e-005 0.00247056 -22.8836 -9.19939e-005 0.997231 0.074369 12.8574 -0.00247056 -0.074369 0.997228 316.585
0.999997 -9.19939e-005 0.00247056 -22.8707 -9.19939e-005 0.997231 0.074369 12.9176 -0.00247056 -0.074369 0.997228 317.632
1 2.17158e-006 -5.72516e-005 -22.8615 2.17158e-006 0.997127 0.075752 12.9817 5.72516e-005 -0.075752 0.997127 318.672
0.999996 9.91522e-005 -0.00271278 -22.8656 9.91522e-005 0.997332 0.0730025 13.0447 0.00271278 -0.0730025 0.997328 319.73
0.999996 0.000100554 -0.00287649 -22.8522 0.000100554 0.997559 0.0698288 13.0824 0.00287649 -0.0698288 0.997555 320.752
0.999982 0.00020639 -0.00604978 -22.8294 0.00020639 0.997675 0.0681507 13.1468 0.00604978 -0.0681507 0.997657 321.828
0.999899 0.00050019 -0.0142041 -22.7098 0.00050019 0.997523 0.0703381 13.1854 0.0142041 -0.0703381 0.997422 322.935
0.999785 0.000782432 -0.0207417 -22.7137 0.000782432 0.997158 0.0753301 13.2423 0.0207417 -0.0753301 0.996943 323.952
0.999785 0.000782432 -0.0207417 -22.7175 0.000782432 0.997158 0.0753301 13.2992 0.0207417 -0.0753301 0.996943 324.97
0.999762 0.000865919 -0.0218126 -22.7589 0.000865919 0.996853 0.0792618 13.3622 0.0218126 -0.0792618 0.996615 325.984
0.999762 0.000865919 -0.0218126 -22.8003 0.000865919 0.996853 0.0792618 13.4251 0.0218126 -0.0792618 0.996615 326.997
0.999696 0.000958179 -0.0246415 -22.7828 0.000958179 0.996981 0.0776403 13.4817 0.0246415 -0.0776403 0.996677 327.948
0.999678 0.00094852 -0.0253761 -22.8215 0.00094852 0.99721 0.0746408 13.5373 0.0253761 -0.0746408 0.996888 328.917
0.999678 0.00094852 -0.0253761 -22.8603 0.00094852 0.99721 0.0746408 13.5928 0.0253761 -0.0746408 0.996888 329.887
0.999677 0.000941951 -0.0253912 -22.8984 0.000941951 0.997252 0.0740812 13.6451 0.0253912 -0.0740812 0.996929 330.819
0.999682 0.000933297 -0.0251816 -22.9426 0.000933297 0.997257 0.0740118 13.701 0.0251816 -0.0740118 0.996939 331.727
0.999686 0.000940091 -0.0250299 -22.9806 0.000940091 0.997183 0.0749999 13.7512 0.0250299 -0.0749999 0.996869 332.627
0.99969 0.000947821 -0.0248727 -23.0147 0.000947821 0.9971 0.0760913 13.8042 0.0248727 -0.0760913 0.996791 333.509
