1 -8.22789e-007 -0.00085052 -0.0332714 -8.22789e-007 0.999998 -0.00193479 -0.0106501 0.00085052 0.00193479 0.999998 0.665833
0.99999 -8.02502e-006 -0.00448179 -0.0577842 -8.02502e-006 0.999994 -0.00358114 -0.0132529 0.00448179 0.00358114 0.999984 1.32847
0.999968 -1.44594e-005 -0.00797551 -0.0721436 -1.44594e-005 0.999993 -0.00362588 -0.045657 0.00797551 0.00362588 0.999962 2.00808
0.999939 -2.27065e-005 -0.0110594 -0.118095 -2.27065e-005 0.999992 -0.00410615 -0.0510489 0.0110594 0.00410615 0.99993 2.6878
0.99986 -3.48606e-005 -0.0167087 -0.10481 -3.48606e-005 0.999991 -0.00417243 -0.0662092 0.0167087 0.00417243 0.999852 3.51304
0.999821 -5.13913e-005 -0.0189396 -0.164958 -5.13913e-005 0.999985 -0.00542633 -0.0714199 0.0189396 0.00542633 0.999806 4.23407
0.999704 -7.16278e-005 -0.0243137 -0.179143 -7.16278e-005 0.999983 -0.00589104 -0.0845569 0.0243137 0.00589104 0.999687 5.05799
0.999583 -5.94957e-005 -0.0288866 -0.203123 -5.94957e-005 0.999992 -0.00411838 -0.0926214 0.0288866 0.00411838 0.999574 5.7648
0.999426 -3.82606e-005 -0.033888 -0.213968 -3.82606e-005 0.999997 -0.00225741 -0.0892841 0.033888 0.00225741 0.999423 6.55727
0.999327 8.90739e-006 -0.0366779 -0.261028 8.90739e-006 1 0.000485546 -0.0973655 0.0366779 -0.000485546 0.999327 7.33048
0.999234 -4.58227e-006 -0.039124 -0.296905 -4.58227e-006 1 -0.000234154 -0.0993074 0.039124 0.000234154 0.999234 8.12372
0.99919 -6.07501e-006 -0.0402457 -0.35479 -6.07501e-006 1 -0.000301773 -0.108722 0.0402457 0.000301773 0.99919 8.94241
0.999063 -2.10244e-005 -0.0432765 -0.369365 -2.10244e-005 1 -0.000971174 -0.114659 0.0432765 0.000971174 0.999063 9.74088
0.998972 6.30762e-006 -0.0453213 -0.403353 6.30762e-006 1 0.000278208 -0.128759 0.0453213 -0.000278208 0.998972 10.557
0.998845 4.95552e-007 -0.0480434 -0.447872 4.95552e-007 1 2.06174e-005 -0.130212 0.0480434 -2.06174e-005 0.998845 11.4185
0.998815 -4.438e-005 -0.0486691 -0.49356 -4.438e-005 0.999998 -0.00182266 -0.144717 0.0486691 0.00182266 0.998813 12.2144
0.998822 -0.000108615 -0.0485311 -0.561594 -0.000108615 0.99999 -0.00447343 -0.150678 0.0485311 0.00447343 0.998812 12.9947
0.998749 -0.000148307 -0.0499944 -0.601043 -0.000148307 0.999982 -0.00592919 -0.160162 0.0499944 0.00592919 0.998732 13.804
0.998653 -0.000139957 -0.0518904 -0.635666 -0.000139957 0.999985 -0.00539066 -0.1702 0.0518904 0.00539066 0.998638 14.6264
0.998562 -0.00011079 -0.0536135 -0.650898 -0.00011079 0.999991 -0.00412993 -0.185989 0.0536135 0.00412993 0.998553 15.3826
0.998467 -6.2125e-005 -0.0553524 -0.692811 -6.2125e-005 0.999997 -0.00224298 -0.199798 0.0553524 0.00224298 0.998464 16.2106
0.998454 -6.61021e-005 -0.05559 -0.745635 -6.61021e-005 0.999997 -0.00237636 -0.212999 0.05559 0.00237636 0.998451 17.0454
0.998324 -8.11579e-005 -0.0578702 -0.783257 -8.11579e-005 0.999996 -0.00280247 -0.22784 0.0578702 0.00280247 0.99832 17.8897
0.998307 -0.000115768 -0.05817 -0.829847 -0.000115768 0.999992 -0.00397693 -0.242161 0.05817 0.00397693 0.998299 18.6556
0.998188 -5.78663e-005 -0.0601715 -0.838475 -5.78663e-005 0.999998 -0.00192164 -0.259413 0.0601715 0.00192164 0.998186 19.4743
0.998232 3.87271e-005 -0.0594302 -0.921806 3.87271e-005 0.999999 0.00130213 -0.259401 0.0594302 -0.00130213 0.998232 20.3448
0.998208 0.000164718 -0.0598315 -0.939117 0.000164718 0.999985 0.00550108 -0.279237 0.0598315 -0.00550108 0.998193 21.1831
0.998359 0.000233234 -0.0572573 -0.994299 0.000233234 0.999967 0.00814005 -0.27819 0.0572573 -0.00814005 0.998326 22.0636
0.998478 0.000245998 -0.0551438 -1.07814 0.000245998 0.99996 0.00891508 -0.268002 0.0551438 -0.00891508 0.998439 23.1057
0.998457 0.000170302 -0.0555274 -1.07654 0.000170302 0.999981 0.0061292 -0.283613 0.0555274 -0.0061292 0.998438 23.9609
0.998621 4.49301e-005 -0.052502 -1.20452 4.49301e-005 0.999999 0.00171037 -0.288733 0.052502 -0.00171037 0.998619 25.0321
0.998701 -4.30599e-005 -0.0509611 -1.24632 -4.30599e-005 0.999999 -0.00168881 -0.288199 0.0509611 0.00168881 0.998699 25.9168
0.998684 -1.33097e-005 -0.0512924 -1.27535 -1.33097e-005 1 -0.000518631 -0.311732 0.0512924 0.000518631 0.998684 26.8209
0.99869 0.000106773 -0.0511718 -1.33357 0.000106773 0.999991 0.00417037 -0.307738 0.0511718 -0.00417037 0.998681 27.7662
0.998651 0.000192043 -0.0519233 -1.37608 0.000192043 0.999973 0.0073921 -0.317201 0.0519233 -0.0073921 0.998624 28.6634
0.998585 0.000167792 -0.053187 -1.42636 0.000167792 0.99998 0.006305 -0.317077 0.053187 -0.006305 0.998565 29.6206
0.998171 9.88267e-005 -0.0604459 -1.32511 9.88267e-005 0.999995 0.00326693 -0.290521 0.0604459 -0.00326693 0.998166 30.4449
0.998267 -2.25843e-005 -0.058849 -1.46199 -2.25843e-005 1 -0.000766867 -0.320255 0.058849 0.000766867 0.998267 31.4225
0.998025 -4.53883e-005 -0.0628202 -1.47393 -4.53883e-005 0.999999 -0.0014436 -0.322315 0.0628202 0.0014436 0.998024 32.2565
0.998068 -1.84755e-006 -0.0621249 -1.575 -1.84755e-006 1 -5.94211e-005 -0.333358 0.0621249 5.94211e-005 0.998068 33.1506
0.998022 9.54374e-005 -0.0628651 -1.62891 9.54374e-005 0.999995 0.00303325 -0.343071 0.0628651 -0.00303325 0.998017 34.0087
0.99799 0.000134118 -0.0633701 -1.7075 0.000134118 0.999991 0.00422859 -0.343427 0.0633701 -0.00422859 0.997981 34.9432
0.997952 0.000223161 -0.0639725 -1.78008 0.000223161 0.999976 0.00696955 -0.353347 0.0639725 -0.00696955 0.997927 35.8763
0.99797 0.000317341 -0.0636848 -1.84601 0.000317341 0.99995 0.00995562 -0.35404 0.0636848 -0.00995562 0.99792 36.8124
0.99793 0.000404143 -0.0643136 -1.92445 0.000404143 0.999921 0.0125544 -0.354409 0.0643136 -0.0125544 0.997851 37.8076
0.998025 0.000388924 -0.0628162 -2.01639 0.000388924 0.999923 0.0123702 -0.360396 0.0628162 -0.0123702 0.997948 38.785
0.9979 0.000329847 -0.0647728 -2.03992 0.000329847 0.999948 0.0101738 -0.36517 0.0647728 -0.0101738 0.997848 39.8911
0.997931 0.000270445 -0.0642982 -2.12816 0.000270445 0.999965 0.00840334 -0.367534 0.0642982 -0.00840334 0.997895 40.8662
0.997745 0.000269356 -0.0671224 -2.1825 0.000269356 0.999968 0.00801665 -0.371318 0.0671224 -0.00801665 0.997713 41.8969
0.997636 0.000312868 -0.0687129 -2.24176 0.000312868 0.999959 0.00909558 -0.376208 0.0687129 -0.00909558 0.997595 42.8684
0.997463 0.000356513 -0.0711924 -2.29761 0.000356513 0.99995 0.0100025 -0.378481 0.0711924 -0.0100025 0.997412 43.8274
0.997476 0.000233381 -0.0710078 -2.39101 0.000233381 0.999978 0.00656501 -0.378832 0.0710078 -0.00656501 0.997454 44.8169
0.997407 8.72716e-005 -0.0719717 -2.46394 8.72716e-005 0.999997 0.00242201 -0.386435 0.0719717 -0.00242201 0.997404 45.7608
0.997399 5.43476e-005 -0.072082 -2.5444 5.43476e-005 0.999999 0.00150598 -0.398064 0.072082 -0.00150598 0.997398 46.7124
0.997329 0.000179978 -0.0730386 -2.59363 0.000179978 0.999988 0.00492168 -0.410374 0.0730386 -0.00492168 0.997317 47.5624
0.997332 0.000277753 -0.0730031 -2.66436 0.000277753 0.999971 0.00759909 -0.407546 0.0730031 -0.00759909 0.997303 48.423
0.99727 0.000309917 -0.0738352 -2.71246 0.000309917 0.999965 0.00838322 -0.424258 0.0738352 -0.00838322 0.997235 49.356
0.997326 0.000260779 -0.0730814 -2.79442 0.000260779 0.999975 0.00712704 -0.434746 0.0730814 -0.00712704 0.997301 50.2337
0.997349 0.000207547 -0.0727612 -2.86183 0.000207547 0.999984 0.00569729 -0.450317 0.0727612 -0.00569729 0.997333 51.1493
0.997282 0.000233786 -0.07368 -2.92263 0.000233786 0.99998 0.00633731 -0.452215 0.07368 -0.00633731 0.997262 52.0224
0.997296 0.000388932 -0.0734841 -2.98679 0.000388932 0.999944 0.0105709 -0.473634 0.0734841 -0.0105709 0.99724 52.9035
0.997242 0.000571289 -0.0742225 -3.05045 0.000571289 0.999882 0.0153718 -0.474721 0.0742225 -0.0153718 0.997123 53.7972
0.997118 0.000658766 -0.075868 -3.11171 0.000658766 0.999849 0.0173398 -0.472234 0.075868 -0.0173398 0.996967 54.7794
0.997024 0.000523441 -0.0770913 -3.20069 0.000523441 0.999908 0.0135589 -0.472169 0.0770913 -0.0135589 0.996932 55.7683
0.996928 0.000242913 -0.0783207 -3.28461 0.000242913 0.999981 0.00619343 -0.485004 0.0783207 -0.00619343 0.996909 56.7215
0.996884 5.94319e-005 -0.0788769 -3.37221 5.94319e-005 0.999999 0.0015046 -0.493938 0.0788769 -0.0015046 0.996883 57.6407
0.99676 0.000105079 -0.0804384 -3.43561 0.000105079 0.999997 0.00260842 -0.502764 0.0804384 -0.00260842 0.996756 58.4906
0.996744 0.000215952 -0.0806325 -3.54564 0.000215952 0.999986 0.00534771 -0.512644 0.0806325 -0.00534771 0.99673 59.3931
0.996628 0.000278405 -0.0820507 -3.60295 0.000278405 0.999977 0.00677466 -0.52327 0.0820507 -0.00677466 0.996605 60.2374
0.996519 0.000289821 -0.0833639 -3.68418 0.000289821 0.999976 0.00694096 -0.530505 0.0833639 -0.00694096 0.996495 61.0602
0.996444 0.000328245 -0.0842518 -3.79519 0.000328245 0.99997 0.00777804 -0.536135 0.0842518 -0.00777804 0.996414 61.9446
0.996254 0.000350613 -0.0864792 -3.85335 0.000350613 0.999967 0.00809329 -0.539905 0.0864792 -0.00809329 0.996221 62.754
0.996159 0.000381829 -0.0875628 -3.94104 0.000381829 0.999962 0.00870435 -0.550967 0.0875628 -0.00870435 0.996121 63.6071
0.996065 0.000439733 -0.0886221 -4.00978 0.000439733 0.999951 0.009904 -0.561035 0.0886221 -0.009904 0.996016 64.4012
0.995838 0.000571847 -0.0911365 -4.0755 0.000571847 0.999921 0.0125226 -0.56188 0.0911365 -0.0125226 0.99576 65.1934
0.995907 0.000772321 -0.0903834 -4.175 0.000772321 0.999854 0.0170537 -0.568314 0.0903834 -0.0170537 0.995761 66.0193
0.99564 0.000857235 -0.09328 -4.25611 0.000857235 0.999831 0.0183382 -0.553072 0.09328 -0.0183382 0.995471 66.8421
0.995774 0.000666275 -0.0918346 -4.3862 0.000666275 0.999895 0.0144789 -0.554982 0.0918346 -0.0144789 0.995669 67.6607
0.995358 0.00037525 -0.0962439 -4.39814 0.00037525 0.99997 0.00777968 -0.583693 0.0962439 -0.00777968 0.995327 68.3674
0.995508 6.41373e-005 -0.094673 -4.52535 6.41373e-005 0.999999 0.00135188 -0.574597 0.094673 -0.00135188 0.995508 69.0788
0.994436 -8.14328e-005 -0.105346 -4.41179 -8.14328e-005 0.999999 -0.0015417 -0.56149 0.105346 0.0015417 0.994434 69.7767
0.995358 0.00019651 -0.0962381 -4.66594 0.00019651 0.999992 0.00407433 -0.587815 0.0962381 -0.00407433 0.99535 70.4305
0.994654 0.000275719 -0.103262 -4.6431 0.000275719 0.999986 0.00532585 -0.592706 0.103262 -0.00532585 0.99464 71.1192
0.995337 9.21523e-005 -0.096457 -4.86004 9.21523e-005 0.999998 0.00190629 -0.591606 0.096457 -0.00190629 0.995335 71.7994
0.994573 -0.000227334 -0.104039 -4.76196 -0.000227334 0.99999 -0.00435828 -0.620034 0.104039 0.00435828 0.994564 72.449
0.994973 -0.00046748 -0.100138 -4.86286 -0.00046748 0.999957 -0.00931307 -0.621392 0.100138 0.00931307 0.99493 73.0007
0.995081 -0.000477907 -0.0990679 -4.89443 -0.000477907 0.999954 -0.00962411 -0.635784 0.0990679 0.00962411 0.995034 73.582
0.995406 -0.000297462 -0.0957462 -4.9383 -0.000297462 0.999981 -0.00619922 -0.644056 0.0957462 0.00619922 0.995386 74.0987
0.995942 -0.000173589 -0.0899962 -5.00075 -0.000173589 0.999993 -0.00384985 -0.64274 0.0899962 0.00384985 0.995935 74.5995
0.996476 7.33118e-006 -0.0838821 -5.0489 7.33118e-006 1 0.000174489 -0.654794 0.0838821 -0.000174489 0.996476 75.1188
0.997085 0.00012892 -0.0762982 -5.06414 0.00012892 0.999994 0.00337445 -0.66729 0.0762982 -0.00337445 0.997079 75.6501
0.997905 0.000111353 -0.0646934 -5.10042 0.000111353 0.999994 0.00343887 -0.666043 0.0646934 -0.00343887 0.997899 76.0165
0.998732 8.21142e-005 -0.0503452 -5.12301 8.21142e-005 0.999995 0.00325997 -0.673639 0.0503452 -0.00325997 0.998727 76.5875
0.999502 6.4286e-005 -0.0315625 -5.13542 6.4286e-005 0.999992 0.00407253 -0.675913 0.0315625 -0.00407253 0.999493 77.0551
0.999951 2.39285e-005 -0.00993118 -5.11779 2.39285e-005 0.999988 0.00481873 -0.680261 0.00993118 -0.00481873 0.999939 77.5469
0.999874 -5.04168e-005 0.0159048 -5.07537 -5.04168e-005 0.99998 0.00633936 -0.691117 -0.0159048 -0.00633936 0.999853 78.0056
0.998952 -0.000186801 0.0457751 -5.037 -0.000186801 0.999967 0.00815726 -0.693175 -0.0457751 -0.00815726 0.998918 78.4685
0.997008 -0.000397147 0.0772972 -4.94712 -0.000397147 0.999947 0.0102602 -0.704842 -0.0772972 -0.0102602 0.996955 78.9423
0.993265 -0.000625956 0.115867 -4.87864 -0.000625956 0.999942 0.0107681 -0.702107 -0.115867 -0.0107681 0.993206 79.3968
0.987445 -0.000886791 0.15796 -4.77331 -0.000886791 0.999937 0.0111572 -0.706218 -0.15796 -0.0111572 0.987382 79.8501
0.978976 -0.00115897 0.203973 -4.66615 -0.00115897 0.999936 0.0112441 -0.709007 -0.203973 -0.0112441 0.978912 80.2665
0.967772 -0.0012405 0.251824 -4.49033 -0.0012405 0.999952 0.00969317 -0.716805 -0.251824 -0.00969317 0.967725 80.69
0.952441 -0.00111263 0.30472 -4.31561 -0.00111263 0.999974 0.00712888 -0.720712 -0.30472 -0.00712888 0.952415 81.0857
0.932634 -0.00110865 0.360822 -4.1198 -0.00110865 0.999982 0.0059381 -0.726907 -0.360822 -0.0059381 0.932616 81.4615
0.908887 -0.000975449 0.417042 -3.88915 -0.000975449 0.99999 0.00446481 -0.72279 -0.417042 -0.00446481 0.908876 81.8101
0.880193 -0.000946046 0.474615 -3.64666 -0.000946046 0.999993 0.00374776 -0.72661 -0.474615 -0.00374776 0.880186 82.1354
0.847179 -0.00105342 0.531307 -3.38151 -0.00105342 0.999993 0.00366238 -0.727777 -0.531307 -0.00366238 0.847172 82.4384
0.810571 -0.00121225 0.58564 -3.1044 -0.00121225 0.999992 0.00374779 -0.738298 -0.58564 -0.00374779 0.810563 82.7185
0.771441 -0.00178096 0.636298 -2.80076 -0.00178096 0.999986 0.0049581 -0.737139 -0.636298 -0.0049581 0.771427 82.9794
0.729285 -0.00236942 0.684206 -2.47844 -0.00236942 0.999979 0.00598848 -0.736203 -0.684206 -0.00598848 0.729264 83.2284
0.6846 -0.0030186 0.728912 -2.16219 -0.0030186 0.999971 0.00697621 -0.741909 -0.728912 -0.00697621 0.684571 83.44
0.638245 -0.00389838 0.769824 -1.81662 -0.00389838 0.999958 0.00829584 -0.744179 -0.769824 -0.00829584 0.638203 83.6459
0.592876 -0.00618019 0.80527 -1.46363 -0.00618019 0.999906 0.0122241 -0.751384 -0.80527 -0.0122241 0.592782 83.8054
0.546903 -0.00583285 0.837176 -1.10384 -0.00583285 0.999925 0.0107772 -0.757162 -0.837176 -0.0107772 0.546827 83.9695
0.499963 -0.00414276 0.866037 -0.728199 -0.00414276 0.999966 0.00717504 -0.761978 -0.866037 -0.00717504 0.499929 84.13
0.454607 -0.0031255 0.890687 -0.320157 -0.0031255 0.999982 0.00510428 -0.765291 -0.890687 -0.00510428 0.454589 84.2827
0.413092 -0.00792149 0.910655 0.0415007 -0.00792149 0.999893 0.0122911 -0.769413 -0.910655 -0.0122911 0.412985 84.3723
0.374283 -0.0178306 0.927143 0.437224 -0.0178306 0.999492 0.0264202 -0.762149 -0.927143 -0.0264202 0.373775 84.4609
0.33919 -0.0215579 0.940471 0.828162 -0.0215579 0.999297 0.0306815 -0.758114 -0.940471 -0.0306815 0.338487 84.5447
0.306391 -0.0193846 0.951708 1.24256 -0.0193846 0.999458 0.0265978 -0.755164 -0.951708 -0.0265978 0.305849 84.642
0.274744 -0.0106127 0.961459 1.67339 -0.0106127 0.999845 0.014069 -0.755685 -0.961459 -0.014069 0.274589 84.7559
0.24704 -0.00694866 0.96898 2.08816 -0.00694866 0.999936 0.00894219 -0.76304 -0.96898 -0.00894219 0.246975 84.8374
0.221489 -0.00706976 0.975137 2.49926 -0.00706976 0.999936 0.00885535 -0.772787 -0.975137 -0.00885535 0.221425 84.9005
0.198169 -0.0121086 0.980093 2.90038 -0.0121086 0.999817 0.0148006 -0.777536 -0.980093 -0.0148006 0.197986 84.9479
0.178502 -0.0168635 0.983795 3.30349 -0.0168635 0.999654 0.0201951 -0.764751 -0.983795 -0.0201951 0.178156 84.9864
0.159169 -0.0180159 0.987087 3.73602 -0.0180159 0.999614 0.0211496 -0.751772 -0.987087 -0.0211496 0.158783 85.033
0.14157 -0.0159094 0.9898 4.14102 -0.0159094 0.999705 0.0183441 -0.746528 -0.9898 -0.0183441 0.141275 85.0823
0.126063 -0.0145876 0.991915 4.51356 -0.0145876 0.999757 0.0165569 -0.746473 -0.991915 -0.0165569 0.12582 85.1222
0.111474 -0.014646 0.993659 4.96745 -0.014646 0.999759 0.016379 -0.740556 -0.993659 -0.016379 0.111233 85.162
0.0983434 -0.0170855 0.995006 5.41658 -0.0170855 0.999676 0.0188543 -0.738421 -0.995006 -0.0188543 0.0980196 85.1884
0.0866659 -0.0202953 0.996031 5.90005 -0.0202953 0.999549 0.0221329 -0.734661 -0.996031 -0.0221329 0.0862149 85.2201
0.0766798 -0.0229024 0.996793 6.37077 -0.0229024 0.999432 0.0247248 -0.730058 -0.996793 -0.0247248 0.0761117 85.2418
0.0685028 -0.0246138 0.997347 6.89321 -0.0246138 0.99935 0.0263538 -0.722646 -0.997347 -0.0263538 0.0678524 85.2742
0.0622098 -0.0265101 0.997711 7.43828 -0.0265101 0.999251 0.028204 -0.711096 -0.997711 -0.028204 0.0614604 85.3052
0.0563974 -0.0259996 0.99807 7.98053 -0.0259996 0.999284 0.0275004 -0.700744 -0.99807 -0.0275004 0.055681 85.3387
0.0511512 -0.0273342 0.998317 8.54448 -0.0273342 0.999213 0.0287593 -0.687009 -0.998317 -0.0287593 0.0503638 85.357
0.0451312 -0.0268402 0.99862 9.09721 -0.0268402 0.999246 0.02807 -0.687617 -0.99862 -0.02807 0.0443767 85.4045
0.0433044 -0.029941 0.998613 9.75352 -0.029941 0.999063 0.0312528 -0.663946 -0.998613 -0.0312528 0.0423674 85.4074
0.0398406 -0.0298364 0.99876 10.3678 -0.0298364 0.999073 0.0310359 -0.655592 -0.99876 -0.0310359 0.0389135 85.4371
0.0376975 -0.0367443 0.998613 11.0461 -0.0367443 0.998597 0.0381307 -0.635654 -0.998613 -0.0381307 0.0362944 85.443
0.038107 -0.0379143 0.998554 11.7139 -0.0379143 0.998506 0.0393593 -0.614226 -0.998554 -0.0393593 0.0366125 85.459
0.0389601 -0.0406909 0.998412 12.3918 -0.0406909 0.998277 0.0422733 -0.594076 -0.998412 -0.0422733 0.0372372 85.483
0.041333 -0.0412208 0.998295 13.1119 -0.0412208 0.998228 0.0429248 -0.561271 -0.998295 -0.0429248 0.0395606 85.5167
0.0452578 -0.0439777 0.998007 13.7682 -0.0439777 0.997974 0.0459706 -0.55751 -0.998007 -0.0459706 0.0432321 85.5575
0.0509972 -0.0451864 0.997676 14.4984 -0.0451864 0.997848 0.0475039 -0.518069 -0.997676 -0.0475039 0.0488456 85.5665
0.0540265 -0.0449738 0.997526 15.2304 -0.0449738 0.997862 0.0474247 -0.488408 -0.997526 -0.0474247 0.0518883 85.6277
0.0577019 -0.0452396 0.997308 15.9618 -0.0452396 0.997828 0.0478807 -0.453004 -0.997308 -0.0478807 0.05553 85.6727
0.0620227 -0.0436303 0.997121 16.687 -0.0436303 0.997971 0.0463814 -0.399183 -0.997121 -0.0463814 0.0599932 85.7157
0.065829 -0.0426196 0.99692 17.4813 -0.0426196 0.998056 0.0454824 -0.370305 -0.99692 -0.0454824 0.0638846 85.7762
0.0696471 -0.039339 0.996796 18.2553 -0.039339 0.998337 0.0421485 -0.338531 -0.996796 -0.0421485 0.0679837 85.8464
0.0737341 -0.0373593 0.996578 19.1187 -0.0373593 0.998493 0.0401952 -0.318952 -0.996578 -0.0401952 0.0722273 85.9031
0.0738737 -0.0309335 0.996788 19.9122 -0.0309335 0.998967 0.0332936 -0.288719 -0.996788 -0.0332936 0.0728405 85.9915
0.0745197 -0.0290845 0.996795 20.7279 -0.0290845 0.999086 0.0313256 -0.269137 -0.996795 -0.0313256 0.0736057 86.044
0.0736391 -0.0279918 0.996892 21.5329 -0.0279918 0.999154 0.0301231 -0.260548 -0.996892 -0.0301231 0.0727932 86.114
0.0748575 -0.0257392 0.996862 22.3444 -0.0257392 0.999284 0.0277346 -0.23765 -0.996862 -0.0277346 0.0741414 86.1639
0.0738814 -0.0266087 0.996912 23.1672 -0.0266087 0.999235 0.0286427 -0.229359 -0.996912 -0.0286427 0.0731169 86.2384
0.0748144 -0.0253277 0.996876 23.993 -0.0253277 0.999307 0.0272902 -0.205638 -0.996876 -0.0272902 0.074121 86.3056
0.0742335 -0.0233716 0.996967 24.8414 -0.0233716 0.99941 0.0251691 -0.200374 -0.996967 -0.0251691 0.0736435 86.3871
0.0747423 -0.0187997 0.997026 25.6637 -0.0187997 0.999618 0.0202579 -0.19816 -0.997026 -0.0202579 0.0743604 86.4477
0.0728785 -0.0155994 0.997219 26.4465 -0.0155994 0.999738 0.0167788 -0.192519 -0.997219 -0.0167788 0.072616 86.5248
0.0704892 -0.0150161 0.9974 27.3062 -0.0150161 0.999757 0.0161128 -0.186574 -0.9974 -0.0161128 0.0702466 86.5837
0.0650178 -0.0109605 0.997824 28.0941 -0.0109605 0.999872 0.0116971 -0.183619 -0.997824 -0.0116971 0.0648893 86.6527
0.0597797 -0.00842967 0.998176 28.9599 -0.00842967 0.999924 0.00894928 -0.179074 -0.998176 -0.00894928 0.0597041 86.7194
0.0535635 -0.00532059 0.99855 29.7489 -0.00532059 0.99997 0.00561355 -0.190336 -0.99855 -0.00561355 0.0535336 86.754
0.0457609 -0.00571344 0.998936 30.6251 -0.00571344 0.999966 0.00598106 -0.189042 -0.998936 -0.00598106 0.0457266 86.8023
0.0376669 -0.00452937 0.99928 31.4452 -0.00452937 0.999979 0.00470327 -0.213954 -0.99928 -0.00470327 0.0376456 86.8116
0.0269569 -0.00441996 0.999627 32.3219 -0.00441996 0.99998 0.00454072 -0.210575 -0.999627 -0.00454072 0.0269368 86.8525
0.0169951 -0.00581469 0.999839 33.1751 -0.00581469 0.999966 0.00591427 -0.22303 -0.999839 -0.00591427 0.0169607 86.8508
0.0056829 -0.00411122 0.999975 34.0185 -0.00411122 0.999983 0.00413462 -0.225837 -0.999975 -0.00413462 0.0056659 86.8655
-0.00512782 -0.00584557 0.99997 34.9253 -0.00584557 0.999966 0.00581557 -0.238264 -0.99997 -0.00581557 -0.00516181 86.8487
-0.0167987 -0.00496552 0.999847 35.8576 -0.00496552 0.999976 0.00488273 -0.237931 -0.999847 -0.00488273 -0.0168229 86.8389
-0.0276581 -0.00543288 0.999603 36.6677 -0.00543288 0.999971 0.00528456 -0.248846 -0.999603 -0.00528456 -0.0276868 86.8092
-0.038219 -0.00462265 0.999259 37.507 -0.00462265 0.999979 0.00444918 -0.259578 -0.999259 -0.00444918 -0.0382396 86.7666
-0.0485573 -0.00518327 0.998807 38.3458 -0.00518327 0.999974 0.00493734 -0.2739 -0.998807 -0.00493734 -0.048583 86.7175
-0.0582222 -0.00660717 0.998282 39.1417 -0.00660717 0.999959 0.00623292 -0.266385 -0.998282 -0.00623292 -0.0582635 86.667
-0.0674126 -0.00631509 0.997705 39.9294 -0.00631509 0.999963 0.00590269 -0.289879 -0.997705 -0.00590269 -0.06745 86.595
-0.0771455 -0.00802977 0.996988 40.712 -0.00802977 0.99994 0.00743221 -0.284172 -0.996988 -0.00743221 -0.0772054 86.5367
-0.0857997 -0.00860004 0.996275 41.4773 -0.00860004 0.999932 0.00789097 -0.29025 -0.996275 -0.00789097 -0.0858678 86.4688
-0.0930635 -0.00999886 0.99561 42.3808 -0.00999886 0.999909 0.0091074 -0.302213 -0.99561 -0.0091074 -0.093155 86.3599
-0.0989335 -0.0118207 0.995024 43.0645 -0.0118207 0.999873 0.010703 -0.307032 -0.995024 -0.010703 -0.0990606 86.3089
-0.101675 -0.0158159 0.994692 43.9005 -0.0158159 0.999773 0.01428 -0.321083 -0.994692 -0.01428 -0.101902 86.1783
-0.104601 -0.016019 0.994385 44.6116 -0.016019 0.999768 0.0144207 -0.325725 -0.994385 -0.0144207 -0.104834 86.11
-0.105479 -0.0195032 0.99423 45.3848 -0.0195032 0.999656 0.0175405 -0.332351 -0.99423 -0.0175405 -0.105823 86.0142
-0.107584 -0.0181466 0.99403 46.089 -0.0181466 0.999703 0.0162861 -0.335515 -0.99403 -0.0162861 -0.107881 85.9492
-0.103473 -0.020334 0.994424 46.8557 -0.020334 0.999625 0.0183246 -0.357788 -0.994424 -0.0183246 -0.103848 85.8143
-0.100297 -0.0222706 0.994708 47.5426 -0.0222706 0.999549 0.0201334 -0.351976 -0.994708 -0.0201334 -0.100748 85.7427
-0.0935546 -0.0240804 0.995323 48.1771 -0.0240804 0.99947 0.0219173 -0.358321 -0.995323 -0.0219173 -0.0940848 85.6662
-0.0858504 -0.0234249 0.996033 48.8462 -0.0234249 0.999495 0.0214873 -0.352953 -0.996033 -0.0214873 -0.0863558 85.6245
-0.074299 -0.0228569 0.996974 49.4965 -0.0228569 0.999514 0.0212118 -0.349868 -0.996974 -0.0212118 -0.0747854 85.5845
-0.0611942 -0.0211324 0.997902 50.0825 -0.0211324 0.999579 0.019872 -0.357113 -0.997902 -0.019872 -0.061615 85.5779
-0.0437018 -0.0205966 0.998832 50.6623 -0.0205966 0.999594 0.0197111 -0.356726 -0.998832 -0.0197111 -0.0441083 85.5689
-0.0225914 -0.0180672 0.999582 51.2006 -0.0180672 0.999681 0.0176607 -0.366344 -0.999582 -0.0176607 -0.0229106 85.5796
0.00265136 -0.0168197 0.999855 51.7374 -0.0168197 0.999716 0.016862 -0.364474 -0.999855 -0.016862 0.0023677 85.5965
0.0303564 -0.0143757 0.999436 52.2657 -0.0143757 0.999787 0.0148174 -0.363775 -0.999436 -0.0148174 0.0301432 85.6495
0.0636237 -0.0136707 0.99788 52.7625 -0.0136707 0.9998 0.0145686 -0.365026 -0.99788 -0.0145686 0.0634241 85.7071
0.100983 -0.0140449 0.994789 53.2674 -0.0140449 0.999781 0.0155411 -0.360643 -0.994789 -0.0155411 0.100763 85.7973
0.142795 -0.0127615 0.98967 53.7471 -0.0127615 0.99981 0.0147336 -0.35727 -0.98967 -0.0147336 0.142605 85.9063
0.187795 -0.00992661 0.982158 54.2546 -0.00992661 0.999879 0.0120037 -0.350208 -0.982158 -0.0120037 0.187673 86.0526
0.23488 -0.00697062 0.971999 54.7373 -0.00697062 0.999936 0.0088554 -0.348669 -0.971999 -0.0088554 0.234817 86.2311
0.28633 -0.00491419 0.958118 55.2255 -0.00491419 0.999966 0.00659742 -0.341181 -0.958118 -0.00659742 0.286296 86.4317
0.34029 -0.00263503 0.940317 55.6669 -0.00263503 0.999989 0.00375584 -0.337825 -0.940317 -0.00375584 0.34028 86.6576
0.404683 -0.000863535 0.914456 56.174 -0.000863535 0.999999 0.00132646 -0.340937 -0.914456 -0.00132646 0.404682 86.8877
0.461823 -0.0011823 0.886971 56.5982 -0.0011823 0.999997 0.00194855 -0.354602 -0.886971 -0.00194855 0.46182 87.1822
0.520255 -0.00193775 0.854009 57.0695 -0.00193775 0.999992 0.00344945 -0.365336 -0.854009 -0.00344945 0.520247 87.6043
0.576362 0.00108135 0.817194 57.4339 0.00108135 0.999997 -0.00208591 -0.362197 -0.817194 0.00208591 0.576359 87.9344
0.629991 0.00125438 0.776601 57.7077 0.00125438 0.999996 -0.00263278 -0.35859 -0.776601 0.00263278 0.629987 88.3008
0.68351 0.000349028 0.729941 58.0019 0.000349028 1 -0.000804985 -0.365361 -0.729941 0.000804985 0.68351 88.5942
0.731467 -6.35637e-005 0.681877 58.2356 -6.35637e-005 1 0.000161405 -0.368457 -0.681877 -0.000161405 0.731467 88.9459
0.775388 -0.00150177 0.631483 58.4314 -0.00150177 0.99999 0.00422216 -0.372901 -0.631483 -0.00422216 0.775378 89.2804
0.81573 -0.00274792 0.578426 58.6301 -0.00274792 0.999959 0.00862577 -0.364466 -0.578426 -0.00862577 0.815689 89.6807
0.852147 -0.00417196 0.523285 58.8096 -0.00417196 0.999882 0.0147656 -0.367185 -0.523285 -0.0147656 0.85203 90.054
0.882672 -0.00455951 0.469967 58.9784 -0.00455951 0.999823 0.0182635 -0.352678 -0.469967 -0.0182635 0.882495 90.5041
0.908005 -0.00515035 0.418928 59.1207 -0.00515035 0.999712 0.0234537 -0.359833 -0.418928 -0.0234537 0.907716 90.9211
0.927654 -0.00455662 0.373412 59.2401 -0.00455662 0.999713 0.023519 -0.353886 -0.373412 -0.023519 0.927367 91.3895
0.942901 -0.00411562 0.333048 59.3487 -0.00411562 0.999703 0.0240056 -0.357626 -0.333048 -0.0240056 0.942604 91.8053
0.954394 -0.00307631 0.298535 59.4422 -0.00307631 0.999792 0.0201373 -0.343109 -0.298535 -0.0201373 0.954186 92.3066
0.963552 -0.00265797 0.267507 59.5374 -0.00265797 0.999806 0.0195081 -0.339639 -0.267507 -0.0195081 0.963358 92.7629
0.969426 -0.00256827 0.24537 59.6422 -0.00256827 0.999784 0.0206116 -0.333986 -0.24537 -0.0206116 0.96921 93.2638
0.973203 -0.00250799 0.229935 59.7435 -0.00250799 0.999765 0.0215199 -0.336843 -0.229935 -0.0215199 0.972968 93.7685
0.976072 -0.00217794 0.217438 59.8318 -0.00217794 0.999802 0.019791 -0.321794 -0.217438 -0.019791 0.975873 94.2837
0.978131 -0.00195338 0.207983 59.9237 -0.00195338 0.999826 0.018577 -0.313793 -0.207983 -0.018577 0.977956 94.7904
0.979467 -0.00159464 0.201598 60.0185 -0.00159464 0.999876 0.0156566 -0.301063 -0.201598 -0.0156566 0.979343 95.324
0.979967 -0.00113577 0.199156 60.1057 -0.00113577 0.999936 0.0112912 -0.305709 -0.199156 -0.0112912 0.979903 95.8615
0.980071 -0.000854421 0.198645 60.2099 -0.000854421 0.999963 0.00851661 -0.308717 -0.198645 -0.00851661 0.980034 96.4177
0.979583 -0.000563582 0.201039 60.3231 -0.000563582 0.999984 0.00554942 -0.314532 -0.201039 -0.00554942 0.979568 96.9723
0.978827 9.40027e-006 0.204689 60.4487 9.40027e-006 1 -9.08771e-005 -0.310479 -0.204689 9.08771e-005 0.978827 97.5081
0.977685 0.000536466 0.210076 60.5554 0.000536466 0.999987 -0.00505032 -0.306332 -0.210076 0.00505032 0.977672 98.0536
0.976959 0.000509269 0.213428 60.6731 0.000509269 0.999989 -0.00471727 -0.33064 -0.213428 0.00471727 0.976947 98.5612
0.975689 0.000180405 0.219157 60.7761 0.000180405 0.999999 -0.00162634 -0.326814 -0.219157 0.00162634 0.975688 99.0641
0.974597 -0.000387334 0.223967 60.9166 -0.000387334 0.999994 0.00341491 -0.331881 -0.223967 -0.00341491 0.974591 99.6783
0.97376 -0.00115018 0.227574 61.075 -0.00115018 0.99995 0.0099753 -0.335756 -0.227574 -0.0099753 0.97371 100.342
0.972835 -0.00175243 0.231493 61.1996 -0.00175243 0.999887 0.0149337 -0.33432 -0.231493 -0.0149337 0.972722 100.895
0.972425 -0.00202265 0.233209 61.3644 -0.00202265 0.999852 0.0171058 -0.332271 -0.233209 -0.0171058 0.972276 101.528
0.971985 -0.00166961 0.235038 61.531 -0.00166961 0.9999 0.0140074 -0.317326 -0.235038 -0.0140074 0.971885 102.226
0.972274 -0.000980339 0.233843 61.6899 -0.000980339 0.999965 0.00826822 -0.324287 -0.233843 -0.00826822 0.972239 102.866
0.972536 -0.00018989 0.232751 61.8666 -0.00018989 0.999999 0.00160929 -0.322015 -0.232751 -0.00160929 0.972535 103.591
0.973035 0.000333343 0.230658 62.0027 0.000333343 0.999996 -0.00285139 -0.32302 -0.230658 0.00285139 0.973031 104.237
0.973687 -0.0001985 0.22789 62.1614 -0.0001985 0.999999 0.00171915 -0.32509 -0.22789 -0.00171915 0.973685 104.915
0.974033 -0.00105281 0.226403 62.3068 -0.00105281 0.999957 0.00917941 -0.317032 -0.226403 -0.00917941 0.97399 105.523
0.974654 -0.00162993 0.22371 62.4657 -0.00162993 0.999895 0.0143864 -0.32033 -0.22371 -0.0143864 0.974549 106.266
0.975245 -0.00151849 0.221122 62.64 -0.00151849 0.999907 0.0135638 -0.32122 -0.221122 -0.0135638 0.975152 107.016
0.975621 -0.000830492 0.219461 62.7985 -0.000830492 0.999972 0.00747611 -0.314592 -0.219461 -0.00747611 0.975593 107.802
0.976568 -0.00029726 0.215208 62.9603 -0.00029726 0.999996 0.00273016 -0.321322 -0.215208 -0.00273016 0.976564 108.574
0.977378 4.01887e-005 0.211502 63.1203 4.01887e-005 1 -0.000375732 -0.314173 -0.211502 0.000375732 0.977377 109.301
0.978225 -0.000200982 0.207547 63.2751 -0.000200982 0.999998 0.00191565 -0.326726 -0.207547 -0.00191565 0.978223 110.049
0.978889 -0.000449053 0.204391 63.4206 -0.000449053 0.99999 0.00434765 -0.327729 -0.204391 -0.00434765 0.97888 110.8
0.979106 -0.000704064 0.203347 63.5664 -0.000704064 0.999976 0.00685233 -0.334756 -0.203347 -0.00685233 0.979083 111.577
0.979738 -0.00101662 0.200282 63.7524 -0.00101662 0.999949 0.0100488 -0.330899 -0.200282 -0.0100488 0.979687 112.273
0.979749 -0.0012321 0.200226 63.9102 -0.0012321 0.999925 0.012182 -0.332852 -0.200226 -0.012182 0.979674 113.086
0.980184 -0.00141998 0.198085 64.0836 -0.00141998 0.999898 0.0141943 -0.338021 -0.198085 -0.0141943 0.980082 113.851
0.979568 -0.00101944 0.201113 64.1955 -0.00101944 0.999949 0.0100342 -0.319168 -0.201113 -0.0100342 0.979517 114.668
0.979646 -0.000618505 0.200731 64.3677 -0.000618505 0.999981 0.00609976 -0.321299 -0.200731 -0.00609976 0.979627 115.485
0.979251 -0.000244249 0.202652 64.5 -0.000244249 0.999997 0.00238552 -0.318778 -0.202652 -0.00238552 0.979248 116.264
0.978775 -0.000229173 0.204939 64.6578 -0.000229173 0.999998 0.00221277 -0.32723 -0.204939 -0.00221277 0.978772 117.033
0.977897 -0.000293206 0.209087 64.8116 -0.000293206 0.999996 0.00277363 -0.32683 -0.209087 -0.00277363 0.977893 117.886
0.977726 -0.000272688 0.209883 65.0094 -0.000272688 0.999997 0.00256953 -0.33929 -0.209883 -0.00256953 0.977723 118.69
0.976846 6.22381e-005 0.213944 65.1819 6.22381e-005 1 -0.000575081 -0.340435 -0.213944 0.000575081 0.976846 119.652
0.976857 -0.000285121 0.213895 65.3795 -0.000285121 0.999996 0.00263514 -0.35424 -0.213895 -0.00263514 0.976853 120.439
0.976306 -0.000127993 0.216396 65.5406 -0.000127993 0.999999 0.00116894 -0.34596 -0.216396 -0.00116894 0.976305 121.308
0.975232 0.000142874 0.221183 65.6585 0.000142874 0.999999 -0.00127591 -0.351421 -0.221183 0.00127591 0.975232 122.017
0.975237 -0.000243904 0.221163 65.8754 -0.000243904 0.999998 0.00217834 -0.359661 -0.221163 -0.00217834 0.975234 122.904
0.974816 -0.000725745 0.223008 66.0381 -0.000725745 0.999979 0.00642665 -0.365162 -0.223008 -0.00642665 0.974795 123.7
0.974852 -0.00114329 0.222851 66.2466 -0.00114329 0.999948 0.0101313 -0.369618 -0.222851 -0.0101313 0.9748 124.581
0.974082 -0.000406705 0.226196 66.4277 -0.000406705 0.999994 0.00354942 -0.375153 -0.226196 -0.00354942 0.974075 125.551
0.974277 0.00092408 0.22535 66.6523 0.00092408 0.999967 -0.00809566 -0.394117 -0.22535 0.00809566 0.974244 126.408
0.974157 0.00188193 0.225865 66.8319 0.00188193 0.999863 -0.0164477 -0.418071 -0.225865 0.0164477 0.97402 127.199
0.974398 0.000815889 0.224829 67.0067 0.000815889 0.999974 -0.00716485 -0.429803 -0.224829 0.00716485 0.974372 127.948
0.974743 -0.00153456 0.223324 67.1701 -0.00153456 0.999907 0.0135687 -0.434823 -0.223324 -0.0135687 0.97465 128.664
0.97486 -0.00316989 0.222795 67.3557 -0.00316989 0.9996 0.0280922 -0.429985 -0.222795 -0.0280922 0.97446 129.562
0.974893 -0.0024252 0.222659 67.5446 -0.0024252 0.999766 0.021508 -0.42262 -0.222659 -0.021508 0.974659 130.459
0.975145 -0.000528745 0.221565 67.7316 -0.000528745 0.999989 0.00471347 -0.422801 -0.221565 -0.00471347 0.975134 131.422
0.975098 0.000317218 0.221772 67.9043 0.000317218 0.999996 -0.00282513 -0.436545 -0.221772 0.00282513 0.975094 132.234
0.975418 0.000384843 0.220362 68.1037 0.000384843 0.999994 -0.00344988 -0.432876 -0.220362 0.00344988 0.975412 133.04
0.975453 0.000274543 0.220209 68.2678 0.000274543 0.999997 -0.00246287 -0.454421 -0.220209 0.00246287 0.97545 133.957
0.97607 0.000366774 0.217455 68.4437 0.000366774 0.999994 -0.00333296 -0.469478 -0.217455 0.00333296 0.976065 134.761
0.977215 0.000577674 0.212253 68.6229 0.000577674 0.999985 -0.00538121 -0.478116 -0.212253 0.00538121 0.9772 135.596
0.977552 0.000706705 0.210695 68.7598 0.000706705 0.999978 -0.00663294 -0.505181 -0.210695 0.00663294 0.977529 136.411
0.978029 0.000932193 0.208469 68.9295 0.000932193 0.99996 -0.00884482 -0.511208 -0.208469 0.00884482 0.977989 137.262
0.978133 0.000580902 0.207979 69.06 0.000580902 0.999985 -0.00552504 -0.548394 -0.207979 0.00552504 0.978118 137.999
0.978572 0.000155416 0.205906 69.2803 0.000155416 0.999999 -0.00149341 -0.548982 -0.205906 0.00149341 0.978571 138.98
0.979118 3.01176e-005 0.203291 69.4444 3.01176e-005 1 -0.000293207 -0.565912 -0.203291 0.000293207 0.979118 139.733
0.97948 0.000394554 0.20154 69.6157 0.000394554 0.999992 -0.0038752 -0.567088 -0.20154 0.0038752 0.979473 140.656
0.980503 0.00060621 0.196502 69.7836 0.00060621 0.999981 -0.00610982 -0.584439 -0.196502 0.00610982 0.980484 141.438
0.981651 0.000695373 0.190683 69.9076 0.000695373 0.999974 -0.00722649 -0.594069 -0.190683 0.00722649 0.981625 142.167
0.982989 9.79612e-005 0.183666 70.0284 9.79612e-005 0.999999 -0.00105766 -0.609739 -0.183666 0.00105766 0.982988 142.875
0.983969 -0.000640642 0.178337 70.1515 -0.000640642 0.999974 0.00712695 -0.62408 -0.178337 -0.00712695 0.983944 143.67
0.984606 -0.00143532 0.17478 70.2631 -0.00143532 0.999866 0.0162968 -0.61822 -0.17478 -0.0162968 0.984473 144.399
0.985428 -0.00147773 0.170086 70.4097 -0.00147773 0.99985 0.0172483 -0.609255 -0.170086 -0.0172483 0.985278 145.243
0.986042 -0.0010112 0.166494 70.5257 -0.0010112 0.999927 0.0120618 -0.612006 -0.166494 -0.0120618 0.985969 146.142
0.987225 -0.000165393 0.159334 70.6479 -0.000165393 0.999998 0.0020628 -0.620694 -0.159334 -0.0020628 0.987223 146.923
0.988171 0.000181522 0.153358 70.7699 0.000181522 0.999997 -0.00235328 -0.632949 -0.153358 0.00235328 0.988168 147.732
0.989064 0.000144459 0.147486 70.8579 0.000144459 0.999998 -0.00194824 -0.634821 -0.147486 0.00194824 0.989062 148.47
0.990212 -4.17231e-005 0.139572 70.9534 -4.17231e-005 1 0.000594947 -0.650705 -0.139572 -0.000594947 0.990212 149.229
0.991178 0.000160008 0.13254 71.02 0.000160008 0.999997 -0.00240382 -0.65273 -0.13254 0.00240382 0.991175 150.005
0.992502 0.000518883 0.122228 71.1074 0.000518883 0.999964 -0.00845842 -0.669921 -0.122228 0.00845842 0.992466 150.769
0.993425 0.000630958 0.114483 71.1662 0.000630958 0.999939 -0.0109862 -0.68385 -0.114483 0.0109862 0.993364 151.486
0.994348 0.000454082 0.10617 71.2397 0.000454082 0.999964 -0.00852956 -0.694504 -0.10617 0.00852956 0.994311 152.231
0.995124 0.000101988 0.0986281 71.2931 0.000101988 0.999998 -0.00206308 -0.708888 -0.0986281 0.00206308 0.995122 152.981
0.995931 -0.000137193 0.0901187 71.3488 -0.000137193 0.999995 0.00303851 -0.716216 -0.0901187 -0.00303851 0.995926 153.767
0.996549 -0.00025274 0.0830067 71.397 -0.00025274 0.999981 0.00607906 -0.72291 -0.0830067 -0.00607906 0.99653 154.58
0.997099 -0.000302491 0.0761109 71.4605 -0.000302491 0.999968 0.00793703 -0.728589 -0.0761109 -0.00793703 0.997068 155.419
0.997361 -0.000228313 0.0725988 71.4975 -0.000228313 0.99998 0.00628137 -0.737406 -0.0725988 -0.00628137 0.997341 156.25
0.997718 -1.93429e-005 0.0675117 71.5507 -1.93429e-005 1 0.000572372 -0.750034 -0.0675117 -0.000572372 0.997718 157.074
0.997916 0.000217654 0.0645198 71.5743 0.000217654 0.999977 -0.00673978 -0.760246 -0.0645198 0.00673978 0.997894 157.904
0.998093 0.000290967 0.0617236 71.611 0.000290967 0.999956 -0.00941887 -0.773782 -0.0617236 0.00941887 0.998049 158.744
0.998297 0.000114368 0.0583445 71.6465 0.000114368 0.999992 -0.00391708 -0.780029 -0.0583445 0.00391708 0.998289 159.502
0.998436 -0.000177442 0.0559123 71.6883 -0.000177442 0.99998 0.00634211 -0.787984 -0.0559123 -0.00634211 0.998416 160.344
0.998629 -0.00034686 0.0523408 71.7196 -0.00034686 0.999912 0.0132442 -0.789039 -0.0523408 -0.0132442 0.998541 161.16
0.998452 -0.00026066 0.0556115 71.5791 -0.00026066 0.999956 0.00936687 -0.891773 -0.0556115 -0.00936687 0.998409 162.113
0.998929 2.97175e-006 0.046262 71.7178 2.97175e-006 1 -0.000128406 -0.846997 -0.046262 0.000128406 0.998929 162.973
0.99917 0.000108215 0.0407266 71.7285 0.000108215 0.999986 -0.005312 -0.881144 -0.0407266 0.005312 0.999156 163.931
0.999463 6.49445e-005 0.0327702 71.7537 6.49445e-005 0.999992 -0.00396255 -0.880339 -0.0327702 0.00396255 0.999455 164.714
0.999674 -2.5348e-005 0.0255129 71.7634 -2.5348e-005 0.999998 0.00198675 -0.899062 -0.0255129 -0.00198675 0.999673 165.531
0.999848 -4.02638e-005 0.017431 71.7868 -4.02638e-005 0.999989 0.00461941 -0.884154 -0.017431 -0.00461941 0.999837 166.363
0.999932 -5.20559e-005 0.0116688 71.8035 -5.20559e-005 0.99996 0.00892178 -0.898086 -0.0116688 -0.00892178 0.999892 167.184
0.999984 -2.31482e-005 0.00571532 71.7963 -2.31482e-005 0.999967 0.00810019 -0.886601 -0.00571532 -0.00810019 0.999951 168.07
1 5.85163e-007 -0.000778302 71.7989 5.85163e-007 0.999999 0.00150369 -0.910989 0.000778302 -0.00150369 0.999999 168.919
0.99997 -3.46463e-005 -0.00776025 71.7871 -3.46463e-005 0.99996 -0.00892885 -0.922783 0.00776025 0.00892885 0.99993 169.808
0.999905 -9.03402e-005 -0.0138019 71.7795 -9.03402e-005 0.999914 -0.0130898 -0.938803 0.0138019 0.0130898 0.999819 170.638
0.999785 -5.9058e-005 -0.020748 71.7717 -5.9058e-005 0.999984 -0.00569222 -0.95841 0.020748 0.00569222 0.999769 171.429
0.999666 9.9635e-005 -0.0258274 71.7202 9.9635e-005 0.99997 0.00771406 -0.956393 0.0258274 -0.00771406 0.999637 172.203
0.99954 0.000236162 -0.0303229 71.6791 0.000236162 0.999879 0.015572 -0.961471 0.0303229 -0.015572 0.999419 173.064
0.999411 0.000213831 -0.0343302 71.6541 0.000213831 0.999922 0.0124531 -0.960335 0.0343302 -0.0124531 0.999333 173.784
0.999351 2.83923e-005 -0.0360333 71.5996 2.83923e-005 0.999999 0.00157538 -0.969586 0.0360333 -0.00157538 0.999349 174.843
0.999261 -0.000139807 -0.0384485 71.5471 -0.000139807 0.999974 -0.00726962 -0.981458 0.0384485 0.00726962 0.999234 175.565
0.999186 -0.000220112 -0.0403495 71.4983 -0.000220112 0.999941 -0.0109055 -0.999672 0.0403495 0.0109055 0.999126 176.489
0.999078 -0.000142116 -0.0429333 71.4765 -0.000142116 0.999978 -0.00661719 -1.01046 0.0429333 0.00661719 0.999056 177.238
0.999069 5.03392e-005 -0.0431463 71.4406 5.03392e-005 0.999997 0.00233233 -1.02021 0.0431463 -0.00233233 0.999066 177.993
0.999061 0.000166025 -0.0433262 71.398 0.000166025 0.999971 0.00766024 -1.02056 0.0433262 -0.00766024 0.999032 178.897
0.998999 0.000151269 -0.0447267 71.3524 0.000151269 0.999977 0.00676069 -1.02723 0.0447267 -0.00676069 0.998976 179.759
0.998911 -5.96628e-005 -0.0466558 71.3082 -5.96628e-005 0.999997 -0.00255617 -1.04141 0.0466558 0.00255617 0.998908 180.641
0.998814 -0.000356652 -0.0486879 71.2792 -0.000356652 0.999893 -0.0146411 -1.06273 0.0486879 0.0146411 0.998707 181.486
0.998637 -0.000495224 -0.052199 71.2695 -0.000495224 0.99982 -0.0189598 -1.08654 0.052199 0.0189598 0.998457 182.274
0.99858 -0.000406715 -0.0532805 71.2151 -0.000406715 0.999884 -0.0152552 -1.09604 0.0532805 0.0152552 0.998463 183.1
0.998509 -9.9997e-005 -0.0545858 71.1701 -9.9997e-005 0.999993 -0.0036611 -1.11866 0.0545858 0.0036611 0.998502 183.829
0.998403 -1.39518e-005 -0.0564933 71.1172 -1.39518e-005 1 -0.000493533 -1.12912 0.0564933 0.000493533 0.998403 184.724
0.998433 -0.000120065 -0.0559601 71.0528 -0.000120065 0.999991 -0.00428772 -1.14721 0.0559601 0.00428772 0.998424 185.591
0.998355 -0.000305788 -0.0573304 71.0088 -0.000305788 0.999943 -0.0106585 -1.16362 0.0573304 0.0106585 0.998298 186.545
0.998338 -0.000320739 -0.0576288 70.9454 -0.000320739 0.999938 -0.0111216 -1.18054 0.0576288 0.0111216 0.998276 187.38
0.998245 -0.000268401 -0.0592152 70.8819 -0.000268401 0.999959 -0.00905715 -1.19077 0.0592152 0.00905715 0.998204 188.394
0.99819 -0.000145948 -0.0601369 70.8489 -0.000145948 0.999988 -0.00484943 -1.21543 0.0601369 0.00484943 0.998178 189.133
0.998187 -5.91179e-005 -0.0601894 70.7769 -5.91179e-005 0.999998 -0.00196261 -1.22903 0.0601894 0.00196261 0.998185 190.028
0.998165 -7.57481e-005 -0.0605595 70.7212 -7.57481e-005 0.999997 -0.00249931 -1.24057 0.0605595 0.00249931 0.998161 190.842
0.998078 -0.000185528 -0.0619656 70.6799 -0.000185528 0.999982 -0.00598229 -1.27077 0.0619656 0.00598229 0.99806 191.697
0.998053 -0.000355731 -0.0623672 70.6174 -0.000355731 0.999935 -0.0113961 -1.28804 0.0623672 0.0113961 0.997988 192.513
0.997929 -0.000354051 -0.0643227 70.565 -0.000354051 0.999939 -0.0109968 -1.30662 0.0643227 0.0109968 0.997869 193.325
0.997807 -4.27847e-005 -0.0661871 70.5062 -4.27847e-005 0.999999 -0.00129142 -1.31911 0.0661871 0.00129142 0.997806 194.101
0.997678 0.000257379 -0.0681117 70.4538 0.000257379 0.999971 0.00754866 -1.32757 0.0681117 -0.00754866 0.997649 194.847
0.997655 0.00030553 -0.0684481 70.3959 0.00030553 0.99996 0.00891669 -1.33768 0.0684481 -0.00891669 0.997615 195.753
0.997617 7.32843e-005 -0.0689898 70.3184 7.32843e-005 0.999998 0.00212196 -1.34945 0.0689898 -0.00212196 0.997615 196.598
0.997665 -9.7216e-005 -0.0682998 70.2724 -9.7216e-005 0.999996 -0.00284341 -1.36127 0.0682998 0.00284341 0.997661 197.287
0.997706 -0.000292984 -0.0677021 70.2118 -0.000292984 0.999963 -0.00864499 -1.38037 0.0677021 0.00864499 0.997668 197.98
0.997798 -0.000408641 -0.0663268 70.1987 -0.000408641 0.999924 -0.012308 -1.40554 0.0663268 0.012308 0.997722 198.618
0.997876 -0.00056589 -0.0651377 70.1488 -0.00056589 0.999849 -0.0173554 -1.41684 0.0651377 0.0173554 0.997725 199.35
0.998232 -0.000557433 -0.0594399 70.1106 -0.000557433 0.999824 -0.0187379 -1.43128 0.0594399 0.0187379 0.998056 199.948
0.998497 -0.000377158 -0.0548067 70.0584 -0.000377158 0.999905 -0.0137522 -1.44351 0.0548067 0.0137522 0.998402 200.62
0.998835 -9.87342e-005 -0.0482535 70.0428 -9.87342e-005 0.999992 -0.00408991 -1.46007 0.0482535 0.00408991 0.998827 201.067
0.999054 1.11652e-005 -0.0434966 70.0126 1.11652e-005 1 0.000513139 -1.47039 0.0434966 -0.000513139 0.999053 201.811
0.999325 -1.01782e-005 -0.0367489 69.9874 -1.01782e-005 1 -0.000553748 -1.48489 0.0367489 0.000553748 0.999324 202.26
0.999554 -0.00012702 -0.0298485 69.9703 -0.00012702 0.999964 -0.00850895 -1.50355 0.0298485 0.00850895 0.999518 203.057
0.99975 -0.000191784 -0.0223673 69.962 -0.000191784 0.999853 -0.0171451 -1.52585 0.0223673 0.0171451 0.999603 203.672
0.999883 -0.000170944 -0.015324 69.9494 -0.000170944 0.999751 -0.0223065 -1.53854 0.015324 0.0223065 0.999634 204.295
0.999973 -7.7205e-005 -0.00736381 69.9431 -7.7205e-005 0.99978 -0.0209662 -1.55555 0.00736381 0.0209662 0.999753 204.839
0.999998 -1.70114e-005 -0.00218037 69.9554 -1.70114e-005 0.999878 -0.0156032 -1.56752 0.00218037 0.0156032 0.999876 205.299
0.99999 2.09795e-005 0.00449133 69.964 2.09795e-005 0.999956 -0.00934198 -1.58932 -0.00449133 0.00934198 0.999946 205.957
0.999952 3.88258e-005 0.00983184 69.9831 3.88258e-005 0.999969 -0.00789766 -1.60295 -0.00983184 0.00789766 0.99992 206.54
0.999907 4.7028e-005 0.0136249 69.9894 4.7028e-005 0.999976 -0.00690285 -1.61687 -0.0136249 0.00690285 0.999883 207.164
0.999876 4.34667e-005 0.0157368 69.9769 4.34667e-005 0.999985 -0.00552381 -1.62604 -0.0157368 0.00552381 0.999861 207.79
0.999893 2.5635e-005 0.0146519 69.9947 2.5635e-005 0.999994 -0.00349902 -1.63369 -0.0146519 0.00349902 0.999887 208.407
0.999915 4.77149e-006 0.0130521 70.0117 4.77149e-006 1 -0.000731115 -1.64476 -0.0130521 0.000731115 0.999915 209.044
0.999912 -6.48756e-006 0.0132832 70.0154 -6.48756e-006 1 0.000976766 -1.65519 -0.0132832 -0.000976766 0.999911 209.68
0.99992 2.46858e-005 0.0126801 70.0127 2.46858e-005 0.999992 -0.00389346 -1.66736 -0.0126801 0.00389346 0.999912 210.337
0.999926 7.89776e-005 0.0121693 70.0009 7.89776e-005 0.999916 -0.0129787 -1.67895 -0.0121693 0.0129787 0.999842 210.983
0.999946 0.000111101 0.0103703 70.0046 0.000111101 0.99977 -0.0214236 -1.69951 -0.0103703 0.0214236 0.999717 211.599
0.999976 9.03278e-005 0.00691471 70.0132 9.03278e-005 0.999659 -0.0261215 -1.71093 -0.00691471 0.0261215 0.999635 212.187
0.999994 3.50166e-005 0.00345107 70.0044 3.50166e-005 0.999794 -0.020291 -1.72549 -0.00345107 0.020291 0.999788 212.775
1 -3.48212e-006 -0.000848841 69.9885 -3.48212e-006 0.999966 -0.00820427 -1.73199 0.000848841 0.00820427 0.999966 213.306
0.999986 1.62604e-005 -0.00536611 69.9921 1.62604e-005 0.999982 0.0060603 -1.73972 0.00536611 -0.0060603 0.999967 213.834
0.999952 7.56883e-005 -0.00979815 69.9891 7.56883e-005 0.999881 0.0154482 -1.74458 0.00979815 -0.0154482 0.999833 214.571
0.999925 8.31654e-005 -0.0122562 69.9776 8.31654e-005 0.999908 0.01357 -1.74629 0.0122562 -0.01357 0.999833 215.251
0.999904 5.2351e-005 -0.0138661 69.9412 5.2351e-005 0.999971 0.00755047 -1.75522 0.0138661 -0.00755047 0.999875 215.985
0.999839 -1.01657e-005 -0.0179686 69.9222 -1.01657e-005 0.999999 -0.0011314 -1.76 0.0179686 0.0011314 0.999838 216.7
0.999799 -6.43479e-005 -0.0200323 69.9185 -6.43479e-005 0.999979 -0.00642369 -1.76279 0.0200323 0.00642369 0.999779 217.417
0.999776 -2.07572e-005 -0.0211594 69.9118 -2.07572e-005 0.999998 -0.00196176 -1.76459 0.0211594 0.00196176 0.999774 218.131
0.999746 2.22688e-005 -0.0225437 69.9005 2.22688e-005 0.999998 0.00197536 -1.76838 0.0225437 -0.00197536 0.999744 218.848
0.999696 5.87186e-005 -0.0246426 69.8911 5.87186e-005 0.999989 0.00476486 -1.78232 0.0246426 -0.00476486 0.999685 219.553
0.999648 1.74729e-005 -0.0265174 69.8908 1.74729e-005 0.999999 0.00131761 -1.78612 0.0265174 -0.00131761 0.999647 220.272
0.999652 -4.45083e-005 -0.0263918 69.8589 -4.45083e-005 0.999994 -0.00337229 -1.79902 0.0263918 0.00337229 0.999646 220.971
0.999613 -6.94718e-005 -0.0278037 69.856 -6.94718e-005 0.999988 -0.00499631 -1.80822 0.0278037 0.00499631 0.999601 221.652
0.999592 -2.6649e-005 -0.0285602 69.8344 -2.6649e-005 0.999998 -0.00186578 -1.81765 0.0285602 0.00186578 0.99959 222.334
0.999581 3.5113e-005 -0.028962 69.8094 3.5113e-005 0.999997 0.00242425 -1.8251 0.028962 -0.00242425 0.999578 223.058
0.999585 7.51017e-005 -0.0288134 69.7749 7.51017e-005 0.999986 0.00521185 -1.83203 0.0288134 -0.00521185 0.999571 223.802
0.999569 4.138e-005 -0.0293601 69.7603 4.138e-005 0.999996 0.00281818 -1.84413 0.0293601 -0.00281818 0.999565 224.532
0.999597 -6.19843e-005 -0.0283701 69.7263 -6.19843e-005 0.99999 -0.00436879 -1.85187 0.0283701 0.00436879 0.999588 225.194
0.999584 -0.000200283 -0.0288451 69.7213 -0.000200283 0.999904 -0.0138833 -1.8747 0.0288451 0.0138833 0.999487 225.982
0.999585 -0.000275398 -0.0287911 69.7028 -0.000275398 0.999817 -0.019125 -1.89208 0.0287911 0.019125 0.999402 226.575
0.99961 -0.000240659 -0.0279074 69.6842 -0.000240659 0.999851 -0.0172424 -1.91365 0.0279074 0.0172424 0.999462 227.14
0.999567 -0.000179063 -0.0294275 69.6774 -0.000179063 0.999926 -0.0121667 -1.91549 0.0294275 0.0121667 0.999493 227.688
0.999583 -5.40922e-005 -0.0288788 69.6514 -5.40922e-005 0.999993 -0.00374536 -1.94356 0.0288788 0.00374536 0.999576 228.284
0.999509 4.45901e-007 -0.031339 69.6547 4.45901e-007 1 2.84497e-005 -1.93873 0.031339 -2.84497e-005 0.999509 228.883
0.999469 5.97049e-005 -0.0325801 69.6409 5.97049e-005 0.999993 0.00366412 -1.96144 0.0325801 -0.00366412 0.999462 229.517
0.999399 9.76752e-005 -0.0346633 69.6038 9.76752e-005 0.999984 0.00563392 -1.95362 0.0346633 -0.00563392 0.999383 230.057
0.999124 0.000113911 -0.0418405 69.6232 0.000113911 0.999985 0.00544257 -1.9788 0.0418405 -0.00544257 0.999109 230.852
0.998794 8.50342e-005 -0.0490964 69.578 8.50342e-005 0.999994 0.00346187 -1.98046 0.0490964 -0.00346187 0.998788 231.356
0.99817 -8.90642e-006 -0.0604658 69.543 -8.90642e-006 1 -0.000294324 -1.99484 0.0604658 0.000294324 0.99817 231.923
0.997212 -0.000136134 -0.0746251 69.5016 -0.000136134 0.999993 -0.00364339 -2.00813 0.0746251 0.00364339 0.997205 232.398
0.995608 -0.000280504 -0.0936248 69.4337 -0.000280504 0.999982 -0.00597888 -2.00597 0.0936248 0.00597888 0.99559 232.9
0.993293 -0.000283993 -0.115628 69.3675 -0.000283993 0.999988 -0.00489568 -2.01771 0.115628 0.00489568 0.993281 233.365
0.990126 -0.00011582 -0.140177 69.2834 -0.00011582 0.999999 -0.00164431 -2.02009 0.140177 0.00164431 0.990125 233.782
0.985827 0.000141728 -0.167767 69.1806 0.000141728 0.999999 0.00167761 -2.02506 0.167767 -0.00167761 0.985825 234.221
0.979922 0.000208658 -0.199383 69.0671 0.000208658 0.999998 0.00207203 -2.03817 0.199383 -0.00207203 0.97992 234.629
0.972033 1.52192e-005 -0.234843 68.8707 1.52192e-005 1 0.0001278 -2.04207 0.234843 -0.0001278 0.972033 235.232
0.961484 -0.000224112 -0.274861 68.722 -0.000224112 0.999999 -0.00159933 -2.05127 0.274861 0.00159933 0.961483 235.623
0.948495 -0.000369681 -0.316791 68.5514 -0.000369681 0.999997 -0.00227381 -2.0582 0.316791 0.00227381 0.948493 235.973
0.932356 -0.000102523 -0.361542 68.3756 -0.000102523 1 -0.000547961 -2.05605 0.361542 0.000547961 0.932356 236.322
0.913441 0.000662436 -0.406971 68.1707 0.000662436 0.999995 0.00311454 -2.05823 0.406971 -0.00311454 0.913436 236.637
0.890791 0.00221421 -0.454408 67.9369 0.00221421 0.999955 0.0092131 -2.06252 0.454408 -0.0092131 0.890746 236.951
0.865234 0.00460459 -0.501347 67.6959 0.00460459 0.999843 0.0171297 -2.06451 0.501347 -0.0171297 0.865077 237.223
0.834654 0.00697669 -0.55073 67.4561 0.00697669 0.999706 0.0232378 -2.0615 0.55073 -0.0232378 0.83436 237.507
0.802667 0.00986064 -0.596346 67.1694 0.00986064 0.999507 0.0297991 -2.05583 0.596346 -0.0297991 0.802174 237.745
0.765773 0.0134877 -0.64297 66.8869 0.0134877 0.999223 0.0370246 -2.04117 0.64297 -0.0370246 0.764996 238.016
0.728307 0.0196854 -0.684968 66.5677 0.0196854 0.998574 0.0496291 -2.03307 0.684968 -0.0496291 0.726881 238.247
0.689337 0.0264077 -0.72396 66.2217 0.0264077 0.997755 0.0615396 -2.01145 0.72396 -0.0615396 0.687092 238.484
0.648938 0.0326374 -0.760141 65.8051 0.0326374 0.996966 0.0706686 -1.99151 0.760141 -0.0706686 0.645904 238.713
0.605591 0.0367263 -0.794928 65.4159 0.0367263 0.99658 0.0740216 -1.96344 0.794928 -0.0740216 0.602171 238.93
0.560799 0.0410096 -0.826935 64.938 0.0410096 0.996171 0.0772136 -1.93976 0.826935 -0.0772136 0.55697 239.14
0.513049 0.0422299 -0.85732 64.5018 0.0422299 0.996338 0.0743495 -1.91441 0.85732 -0.0743495 0.509387 239.313
0.462329 0.0415316 -0.885736 63.9878 0.0415316 0.996792 0.0684173 -1.89996 0.885736 -0.0684173 0.45912 239.514
0.409845 0.0392615 -0.91131 63.5693 0.0392615 0.997388 0.0606271 -1.86432 0.91131 -0.0606271 0.407233 239.629
0.357404 0.0398737 -0.933098 63.0273 0.0398737 0.997526 0.0578996 -1.85448 0.933098 -0.0578996 0.35493 239.746
0.307288 0.0431847 -0.950636 62.522 0.0431847 0.997308 0.0592641 -1.82763 0.950636 -0.0592641 0.304596 239.842
0.259419 0.047717 -0.964585 62.0587 0.047717 0.996926 0.0621499 -1.80789 0.964585 -0.0621499 0.256344 239.889
0.213127 0.0502906 -0.975729 61.5466 0.0502906 0.996786 0.0623608 -1.7845 0.975729 -0.0623608 0.209912 239.953
0.171997 0.0545695 -0.983585 61.0476 0.0545695 0.996404 0.0648231 -1.76119 0.983585 -0.0648231 0.168401 239.941
0.131108 0.0553125 -0.989824 60.3849 0.0553125 0.996479 0.0630109 -1.7351 0.989824 -0.0630109 0.127587 239.99
0.096022 0.0583375 -0.993668 59.7317 0.0583375 0.996235 0.0641256 -1.70384 0.993668 -0.0641256 0.0922572 240.054
0.067984 0.0611103 -0.995813 59.1997 0.0611103 0.995993 0.0652934 -1.67526 0.995813 -0.0652934 0.0639771 239.983
0.0428748 0.0629031 -0.997098 58.7361 0.0629031 0.995866 0.0655301 -1.64404 0.997098 -0.0655301 0.0387408 239.986
0.0210877 0.0668439 -0.997541 58.1426 0.0668439 0.995436 0.0681159 -1.61688 0.997541 -0.0681159 0.0165234 239.963
0.00350288 0.0712326 -0.997454 57.6298 0.0712326 0.994908 0.071301 -1.58864 0.997454 -0.071301 -0.00158904 239.924
-0.0100004 0.0757935 -0.997073 57.0715 0.0757935 0.994312 0.0748234 -1.55452 0.997073 -0.0748234 -0.0156882 239.877
-0.0199982 0.0788378 -0.996687 56.5591 0.0788378 0.993906 0.077036 -1.52408 0.996687 -0.077036 -0.0260918 239.859
-0.0256449 0.079229 -0.996527 56.0269 0.079229 0.99388 0.0769796 -1.48612 0.996527 -0.0769796 -0.0317652 239.824
-0.0310679 0.0787523 -0.99641 55.4071 0.0787523 0.993985 0.0761051 -1.44642 0.99641 -0.0761051 -0.037083 239.823
-0.0325709 0.0786063 -0.996374 54.8051 0.0786063 0.994016 0.0758508 -1.39917 0.996374 -0.0758508 -0.038555 239.786
-0.0353575 0.0789686 -0.99625 54.1822 0.0789686 0.993977 0.0759858 -1.35769 0.99625 -0.0759858 -0.0413806 239.781
-0.0356667 0.0788486 -0.996248 53.5171 0.0788486 0.993997 0.0758475 -1.31027 0.996248 -0.0758475 -0.0416697 239.75
-0.0357504 0.0781034 -0.996304 52.8424 0.0781034 0.99411 0.0751288 -1.26254 0.996304 -0.0751288 -0.04164 239.73
-0.0369546 0.0723199 -0.996697 52.1422 0.0723199 0.994956 0.0695122 -1.21111 0.996697 -0.0695122 -0.0419984 239.727
-0.03594 0.0705757 -0.996859 51.4197 0.0705757 0.995192 0.0679132 -1.1628 0.996859 -0.0679132 -0.0407482 239.693
-0.0336087 0.0700306 -0.996979 50.6927 0.0700306 0.995255 0.0675488 -1.11419 0.996979 -0.0675488 -0.0383535 239.653
-0.0317684 0.0714677 -0.996937 50.056 0.0714677 0.99505 0.069055 -1.07597 0.996937 -0.069055 -0.0367188 239.621
-0.0314789 0.070718 -0.997 49.2264 0.070718 0.995152 0.0683541 -1.01961 0.997 -0.0683541 -0.0363273 239.607
-0.0308112 0.0695003 -0.997106 48.5253 0.0695003 0.995314 0.0672278 -0.959012 0.997106 -0.0672278 -0.0354972 239.586
-0.0287361 0.0673061 -0.997318 47.6884 0.0673061 0.995596 0.0652506 -0.906712 0.997318 -0.0652506 -0.0331396 239.537
-0.0278974 0.0636515 -0.997582 46.9207 0.0636515 0.996058 0.0617742 -0.85162 0.997582 -0.0617742 -0.031839 239.529
-0.0268067 0.0617395 -0.997732 46.0854 0.0617395 0.996288 0.0599913 -0.812912 0.997732 -0.0599913 -0.030519 239.497
-0.0218247 0.0653702 -0.997622 45.2849 0.0653702 0.995818 0.0638219 -0.76472 0.997622 -0.0638219 -0.0260067 239.432
-0.0243236 0.0611182 -0.997834 44.5564 0.0611182 0.996353 0.0595377 -0.717573 0.997834 -0.0595377 -0.0279703 239.444
-0.0232442 0.0589905 -0.997988 43.5983 0.0589905 0.996599 0.0575345 -0.66702 0.997988 -0.0575345 -0.026645 239.413
-0.0227031 0.0596831 -0.997959 42.7855 0.0596831 0.996517 0.0582391 -0.623745 0.997959 -0.0582391 -0.0261861 239.385
-0.0208333 0.0599595 -0.997983 41.9182 0.0599595 0.996478 0.0586173 -0.599555 0.997983 -0.0586173 -0.024355 239.313
-0.0227699 0.0600727 -0.997934 41.1522 0.0600727 0.996472 0.058614 -0.564963 0.997934 -0.058614 -0.0262982 239.3
-0.023717 0.0564937 -0.998121 40.2183 0.0564937 0.996882 0.0550812 -0.523092 0.998121 -0.0550812 -0.0268346 239.257
-0.0264203 0.0560829 -0.998076 39.3896 0.0560829 0.996936 0.0545342 -0.478795 0.998076 -0.0545342 -0.0294846 239.225
-0.0308793 0.0522372 -0.998157 38.4852 0.0522372 0.997353 0.050579 -0.437849 0.998157 -0.050579 -0.0335263 239.194
-0.034145 0.0523528 -0.998045 37.5297 0.0523528 0.99735 0.0505252 -0.391869 0.998045 -0.0505252 -0.0367953 239.157
-0.0346435 0.0536655 -0.997958 36.4998 0.0536655 0.997216 0.0517627 -0.344683 0.997958 -0.0517627 -0.037427 239.084
-0.0355111 0.0519324 -0.998019 35.386 0.0519324 0.997396 0.0500522 -0.314319 0.998019 -0.0500522 -0.0381156 238.99
-0.0425585 0.0556601 -0.997542 34.2588 0.0556601 0.997028 0.0532568 -0.255887 0.997542 -0.0532568 -0.0455301 239.027
-0.0411177 0.0532748 -0.997733 33.087 0.0532748 0.997274 0.0510548 -0.208619 0.997733 -0.0510548 -0.0438438 238.846
-0.0403245 0.0579686 -0.997504 31.9439 0.0579686 0.99677 0.0555825 -0.171608 0.997504 -0.0555825 -0.0435546 238.784
-0.0418003 0.061795 -0.997213 30.7452 0.061795 0.996335 0.0591503 -0.108005 0.997213 -0.0591503 -0.0454657 238.735
-0.0391012 0.0661287 -0.997045 29.5575 0.0661287 0.995792 0.0634522 -0.0565144 0.997045 -0.0634522 -0.0433096 238.593
-0.0411105 0.0645958 -0.997064 28.3995 0.0645958 0.995992 0.0618629 -0.00303455 0.997064 -0.0618629 -0.0451183 238.525
-0.0400469 0.0666558 -0.996972 27.1229 0.0666558 0.995728 0.0638952 0.0459802 0.996972 -0.0638952 -0.0443188 238.466
-0.0420267 0.066626 -0.996893 25.6557 0.066626 0.99574 0.0637402 0.166884 0.996893 -0.0637402 -0.0462867 238.453
-0.0371345 0.0662153 -0.997114 24.3783 0.0662153 0.995773 0.0636602 0.174883 0.997114 -0.0636602 -0.041362 238.354
-0.0404947 0.0579104 -0.9975 22.9142 0.0579104 0.996777 0.0555174 0.302848 0.9975 -0.0555174 -0.0437178 238.286
-0.0326797 0.0582386 -0.997768 21.5517 0.0582386 0.996716 0.0562697 0.352808 0.997768 -0.0562697 -0.0359641 238.108
-0.0332868 0.0474533 -0.998319 20.2258 0.0474533 0.997821 0.0458474 0.414303 0.998319 -0.0458474 -0.0354661 238.122
-0.0332868 0.0474533 -0.998319 18.8998 0.0474533 0.997821 0.0458474 0.475797 0.998319 -0.0458474 -0.0354661 238.137
-0.0282473 0.0495973 -0.99837 17.5827 0.0495973 0.997608 0.0481562 0.540211 0.99837 -0.0481562 -0.0306396 237.998
-0.0286833 0.0420894 -0.998702 16.5533 0.0420894 0.998278 0.0408627 0.523911 0.998702 -0.0408627 -0.0304054 238.018
-0.0243942 0.0476824 -0.998565 15.4964 0.0476824 0.997781 0.0464801 0.563325 0.998565 -0.0464801 -0.0266136 237.948
-0.0235529 0.0429007 -0.998802 14.5517 0.0429007 0.998202 0.0418633 0.588313 0.998802 -0.0418633 -0.025351 237.894
-0.0241845 0.0480772 -0.998551 13.7552 0.0480772 0.997743 0.0468739 0.626381 0.998551 -0.0468739 -0.0264413 237.888
-0.0271429 0.0456901 -0.998587 12.7962 0.0456901 0.997968 0.0444199 0.651716 0.998587 -0.0444199 -0.0291753 237.858
-0.0320389 0.0460987 -0.998423 11.9066 0.0460987 0.997941 0.0445972 0.695781 0.998423 -0.0445972 -0.034098 237.857
-0.0327123 0.0459859 -0.998406 10.8882 0.0459859 0.997952 0.0444583 0.688261 0.998406 -0.0444583 -0.0347601 237.775
-0.0392892 0.04696 -0.998124 9.99111 0.04696 0.997878 0.0451 0.714248 0.998124 -0.0451 -0.0414111 237.776
-0.0409346 0.047687 -0.998023 9.01275 0.047687 0.997815 0.0457212 0.729612 0.998023 -0.0457212 -0.0431192 237.678
-0.0458069 0.0526074 -0.997564 8.17438 0.0526074 0.997354 0.0501806 0.760342 0.997564 -0.0501806 -0.0484532 237.628
-0.0503068 0.052022 -0.997378 7.33568 0.052022 0.997423 0.0494005 0.794452 0.997378 -0.0494005 -0.0528835 237.571
-0.0543993 0.0558623 -0.996955 6.39866 0.0558623 0.99704 0.0528189 0.82749 0.996955 -0.0528189 -0.0573589 237.497
-0.0579257 0.0586299 -0.996598 5.51799 0.0586299 0.996751 0.0552311 0.858755 0.996598 -0.0552311 -0.061175 237.433
-0.0616733 0.0625983 -0.996131 4.54023 0.0625983 0.996309 0.0587338 0.897473 0.996131 -0.0587338 -0.0653642 237.352
-0.0645246 0.0665497 -0.995695 3.43556 0.0665497 0.99584 0.0622467 0.94309 0.995695 -0.0622467 -0.068685 237.271
-0.0624864 0.0769894 -0.995072 2.47718 0.0769894 0.994421 0.0721045 0.997964 0.995072 -0.0721045 -0.0680652 237.143
-0.068567 0.0724452 -0.995013 1.52895 0.0724452 0.995088 0.0674585 1.03433 0.995013 -0.0674585 -0.0734786 237.109
-0.0633178 0.0814824 -0.994661 0.772471 0.0814824 0.993756 0.0762212 1.08876 0.994661 -0.0762212 -0.0695618 236.991
-0.0680385 0.0798585 -0.994481 -0.0424836 0.0798585 0.994029 0.0743586 1.09675 0.994481 -0.0743586 -0.0740096 236.968
-0.0640724 0.0855249 -0.994274 -0.700412 0.0855249 0.993126 0.0799148 1.14007 0.994274 -0.0799148 -0.0709465 236.856
-0.0662668 0.0854836 -0.994133 -1.50879 0.0854836 0.993147 0.0797006 1.18476 0.994133 -0.0797006 -0.0731201 236.827
-0.061066 0.0928689 -0.993804 -2.15786 0.0928689 0.991872 0.0869819 1.22816 0.993804 -0.0869819 -0.0691942 236.736
-0.0644762 0.0890768 -0.993936 -2.91315 0.0890768 0.992546 0.0831739 1.28421 0.993936 -0.0831739 -0.0719302 236.721
-0.0609468 0.0898831 -0.994086 -3.61369 0.0898831 0.992385 0.0842187 1.33488 0.994086 -0.0842187 -0.0685617 236.665
-0.0612284 0.0881179 -0.994226 -4.35043 0.0881179 0.992683 0.0825545 1.38993 0.994226 -0.0825545 -0.0685452 236.664
-0.0589625 0.0858264 -0.994564 -5.06976 0.0858264 0.993044 0.080607 1.43009 0.994564 -0.080607 -0.0659185 236.601
-0.0547779 0.0888924 -0.994534 -5.92265 0.0888924 0.992509 0.0838153 1.49327 0.994534 -0.0838153 -0.0622694 236.557
-0.049875 0.0859182 -0.995053 -6.71787 0.0859182 0.992969 0.0814318 1.52628 0.995053 -0.0814318 -0.0569062 236.421
-0.0412574 0.0821842 -0.995763 -7.57427 0.0821842 0.993513 0.0785934 1.65937 0.995763 -0.0785934 -0.047744 236.122
-0.0399704 0.0846754 -0.995607 -9.20007 0.0846754 0.993106 0.0810632 1.74993 0.995607 -0.0810632 -0.0468647 236.17
-0.0399704 0.0846754 -0.995607 -10.8259 0.0846754 0.993106 0.0810632 1.84049 0.995607 -0.0810632 -0.0468647 236.218
-0.0340815 0.083509 -0.995924 -11.0046 0.083509 0.993256 0.0804275 1.87938 0.995924 -0.0804275 -0.0408254 236.127
-0.0325793 0.0818644 -0.996111 -13.3692 0.0818644 0.99351 0.0789731 1.99432 0.996111 -0.0789731 -0.0390697 236.118
-0.0270812 0.0806574 -0.996374 -14.1439 0.0806574 0.993666 0.078246 2.06903 0.996374 -0.078246 -0.0334153 236.082
-0.0228174 0.0811183 -0.996443 -15.7139 0.0811183 0.993567 0.0790266 2.11253 0.996443 -0.0790266 -0.0292508 236.013
-0.0187958 0.0784545 -0.99674 -16.6866 0.0784545 0.993958 0.0767561 2.26218 0.99674 -0.0767561 -0.0248373 236.069
-0.0143106 0.0785661 -0.996806 -17.8581 0.0785661 0.993914 0.0772102 2.23624 0.996806 -0.0772102 -0.0203962 235.914
-0.0093051 0.0782175 -0.996893 -19.0301 0.0782175 0.993938 0.0772556 2.42807 0.996893 -0.0772556 -0.0153667 236.016
-0.00106125 0.0811698 -0.9967 -20.0514 0.0811698 0.993418 0.0808161 2.40853 0.9967 -0.0808161 -0.0076428 235.913
0.00114905 0.0776869 -0.996977 -21.1757 0.0776869 0.993958 0.0775412 2.56551 0.996977 -0.0775412 -0.00489315 236.018
0.0145551 0.0753739 -0.997049 -21.7019 0.0753739 0.994235 0.0762614 2.58058 0.997049 -0.0762614 0.00878998 235.988
0.0145551 0.0753739 -0.997049 -22.2281 0.0753739 0.994235 0.0762614 2.59565 0.997049 -0.0762614 0.00878998 235.958
0.0181786 0.0712836 -0.99729 -22.4323 0.0712836 0.994825 0.0724068 2.64845 0.99729 -0.0724068 0.0130032 236.064
0.0267027 0.0721243 -0.997038 -23.975 0.0721243 0.994655 0.0738836 2.69916 0.997038 -0.0738836 0.021358 235.956
0.0289826 0.0682727 -0.997246 -23.1546 0.0682727 0.9952 0.0701168 2.68323 0.997246 -0.0701168 0.0241823 236.097
0.0364086 0.069622 -0.996909 -25.5201 0.069622 0.99497 0.0720292 2.78437 0.996909 -0.0720292 0.0313783 236.046
0.03864 0.067549 -0.996967 -23.7849 0.067549 0.995254 0.0700509 2.71963 0.996967 -0.0700509 0.0338937 236.12
0.0461446 0.0710306 -0.996406 -26.8691 0.0710306 0.994711 0.0741992 2.83512 0.996406 -0.0741992 0.0408552 236.055
0.047088 0.0659122 -0.996714 -25.8789 0.0659122 0.995441 0.068942 2.81852 0.996714 -0.068942 0.0425289 236.133
0.0525067 0.0655714 -0.996465 -28.0125 0.0655714 0.995462 0.0689606 2.89369 0.996465 -0.0689606 0.0479688 236.163
0.0533721 0.0622621 -0.996632 -26.8267 0.0622621 0.995905 0.065551 2.84512 0.996632 -0.065551 0.0492769 236.191
0.0586144 0.0637978 -0.99624 -28.961 0.0637978 0.995676 0.0675153 2.94661 0.99624 -0.0675153 0.0542908 236.173
0.0573246 0.0577402 -0.996684 -28.0703 0.0577402 0.996463 0.0610483 2.91461 0.996684 -0.0610483 0.0537879 236.201
0.0573246 0.0577402 -0.996684 -27.1795 0.0577402 0.996463 0.0610483 2.88262 0.996684 -0.0610483 0.0537879 236.229
0.0608569 0.0642668 -0.996075 -29.2782 0.0642668 0.995602 0.0681628 2.96412 0.996075 -0.0681628 0.056459 236.196
0.0544271 0.0528016 -0.997121 -28.6871 0.0528016 0.997052 0.0556801 2.95398 0.997121 -0.0556801 0.0514786 236.22
0.0544271 0.0528016 -0.997121 -28.096 0.0528016 0.997052 0.0556801 2.94384 0.997121 -0.0556801 0.0514786 236.244
0.0544271 0.0528016 -0.997121 -27.5049 0.0528016 0.997052 0.0556801 2.93371 0.997121 -0.0556801 0.0514786 236.268
0.066108 0.0648483 -0.995703 -27.7073 0.0648483 0.995497 0.0691404 2.93831 0.995703 -0.0691404 0.061605 236.254
0.066108 0.0648483 -0.995703 -27.9097 0.0648483 0.995497 0.0691404 2.94291 0.995703 -0.0691404 0.061605 236.239
0.066108 0.0648483 -0.995703 -28.1121 0.0648483 0.995497 0.0691404 2.94752 0.995703 -0.0691404 0.061605 236.224
0.066108 0.0648483 -0.995703 -28.3145 0.0648483 0.995497 0.0691404 2.95212 0.995703 -0.0691404 0.061605 236.21
0.066108 0.0648483 -0.995703 -28.5168 0.0648483 0.995497 0.0691404 2.95673 0.995703 -0.0691404 0.061605 236.195
0.066108 0.0648483 -0.995703 -28.7192 0.0648483 0.995497 0.0691404 2.96133 0.995703 -0.0691404 0.061605 236.181
0.066108 0.0648483 -0.995703 -28.9216 0.0648483 0.995497 0.0691404 2.96593 0.995703 -0.0691404 0.061605 236.166
0.066108 0.0648483 -0.995703 -29.124 0.0648483 0.995497 0.0691404 2.97054 0.995703 -0.0691404 0.061605 236.152
0.066108 0.0648483 -0.995703 -29.3264 0.0648483 0.995497 0.0691404 2.97514 0.995703 -0.0691404 0.061605 236.137
0.066108 0.0648483 -0.995703 -29.5288 0.0648483 0.995497 0.0691404 2.97974 0.995703 -0.0691404 0.061605 236.123
0.066108 0.0648483 -0.995703 -29.7312 0.0648483 0.995497 0.0691404 2.98435 0.995703 -0.0691404 0.061605 236.108
0.0557545 0.0497347 -0.997205 -29.4978 0.0497347 0.99738 0.0525241 2.98104 0.997205 -0.0525241 0.0531349 236.136
0.0557545 0.0497347 -0.997205 -29.2644 0.0497347 0.99738 0.0525241 2.97774 0.997205 -0.0525241 0.0531349 236.164
0.0557545 0.0497347 -0.997205 -29.0309 0.0497347 0.99738 0.0525241 2.97443 0.997205 -0.0525241 0.0531349 236.192
0.0557545 0.0497347 -0.997205 -28.7975 0.0497347 0.99738 0.0525241 2.97113 0.997205 -0.0525241 0.0531349 236.22
0.0557545 0.0497347 -0.997205 -28.564 0.0497347 0.99738 0.0525241 2.96782 0.997205 -0.0525241 0.0531349 236.248
0.0557545 0.0497347 -0.997205 -28.3306 0.0497347 0.99738 0.0525241 2.96451 0.997205 -0.0525241 0.0531349 236.276
0.0557545 0.0497347 -0.997205 -28.0972 0.0497347 0.99738 0.0525241 2.96121 0.997205 -0.0525241 0.0531349 236.303
0.0686649 0.0637428 -0.995601 -29.994 0.0637428 0.995637 0.0681414 3.00838 0.995601 -0.0681414 0.0643022 236.118
0.0606061 0.0498121 -0.996918 -29.168 0.0498121 0.997359 0.0528624 2.99237 0.996918 -0.0528624 0.0579648 236.218
0.0606061 0.0498121 -0.996918 -28.342 0.0498121 0.997359 0.0528624 2.97637 0.996918 -0.0528624 0.0579648 236.319
0.0762507 0.0628282 -0.995107 -30.2549 0.0628282 0.995727 0.0676816 3.02169 0.995107 -0.0676816 0.0719775 236.139
