1 -8.22789e-007 -0.00085052 -0.0332714 -8.22789e-007 0.999998 -0.00193479 -0.0106501 0.00085052 0.00193479 0.999998 0.665833
1 -1.71017e-006 -0.000963462 -0.102903 -1.71017e-006 0.999994 -0.00355004 -0.0155367 0.000963462 0.00355004 0.999993 1.32564
0.99995 -2.10532e-005 -0.00997822 -0.112149 -2.10532e-005 0.999991 -0.00421972 -0.0328396 0.00997822 0.00421972 0.999941 1.99822
0.99995 -2.10532e-005 -0.00997822 -0.121396 -2.10532e-005 0.999991 -0.00421972 -0.0501425 0.00997822 0.00421972 0.999941 2.67081
0.999898 -2.95819e-005 -0.0142756 -0.135179 -2.95819e-005 0.999991 -0.00414417 -0.0603854 0.0142756 0.00414417 0.99989 3.43743
0.999864 -4.49715e-005 -0.0164619 -0.179493 -4.49715e-005 0.999985 -0.00546328 -0.0665818 0.0164619 0.00546328 0.99985 4.16951
0.999772 -6.36651e-005 -0.0213636 -0.213697 -6.36651e-005 0.999982 -0.00595942 -0.0739049 0.0213636 0.00595942 0.999754 4.94047
0.999685 -5.12804e-005 -0.0250781 -0.246925 -5.12804e-005 0.999992 -0.00408901 -0.0848313 0.0250781 0.00408901 0.999677 5.74029
0.999581 -2.70582e-005 -0.0289337 -0.275783 -2.70582e-005 0.999998 -0.00186997 -0.0883699 0.0289337 0.00186997 0.99958 6.58613
0.999524 1.22319e-005 -0.0308623 -0.325316 1.22319e-005 1 0.000792484 -0.0977649 0.0308623 -0.000792484 0.999523 7.39974
0.999451 4.4038e-006 -0.0331204 -0.368523 4.4038e-006 1 0.000265854 -0.103991 0.0331204 -0.000265854 0.999451 8.23341
0.99946 4.08799e-006 -0.0328653 -0.437591 4.08799e-006 1 0.000248705 -0.110763 0.0328653 -0.000248705 0.99946 9.05337
0.999384 -6.03233e-006 -0.0350844 -0.462193 -6.03233e-006 1 -0.000343769 -0.117393 0.0350844 0.000343769 0.999384 9.88183
0.999272 2.28656e-005 -0.0381511 -0.468599 2.28656e-005 0.999999 0.00119825 -0.133532 0.0381511 -0.00119825 0.999271 10.6855
0.999082 2.55762e-005 -0.0428368 -0.461662 2.55762e-005 0.999999 0.00119358 -0.145366 0.0428368 -0.00119358 0.999081 11.5219
0.999042 -1.80446e-005 -0.0437698 -0.51711 -1.80446e-005 1 -0.000824126 -0.1545 0.0437698 0.000824126 0.999041 12.3387
0.999033 -7.38507e-005 -0.0439698 -0.56931 -7.38507e-005 0.999994 -0.00335752 -0.163223 0.0439698 0.00335752 0.999027 13.1637
0.999019 -0.000106422 -0.0442804 -0.634484 -0.000106422 0.999988 -0.00480433 -0.171326 0.0442804 0.00480433 0.999008 13.9917
0.998941 -8.37714e-005 -0.0460119 -0.670087 -8.37714e-005 0.999993 -0.00363935 -0.191277 0.0460119 0.00363935 0.998934 14.8292
0.99883 -6.52058e-005 -0.0483554 -0.690393 -6.52058e-005 0.999996 -0.00269536 -0.20059 0.0483554 0.00269536 0.998827 15.6592
0.998754 -2.80549e-005 -0.0498952 -0.738321 -2.80549e-005 0.999999 -0.00112385 -0.209472 0.0498952 0.00112385 0.998754 16.5135
0.998706 -2.56661e-005 -0.0508535 -0.757655 -2.56661e-005 0.999999 -0.00100876 -0.223947 0.0508535 0.00100876 0.998706 17.3221
0.998622 -4.44998e-005 -0.0524801 -0.803402 -4.44998e-005 0.999999 -0.0016947 -0.235595 0.0524801 0.0016947 0.998621 18.1497
0.998515 -6.79602e-005 -0.0544834 -0.836614 -6.79602e-005 0.999997 -0.00249286 -0.248465 0.0544834 0.00249286 0.998512 18.9947
0.99849 -4.45677e-005 -0.0549377 -0.884968 -4.45677e-005 0.999999 -0.00162126 -0.253559 0.0549377 0.00162126 0.998488 19.8322
0.998487 5.22866e-005 -0.0549839 -0.929476 5.22866e-005 0.999998 0.00190045 -0.265747 0.0549839 -0.00190045 0.998485 20.6509
0.998402 0.000161316 -0.056513 -0.943314 0.000161316 0.999984 0.00570438 -0.290526 0.056513 -0.00570438 0.998386 21.5213
0.998554 0.000221709 -0.0537637 -1.01055 0.000221709 0.999966 0.00824144 -0.287462 0.0537637 -0.00824144 0.99852 22.4246
0.998765 0.000161 -0.0496889 -1.03797 0.000161 0.999979 0.00647624 -0.296604 0.0496889 -0.00647624 0.998744 23.3164
0.998765 0.000161 -0.0496889 -1.0654 0.000161 0.999979 0.00647624 -0.305747 0.0496889 -0.00647624 0.998744 24.2082
0.998923 3.56754e-005 -0.0463925 -1.14924 3.56754e-005 0.999999 0.00153715 -0.30225 0.0463925 -0.00153715 0.998922 25.1237
0.998996 -3.71412e-005 -0.0448076 -1.19363 -3.71412e-005 0.999999 -0.00165697 -0.304834 0.0448076 0.00165697 0.998994 26.0244
0.999022 -1.25099e-005 -0.0442078 -1.22838 -1.25099e-005 1 -0.000565685 -0.320379 0.0442078 0.000565685 0.999022 26.9116
0.998984 0.000100177 -0.0450647 -1.26091 0.000100177 0.99999 0.00444366 -0.330701 0.0450647 -0.00444366 0.998974 27.8189
0.998985 0.000172206 -0.0450382 -1.3065 0.000172206 0.999971 0.00764311 -0.337437 0.0450382 -0.00764311 0.998956 28.7205
0.998906 0.000157909 -0.046756 -1.33158 0.000157909 0.999977 0.00675084 -0.350279 0.046756 -0.00675084 0.998884 29.6421
0.998835 6.7142e-005 -0.0482594 -1.37274 6.7142e-005 0.999996 0.00278092 -0.354405 0.0482594 -0.00278092 0.998831 30.551
0.99873 -1.93395e-005 -0.0503889 -1.41112 -1.93395e-005 1 -0.000767122 -0.364612 0.0503889 0.000767122 0.998729 31.4373
0.998623 -4.09907e-005 -0.0524679 -1.45815 -4.09907e-005 0.999999 -0.00156143 -0.371502 0.0524679 0.00156143 0.998621 32.2994
0.998594 -1.25352e-005 -0.0530074 -1.53795 -1.25352e-005 1 -0.000472627 -0.370984 0.0530074 0.000472627 0.998594 33.2231
0.998523 7.29233e-005 -0.0543276 -1.58018 7.29233e-005 0.999996 0.00268259 -0.385434 0.0543276 -0.00268259 0.99852 34.0828
0.998537 0.000115365 -0.0540739 -1.64569 0.000115365 0.999991 0.0042638 -0.39696 0.0540739 -0.0042638 0.998528 34.9722
0.998512 0.000182414 -0.0545309 -1.70374 0.000182414 0.999978 0.00668524 -0.39914 0.0545309 -0.00668524 0.99849 35.8818
0.998525 0.000255954 -0.0542945 -1.75531 0.000255954 0.999956 0.00942121 -0.400138 0.0542945 -0.00942121 0.998481 36.8092
0.998414 0.000331455 -0.0563007 -1.80489 0.000331455 0.999931 0.0117647 -0.398723 0.0563007 -0.0117647 0.998345 37.7716
0.998568 0.000315277 -0.0534904 -1.91829 0.000315277 0.999931 0.0117793 -0.404604 0.0534904 -0.0117793 0.998499 38.7738
0.998548 0.000219392 -0.0538719 -1.98084 0.000219392 0.999967 0.0081389 -0.408989 0.0538719 -0.0081389 0.998515 39.8293
0.998548 0.000219392 -0.0538719 -2.04339 0.000219392 0.999967 0.0081389 -0.413373 0.0538719 -0.0081389 0.998515 40.8847
0.998415 0.000225883 -0.0562779 -2.08754 0.000225883 0.999968 0.00802094 -0.415765 0.0562779 -0.00802094 0.998383 41.8351
0.998204 0.000268666 -0.0599138 -2.10706 0.000268666 0.99996 0.00896019 -0.41947 0.0599138 -0.00896019 0.998163 42.8107
0.998054 0.000318099 -0.0623557 -2.1542 0.000318099 0.999948 0.0101925 -0.429022 0.0623557 -0.0101925 0.998002 43.7559
0.998051 0.000208619 -0.0624054 -2.23407 0.000208619 0.999978 0.00667934 -0.434078 0.0624054 -0.00667934 0.998029 44.7333
0.998046 7.51543e-005 -0.0624885 -2.32254 7.51543e-005 0.999997 0.00240303 -0.426157 0.0624885 -0.00240303 0.998043 45.6954
0.998029 3.9685e-005 -0.0627569 -2.3826 3.9685e-005 0.999999 0.00126347 -0.433384 0.0627569 -0.00126347 0.998028 46.5877
0.99795 0.000151631 -0.063996 -2.4203 0.000151631 0.999989 0.00473387 -0.444436 0.063996 -0.00473387 0.997939 47.4873
0.997961 0.000248464 -0.063824 -2.48662 0.000248464 0.99997 0.00777784 -0.454216 0.063824 -0.00777784 0.997931 48.4
0.997925 0.000274974 -0.0643855 -2.54402 0.000274974 0.999964 0.00853247 -0.462359 0.0643855 -0.00853247 0.997889 49.3322
0.997929 0.000246426 -0.0643318 -2.60264 0.000246426 0.999971 0.00765304 -0.476337 0.0643318 -0.00765304 0.997899 50.2286
0.997947 0.00019072 -0.0640505 -2.66717 0.00019072 0.999982 0.00594912 -0.483095 0.0640505 -0.00594912 0.997929 51.1249
0.997999 0.000205235 -0.063224 -2.74853 0.000205235 0.999979 0.00648574 -0.483107 0.063224 -0.00648574 0.997978 52.009
0.998042 0.000310071 -0.0625391 -2.83801 0.000310071 0.999951 0.00990613 -0.483534 0.0625391 -0.00990613 0.997993 52.9187
0.997951 0.000457619 -0.0639738 -2.87948 0.000457619 0.999898 0.0142911 -0.484964 0.0639738 -0.0142911 0.997849 53.8088
0.997824 0.000533005 -0.0659277 -2.93186 0.000533005 0.999869 0.0161507 -0.482838 0.0659277 -0.0161507 0.997694 54.7441
0.99776 0.00040909 -0.0668918 -3.013 0.00040909 0.999925 0.0122172 -0.486817 0.0668918 -0.0122172 0.997685 55.7263
0.997673 0.000169886 -0.068185 -3.07937 0.000169886 0.999988 0.00497726 -0.494725 0.068185 -0.00497726 0.99766 56.6283
0.997619 1.63604e-005 -0.0689658 -3.14387 1.63604e-005 1 0.000473885 -0.509195 0.0689658 -0.000473885 0.997619 57.5012
0.997546 5.48282e-005 -0.070016 -3.20937 5.48282e-005 0.999999 0.00156424 -0.512709 0.070016 -0.00156424 0.997545 58.3553
0.99747 0.000150164 -0.0710875 -3.27811 0.000150164 0.999991 0.00421939 -0.526523 0.0710875 -0.00421939 0.997461 59.2167
0.997337 0.000204519 -0.0729288 -3.32911 0.000204519 0.999984 0.00560121 -0.537756 0.0729288 -0.00560121 0.997321 60.0516
0.997264 0.000211741 -0.0739212 -3.40544 0.000211741 0.999984 0.00572095 -0.546593 0.0739212 -0.00572095 0.997248 60.8916
0.997057 0.000278732 -0.076662 -3.48795 0.000278732 0.999974 0.00726091 -0.568247 0.076662 -0.00726091 0.997031 61.7451
0.99687 0.000301291 -0.0790591 -3.54612 0.000301291 0.999971 0.00760988 -0.574441 0.0790591 -0.00760988 0.996841 62.5723
0.996755 0.000330609 -0.0804995 -3.61566 0.000330609 0.999966 0.00820048 -0.585121 0.0804995 -0.00820048 0.996721 63.3928
0.996714 0.000365894 -0.0809991 -3.69536 0.000365894 0.999959 0.00901948 -0.589123 0.0809991 -0.00901948 0.996673 64.2006
0.996578 0.000497861 -0.0826572 -3.76086 0.000497861 0.999928 0.0120254 -0.593813 0.0826572 -0.0120254 0.996505 64.9898
0.996642 0.000654121 -0.0818833 -3.85746 0.000654121 0.999873 0.0159491 -0.592168 0.0818833 -0.0159491 0.996514 65.7921
0.996533 0.000734016 -0.0831948 -3.94873 0.000734016 0.999845 0.0176138 -0.584017 0.0831948 -0.0176138 0.996378 66.624
0.996739 0.000544965 -0.0806908 -4.09415 0.000544965 0.999909 0.0134848 -0.582493 0.0806908 -0.0134848 0.996648 67.4216
0.996498 2.20949e-005 -0.0836156 -4.15265 2.20949e-005 1 0.000527563 -0.591917 0.0836156 -0.000527563 0.996498 68.1812
0.996498 2.20949e-005 -0.0836156 -4.21114 2.20949e-005 1 0.000527563 -0.601342 0.0836156 -0.000527563 0.996498 68.9408
0.996189 3.13363e-005 -0.0872251 -4.20936 3.13363e-005 1 0.000717147 -0.626618 0.0872251 -0.000717147 0.996188 69.5841
0.996005 0.00026641 -0.0892959 -4.28253 0.00026641 0.999982 0.00595493 -0.630132 0.0892959 -0.00595493 0.995987 70.276
0.996005 0.00026641 -0.0892959 -4.3557 0.00026641 0.999982 0.00595493 -0.633646 0.0892959 -0.00595493 0.995987 70.9679
0.995975 0.000116679 -0.0896359 -4.42242 0.000116679 0.999997 0.00259816 -0.646324 0.0896359 -0.00259816 0.995971 71.6226
0.996044 -0.000359673 -0.0888599 -4.46029 -0.000359673 0.999967 -0.00807914 -0.660098 0.0888599 0.00807914 0.996011 72.2234
0.996044 -0.000359673 -0.0888599 -4.49817 -0.000359673 0.999967 -0.00807914 -0.673872 0.0888599 0.00807914 0.996011 72.8243
0.99624 -0.000358015 -0.0866409 -4.53871 -0.000358015 0.999966 -0.00824866 -0.682119 0.0866409 0.00824866 0.996205 73.3707
0.99645 -0.00019517 -0.084183 -4.57338 -0.00019517 0.999989 -0.00462854 -0.699316 0.084183 0.00462854 0.99644 73.914
0.996953 -0.000103773 -0.0780025 -4.64423 -0.000103773 0.999996 -0.0026567 -0.692575 0.0780025 0.0026567 0.99695 74.4949
0.997503 4.52381e-005 -0.0706267 -4.71507 4.52381e-005 0.999999 0.00127945 -0.703245 0.0706267 -0.00127945 0.997502 75.0681
0.998058 0.000142876 -0.0622891 -4.74278 0.000142876 0.999989 0.00458303 -0.716909 0.0622891 -0.00458303 0.998048 75.6025
0.999339 7.9548e-005 -0.0363623 -4.76705 7.9548e-005 0.99999 0.00437383 -0.722343 0.0363623 -0.00437383 0.999329 76.1027
0.999339 7.9548e-005 -0.0363623 -4.79131 7.9548e-005 0.99999 0.00437383 -0.727777 0.0363623 -0.00437383 0.999329 76.603
0.999843 4.61073e-005 -0.0177051 -4.80598 4.61073e-005 0.999986 0.00520791 -0.732961 0.0177051 -0.00520791 0.99983 77.1094
0.999989 -1.46356e-005 0.00478609 -4.79692 -1.46356e-005 0.999981 0.00611579 -0.736764 -0.00478609 -0.00611579 0.99997 77.6136
0.999521 -0.000117145 0.0309343 -4.76373 -0.000117145 0.999971 0.00757185 -0.745626 -0.0309343 -0.00757185 0.999493 78.0902
0.998161 -0.000289318 0.0606199 -4.72218 -0.000289318 0.999954 0.0095363 -0.750968 -0.0606199 -0.0095363 0.998115 78.5403
0.99567 -0.000536921 0.0929569 -4.64976 -0.000536921 0.999933 0.0115266 -0.75871 -0.0929569 -0.0115266 0.995603 79.008
0.991446 -0.000819985 0.130513 -4.56571 -0.000819985 0.999921 0.0125113 -0.764425 -0.130513 -0.0125113 0.991368 79.4773
0.984866 -0.00109866 0.173314 -4.48547 -0.00109866 0.99992 0.0125818 -0.763932 -0.173314 -0.0125818 0.984786 79.9142
0.975709 -0.00141443 0.219065 -4.37576 -0.00141443 0.999918 0.0127559 -0.76588 -0.219065 -0.0127559 0.975627 80.3436
0.963649 -0.00148037 0.267168 -4.21773 -0.00148037 0.99994 0.0108802 -0.771673 -0.267168 -0.0108802 0.963589 80.7497
0.947461 -0.00144409 0.319869 -4.05475 -0.00144409 0.99996 0.00879192 -0.778815 -0.319869 -0.00879192 0.947421 81.1332
0.926969 -0.00138918 0.375136 -3.86754 -0.00138918 0.999974 0.00713571 -0.779723 -0.375136 -0.00713571 0.926942 81.5075
0.902494 -0.00131422 0.4307 -3.64527 -0.00131422 0.999982 0.00580513 -0.77608 -0.4307 -0.00580513 0.902477 81.8573
0.873549 -0.00133338 0.486734 -3.40706 -0.00133338 0.999986 0.00513246 -0.776165 -0.486734 -0.00513246 0.873535 82.1706
0.839646 -0.00165757 0.543132 -3.15581 -0.00165757 0.999983 0.00561431 -0.780966 -0.543132 -0.00561431 0.839629 82.4783
0.802098 -0.00178938 0.597189 -2.89044 -0.00178938 0.999984 0.00539966 -0.7884 -0.597189 -0.00539966 0.802082 82.7685
0.761471 -0.00236074 0.648194 -2.60896 -0.00236074 0.999977 0.00641524 -0.790789 -0.648194 -0.00641524 0.761448 83.0428
0.718689 -0.00289144 0.695326 -2.29913 -0.00289144 0.99997 0.00714687 -0.787509 -0.695326 -0.00714687 0.718659 83.2953
0.673412 -0.00368243 0.739258 -1.9756 -0.00368243 0.999958 0.00833548 -0.789762 -0.739258 -0.00833548 0.673371 83.5241
0.626226 -0.00462537 0.779628 -1.63519 -0.00462537 0.999943 0.00964772 -0.787641 -0.779628 -0.00964772 0.626169 83.7419
0.578836 -0.006791 0.815415 -1.29745 -0.006791 0.99989 0.0131481 -0.797941 -0.815415 -0.0131481 0.578727 83.9259
