0.666749 0.860443
0.665117 0.859327
0.668995 0.860438
0.668995 0.85943
0.717906 0.860435
0.725676 0.859398
0.748714 0.860538
0.774649 0.859446
0.777056 0.860306
0.796112 0.860598
0.815464 0.859134
0.81918 0.860432
0.824015 0.860357
0.813923 0.859593
0.825216 0.855871
0.821978 0.863667
0.824327 0.870724
0.827463 0.881615
0.833005 0.891922
0.83167 0.901721
0.843677 0.906165
0.826322 0.913045
0.82759 0.9151
0.836712 0.918507
0.837782 0.928696
0.828876 0.936147
0.849891 0.937333
0.877845 0.944008
0.885056 0.946881
0.885056 0.949428
0.902182 0.953304
0.902011 0.960035
0.894988 0.96987
0.901496 0.97703
0.902104 0.98083
0.912076 0.980618
0.910993 0.98057
0.899056 0.985831
0.881271 1.01335
0.904206 1.06045
0.882508 1.04463
0.887185 1.04654
0.899341 1.03506
0.914081 1.03788
0.938859 1.02578
0.973757 1.02486
0.975603 1.01252
0.975603 1.00791
0.963508 1.00366
0.969658 1.0017
0.958036 0.997628
0.969342 0.989036
0.967789 0.980541
0.931076 0.984487
0.915723 0.983564
0.915458 0.979146
0.924735 0.972598
0.911592 0.965427
0.905103 0.96585
0.896468 0.961009
0.905268 0.964335
0.898203 0.964033
0.917462 0.954338
0.921185 0.943635
0.912828 0.927331
0.89411 0.917557
0.875359 0.913813
0.869842 0.901613
0.853181 0.885961
0.848318 0.8718
0.824846 0.858085
0.827058 0.846155
0.825307 0.831775
0.818497 0.819611
0.80522 0.807556
0.806658 0.79703
0.821807 0.77941
0.816265 0.756639
0.789098 0.733996
0.789098 0.715997
0.716425 0.698293
0.706093 0.680013
0.706093 0.659839
0.682172 0.633923
0.642174 0.614207
0.642174 0.596759
0.595097 0.584415
0.569861 0.572595
0.577567 0.557021
0.577634 0.54408
0.556464 0.53198
0.528651 0.512643
0.528651 0.502023
0.517646 0.488097
0.495134 0.474636
0.486476 0.460279
0.46927 0.455031
0.471297 0.450175
0.474032 0.437722
0.459143 0.438707
0.451182 0.431875
0.443456 0.413149
0.430132 0.416642
0.424306 0.396948
0.419374 0.403219
0.406501 0.396863
0.401869 0.378589
0.397616 0.387287
0.395311 0.373576
0.397502 0.388171
0.396873 0.383546
0.400513 0.376037
0.39263 0.38034
0.393867 0.370996
0.387509 0.380273
0.385146 0.381136
0.386709 0.376479
0.39852 0.388415
0.382132 0.385601
0.392069 0.385694
0.409841 0.388588
0.411836 0.39366
0.407028 0.404176
0.404131 0.411357
0.406741 0.424157
0.41115 0.42958
0.415076 0.450381
0.375355 0.468415
0.388823 0.475496
0.424634 0.487851
0.447449 0.498241
0.461053 0.515111
0.492507 0.530639
0.514162 0.546272
0.530463 0.564167
0.534715 0.584268
0.555729 0.60335
0.57814 0.619558
0.596247 0.639864
0.631154 0.655036
0.656979 0.674021
0.662202 0.686448
0.677575 0.70755
0.690242 0.723469
0.703502 0.739352
0.726752 0.759447
0.732111 0.772064
0.744297 0.788173
0.766252 0.795557
0.773148 0.803535
0.804483 0.805544
0.822685 0.810686
0.818714 0.815819
0.808764 0.819963
0.808911 0.820471
0.817725 0.819144
0.829693 0.81943
0.817755 0.817425
0.827233 0.814136
0.77732 0.812707
0.780819 0.813563
0.781414 0.811837
0.81107 0.813764
0.796823 0.813123
0.812188 0.807984
0.813822 0.802581
0.831928 0.801904
0.848328 0.798207
0.808517 0.792803
0.824232 0.792489
0.839848 0.787391
0.835111 0.780355
0.797607 0.77649
0.805884 0.769752
0.812459 0.761919
0.79401 0.754943
0.778395 0.747479
0.786257 0.740537
0.776227 0.732933
0.776227 0.724053
0.768434 0.718227
0.749433 0.706226
0.738978 0.691049
0.717627 0.677793
0.731515 0.659837
0.731515 0.6434
0.681437 0.62435
0.645767 0.604979
0.636779 0.58506
0.606308 0.56443
0.592132 0.543785
0.569082 0.535779
0.538303 0.528141
0.529619 0.523929
0.511962 0.525191
0.4897 0.522084
0.476394 0.514085
0.493102 0.514144
0.502795 0.516492
0.511436 0.497358
0.491122 0.49922
0.513983 0.494067
0.513983 0.465841
0.510534 0.480109
0.510534 0.455817
0.481061 0.477478
0.471607 0.476187
0.446498 0.452398
0.408867 0.477471
0.418353 0.477967
0.416604 0.457111
0.414897 0.481237
0.441792 0.482268
0.462575 0.470054
0.472801 0.490862
0.48763 0.479343
0.483199 0.491638
0.465173 0.492446
0.484524 0.496072
0.500567 0.507325
0.494473 0.518222
0.514145 0.525679
0.532472 0.536052
0.543854 0.545847
0.554484 0.556528
0.553626 0.564612
0.561984 0.576569
0.524931 0.597683
0.524931 0.608868
0.764793 0.623413
0.890905 0.633519
0.773705 0.646718
0.710211 0.652814
0.693465 0.661845
0.693465 0.666076
0.684652 0.678772
0.670445 0.692947
0.66206 0.71359
0.670294 0.729826
0.704581 0.739581
0.746776 0.743286
0.761933 0.749051
0.763386 0.761263
0.717934 0.773771
0.716227 0.789459
0.732128 0.798006
0.746947 0.811835
0.758854 0.830601
0.78332 0.831246
0.744466 0.840398
0.796976 0.839122
0.796976 0.843927
0.800611 0.849174
0.802347 0.856414
0.815574 0.861521
0.808348 0.861588
0.848509 0.863902
0.848509 0.880019
0.866327 0.87327
0.855817 0.871465
0.832604 0.87418
0.832294 0.874962
0.858777 0.86968
0.905154 0.847171
0.905154 0.83711
0.841216 0.838856
0.793963 0.853528
0.802045 0.869928
0.845959 0.861658
0.89112 0.833018
0.894554 0.819709
0.861154 0.823568
0.808402 0.83005
0.761229 0.832794
0.832684 0.82208
0.808777 0.81758
0.833167 0.832301
0.833167 0.802562
0.801287 0.820274
0.8208 0.819807
0.853041 0.813758
0.849395 0.810229
0.809281 0.802836
0.770421 0.81069
0.693933 0.816075
0.717769 0.818596
0.713551 0.817482
0.770393 0.811314
0.811043 0.801997
0.809199 0.797535
0.785843 0.805563
0.759535 0.815917
0.755732 0.822251
0.76399 0.817923
0.759343 0.812674
0.744386 0.815999
0.742525 0.822865
0.750927 0.828436
0.777475 0.830955
0.793747 0.825311
0.807859 0.823887
0.798189 0.823977
0.797889 0.820437
0.799227 0.818878
0.764811 0.817708
0.77452 0.835394
0.798745 0.840348
0.803148 0.836158
0.853458 0.823922
0.811583 0.815547
0.784892 0.818431
0.806731 0.827988
0.813415 0.834859
0.828905 0.836486
0.821238 0.841076
0.844079 0.843149
0.83958 0.836859
0.824497 0.829223
0.785427 0.832521
0.744917 0.852914
0.76673 0.860685
0.798113 0.856177
0.861766 0.845217
0.876269 0.838392
0.866973 0.839513
0.842809 0.847708
0.821127 0.858573
0.822495 0.8631
0.840254 0.864678
0.856316 0.85668
0.863232 0.850094
0.54435 0.845765
0.653656 0.849192
0.700598 0.862271
0.700598 0.86436
0.765899 0.850859
0.806926 0.840056
0.861457 0.837586
0.861215 0.841091
0.849944 0.843309
0.846 0.839802
0.829277 0.837273
0.838257 0.834227
0.80605 0.825749
0.760816 0.815207
0.754978 0.815906
0.765425 0.707393
0.788833 0.708296
0.799803 0.707895
0.79089 0.707995
0.773502 0.707896
0.745218 0.707595
0.697203 0.707195
0.683723 0.708899
0.683723 0.707396
0.638602 0.708298
0.611704 0.707797
0.637752 0.706996
0.6556 0.707999
0.523589 0.707197
0.567107 0.707999
0.573024 0.713071
0.553917 0.648652
0.583025 0.648194
0.601611 0.647595
0.603294 0.636351
0.606969 0.638632
0.604205 0.636187
0.611997 0.646303
0.623484 0.648821
0.6333 0.657539
0.638874 0.650787
0.636133 0.650684
0.611771 0.65398
0.590849 0.660987
0.588904 0.67628
0.58806 0.686275
0.61547 0.692328
0.655876 0.693748
0.683084 0.682136
0.705678 0.671631
0.695932 0.653723
0.689817 0.655184
0.691 0.681338
0.702304 0.686771
0.712978 0.681392
0.701613 0.682211
0.69847 0.674911
0.689256 0.686079
0.678575 0.68633
0.689306 0.691144
0.721332 0.683953
0.727437 0.681751
0.737859 0.671771
0.722379 0.667391
0.673123 0.662295
0.652206 0.658817
0.600063 0.657519
0.600063 0.649924
0.637713 0.622851
0.617034 0.610058
0.642364 0.598005
0.642364 0.570787
0.616916 0.548091
0.56226 0.531714
0.550933 0.522211
0.544158 0.516787
0.52066 0.509193
0.36082 0.512166
0.347888 0.507987
0.402393 0.491173
0.427187 0.492345
0.420836 0.466201
0.415579 0.478481
0.407036 0.475985
0.398783 0.448566
0.386774 0.460331
0.372546 0.455854
0.374946 0.426485
0.372881 0.440948
0.376842 0.443016
0.391091 0.425224
0.404573 0.437247
0.417377 0.428368
0.431392 0.410283
0.484958 0.41656
0.507846 0.410824
0.478782 0.40178
0.469423 0.411356
0.469999 0.422355
0.462445 0.437348
0.471892 0.450719
0.484757 0.466004
0.459228 0.470195
0.513591 0.483328
0.513591 0.498093
0.547985 0.50166
0.506291 0.515126
0.515613 0.526468
0.491557 0.537288
0.426158 0.551612
0.452634 0.565604
0.50215 0.580211
0.551141 0.597816
0.56582 0.616172
0.595075 0.634391
0.625443 0.655517
0.635772 0.674101
0.661484 0.686016
0.680671 0.692912
0.668003 0.712581
0.676445 0.742117
0.713465 0.759569
0.713465 0.788085
0.75597 0.801529
0.788079 0.81216
0.792689 0.835487
0.801422 0.844782
0.834601 0.868532
0.851467 0.86687
0.8712 0.869979
0.903742 0.862266
0.883113 0.863496
0.893499 0.868555
0.870721 0.878697
0.885945 0.870299
0.896873 0.871785
0.959313 0.874234
1.03428 0.87709
1.2202 0.868955
1.2202 0.872684
1.12557 0.869858
1.17097 0.888671
1.375 0.871862
1.375 0.88269
1.375 0.874867
1.375 0.869574
1.375 0.865869
0.689562 0.863884
0.689562 0.861404
0.879753 0.850814
1.18222 0.852602
1.03191 0.840451
0.967451 0.844472
0.967451 0.83425
0.886084 0.837562
0.883975 0.830264
0.883975 0.827056
0.951751 0.820186
0.909765 0.81206
0.909765 0.810388
0.8377 0.807088
0.847439 0.810714
0.847439 0.803432
0.845753 0.802306
0.859822 0.796965
0.909646 0.789824
0.924156 0.785089
0.925065 0.775524
0.856223 0.766318
0.833848 0.755426
0.734401 0.746905
0.734401 0.731196
0.73752 0.714346
0.702066 0.699058
0.695819 0.685004
0.724871 0.670839
0.724871 0.658219
0.741794 0.639255
0.74993 0.627532
0.75026 0.611184
0.76841 0.598841
0.76841 0.583792
1.03283 0.567551
1.03792 0.548431
0.878785 0.529124
0.878785 0.515138
0.443517 0.495762
0.563788 0.480431
0.563788 0.463165
0.286019 0.450387
0.379393 0.430143
0.379393 0.412779
0.193822 0.397853
0.301668 0.377936
0.301668 0.358818
0.322568 0.344715
0.334282 0.324837
0.334282 0.30113
0.332154 0.279734
0.170202 0.252681
0.218587 0.228171
0.188933 0.194683
0.188933 0.17064
0.166672 0.14803
0.166672 0.119824
0.0853984 0.0940172
0.0853984 0.0757902
0.0440742 0.0681007
0.0440742 0.0557402
0.0440742 0.0446852
0.033 0.0301561
0.033 0.0193763
0.033 0.00744794
0.033 0.00246923
0.033 0.00454765
0.033 0.00185007
0.033 0.00289799
0.033 0.0038523
0.033 0.00730482
0.033 0.00525009
0.033 0.0109982
0.033 0.0109908
0.033 0.0148095
0.033 0.0193943
0.033 0.0221316
0.033 0.0262916
0.033 0.0319789
0.033 0.0436273
0.033 0.0589735
0.0676246 0.0798604
0.0676246 0.0989535
0.0379373 0.119589
0.0748006 0.139159
0.0748006 0.158185
0.0801066 0.178289
0.107818 0.194816
0.107818 0.209392
0.140313 0.224032
0.154181 0.241458
0.178135 0.253663
0.178135 0.259858
0.20204 0.266753
0.220242 0.282328
0.236929 0.293807
0.242396 0.296732
0.260068 0.318633
0.275117 0.318739
0.290417 0.339847
0.293017 0.348088
0.324631 0.338649
0.395206 0.36615
0.395206 0.376621
0.390575 0.351051
0.441876 0.392606
0.441876 0.366625
0.414862 0.424309
0.413011 0.442977
0.427883 0.413241
0.442376 0.474996
0.44048 0.485684
0.503216 0.465214
0.502345 0.509311
0.510129 0.506661
0.444188 0.553056
0.464139 0.571683
0.464139 0.572732
0.527985 0.612602
0.582307 0.608848
0.608213 0.631035
0.59351 0.652941
0.30088 0.667453
0.464375 0.681346
0.464375 0.698702
0.55977 0.714352
0.55977 0.727901
0.28401 0.746577
0.510358 0.765266
0.510358 0.783345
0.641872 0.795159
0.701201 0.809078
0.354725 0.822721
0.547825 0.831468
0.66138 0.850004
0.66138 0.865275
0.334815 0.884856
0.584808 0.894491
0.296529 0.906769
0.699784 0.91268
0.911346 0.919688
0.942175 0.932066
0.990009 0.94507
0.893633 0.964525
0.874474 0.974501
0.860752 0.988496
0.878906 1.00503
0.902988 1.00974
0.920371 1.00833
0.920371 1.0141
0.94142 1.0209
0.946541 1.03307
0.938393 1.03864
0.867636 1.0492
0.911742 1.05386
0.911742 1.05261
0.927444 1.04976
0.921707 1.05289
0.947637 1.05962
0.983771 1.06581
0.938574 1.06725
0.935729 1.06719
0.936004 1.06196
1.00909 1.05718
1.00909 1.04975
0.996175 1.04639
0.987105 1.0401
0.969792 1.04007
0.955539 1.03722
0.914115 1.03697
0.920902 1.0343
0.948658 1.02871
1.10961 1.02766
1.07233 1.02768
1.07233 1.03137
1.05664 1.02978
1.06875 1.02141
1.02414 1.02192
1.02122 1.02338
0.981069 1.02296
0.974287 1.02377
1.00844 1.02335
0.997542 1.03178
1.03639 1.03054
1.0637 1.03259
1.07518 1.03647
1.07712 1.03914
1.0819 1.04622
1.07473 1.04925
1.07473 1.05447
1.11031 1.06147
1.11031 1.06416
1.04905 1.063
1.06216 1.07486
1.0711 1.08137
1.04366 1.08407
1.05607 1.08638
1.07804 1.08469
1.07693 1.08352
1.09736 1.07859
1.10411 1.07412
1.11599 1.07133
1.13512 1.0701
1.08858 1.071
1.04849 1.07324
1.04849 1.07246
1.04225 1.06897
1.06017 1.05799
1.02187 1.05374
1.07849 1.05299
1.11417 1.0385
1.01907 1.03139
1.01907 1.01984
1.01645 1.01263
1.01645 1.00205
0.952188 0.993877
0.971918 0.986481
0.971918 0.977321
0.934851 0.963985
0.910474 0.952583
0.902338 0.942943
0.884242 0.930741
0.874975 0.918636
0.86487 0.898746
0.857433 0.883712
0.843697 0.871144
0.835245 0.852432
0.900922 0.83488
0.90621 0.81192
0.90621 0.789283
1.375 0.775761
1.2796 0.745841
1.2796 0.723836
0.643926 0.697977
0.817408 0.669753
0.817408 0.645889
0.412829 0.626826
0.624934 0.606697
0.624934 0.588507
0.316592 0.564189
0.494447 0.542162
0.494447 0.511673
0.558027 0.491439
0.558027 0.472963
0.559367 0.461009
0.52008 0.449992
0.52008 0.439214
0.70915 0.445307
0.775098 0.445843
0.743018 0.428084
0.619321 0.443484
0.568425 0.444146
0.475222 0.409133
0.477897 0.435413
0.437231 0.438446
0.417103 0.392794
0.522345 0.434764
0.464831 0.445717
0.760283 0.405549
0.760283 0.46835
0.6828 0.476518
0.668339 0.432917
0.691607 0.493005
0.604869 0.455937
0.560299 0.501102
0.548427 0.509074
0.548617 0.477143
0.53276 0.51793
0.497039 0.520117
0.487355 0.511143
0.535823 0.545667
0.581521 0.559162
0.573815 0.56491
0.563759 0.572812
0.595062 0.583616
0.597721 0.602409
0.420899 0.612451
0.646853 0.619047
0.690802 0.619662
0.784044 0.622021
0.560086 0.633019
0.697491 0.652222
0.767554 0.671715
0.776809 0.685093
0.84206 0.691122
0.89493 0.70256
1.0381 0.713975
0.897285 0.726085
0.7912 0.740062
0.736381 0.7546
0.720269 0.775915
0.722071 0.79261
0.742987 0.803926
0.777579 0.821791
0.795453 0.833264
0.795928 0.85484
0.795928 0.875398
0.821152 0.88461
0.863284 0.894289
0.89033 0.89822
0.89033 0.900922
0.866471 0.906177
0.878376 0.912427
0.886507 0.917571
0.909894 0.923504
0.914723 0.925972
0.923607 0.920634
1.09483 0.919235
1.09483 0.919804
1.06127 0.915368
1.01248 0.916455
1.03226 0.908257
1.02854 0.91196
1.02854 0.910835
1.01515 0.910874
1.0206 0.91358
1.00622 0.905496
1.00622 0.905062
0.997706 0.897953
0.989197 0.897935
0.95768 0.895919
1.1025 0.897285
1.1025 0.899138
1.00776 0.897356
1.08281 0.88892
1.05224 0.887943
1.05224 0.889852
0.943043 0.889049
0.894039 0.888296
0.903677 0.883613
0.929644 0.883854
0.904262 0.875771
0.882971 0.875337
0.901833 0.873356
0.895747 0.869594
0.903402 0.86574
0.886088 0.868726
0.860276 0.866809
0.882684 0.865208
0.88769 0.863643
1.00057 0.857544
1.00057 0.847306
0.94146 0.827601
0.944267 0.809922
0.881609 0.793723
0.881609 0.770609
0.841359 0.751333
0.817144 0.729018
0.745969 0.707595
0.73995 0.684677
0.692026 0.657204
0.653624 0.632973
0.641328 0.614384
0.649726 0.594114
0.604376 0.597207
0.616405 0.594302
0.61022 0.593158
0.608588 0.588518
0.593107 0.58516
0.601825 0.580017
0.590653 0.578838
0.571877 0.579019
0.583077 0.578757
0.582499 0.585354
0.558437 0.59129
0.566047 0.596537
0.546474 0.605597
0.557303 0.611406
0.555988 0.615998
0.560204 0.623033
0.554526 0.631986
0.554762 0.64066
0.5473 0.654967
0.544449 0.669626
0.585425 0.678404
0.62135 0.704251
0.658451 0.715644
0.70728 0.722128
0.733988 0.726657
0.740072 0.731404
0.721853 0.757184
0.718601 0.793458
0.677428 0.815165
0.943659 0.818067
0.943659 0.815264
1.02397 0.824477
0.953609 0.845199
0.876492 0.872499
0.876492 0.897493
0.939047 0.905927
0.907687 0.903142
0.926567 0.912907
0.721589 0.928024
0.762338 0.953437
0.674951 0.974357
0.791365 0.978503
0.896027 0.976934
0.946286 0.976905
0.94685 0.984067
0.954383 0.992288
1.00688 0.995402
1.00688 0.995492
0.998467 0.999496
1.0369 1.00121
1.05011 0.999131
1.05354 0.988615
1.0285 0.986513
0.983101 0.989468
0.930418 0.994401
0.930418 0.993716
0.994049 0.982961
1.03191 0.97351
1.03445 0.969078
1.0219 0.971356
0.98927 0.968551
0.970657 0.970762
0.96498 0.97199
0.96402 0.968251
0.990962 0.969188
1.08917 0.959132
1.05684 0.951116
0.943921 0.951724
0.955251 0.954907
0.973371 0.958932
0.979238 0.955321
1.00021 0.949314
1.0083 0.948317
1.01633 0.941971
1.01595 0.936188
1.00597 0.935305
1.00861 0.930458
1.00861 0.924658
0.969667 0.920277
0.940722 0.920316
0.91362 0.919641
0.930245 0.917859
0.935544 0.904096
0.945689 0.892266
0.946465 0.882662
0.942505 0.868481
0.929436 0.854329
0.910525 0.846036
0.90975 0.829526
0.896089 0.800736
0.859195 0.77751
0.849381 0.759334
0.82824 0.749138
0.827283 0.736107
0.816551 0.702843
0.808776 0.677175
0.77137 0.649848
0.743838 0.63353
0.723018 0.619863
0.723018 0.611682
0.681225 0.595134
0.671636 0.584045
0.666233 0.566308
0.644971 0.557343
0.641592 0.547491
0.632077 0.540471
0.616968 0.539437
0.59002 0.528873
0.566452 0.534388
0.537809 0.529798
0.520297 0.520966
0.510816 0.521352
0.502546 0.517332
0.488859 0.51581
0.489424 0.509372
0.478745 0.504232
0.470318 0.525616
0.475063 0.506207
0.463778 0.505576
0.47799 0.551129
0.487791 0.517303
0.503421 0.57454
0.510078 0.524906
0.525534 0.532511
0.533952 0.602671
0.551253 0.55292
0.563442 0.56651
0.574103 0.618262
0.583385 0.590577
0.60551 0.622639
0.625369 0.62163
0.640144 0.637138
0.668389 0.646507
0.68198 0.647525
0.68568 0.660936
0.669657 0.665696
0.62478 0.681411
0.537026 0.699583
0.464416 0.711398
0.574475 0.720934
0.627722 0.735652
0.678661 0.748367
0.695974 0.75991
0.718976 0.776612
0.729864 0.78964
0.769276 0.806024
0.784086 0.81789
0.79344 0.828807
0.831311 0.833106
0.844991 0.846014
0.849256 0.856811
0.869779 0.873598
0.873198 0.888867
0.847722 0.900659
0.862027 0.90964
0.854791 0.911959
0.894677 0.924059
0.876143 0.925779
0.879434 0.933819
0.855699 0.935122
0.886204 0.937999
0.900316 0.938155
0.887896 0.929328
0.907848 0.926953
0.912827 0.937239
0.931722 0.929805
0.932754 0.942682
0.928137 0.934349
0.921933 0.938075
0.937562 0.935926
0.944707 0.942006
0.918217 0.942442
0.930795 0.949638
0.930795 0.951437
0.888123 0.953391
0.891756 0.958283
0.909419 0.952997
0.910174 0.956726
0.915281 0.964391
