0.999993 -0.00137303 -0.00338692 -0.00631493 0.00136543 0.999997 -0.0022434 -0.0012479 0.00338999 0.00223876 0.999992 0.698142
0.999969 0.00150517 -0.00770404 -0.0155283 -0.00153926 0.999989 -0.00442198 0.00541658 0.0076973 0.0044337 0.999961 1.40685
0.999936 0.000624726 -0.0112949 -0.0351166 -0.000691542 0.999982 -0.00591268 0.000723345 0.011291 0.00592011 0.999919 2.13015
0.999867 0.00236063 -0.016125 -0.054206 -0.00247005 0.999974 -0.00676944 -0.00344385 0.0161086 0.00680837 0.999847 2.86377
0.999808 -0.000416222 -0.0196124 -0.0823223 0.000279437 0.999976 -0.00697666 -0.0141452 0.0196148 0.00696984 0.999783 3.60492
0.999693 0.00244994 -0.0246709 -0.10532 -0.00264368 0.999966 -0.00782345 -0.0271493 0.0246509 0.00788626 0.999665 4.36124
0.999528 0.00287523 -0.0305983 -0.126812 -0.00313042 0.999961 -0.00829515 -0.0371234 0.0305733 0.00838702 0.999497 5.1367
0.999397 0.00122735 -0.0347034 -0.165407 -0.00146442 0.999976 -0.00680663 -0.0448722 0.0346942 0.00685335 0.999374 5.92485
0.999229 7.98741e-006 -0.0392667 -0.201387 -0.000156492 0.999993 -0.00377887 -0.0575968 0.0392664 0.0037821 0.999222 6.72963
0.999093 -0.000295307 -0.0425808 -0.244855 0.000261559 1 -0.000798143 -0.0739636 0.042581 0.000786282 0.999093 7.57278
0.999015 0.00285147 -0.0442917 -0.303329 -0.00292273 0.999995 -0.00154429 -0.0811687 0.044287 0.00167222 0.999017 8.43355
0.998911 -0.00111289 -0.0466506 -0.345325 0.00104321 0.999998 -0.00151805 -0.0910842 0.0466522 0.00146773 0.99891 9.29698
0.998845 -0.00272364 -0.0479676 -0.395727 0.0025985 0.999993 -0.00267095 -0.0919938 0.0479745 0.00254322 0.998845 10.1753
0.998746 -0.000514072 -0.0500537 -0.438644 0.000426594 0.999998 -0.00175836 -0.102652 0.0500545 0.0017348 0.998745 11.044
0.99866 -0.000601588 -0.0517493 -0.485374 0.00050262 0.999998 -0.00192544 -0.115573 0.0517504 0.00189685 0.998658 11.9397
0.998528 0.00136006 -0.0542131 -0.530524 -0.00158383 0.99999 -0.00408491 -0.127038 0.054207 0.00416476 0.998521 12.8398
0.998558 0.00120458 -0.053671 -0.604982 -0.00160569 0.999971 -0.00743114 -0.127174 0.0536605 0.0075066 0.998531 13.7403
0.998495 0.00565494 -0.0545579 -0.675336 -0.00613595 0.999944 -0.00865313 -0.140327 0.0545059 0.00897487 0.998473 14.6416
0.998408 -1.60138e-005 -0.0564013 -0.721338 -0.00046205 0.999964 -0.00846305 -0.151618 0.0563995 0.00847564 0.998372 15.5674
0.998404 -0.000371489 -0.0564662 -0.795924 -4.03783e-005 0.999973 -0.00729272 -0.164536 0.0564674 0.00728337 0.998378 16.5168
0.998323 -0.000345832 -0.057886 -0.852591 5.95225e-006 0.999983 -0.00587161 -0.179483 0.057887 0.00586142 0.998306 17.4491
0.998306 0.000385163 -0.0581774 -0.919577 -0.00074912 0.99998 -0.00623429 -0.187177 0.0581738 0.00626731 0.998287 18.3651
0.998233 0.000591404 -0.0594244 -0.985547 -0.00103468 0.999972 -0.00742902 -0.193618 0.0594183 0.00747737 0.998205 19.2878
0.998159 -0.00118151 -0.0606481 -1.03792 0.000673718 0.999965 -0.00839253 -0.205601 0.0606558 0.00833622 0.998124 20.1784
0.998121 -0.000583938 -0.0612757 -1.09463 0.000158693 0.999976 -0.0069445 -0.215969 0.0612783 0.00692172 0.998097 21.0871
0.998165 0.00173465 -0.0605289 -1.16395 -0.00195847 0.999991 -0.00363865 -0.2275 0.060522 0.00375052 0.99816 22.0042
0.998207 0.000901285 -0.0598527 -1.22395 -0.000913871 1 -0.000182913 -0.237545 0.0598525 0.000237283 0.998207 22.9518
0.99831 -0.00166447 -0.0580971 -1.28301 0.00179763 0.999996 0.0022398 -0.243512 0.0580931 -0.00234045 0.998308 23.9343
