1 -8.22789e-007 -0.00085052 -0.0332714 -8.22789e-007 0.999998 -0.00193479 -0.0106501 0.00085052 0.00193479 0.999998 0.665833
0.99999 -8.02502e-006 -0.00448179 -0.0572275 -8.02502e-006 0.999994 -0.00358114 -0.011952 0.00448179 0.00358114 0.999984 1.32848
0.999968 -1.44594e-005 -0.00797551 -0.0719505 -1.44594e-005 0.999993 -0.00362588 -0.0435435 0.00797551 0.00362588 0.999962 2.00814
0.999939 -2.27065e-005 -0.0110594 -0.116497 -2.27065e-005 0.999992 -0.00410615 -0.0492159 0.0110594 0.00410615 0.99993 2.67761
0.99986 -3.48606e-005 -0.0167087 -0.103647 -3.48606e-005 0.999991 -0.00417243 -0.0635818 0.0167087 0.00417243 0.999852 3.51312
0.999821 -5.13913e-005 -0.0189396 -0.226947 -5.13913e-005 0.999985 -0.00542633 -0.0777361 0.0189396 0.00542633 0.999806 5.23527
0.999704 -7.16278e-005 -0.0243137 -0.254084 -7.16278e-005 0.999983 -0.00589104 -0.0946952 0.0243137 0.00589104 0.999687 6.5467
0.999583 -5.94957e-005 -0.0288866 -0.311389 -5.94957e-005 0.999992 -0.00411838 -0.113717 0.0288866 0.00411838 0.999574 7.98346
0.999426 -3.82606e-005 -0.033888 -0.338971 -3.82606e-005 0.999997 -0.00225741 -0.11024 0.033888 0.00225741 0.999423 9.36212
0.999327 8.90739e-006 -0.0366779 -0.438292 8.90739e-006 1 0.000485546 -0.131597 0.0366779 -0.000485546 0.999327 10.8076
0.999234 -4.58227e-006 -0.039124 -0.501688 -4.58227e-006 1 -0.000234154 -0.136348 0.039124 0.000234154 0.999234 12.2207
0.99919 -6.07501e-006 -0.0402457 -0.630622 -6.07501e-006 1 -0.000301773 -0.152315 0.0402457 0.000301773 0.99919 13.6892
0.999063 -2.10244e-005 -0.0432765 -0.645474 -2.10244e-005 1 -0.000971174 -0.163162 0.0432765 0.000971174 0.999063 15.1226
0.998972 6.30762e-006 -0.0453213 -0.693271 6.30762e-006 1 0.000278208 -0.194549 0.0453213 -0.000278208 0.998972 16.5941
0.998845 4.95552e-007 -0.0480434 -0.7272 4.95552e-007 1 2.06174e-005 -0.203078 0.0480434 -2.06174e-005 0.998845 18.0847
0.998815 -4.438e-005 -0.0486691 -0.844805 -4.438e-005 0.999998 -0.00182266 -0.226079 0.0486691 0.00182266 0.998813 19.5292
0.998822 -0.000108615 -0.0485311 -0.941569 -0.000108615 0.99999 -0.00447343 -0.237321 0.0485311 0.00447343 0.998812 20.9447
0.998749 -0.000148307 -0.0499944 -1.04617 -0.000148307 0.999982 -0.00592919 -0.252591 0.0499944 0.00592919 0.998732 22.3927
0.998653 -0.000139957 -0.0518904 -1.09402 -0.000139957 0.999985 -0.00539066 -0.282191 0.0518904 0.00539066 0.998638 23.8501
0.998562 -0.00011079 -0.0536135 -1.13045 -0.00011079 0.999991 -0.00412993 -0.301502 0.0536135 0.00412993 0.998553 25.2481
0.998467 -6.2125e-005 -0.0553524 -1.21797 -6.2125e-005 0.999997 -0.00224298 -0.325507 0.0553524 0.00224298 0.998464 26.7006
0.998454 -6.61021e-005 -0.05559 -1.27516 -6.61021e-005 0.999997 -0.00237636 -0.353344 0.05559 0.00237636 0.998451 28.1932
0.998324 -8.11579e-005 -0.0578702 -1.36736 -8.11579e-005 0.999996 -0.00280247 -0.375835 0.0578702 0.00280247 0.99832 29.6673
0.998307 -0.000115768 -0.05817 -1.42794 -0.000115768 0.999992 -0.00397693 -0.401349 0.05817 0.00397693 0.998299 31.0693
0.998188 -5.78663e-005 -0.0601715 -1.48662 -5.78663e-005 0.999998 -0.00192164 -0.419653 0.0601715 0.00192164 0.998186 32.5238
0.998232 3.87271e-005 -0.0594302 -1.60196 3.87271e-005 0.999999 0.00130213 -0.434493 0.0594302 -0.00130213 0.998232 34.0397
0.998208 0.000164718 -0.0598315 -1.62233 0.000164718 0.999985 0.00550108 -0.477118 0.0598315 -0.00550108 0.998193 35.4942
0.998359 0.000233234 -0.0572573 -1.74617 0.000233234 0.999967 0.00814005 -0.464953 0.0572573 -0.00814005 0.998326 36.9859
0.998478 0.000245998 -0.0551438 -1.76665 0.000245998 0.99996 0.00891508 -0.470794 0.0551438 -0.00891508 0.998439 37.4164
0.998457 0.000170302 -0.0555274 -1.79673 0.000170302 0.999981 0.0061292 -0.478391 0.0555274 -0.0061292 0.998438 38.5774
0.998621 4.49301e-005 -0.052502 -1.88793 4.49301e-005 0.999999 0.00171037 -0.485926 0.052502 -0.00171037 0.998619 39.3432
0.998701 -4.30599e-005 -0.0509611 -1.99925 -4.30599e-005 0.999999 -0.00168881 -0.486672 0.0509611 0.00168881 0.998699 41.3033
0.998684 -1.33097e-005 -0.0512924 -2.03714 -1.33097e-005 1 -0.000518631 -0.523105 0.0512924 0.000518631 0.998684 42.5996
0.99869 0.000106773 -0.0511718 -2.13102 0.000106773 0.999991 0.00417037 -0.524069 0.0511718 -0.00417037 0.998681 44.2688
0.998651 0.000192043 -0.0519233 -2.20721 0.000192043 0.999973 0.0073921 -0.542936 0.0519233 -0.0073921 0.998624 45.7262
0.998585 0.000167792 -0.053187 -2.27186 0.000167792 0.99998 0.006305 -0.554225 0.053187 -0.006305 0.998565 47.3166
0.998171 9.88267e-005 -0.0604459 -2.20938 9.88267e-005 0.999995 0.00326693 -0.527096 0.0604459 -0.00326693 0.998166 48.743
0.998267 -2.25843e-005 -0.058849 -2.37716 -2.25843e-005 1 -0.000766867 -0.563677 0.058849 0.000766867 0.998267 50.3496
0.998025 -4.53883e-005 -0.0628202 -2.4311 -4.53883e-005 0.999999 -0.0014436 -0.566678 0.0628202 0.0014436 0.998024 51.8106
0.998068 -1.84755e-006 -0.0621249 -2.59724 -1.84755e-006 1 -5.94211e-005 -0.5759 0.0621249 5.94211e-005 0.998068 53.2985
0.998022 9.54374e-005 -0.0628651 -2.6731 9.54374e-005 0.999995 0.00303325 -0.602958 0.0628651 -0.00303325 0.998017 54.8027
0.99799 0.000134118 -0.0633701 -2.81565 0.000134118 0.999991 0.00422859 -0.609087 0.0633701 -0.00422859 0.997981 56.3401
0.997952 0.000223161 -0.0639725 -2.92356 0.000223161 0.999976 0.00696955 -0.619796 0.0639725 -0.00696955 0.997927 57.8885
0.99797 0.000317341 -0.0636848 -3.03052 0.000317341 0.99995 0.00995562 -0.62304 0.0636848 -0.00995562 0.99792 59.4257
0.99793 0.000404143 -0.0643136 -3.14302 0.000404143 0.999921 0.0125544 -0.623055 0.0643136 -0.0125544 0.997851 61.0118
0.998025 0.000388924 -0.0628162 -3.32069 0.000388924 0.999923 0.0123702 -0.63569 0.0628162 -0.0123702 0.997948 62.5582
0.9979 0.000329847 -0.0647728 -3.26422 0.000329847 0.999948 0.0101738 -0.63357 0.0647728 -0.0101738 0.997848 63.095
0.997931 0.000270445 -0.0642982 -3.44491 0.000270445 0.999965 0.00840334 -0.641262 0.0642982 -0.00840334 0.997895 65.2541
0.997745 0.000269356 -0.0671224 -3.50348 0.000269356 0.999968 0.00801665 -0.642148 0.0671224 -0.00801665 0.997713 66.5907
0.997636 0.000312868 -0.0687129 -3.58566 0.000312868 0.999959 0.00909558 -0.651869 0.0687129 -0.00909558 0.997595 68.2961
0.997463 0.000356513 -0.0711924 -3.67943 0.000356513 0.99995 0.0100025 -0.661921 0.0711924 -0.0100025 0.997412 69.7885
0.997476 0.000233381 -0.0710078 -3.83135 0.000233381 0.999978 0.00656501 -0.664399 0.0710078 -0.00656501 0.997454 71.3925
0.997407 8.72716e-005 -0.0719717 -3.96419 8.72716e-005 0.999997 0.00242201 -0.660136 0.0719717 -0.00242201 0.997404 72.9165
0.997399 5.43476e-005 -0.072082 -4.0857 5.43476e-005 0.999999 0.00150598 -0.680952 0.072082 -0.00150598 0.997398 74.5032
0.997329 0.000179978 -0.0730386 -4.16153 0.000179978 0.999988 0.00492168 -0.698787 0.0730386 -0.00492168 0.997317 75.9592
0.997332 0.000277753 -0.0730031 -4.29272 0.000277753 0.999971 0.00759909 -0.705899 0.0730031 -0.00759909 0.997303 77.4312
0.99727 0.000309917 -0.0738352 -4.37492 0.000309917 0.999965 0.00838322 -0.728582 0.0738352 -0.00838322 0.997235 78.9641
0.997326 0.000260779 -0.0730814 -4.50851 0.000260779 0.999975 0.00712704 -0.751379 0.0730814 -0.00712704 0.997301 80.465
0.997349 0.000207547 -0.0727612 -4.62482 0.000207547 0.999984 0.00569729 -0.7676 0.0727612 -0.00569729 0.997333 81.9917
0.997282 0.000233786 -0.07368 -4.75487 0.000233786 0.99998 0.00633731 -0.768041 0.07368 -0.00633731 0.997262 83.4856
0.997296 0.000388932 -0.0734841 -4.88456 0.000388932 0.999944 0.0105709 -0.791254 0.0734841 -0.0105709 0.99724 84.9689
0.997242 0.000571289 -0.0742225 -4.96959 0.000571289 0.999882 0.0153718 -0.795548 0.0742225 -0.0153718 0.997123 86.4892
0.997118 0.000658766 -0.075868 -5.07881 0.000658766 0.999849 0.0173398 -0.792737 0.075868 -0.0173398 0.996967 88.0628
0.997024 0.000523441 -0.0770913 -5.22321 0.000523441 0.999908 0.0135589 -0.797081 0.0770913 -0.0135589 0.996932 89.6347
0.996928 0.000242913 -0.0783207 -5.35545 0.000242913 0.999981 0.00619343 -0.81042 0.0783207 -0.00619343 0.996909 91.216
0.996884 5.94319e-005 -0.0788769 -5.49615 5.94319e-005 0.999999 0.0015046 -0.826356 0.0788769 -0.0015046 0.996883 92.7552
0.99676 0.000105079 -0.0804384 -5.61404 0.000105079 0.999997 0.00260842 -0.830455 0.0804384 -0.00260842 0.996756 94.2383
0.996744 0.000215952 -0.0806325 -5.78065 0.000215952 0.999986 0.00534771 -0.85768 0.0806325 -0.00534771 0.99673 95.7632
0.996628 0.000278405 -0.0820507 -5.87615 0.000278405 0.999977 0.00677466 -0.873622 0.0820507 -0.00677466 0.996605 97.2507
0.996519 0.000289821 -0.0833639 -6.03172 0.000289821 0.999976 0.00694096 -0.888212 0.0833639 -0.00694096 0.996495 98.7006
0.996444 0.000328245 -0.0842518 -6.20459 0.000328245 0.99997 0.00777804 -0.912923 0.0842518 -0.00777804 0.996414 100.212
0.996254 0.000350613 -0.0864792 -6.30406 0.000350613 0.999967 0.00809329 -0.91472 0.0864792 -0.00809329 0.996221 101.666
0.996159 0.000381829 -0.0875628 -6.45754 0.000381829 0.999962 0.00870435 -0.939123 0.0875628 -0.00870435 0.996121 103.156
0.996065 0.000439733 -0.0886221 -6.5942 0.000439733 0.999951 0.009904 -0.9473 0.0886221 -0.009904 0.996016 104.595
0.995838 0.000571847 -0.0911365 -6.71401 0.000571847 0.999921 0.0125226 -0.954705 0.0911365 -0.0125226 0.99576 106.04
0.995907 0.000772321 -0.0903834 -6.90931 0.000772321 0.999854 0.0170537 -0.957739 0.0903834 -0.0170537 0.995761 107.503
0.99564 0.000857235 -0.09328 -7.05549 0.000857235 0.999831 0.0183382 -0.936808 0.09328 -0.0183382 0.995471 108.957
0.995774 0.000666275 -0.0918346 -7.33536 0.000666275 0.999895 0.0144789 -0.94008 0.0918346 -0.0144789 0.995669 110.412
0.995358 0.00037525 -0.0962439 -7.20085 0.00037525 0.99997 0.00777968 -0.960246 0.0962439 -0.00777968 0.995327 110.482
0.995508 6.41373e-005 -0.094673 -7.68486 6.41373e-005 0.999999 0.00135188 -0.925637 0.094673 -0.00135188 0.995508 113.189
0.994436 -8.14328e-005 -0.105346 -7.21675 -8.14328e-005 0.999999 -0.0015417 -0.92782 0.105346 0.0015417 0.994434 111.891
0.995358 0.00019651 -0.0962381 -7.82545 0.00019651 0.999992 0.00407433 -0.938854 0.0962381 -0.00407433 0.99535 114.54
0.994654 0.000275719 -0.103262 -7.6848 0.000275719 0.999986 0.00532585 -0.993131 0.103262 -0.00532585 0.99464 115.278
0.995337 9.21523e-005 -0.096457 -8.01562 9.21523e-005 0.999998 0.00190629 -0.946673 0.096457 -0.00190629 0.995335 115.91
0.994573 -0.000227334 -0.104039 -7.80366 -0.000227334 0.99999 -0.00435828 -1.02046 0.104039 0.00435828 0.994564 116.608
0.994973 -0.00046748 -0.100138 -8.00077 -0.00046748 0.999957 -0.00931307 -1.00463 0.100138 0.00931307 0.99493 118.233
0.995081 -0.000477907 -0.0990679 -8.07779 -0.000477907 0.999954 -0.00962411 -1.04253 0.0990679 0.00962411 0.995034 119.375
0.995406 -0.000297462 -0.0957462 -8.18404 -0.000297462 0.999981 -0.00619922 -1.07521 0.0957462 0.00619922 0.995386 120.71
0.995942 -0.000173589 -0.0899962 -8.35996 -0.000173589 0.999993 -0.00384985 -1.05253 0.0899962 0.00384985 0.995935 121.874
0.996476 7.33118e-006 -0.0838821 -8.50051 7.33118e-006 1 0.000174489 -1.09759 0.0838821 -0.000174489 0.996476 123.138
0.997085 0.00012892 -0.0762982 -8.54547 0.00012892 0.999994 0.00337445 -1.12535 0.0762982 -0.00337445 0.997079 124.401
0.997905 0.000111353 -0.0646934 -8.55959 0.000111353 0.999994 0.00343887 -1.11212 0.0646934 -0.00343887 0.997899 124.035
0.998732 8.21142e-005 -0.0503452 -8.59224 8.21142e-005 0.999995 0.00325997 -1.12561 0.0503452 -0.00325997 0.998727 124.945
0.999502 6.4286e-005 -0.0315625 -8.60578 6.4286e-005 0.999992 0.00407253 -1.12441 0.0315625 -0.00407253 0.999493 125.219
0.999951 2.39285e-005 -0.00993118 -8.59647 2.39285e-005 0.999988 0.00481873 -1.13046 0.00993118 -0.00481873 0.999939 125.787
0.999874 -5.04168e-005 0.0159048 -8.56066 -5.04168e-005 0.99998 0.00633936 -1.14082 -0.0159048 -0.00633936 0.999853 126.203
0.998952 -0.000186801 0.0457751 -8.44285 -0.000186801 0.999967 0.00815726 -1.1589 -0.0457751 -0.00815726 0.998918 127.834
0.997008 -0.000397147 0.0772972 -8.24928 -0.000397147 0.999947 0.0102602 -1.18365 -0.0772972 -0.0102602 0.996955 128.853
0.993265 -0.000625956 0.115867 -8.06472 -0.000625956 0.999942 0.0107681 -1.19033 -0.115867 -0.0107681 0.993206 130.159
0.987445 -0.000886791 0.15796 -7.84345 -0.000886791 0.999937 0.0111572 -1.19089 -0.15796 -0.0111572 0.987382 131.327
0.978976 -0.00115897 0.203973 -7.54478 -0.00115897 0.999936 0.0112441 -1.20219 -0.203973 -0.0112441 0.978912 132.512
0.967772 -0.0012405 0.251824 -7.08183 -0.0012405 0.999952 0.00969317 -1.22285 -0.251824 -0.00969317 0.967725 133.642
0.952441 -0.00111263 0.30472 -6.63237 -0.00111263 0.999974 0.00712888 -1.24076 -0.30472 -0.00712888 0.952415 134.774
0.932634 -0.00110865 0.360822 -6.0906 -0.00110865 0.999982 0.0059381 -1.24337 -0.360822 -0.0059381 0.932616 135.842
0.908887 -0.000975449 0.417042 -5.44349 -0.000975449 0.99999 0.00446481 -1.23138 -0.417042 -0.00446481 0.908876 136.852
0.880193 -0.000946046 0.474615 -4.7316 -0.000946046 0.999993 0.00374776 -1.2402 -0.474615 -0.00374776 0.880186 137.809
0.847179 -0.00105342 0.531307 -3.98983 -0.00105342 0.999993 0.00366238 -1.2541 -0.531307 -0.00366238 0.847172 138.734
0.810571 -0.00121225 0.58564 -3.18775 -0.00121225 0.999992 0.00374779 -1.28243 -0.58564 -0.00374779 0.810563 139.601
0.771441 -0.00178096 0.636298 -2.3323 -0.00178096 0.999986 0.0049581 -1.2812 -0.636298 -0.0049581 0.771427 140.422
0.729285 -0.00236942 0.684206 -1.40358 -0.00236942 0.999979 0.00598848 -1.27268 -0.684206 -0.00598848 0.729264 141.168
0.6846 -0.0030186 0.728912 -0.45478 -0.0030186 0.999971 0.00697621 -1.2907 -0.728912 -0.00697621 0.684571 141.845
0.638245 -0.00389838 0.769824 0.539408 -0.00389838 0.999958 0.00829584 -1.28239 -0.769824 -0.00829584 0.638203 142.486
0.592876 -0.00618019 0.80527 1.58619 -0.00618019 0.999906 0.0122241 -1.32768 -0.80527 -0.0122241 0.592782 143.032
0.546903 -0.00583285 0.837176 2.63871 -0.00583285 0.999925 0.0107772 -1.32593 -0.837176 -0.0107772 0.546827 143.558
0.499963 -0.00414276 0.866037 3.73654 -0.00414276 0.999966 0.00717504 -1.35678 -0.866037 -0.00717504 0.499929 144.048
0.454607 -0.0031255 0.890687 4.8824 -0.0031255 0.999982 0.00510428 -1.36917 -0.890687 -0.00510428 0.454589 144.472
0.413092 -0.00792149 0.910655 5.98988 -0.00792149 0.999893 0.0122911 -1.36659 -0.910655 -0.0122911 0.412985 144.818
0.374283 -0.0178306 0.927143 7.14163 -0.0178306 0.999492 0.0264202 -1.34382 -0.927143 -0.0264202 0.373775 145.086
0.33919 -0.0215579 0.940471 8.27846 -0.0215579 0.999297 0.0306815 -1.31062 -0.940471 -0.0306815 0.338487 145.425
0.306391 -0.0193846 0.951708 9.45833 -0.0193846 0.999458 0.0265978 -1.32926 -0.951708 -0.0265978 0.305849 145.681
0.274744 -0.0106127 0.961459 10.6209 -0.0106127 0.999845 0.014069 -1.31061 -0.961459 -0.014069 0.274589 146.043
0.24704 -0.00694866 0.96898 11.8097 -0.00694866 0.999936 0.00894219 -1.34436 -0.96898 -0.00894219 0.246975 146.254
0.221489 -0.00706976 0.975137 12.9903 -0.00706976 0.999936 0.00885535 -1.35901 -0.975137 -0.00885535 0.221425 146.451
0.198169 -0.0121086 0.980093 14.1649 -0.0121086 0.999817 0.0148006 -1.36963 -0.980093 -0.0148006 0.197986 146.628
0.178502 -0.0168635 0.983795 15.3435 -0.0168635 0.999654 0.0201951 -1.32045 -0.983795 -0.0201951 0.178156 146.735
0.159169 -0.0180159 0.987087 16.5458 -0.0180159 0.999614 0.0211496 -1.27843 -0.987087 -0.0211496 0.158783 146.891
0.14157 -0.0159094 0.9898 17.7192 -0.0159094 0.999705 0.0183441 -1.25587 -0.9898 -0.0183441 0.141275 147.053
0.126063 -0.0145876 0.991915 18.9053 -0.0145876 0.999757 0.0165569 -1.26116 -0.991915 -0.0165569 0.12582 147.187
0.111474 -0.014646 0.993659 20.1041 -0.014646 0.999759 0.016379 -1.24998 -0.993659 -0.016379 0.111233 147.295
0.0983434 -0.0170855 0.995006 21.3229 -0.0170855 0.999676 0.0188543 -1.25317 -0.995006 -0.0188543 0.0980196 147.364
0.0866659 -0.0202953 0.996031 22.5582 -0.0202953 0.999549 0.0221329 -1.24461 -0.996031 -0.0221329 0.0862149 147.461
0.0766798 -0.0229024 0.996793 23.789 -0.0229024 0.999432 0.0247248 -1.22897 -0.996793 -0.0247248 0.0761117 147.508
0.0685028 -0.0246138 0.997347 25.0414 -0.0246138 0.99935 0.0263538 -1.21175 -0.997347 -0.0263538 0.0678524 147.609
0.0622098 -0.0265101 0.997711 26.3237 -0.0265101 0.999251 0.028204 -1.17653 -0.997711 -0.028204 0.0614604 147.708
0.0563974 -0.0259996 0.99807 27.596 -0.0259996 0.999284 0.0275004 -1.14653 -0.99807 -0.0275004 0.055681 147.782
0.0511512 -0.0273342 0.998317 28.8993 -0.0273342 0.999213 0.0287593 -1.1143 -0.998317 -0.0287593 0.0503638 147.819
0.0451312 -0.0268402 0.99862 30.1653 -0.0268402 0.999246 0.02807 -1.10558 -0.99862 -0.02807 0.0443767 147.945
0.0433044 -0.029941 0.998613 31.5382 -0.029941 0.999063 0.0312528 -1.06033 -0.998613 -0.0312528 0.0423674 147.962
0.0398406 -0.0298364 0.99876 32.8605 -0.0298364 0.999073 0.0310359 -1.03438 -0.99876 -0.0310359 0.0389135 148.036
0.0376975 -0.0367443 0.998613 34.2264 -0.0367443 0.998597 0.0381307 -1.0047 -0.998613 -0.0381307 0.0362944 148.035
0.038107 -0.0379143 0.998554 35.5829 -0.0379143 0.998506 0.0393593 -0.942165 -0.998554 -0.0393593 0.0366125 148.059
0.0389601 -0.0406909 0.998412 36.9563 -0.0406909 0.998277 0.0422733 -0.903179 -0.998412 -0.0422733 0.0372372 148.117
0.041333 -0.0412208 0.998295 38.3551 -0.0412208 0.998228 0.0429248 -0.837942 -0.998295 -0.0429248 0.0395606 148.183
0.0452578 -0.0439777 0.998007 39.6948 -0.0439777 0.997974 0.0459706 -0.813157 -0.998007 -0.0459706 0.0432321 148.228
0.0509972 -0.0451864 0.997676 41.0986 -0.0451864 0.997848 0.0475039 -0.73284 -0.997676 -0.0475039 0.0488456 148.251
0.0540265 -0.0449738 0.997526 42.4911 -0.0449738 0.997862 0.0474247 -0.679351 -0.997526 -0.0474247 0.0518883 148.363
0.0577019 -0.0452396 0.997308 43.8942 -0.0452396 0.997828 0.0478807 -0.607283 -0.997308 -0.0478807 0.05553 148.461
0.0620227 -0.0436303 0.997121 45.2774 -0.0436303 0.997971 0.0463814 -0.530207 -0.997121 -0.0463814 0.0599932 148.543
0.065829 -0.0426196 0.99692 46.7201 -0.0426196 0.998056 0.0454824 -0.471371 -0.99692 -0.0454824 0.0638846 148.655
0.0696471 -0.039339 0.996796 48.1512 -0.039339 0.998337 0.0421485 -0.42556 -0.996796 -0.0421485 0.0679837 148.779
0.0737341 -0.0373593 0.996578 49.6405 -0.0373593 0.998493 0.0401952 -0.396421 -0.996578 -0.0401952 0.0722273 148.877
0.0738737 -0.0309335 0.996788 51.0714 -0.0309335 0.998967 0.0332936 -0.334843 -0.996788 -0.0332936 0.0728405 149.026
0.0745197 -0.0290845 0.996795 52.5321 -0.0290845 0.999086 0.0313256 -0.293676 -0.996795 -0.0313256 0.0736057 149.128
0.0736391 -0.0279918 0.996892 53.9823 -0.0279918 0.999154 0.0301231 -0.273266 -0.996892 -0.0301231 0.0727932 149.296
0.0748575 -0.0257392 0.996862 55.4393 -0.0257392 0.999284 0.0277346 -0.241175 -0.996862 -0.0277346 0.0741414 149.362
0.0738814 -0.0266087 0.996912 56.8973 -0.0266087 0.999235 0.0286427 -0.222315 -0.996912 -0.0286427 0.0731169 149.512
0.0748144 -0.0253277 0.996876 58.3537 -0.0253277 0.999307 0.0272902 -0.185242 -0.996876 -0.0272902 0.074121 149.647
0.0742335 -0.0233716 0.996967 59.8548 -0.0233716 0.99941 0.0251691 -0.180083 -0.996967 -0.0251691 0.0736435 149.783
0.0747423 -0.0187997 0.997026 61.3037 -0.0187997 0.999618 0.0202579 -0.168147 -0.997026 -0.0202579 0.0743604 149.901
0.0728785 -0.0155994 0.997219 62.7757 -0.0155994 0.999738 0.0167788 -0.174757 -0.997219 -0.0167788 0.072616 150.081
0.0704892 -0.0150161 0.9974 64.2716 -0.0150161 0.999757 0.0161128 -0.149901 -0.9974 -0.0161128 0.0702466 150.149
0.0650178 -0.0109605 0.997824 65.7214 -0.0109605 0.999872 0.0116971 -0.142128 -0.997824 -0.0116971 0.0648893 150.302
0.0597797 -0.00842967 0.998176 67.2064 -0.00842967 0.999924 0.00894928 -0.135136 -0.998176 -0.00894928 0.0597041 150.42
0.0535635 -0.00532059 0.99855 68.6671 -0.00532059 0.99997 0.00561355 -0.162823 -0.99855 -0.00561355 0.0535336 150.497
0.0457609 -0.00571344 0.998936 70.1673 -0.00571344 0.999966 0.00598106 -0.162182 -0.998936 -0.00598106 0.0457266 150.574
0.0376669 -0.00452937 0.99928 71.6422 -0.00452937 0.999979 0.00470327 -0.203156 -0.99928 -0.00470327 0.0376456 150.594
0.0269569 -0.00441996 0.999627 73.1401 -0.00441996 0.99998 0.00454072 -0.186846 -0.999627 -0.00454072 0.0269368 150.683
0.0169951 -0.00581469 0.999839 74.6247 -0.00581469 0.999966 0.00591427 -0.211698 -0.999839 -0.00591427 0.0169607 150.697
0.0056829 -0.00411122 0.999975 76.1426 -0.00411122 0.999983 0.00413462 -0.229976 -0.999975 -0.00413462 0.0056659 150.708
-0.00512782 -0.00584557 0.99997 77.6671 -0.00584557 0.999966 0.00581557 -0.246 -0.99997 -0.00581557 -0.00516181 150.693
-0.0167987 -0.00496552 0.999847 79.2378 -0.00496552 0.999976 0.00488273 -0.25155 -0.999847 -0.00488273 -0.0168229 150.68
-0.0276581 -0.00543288 0.999603 80.6881 -0.00543288 0.999971 0.00528456 -0.268968 -0.999603 -0.00528456 -0.0276868 150.631
-0.038219 -0.00462265 0.999259 82.1692 -0.00462265 0.999979 0.00444918 -0.285047 -0.999259 -0.00444918 -0.0382396 150.574
-0.0485573 -0.00518327 0.998807 83.6541 -0.00518327 0.999974 0.00493734 -0.306022 -0.998807 -0.00493734 -0.048583 150.49
-0.0582222 -0.00660717 0.998282 85.0918 -0.00660717 0.999959 0.00623292 -0.299457 -0.998282 -0.00623292 -0.0582635 150.419
-0.0674126 -0.00631509 0.997705 86.5434 -0.00631509 0.999963 0.00590269 -0.331714 -0.997705 -0.00590269 -0.06745 150.288
-0.0771455 -0.00802977 0.996988 87.9857 -0.00802977 0.99994 0.00743221 -0.325616 -0.996988 -0.00743221 -0.0772054 150.195
-0.0857997 -0.00860004 0.996275 89.3976 -0.00860004 0.999932 0.00789097 -0.327486 -0.996275 -0.00789097 -0.0858678 150.087
-0.0930635 -0.00999886 0.99561 89.656 -0.00999886 0.999909 0.0091074 -0.343999 -0.99561 -0.0091074 -0.093155 150.034
-0.0989335 -0.0118207 0.995024 91.6594 -0.0118207 0.999873 0.010703 -0.356352 -0.995024 -0.010703 -0.0990606 149.87
-0.101675 -0.0158159 0.994692 91.1768 -0.0158159 0.999773 0.01428 -0.365951 -0.994692 -0.01428 -0.101902 149.862
-0.104601 -0.016019 0.994385 93.5509 -0.016019 0.999768 0.0144207 -0.382228 -0.994385 -0.0144207 -0.104834 149.621
-0.105479 -0.0195032 0.99423 94.499 -0.0195032 0.999656 0.0175405 -0.384695 -0.99423 -0.0175405 -0.105823 149.518
-0.107584 -0.0181466 0.99403 96.1389 -0.0181466 0.999703 0.0162861 -0.391756 -0.99403 -0.0162861 -0.107881 149.37
-0.103473 -0.020334 0.994424 95.9703 -0.020334 0.999625 0.0183246 -0.409625 -0.994424 -0.0183246 -0.103848 149.321
-0.100297 -0.0222706 0.994708 98.1598 -0.0222706 0.999549 0.0201334 -0.406168 -0.994708 -0.0201334 -0.100748 149.094
-0.0935546 -0.0240804 0.995323 99.0937 -0.0240804 0.99947 0.0219173 -0.426741 -0.995323 -0.0219173 -0.0940848 148.962
-0.0858504 -0.0234249 0.996033 100.678 -0.0234249 0.999495 0.0214873 -0.408766 -0.996033 -0.0214873 -0.0863558 148.847
-0.074299 -0.0228569 0.996974 101.929 -0.0228569 0.999514 0.0212118 -0.408495 -0.996974 -0.0212118 -0.0747854 148.77
-0.0611942 -0.0211324 0.997902 103.301 -0.0211324 0.999579 0.019872 -0.4319 -0.997902 -0.019872 -0.061615 148.743
-0.0437018 -0.0205966 0.998832 104.574 -0.0205966 0.999594 0.0197111 -0.422086 -0.998832 -0.0197111 -0.0441083 148.708
-0.0225914 -0.0180672 0.999582 105.867 -0.0180672 0.999681 0.0176607 -0.450669 -0.999582 -0.0176607 -0.0229106 148.739
0.00265136 -0.0168197 0.999855 107.148 -0.0168197 0.999716 0.016862 -0.446583 -0.999855 -0.016862 0.0023677 148.753
0.0303564 -0.0143757 0.999436 108.418 -0.0143757 0.999787 0.0148174 -0.438903 -0.999436 -0.0148174 0.0301432 148.858
0.0636237 -0.0136707 0.99788 109.666 -0.0136707 0.9998 0.0145686 -0.439909 -0.99788 -0.0145686 0.0634241 148.998
0.100983 -0.0140449 0.994789 110.903 -0.0140449 0.999781 0.0155411 -0.43192 -0.994789 -0.0155411 0.100763 149.19
0.142795 -0.0127615 0.98967 112.122 -0.0127615 0.99981 0.0147336 -0.418401 -0.98967 -0.0147336 0.142605 149.45
0.187795 -0.00992661 0.982158 113.35 -0.00992661 0.999879 0.0120037 -0.421952 -0.982158 -0.0120037 0.187673 149.778
0.23488 -0.00697062 0.971999 114.542 -0.00697062 0.999936 0.0088554 -0.421411 -0.971999 -0.0088554 0.234817 150.195
0.28633 -0.00491419 0.958118 115.732 -0.00491419 0.999966 0.00659742 -0.414509 -0.958118 -0.00659742 0.286296 150.635
0.34029 -0.00263503 0.940317 116.842 -0.00263503 0.999989 0.00375584 -0.409751 -0.940317 -0.00375584 0.34028 151.246
0.404683 -0.000863535 0.914456 116.705 -0.000863535 0.999999 0.00132646 -0.414419 -0.914456 -0.00132646 0.404682 151.037
0.461823 -0.0011823 0.886971 118.963 -0.0011823 0.999997 0.00194855 -0.487175 -0.886971 -0.00194855 0.46182 152.605
0.520255 -0.00193775 0.854009 117.644 -0.00193775 0.999992 0.00344945 -0.433453 -0.854009 -0.00344945 0.520247 151.696
0.576362 0.00108135 0.817194 119.682 0.00108135 0.999997 -0.00208591 -0.415899 -0.817194 0.00208591 0.576359 153.542
0.629991 0.00125438 0.776601 119.973 0.00125438 0.999996 -0.00263278 -0.425277 -0.776601 0.00263278 0.629987 153.925
0.68351 0.000349028 0.729941 121.063 0.000349028 1 -0.000804985 -0.429788 -0.729941 0.000804985 0.68351 155.023
0.731467 -6.35637e-005 0.681877 121.625 -6.35637e-005 1 0.000161405 -0.437496 -0.681877 -0.000161405 0.731467 155.882
0.775388 -0.00150177 0.631483 122.335 -0.00150177 0.99999 0.00422216 -0.464071 -0.631483 -0.00422216 0.775378 156.94
0.81573 -0.00274792 0.578426 122.858 -0.00274792 0.999959 0.00862577 -0.438219 -0.578426 -0.00862577 0.815689 157.984
0.852147 -0.00417196 0.523285 123.43 -0.00417196 0.999882 0.0147656 -0.4575 -0.523285 -0.0147656 0.85203 159.063
0.882672 -0.00455951 0.469967 123.85 -0.00455951 0.999823 0.0182635 -0.440947 -0.469967 -0.0182635 0.882495 160.238
0.908005 -0.00515035 0.418928 124.302 -0.00515035 0.999712 0.0234537 -0.452496 -0.418928 -0.0234537 0.907716 161.348
0.927654 -0.00455662 0.373412 124.633 -0.00455662 0.999713 0.023519 -0.446388 -0.373412 -0.023519 0.927367 162.543
0.942901 -0.00411562 0.333048 124.937 -0.00411562 0.999703 0.0240056 -0.442399 -0.333048 -0.0240056 0.942604 163.687
0.954394 -0.00307631 0.298535 125.21 -0.00307631 0.999792 0.0201373 -0.40889 -0.298535 -0.0201373 0.954186 164.914
0.963552 -0.00265797 0.267507 125.467 -0.00265797 0.999806 0.0195081 -0.401125 -0.267507 -0.0195081 0.963358 166.115
0.969426 -0.00256827 0.24537 125.74 -0.00256827 0.999784 0.0206116 -0.391997 -0.24537 -0.0206116 0.96921 167.351
0.973203 -0.00250799 0.229935 126 -0.00250799 0.999765 0.0215199 -0.393559 -0.229935 -0.0215199 0.972968 168.585
0.976072 -0.00217794 0.217438 126.207 -0.00217794 0.999802 0.019791 -0.348947 -0.217438 -0.019791 0.975873 169.834
0.978131 -0.00195338 0.207983 126.458 -0.00195338 0.999826 0.018577 -0.324951 -0.207983 -0.018577 0.977956 171.083
0.979467 -0.00159464 0.201598 126.699 -0.00159464 0.999876 0.0156566 -0.292074 -0.201598 -0.0156566 0.979343 172.33
0.979967 -0.00113577 0.199156 126.886 -0.00113577 0.999936 0.0112912 -0.309074 -0.199156 -0.0112912 0.979903 173.597
0.980071 -0.000854421 0.198645 127.147 -0.000854421 0.999963 0.00851661 -0.31404 -0.198645 -0.00851661 0.980034 174.866
0.979583 -0.000563582 0.201039 127.407 -0.000563582 0.999984 0.00554942 -0.317311 -0.201039 -0.00554942 0.979568 176.133
0.978827 9.40027e-006 0.204689 127.722 9.40027e-006 1 -9.08771e-005 -0.294628 -0.204689 9.08771e-005 0.978827 177.379
0.977685 0.000536466 0.210076 127.914 0.000536466 0.999987 -0.00505032 -0.275636 -0.210076 0.00505032 0.977672 178.644
0.976959 0.000509269 0.213428 127.939 0.000509269 0.999989 -0.00471727 -0.308841 -0.213428 0.00471727 0.976947 178.434
0.975689 0.000180405 0.219157 128.086 0.000180405 0.999999 -0.00162634 -0.300469 -0.219157 0.00162634 0.975688 179.282
0.974597 -0.000387334 0.223967 128.19 -0.000387334 0.999994 0.00341491 -0.309709 -0.223967 -0.00341491 0.974591 179.664
0.97376 -0.00115018 0.227574 128.338 -0.00115018 0.99995 0.0099753 -0.312946 -0.227574 -0.0099753 0.97371 180.339
0.972835 -0.00175243 0.231493 128.455 -0.00175243 0.999887 0.0149337 -0.315078 -0.231493 -0.0149337 0.972722 180.839
0.972425 -0.00202265 0.233209 128.61 -0.00202265 0.999852 0.0171058 -0.31462 -0.233209 -0.0171058 0.972276 181.46
0.971985 -0.00166961 0.235038 128.785 -0.00166961 0.9999 0.0140074 -0.299295 -0.235038 -0.0140074 0.971885 182.171
0.972274 -0.000980339 0.233843 128.94 -0.000980339 0.999965 0.00826822 -0.306447 -0.233843 -0.00826822 0.972239 182.805
0.972536 -0.00018989 0.232751 129.379 -0.00018989 0.999999 0.00160929 -0.299282 -0.232751 -0.00160929 0.972535 184.537
0.973035 0.000333343 0.230658 129.597 0.000333343 0.999996 -0.00285139 -0.2941 -0.230658 0.00285139 0.973031 185.704
0.973687 -0.0001985 0.22789 129.945 -0.0001985 0.999999 0.00171915 -0.295591 -0.22789 -0.00171915 0.973685 187.144
0.974033 -0.00105281 0.226403 130.232 -0.00105281 0.999957 0.00917941 -0.285871 -0.226403 -0.00917941 0.97399 188.379
0.974654 -0.00162993 0.22371 130.554 -0.00162993 0.999895 0.0143864 -0.291428 -0.22371 -0.0143864 0.974549 189.787
0.975245 -0.00151849 0.221122 130.888 -0.00151849 0.999907 0.0135638 -0.301795 -0.221122 -0.0135638 0.975152 191.155
0.975621 -0.000830492 0.219461 131.173 -0.000830492 0.999972 0.00747611 -0.285065 -0.219461 -0.00747611 0.975593 192.597
0.976568 -0.00029726 0.215208 131.495 -0.00029726 0.999996 0.00273016 -0.295615 -0.215208 -0.00273016 0.976564 194.008
0.977378 4.01887e-005 0.211502 131.787 4.01887e-005 1 -0.000375732 -0.28079 -0.211502 0.000375732 0.977377 195.4
0.978225 -0.000200982 0.207547 132.103 -0.000200982 0.999998 0.00191565 -0.301988 -0.207547 -0.00191565 0.978223 196.807
0.978889 -0.000449053 0.204391 132.368 -0.000449053 0.99999 0.00434765 -0.304782 -0.204391 -0.00434765 0.97888 198.209
0.979106 -0.000704064 0.203347 132.639 -0.000704064 0.999976 0.00685233 -0.318057 -0.203347 -0.00685233 0.979083 199.638
0.979738 -0.00101662 0.200282 132.985 -0.00101662 0.999949 0.0100488 -0.319743 -0.200282 -0.0100488 0.979687 200.972
0.979749 -0.0012321 0.200226 133.26 -0.0012321 0.999925 0.012182 -0.314661 -0.200226 -0.012182 0.979674 202.417
0.980184 -0.00141998 0.198085 133.623 -0.00141998 0.999898 0.0141943 -0.34038 -0.198085 -0.0141943 0.980082 203.832
0.979568 -0.00101944 0.201113 133.552 -0.00101944 0.999949 0.0100342 -0.304889 -0.201113 -0.0100342 0.979517 203.998
0.979646 -0.000618505 0.200731 134 -0.000618505 0.999981 0.00609976 -0.310898 -0.200731 -0.00609976 0.979627 206.101
0.979251 -0.000244249 0.202652 134.162 -0.000244249 0.999997 0.00238552 -0.298409 -0.202652 -0.00238552 0.979248 207.196
0.978775 -0.000229173 0.204939 134.499 -0.000229173 0.999998 0.00221277 -0.320754 -0.204939 -0.00221277 0.978772 208.76
0.977897 -0.000293206 0.209087 134.735 -0.000293206 0.999996 0.00277363 -0.306854 -0.209087 -0.00277363 0.977893 210.16
0.977726 -0.000272688 0.209883 135.138 -0.000272688 0.999997 0.00256953 -0.337482 -0.209883 -0.00256953 0.977723 211.634
0.976846 6.22381e-005 0.213944 135.106 6.22381e-005 1 -0.000575081 -0.318693 -0.213944 0.000575081 0.976846 211.927
0.976857 -0.000285121 0.213895 135.626 -0.000285121 0.999996 0.00263514 -0.352051 -0.213895 -0.00263514 0.976853 213.987
0.976306 -0.000127993 0.216396 135.819 -0.000127993 0.999999 0.00116894 -0.333828 -0.216396 -0.00116894 0.976305 215.132
0.975232 0.000142874 0.221183 136.118 0.000142874 0.999999 -0.00127591 -0.349138 -0.221183 0.00127591 0.975232 216.635
0.975237 -0.000243904 0.221163 136.449 -0.000243904 0.999998 0.00217834 -0.352702 -0.221163 -0.00217834 0.975234 218.074
0.974816 -0.000725745 0.223008 136.768 -0.000725745 0.999979 0.00642665 -0.373049 -0.223008 -0.00642665 0.974795 219.529
0.974852 -0.00114329 0.222851 137.106 -0.00114329 0.999948 0.0101313 -0.388939 -0.222851 -0.0101313 0.9748 220.989
0.974082 -0.000406705 0.226196 137.158 -0.000406705 0.999994 0.00354942 -0.391721 -0.226196 -0.00354942 0.974075 221.38
0.974277 0.00092408 0.22535 137.67 0.00092408 0.999967 -0.00809566 -0.431229 -0.22535 0.00809566 0.974244 223.447
0.974157 0.00188193 0.225865 137.925 0.00188193 0.999863 -0.0164477 -0.449355 -0.225865 0.0164477 0.97402 224.594
0.974398 0.000815889 0.224829 138.283 0.000815889 0.999974 -0.00716485 -0.468793 -0.224829 0.00716485 0.974372 226.142
0.974743 -0.00153456 0.223324 138.566 -0.00153456 0.999907 0.0135687 -0.491795 -0.223324 -0.0135687 0.97465 227.405
0.97486 -0.00316989 0.222795 138.891 -0.00316989 0.9996 0.0280922 -0.510184 -0.222795 -0.0280922 0.97446 228.938
0.974893 -0.0024252 0.222659 139.196 -0.0024252 0.999766 0.021508 -0.504122 -0.222659 -0.021508 0.974659 230.405
0.975145 -0.000528745 0.221565 139.542 -0.000528745 0.999989 0.00471347 -0.490658 -0.221565 -0.00471347 0.975134 232.153
0.975098 0.000317218 0.221772 139.806 0.000317218 0.999996 -0.00282513 -0.488784 -0.221772 0.00282513 0.975094 233.519
0.975418 0.000384843 0.220362 140.142 0.000384843 0.999994 -0.00344988 -0.482528 -0.220362 0.00344988 0.975412 234.991
0.975453 0.000274543 0.220209 140.373 0.000274543 0.999997 -0.00246287 -0.504621 -0.220209 0.00246287 0.97545 236.475
0.97607 0.000366774 0.217455 140.66 0.000366774 0.999994 -0.00333296 -0.541506 -0.217455 0.00333296 0.976065 237.907
0.977215 0.000577674 0.212253 141 0.000577674 0.999985 -0.00538121 -0.560088 -0.212253 0.00538121 0.9772 239.387
0.977552 0.000706705 0.210695 140.986 0.000706705 0.999978 -0.00663294 -0.575444 -0.210695 0.00663294 0.977529 239.555
0.978029 0.000932193 0.208469 141.231 0.000932193 0.99996 -0.00884482 -0.587326 -0.208469 0.00884482 0.977989 240.729
0.978133 0.000580902 0.207979 141.469 0.000580902 0.999985 -0.00552504 -0.673209 -0.207979 0.00552504 0.978118 242.283
0.978572 0.000155416 0.205906 141.823 0.000155416 0.999999 -0.00149341 -0.667455 -0.205906 0.00149341 0.978571 243.791
0.979118 3.01176e-005 0.203291 142.123 3.01176e-005 1 -0.000293207 -0.704661 -0.203291 0.000293207 0.979118 245.191
0.97948 0.000394554 0.20154 142.424 0.000394554 0.999992 -0.0038752 -0.712159 -0.20154 0.0038752 0.979473 246.722
0.980503 0.00060621 0.196502 142.706 0.00060621 0.999981 -0.00610982 -0.732218 -0.196502 0.00610982 0.980484 248.174
0.981651 0.000695373 0.190683 142.976 0.000695373 0.999974 -0.00722649 -0.754624 -0.190683 0.00722649 0.981625 249.557
0.982989 9.79612e-005 0.183666 143.179 9.79612e-005 0.999999 -0.00105766 -0.790311 -0.183666 0.00105766 0.982988 250.963
0.983969 -0.000640642 0.178337 143.415 -0.000640642 0.999974 0.00712695 -0.81825 -0.178337 -0.00712695 0.983944 252.373
0.984606 -0.00143532 0.17478 143.615 -0.00143532 0.999866 0.0162968 -0.8217 -0.17478 -0.0162968 0.984473 253.775
0.985428 -0.00147773 0.170086 143.876 -0.00147773 0.99985 0.0172483 -0.800797 -0.170086 -0.0172483 0.985278 255.231
0.986042 -0.0010112 0.166494 144.072 -0.0010112 0.999927 0.0120618 -0.814668 -0.166494 -0.0120618 0.985969 256.763
0.987225 -0.000165393 0.159334 144.299 -0.000165393 0.999998 0.0020628 -0.816628 -0.159334 -0.0020628 0.987223 258.189
0.988171 0.000181522 0.153358 144.502 0.000181522 0.999997 -0.00235328 -0.839188 -0.153358 0.00235328 0.988168 259.66
0.989064 0.000144459 0.147486 144.66 0.000144459 0.999998 -0.00194824 -0.832658 -0.147486 0.00194824 0.989062 261.069
0.990212 -4.17231e-005 0.139572 144.844 -4.17231e-005 1 0.000594947 -0.871068 -0.139572 -0.000594947 0.990212 262.483
0.991178 0.000160008 0.13254 144.954 0.000160008 0.999997 -0.00240382 -0.879188 -0.13254 0.00240382 0.991175 263.916
0.992502 0.000518883 0.122228 145.136 0.000518883 0.999964 -0.00845842 -0.909627 -0.122228 0.00845842 0.992466 265.343
0.993425 0.000630958 0.114483 145.262 0.000630958 0.999939 -0.0109862 -0.925911 -0.114483 0.0109862 0.993364 266.732
0.994348 0.000454082 0.10617 145.402 0.000454082 0.999964 -0.00852956 -0.947491 -0.10617 0.00852956 0.994311 268.141
0.995124 0.000101988 0.0986281 145.52 0.000101988 0.999998 -0.00206308 -0.979407 -0.0986281 0.00206308 0.995122 269.55
0.995931 -0.000137193 0.0901187 145.614 -0.000137193 0.999995 0.00303851 -0.999043 -0.0901187 -0.00303851 0.995926 270.977
0.996549 -0.00025274 0.0830067 145.712 -0.00025274 0.999981 0.00607906 -1.0137 -0.0830067 -0.00607906 0.99653 272.436
0.997099 -0.000302491 0.0761109 145.828 -0.000302491 0.999968 0.00793703 -1.02584 -0.0761109 -0.00793703 0.997068 273.912
0.997361 -0.000228313 0.0725988 145.899 -0.000228313 0.99998 0.00628137 -1.05199 -0.0725988 -0.00628137 0.997341 275.404
0.997718 -1.93429e-005 0.0675117 146.005 -1.93429e-005 1 0.000572372 -1.0724 -0.0675117 -0.000572372 0.997718 276.871
0.997916 0.000217654 0.0645198 146.049 0.000217654 0.999977 -0.00673978 -1.08213 -0.0645198 0.00673978 0.997894 278.353
0.998093 0.000290967 0.0617236 146.13 0.000290967 0.999956 -0.00941887 -1.0963 -0.0617236 0.00941887 0.998049 279.876
0.998297 0.000114368 0.0583445 146.196 0.000114368 0.999992 -0.00391708 -1.10666 -0.0583445 0.00391708 0.998289 281.274
0.998436 -0.000177442 0.0559123 146.266 -0.000177442 0.99998 0.00634211 -1.12881 -0.0559123 -0.00634211 0.998416 282.758
0.998629 -0.00034686 0.0523408 146.328 -0.00034686 0.999912 0.0132442 -1.14127 -0.0523408 -0.0132442 0.998541 284.223
0.998452 -0.00026066 0.0556115 146.202 -0.00026066 0.999956 0.00936687 -1.25221 -0.0556115 -0.00936687 0.998409 285.775
0.998929 2.97175e-006 0.046262 146.378 2.97175e-006 1 -0.000128406 -1.20561 -0.046262 0.000128406 0.998929 287.324
0.99917 0.000108215 0.0407266 146.423 0.000108215 0.999986 -0.005312 -1.23143 -0.0407266 0.005312 0.999156 288.903
0.999463 6.49445e-005 0.0327702 146.459 6.49445e-005 0.999992 -0.00396255 -1.24389 -0.0327702 0.00396255 0.999455 290.335
0.999674 -2.5348e-005 0.0255129 146.483 -2.5348e-005 0.999998 0.00198675 -1.2751 -0.0255129 -0.00198675 0.999673 291.792
0.999848 -4.02638e-005 0.017431 146.537 -4.02638e-005 0.999989 0.00461941 -1.23248 -0.017431 -0.00461941 0.999837 293.257
0.999932 -5.20559e-005 0.0116688 146.57 -5.20559e-005 0.99996 0.00892178 -1.25927 -0.0116688 -0.00892178 0.999892 294.729
0.999984 -2.31482e-005 0.00571532 146.546 -2.31482e-005 0.999967 0.00810019 -1.23598 -0.00571532 -0.00810019 0.999951 296.23
1 5.85163e-007 -0.000778302 146.564 5.85163e-007 0.999999 0.00150369 -1.27859 0.000778302 -0.00150369 0.999999 297.729
0.99997 -3.46463e-005 -0.00776025 146.543 -3.46463e-005 0.99996 -0.00892885 -1.28411 0.00776025 0.00892885 0.99993 299.264
0.999905 -9.03402e-005 -0.0138019 146.532 -9.03402e-005 0.999914 -0.0130898 -1.3061 0.0138019 0.0130898 0.999819 300.773
0.999785 -5.9058e-005 -0.020748 146.534 -5.9058e-005 0.999984 -0.00569222 -1.35908 0.020748 0.00569222 0.999769 302.217
0.999666 9.9635e-005 -0.0258274 146.439 9.9635e-005 0.99997 0.00771406 -1.3552 0.0258274 -0.00771406 0.999637 303.645
0.99954 0.000236162 -0.0303229 146.374 0.000236162 0.999879 0.015572 -1.38314 0.0303229 -0.015572 0.999419 305.105
0.999411 0.000213831 -0.0343302 146.356 0.000213831 0.999922 0.0124531 -1.37408 0.0343302 -0.0124531 0.999333 306.003
0.999351 2.83923e-005 -0.0360333 146.253 2.83923e-005 0.999999 0.00157538 -1.38699 0.0360333 -0.00157538 0.999349 307.902
0.999261 -0.000139807 -0.0384485 146.162 -0.000139807 0.999974 -0.00726962 -1.39249 0.0384485 0.00726962 0.999234 308.996
0.999186 -0.000220112 -0.0403495 146.076 -0.000220112 0.999941 -0.0109055 -1.42027 0.0403495 0.0109055 0.999126 310.698
0.999078 -0.000142116 -0.0429333 146.042 -0.000142116 0.999978 -0.00661719 -1.43005 0.0429333 0.00661719 0.999056 312.033
0.999069 5.03392e-005 -0.0431463 145.993 5.03392e-005 0.999997 0.00233233 -1.45196 0.0431463 -0.00233233 0.999066 313.002
0.999061 0.000166025 -0.0433262 145.919 0.000166025 0.999971 0.00766024 -1.45894 0.0433262 -0.00766024 0.999032 314.744
0.998999 0.000151269 -0.0447267 145.853 0.000151269 0.999977 0.00676069 -1.46864 0.0447267 -0.00676069 0.998976 316.124
0.998911 -5.96628e-005 -0.0466558 145.774 -5.96628e-005 0.999997 -0.00255617 -1.48819 0.0466558 0.00255617 0.998908 317.686
0.998814 -0.000356652 -0.0486879 145.73 -0.000356652 0.999893 -0.0146411 -1.51498 0.0486879 0.0146411 0.998707 319.181
0.998637 -0.000495224 -0.052199 145.751 -0.000495224 0.99982 -0.0189598 -1.54681 0.052199 0.0189598 0.998457 320.637
0.99858 -0.000406715 -0.0532805 145.674 -0.000406715 0.999884 -0.0152552 -1.54271 0.0532805 0.0152552 0.998463 320.795
0.998509 -9.9997e-005 -0.0545858 145.576 -9.9997e-005 0.999993 -0.0036611 -1.59353 0.0545858 0.0036611 0.998502 322.834
0.998403 -1.39518e-005 -0.0564933 145.499 -1.39518e-005 1 -0.000493533 -1.618 0.0564933 0.000493533 0.998403 324.032
0.998433 -0.000120065 -0.0559601 145.358 -0.000120065 0.999991 -0.00428772 -1.64688 0.0559601 0.00428772 0.998424 325.838
0.998355 -0.000305788 -0.0573304 145.312 -0.000305788 0.999943 -0.0106585 -1.66431 0.0573304 0.0106585 0.998298 327.239
0.998338 -0.000320739 -0.0576288 145.184 -0.000320739 0.999938 -0.0111216 -1.69248 0.0576288 0.0111216 0.998276 328.792
0.998245 -0.000268401 -0.0592152 145.053 -0.000268401 0.999959 -0.00905715 -1.72119 0.0592152 0.00905715 0.998204 330.758
0.99819 -0.000145948 -0.0601369 144.979 -0.000145948 0.999988 -0.00484943 -1.76552 0.0601369 0.00484943 0.998178 331.972
0.998187 -5.91179e-005 -0.0601894 144.857 -5.91179e-005 0.999998 -0.00196261 -1.79421 0.0601894 0.00196261 0.998185 333.595
0.998165 -7.57481e-005 -0.0605595 144.763 -7.57481e-005 0.999997 -0.00249931 -1.81854 0.0605595 0.00249931 0.998161 334.994
0.998078 -0.000185528 -0.0619656 144.701 -0.000185528 0.999982 -0.00598229 -1.87436 0.0619656 0.00598229 0.99806 336.544
0.998053 -0.000355731 -0.0623672 144.592 -0.000355731 0.999935 -0.0113961 -1.89909 0.0623672 0.0113961 0.997988 337.989
0.997929 -0.000354051 -0.0643227 144.497 -0.000354051 0.999939 -0.0109968 -1.93096 0.0643227 0.0109968 0.997869 339.484
0.997807 -4.27847e-005 -0.0661871 144.396 -4.27847e-005 0.999999 -0.00129142 -1.95288 0.0661871 0.00129142 0.997806 340.904
0.997678 0.000257379 -0.0681117 144.304 0.000257379 0.999971 0.00754866 -1.98285 0.0681117 -0.00754866 0.997649 342.295
0.997655 0.00030553 -0.0684481 144.181 0.00030553 0.99996 0.00891669 -2.01547 0.0684481 -0.00891669 0.997615 344.195
0.997617 7.32843e-005 -0.0689898 144.074 7.32843e-005 0.999998 0.00212196 -2.0331 0.0689898 -0.00212196 0.997615 345.638
0.997665 -9.7216e-005 -0.0682998 143.958 -9.7216e-005 0.999996 -0.00284341 -2.05017 0.0682998 0.00284341 0.997661 347.021
0.997706 -0.000292984 -0.0677021 143.866 -0.000292984 0.999963 -0.00864499 -2.08772 0.0677021 0.00864499 0.997668 348.228
0.997798 -0.000408641 -0.0663268 143.811 -0.000408641 0.999924 -0.012308 -2.13307 0.0663268 0.012308 0.997722 349.658
0.997876 -0.00056589 -0.0651377 143.802 -0.00056589 0.999849 -0.0173554 -2.11947 0.0651377 0.0173554 0.997725 349.598
0.998232 -0.000557433 -0.0594399 143.662 -0.000557433 0.999824 -0.0187379 -2.17054 0.0594399 0.0187379 0.998056 351.667
0.998497 -0.000377158 -0.0548067 143.577 -0.000377158 0.999905 -0.0137522 -2.18839 0.0548067 0.0137522 0.998402 352.657
0.998835 -9.87342e-005 -0.0482535 143.539 -9.87342e-005 0.999992 -0.00408991 -2.23481 0.0482535 0.00408991 0.998827 353.863
0.999054 1.11652e-005 -0.0434966 143.481 1.11652e-005 1 0.000513139 -2.26134 0.0434966 -0.000513139 0.999053 355.269
0.999325 -1.01782e-005 -0.0367489 143.431 -1.01782e-005 1 -0.000553748 -2.292 0.0367489 0.000553748 0.999324 356.127
0.999554 -0.00012702 -0.0298485 143.373 -0.00012702 0.999964 -0.00850895 -2.3248 0.0298485 0.00850895 0.999518 357.751
0.99975 -0.000191784 -0.0223673 143.363 -0.000191784 0.999853 -0.0171451 -2.36303 0.0223673 0.0171451 0.999603 359.022
0.999883 -0.000170944 -0.015324 143.315 -0.000170944 0.999751 -0.0223065 -2.38164 0.015324 0.0223065 0.999634 360.401
0.999973 -7.7205e-005 -0.00736381 143.28 -7.7205e-005 0.99978 -0.0209662 -2.41973 0.00736381 0.0209662 0.999753 361.674
0.999998 -1.70114e-005 -0.00218037 143.326 -1.70114e-005 0.999878 -0.0156032 -2.45095 0.00218037 0.0156032 0.999876 362.837
0.99999 2.09795e-005 0.00449133 143.323 2.09795e-005 0.999956 -0.00934198 -2.50468 -0.00449133 0.00934198 0.999946 364.207
0.999952 3.88258e-005 0.00983184 143.366 3.88258e-005 0.999969 -0.00789766 -2.53706 -0.00983184 0.00789766 0.99992 365.506
0.999907 4.7028e-005 0.0136249 143.355 4.7028e-005 0.999976 -0.00690285 -2.56462 -0.0136249 0.00690285 0.999883 366.842
0.999876 4.34667e-005 0.0157368 143.336 4.34667e-005 0.999985 -0.00552381 -2.57996 -0.0157368 0.00552381 0.999861 368.186
0.999893 2.5635e-005 0.0146519 143.385 2.5635e-005 0.999994 -0.00349902 -2.60576 -0.0146519 0.00349902 0.999887 369.509
0.999915 4.77149e-006 0.0130521 143.417 4.77149e-006 1 -0.000731115 -2.62858 -0.0130521 0.000731115 0.999915 370.85
0.999912 -6.48756e-006 0.0132832 143.417 -6.48756e-006 1 0.000976766 -2.6337 -0.0132832 -0.000976766 0.999911 372.187
0.99992 2.46858e-005 0.0126801 143.4 2.46858e-005 0.999992 -0.00389346 -2.66398 -0.0126801 0.00389346 0.999912 373.546
0.999926 7.89776e-005 0.0121693 143.391 7.89776e-005 0.999916 -0.0129787 -2.67897 -0.0121693 0.0129787 0.999842 374.9
0.999946 0.000111101 0.0103703 143.392 0.000111101 0.99977 -0.0214236 -2.71913 -0.0103703 0.0214236 0.999717 376.243
0.999976 9.03278e-005 0.00691471 143.42 9.03278e-005 0.999659 -0.0261215 -2.72779 -0.00691471 0.0261215 0.999635 377.557
0.999994 3.50166e-005 0.00345107 143.388 3.50166e-005 0.999794 -0.020291 -2.76167 -0.00345107 0.020291 0.999788 378.863
1 -3.48212e-006 -0.000848841 143.353 -3.48212e-006 0.999966 -0.00820427 -2.78483 0.000848841 0.00820427 0.999966 380.116
0.999986 1.62604e-005 -0.00536611 143.358 1.62604e-005 0.999982 0.0060603 -2.80996 0.00536611 -0.0060603 0.999967 381.336
0.999952 7.56883e-005 -0.00979815 143.366 7.56883e-005 0.999881 0.0154482 -2.83579 0.00979815 -0.0154482 0.999833 382.754
0.999925 8.31654e-005 -0.0122562 143.328 8.31654e-005 0.999908 0.01357 -2.844 0.0122562 -0.01357 0.999833 384.113
0.999904 5.2351e-005 -0.0138661 143.279 5.2351e-005 0.999971 0.00755047 -2.86139 0.0138661 -0.00755047 0.999875 385.518
0.999839 -1.01657e-005 -0.0179686 143.228 -1.01657e-005 0.999999 -0.0011314 -2.86203 0.0179686 0.0011314 0.999838 386.929
0.999799 -6.43479e-005 -0.0200323 143.23 -6.43479e-005 0.999979 -0.00642369 -2.85971 0.0200323 0.00642369 0.999779 388.33
0.999776 -2.07572e-005 -0.0211594 143.198 -2.07572e-005 0.999998 -0.00196176 -2.86521 0.0211594 0.00196176 0.999774 389.731
0.999746 2.22688e-005 -0.0225437 143.191 2.22688e-005 0.999998 0.00197536 -2.88218 0.0225437 -0.00197536 0.999744 391.123
0.999696 5.87186e-005 -0.0246426 143.165 5.87186e-005 0.999989 0.00476486 -2.91722 0.0246426 -0.00476486 0.999685 392.503
0.999648 1.74729e-005 -0.0265174 143.163 1.74729e-005 0.999999 0.00131761 -2.91762 0.0265174 -0.00131761 0.999647 393.914
0.999652 -4.45083e-005 -0.0263918 143.097 -4.45083e-005 0.999994 -0.00337229 -2.94441 0.0263918 0.00337229 0.999646 395.294
0.999613 -6.94718e-005 -0.0278037 143.082 -6.94718e-005 0.999988 -0.00499631 -2.95528 0.0278037 0.00499631 0.999601 396.669
0.999592 -2.6649e-005 -0.0285602 143.03 -2.6649e-005 0.999998 -0.00186578 -2.97893 0.0285602 0.00186578 0.99959 398.044
0.999581 3.5113e-005 -0.028962 142.972 3.5113e-005 0.999997 0.00242425 -2.99753 0.028962 -0.00242425 0.999578 399.445
0.999585 7.51017e-005 -0.0288134 142.895 7.51017e-005 0.999986 0.00521185 -3.0153 0.0288134 -0.00521185 0.999571 400.848
0.999569 4.138e-005 -0.0293601 142.871 4.138e-005 0.999996 0.00281818 -3.04412 0.0293601 -0.00281818 0.999565 402.256
0.999597 -6.19843e-005 -0.0283701 142.822 -6.19843e-005 0.99999 -0.00436879 -3.04911 0.0283701 0.00436879 0.999588 403.119
0.999584 -0.000200283 -0.0288451 142.791 -0.000200283 0.999904 -0.0138833 -3.08872 0.0288451 0.0138833 0.999487 404.828
0.999585 -0.000275398 -0.0287911 142.742 -0.000275398 0.999817 -0.019125 -3.11168 0.0287911 0.019125 0.999402 405.996
0.99961 -0.000240659 -0.0279074 142.75 -0.000240659 0.999851 -0.0172424 -3.17282 0.0279074 0.0172424 0.999462 407.332
0.999567 -0.000179063 -0.0294275 142.718 -0.000179063 0.999926 -0.0121667 -3.13728 0.0294275 0.0121667 0.999493 407.108
0.999583 -5.40922e-005 -0.0288788 142.707 -5.40922e-005 0.999993 -0.00374536 -3.18262 0.0288788 0.00374536 0.999576 408.048
0.999509 4.45901e-007 -0.031339 142.703 4.45901e-007 1 2.84497e-005 -3.17412 0.031339 -2.84497e-005 0.999509 408.422
0.999469 5.97049e-005 -0.0325801 142.694 5.97049e-005 0.999993 0.00366412 -3.20041 0.0325801 -0.00366412 0.999462 409.157
0.999399 9.76752e-005 -0.0346633 142.656 9.76752e-005 0.999984 0.00563392 -3.19247 0.0346633 -0.00563392 0.999383 409.595
0.999124 0.000113911 -0.0418405 142.676 0.000113911 0.999985 0.00544257 -3.21777 0.0418405 -0.00544257 0.999109 410.492
0.998794 8.50342e-005 -0.0490964 142.597 8.50342e-005 0.999994 0.00346187 -3.24905 0.0490964 -0.00346187 0.998788 412.024
0.99817 -8.90642e-006 -0.0604658 142.522 -8.90642e-006 1 -0.000294324 -3.26504 0.0604658 0.000294324 0.99817 412.961
0.997212 -0.000136134 -0.0746251 142.44 -0.000136134 0.999993 -0.00364339 -3.29383 0.0746251 0.00364339 0.997205 414.132
0.995608 -0.000280504 -0.0936248 142.245 -0.000280504 0.999982 -0.00597888 -3.27315 0.0936248 0.00597888 0.99559 415.382
0.993293 -0.000283993 -0.115628 142.102 -0.000283993 0.999988 -0.00489568 -3.31402 0.115628 0.00489568 0.993281 416.59
0.990126 -0.00011582 -0.140177 141.878 -0.00011582 0.999999 -0.00164431 -3.33035 0.140177 0.00164431 0.990125 417.798
0.985827 0.000141728 -0.167767 141.612 0.000141728 0.999999 0.00167761 -3.34784 0.167767 -0.00167761 0.985825 418.949
0.979922 0.000208658 -0.199383 141.32 0.000208658 0.999998 0.00207203 -3.38818 0.199383 -0.00207203 0.97992 420.118
0.972033 1.52192e-005 -0.234843 140.884 1.52192e-005 1 0.0001278 -3.39678 0.234843 -0.0001278 0.972033 421.441
0.961484 -0.000224112 -0.274861 140.495 -0.000224112 0.999999 -0.00159933 -3.41278 0.274861 0.00159933 0.961483 422.583
0.948495 -0.000369681 -0.316791 139.986 -0.000369681 0.999997 -0.00227381 -3.43339 0.316791 0.00227381 0.948493 423.633
0.932356 -0.000102523 -0.361542 139.491 -0.000102523 1 -0.000547961 -3.4226 0.361542 0.000547961 0.932356 424.702
0.913441 0.000662436 -0.406971 138.876 0.000662436 0.999995 0.00311454 -3.43524 0.406971 -0.00311454 0.913436 425.69
0.890791 0.00221421 -0.454408 138.208 0.00221421 0.999955 0.0092131 -3.45349 0.454408 -0.0092131 0.890746 426.67
0.865234 0.00460459 -0.501347 137.475 0.00460459 0.999843 0.0171297 -3.45958 0.501347 -0.0171297 0.865077 427.573
0.834654 0.00697669 -0.55073 136.71 0.00697669 0.999706 0.0232378 -3.44991 0.55073 -0.0232378 0.83436 428.441
0.802667 0.00986064 -0.596346 135.887 0.00986064 0.999507 0.0297991 -3.44185 0.596346 -0.0297991 0.802174 429.271
0.765773 0.0134877 -0.64297 135.01 0.0134877 0.999223 0.0370246 -3.39988 0.64297 -0.0370246 0.764996 430.056
0.728307 0.0196854 -0.684968 134.08 0.0196854 0.998574 0.0496291 -3.37707 0.684968 -0.0496291 0.726881 430.769
0.689337 0.0264077 -0.72396 133.089 0.0264077 0.997755 0.0615396 -3.32964 0.72396 -0.0615396 0.687092 431.439
0.648938 0.0326374 -0.760141 132.017 0.0326374 0.996966 0.0706686 -3.27542 0.760141 -0.0706686 0.645904 432.073
0.605591 0.0367263 -0.794928 130.974 0.0367263 0.99658 0.0740216 -3.19816 0.794928 -0.0740216 0.602171 432.689
0.560799 0.0410096 -0.826935 129.844 0.0410096 0.996171 0.0772136 -3.14903 0.826935 -0.0772136 0.55697 433.21
0.513049 0.0422299 -0.85732 128.731 0.0422299 0.996338 0.0743495 -3.09262 0.85732 -0.0743495 0.509387 433.702
0.462329 0.0415316 -0.885736 127.496 0.0415316 0.996792 0.0684173 -3.01594 0.885736 -0.0684173 0.45912 434.183
0.409845 0.0392615 -0.91131 126.374 0.0392615 0.997388 0.0606271 -2.94827 0.91131 -0.0606271 0.407233 434.579
0.357404 0.0398737 -0.933098 125.1 0.0398737 0.997526 0.0578996 -2.89906 0.933098 -0.0578996 0.35493 434.912
0.307288 0.0431847 -0.950636 123.845 0.0431847 0.997308 0.0592641 -2.83721 0.950636 -0.0592641 0.304596 435.163
0.259419 0.047717 -0.964585 122.645 0.047717 0.996926 0.0621499 -2.7666 0.964585 -0.0621499 0.256344 435.353
0.213127 0.0502906 -0.975729 121.391 0.0502906 0.996786 0.0623608 -2.7141 0.975729 -0.0623608 0.209912 435.532
0.171997 0.0545695 -0.983585 120.108 0.0545695 0.996404 0.0648231 -2.64569 0.983585 -0.0648231 0.168401 435.502
0.131108 0.0553125 -0.989824 120.232 0.0553125 0.996479 0.0630109 -2.66003 0.989824 -0.0630109 0.127587 435.618
0.096022 0.0583375 -0.993668 119.648 0.0583375 0.996235 0.0641256 -2.63207 0.993668 -0.0641256 0.0922572 435.675
0.067984 0.0611103 -0.995813 119.048 0.0611103 0.995993 0.0652934 -2.59618 0.995813 -0.0652934 0.0639771 435.653
0.0428748 0.0629031 -0.997098 116.304 0.0629031 0.995866 0.0655301 -2.41134 0.997098 -0.0655301 0.0387408 435.673
0.0210877 0.0668439 -0.997541 115.74 0.0668439 0.995436 0.0681159 -2.39381 0.997541 -0.0681159 0.0165234 435.636
0.00350288 0.0712326 -0.997454 114.073 0.0712326 0.994908 0.071301 -2.29298 0.997454 -0.071301 -0.00158904 435.569
-0.0100004 0.0757935 -0.997073 112.979 0.0757935 0.994312 0.0748234 -2.21838 0.997073 -0.0748234 -0.0156882 435.444
-0.0199982 0.0788378 -0.996687 111.604 0.0788378 0.993906 0.077036 -2.12814 0.996687 -0.077036 -0.0260918 435.401
-0.0256449 0.079229 -0.996527 110.428 0.079229 0.99388 0.0769796 -2.03684 0.996527 -0.0769796 -0.0317652 435.324
-0.0310679 0.0787523 -0.99641 109.057 0.0787523 0.993985 0.0761051 -1.96154 0.99641 -0.0761051 -0.037083 435.368
-0.0325709 0.0786063 -0.996374 107.776 0.0786063 0.994016 0.0758508 -1.84356 0.996374 -0.0758508 -0.038555 435.305
-0.0353575 0.0789686 -0.99625 105.032 0.0789686 0.993977 0.0759858 -1.66084 0.99625 -0.0759858 -0.0413806 435.283
-0.0356667 0.0788486 -0.996248 104.384 0.0788486 0.993997 0.0758475 -1.60431 0.996248 -0.0758475 -0.0416697 435.29
-0.0357504 0.0781034 -0.996304 102.653 0.0781034 0.99411 0.0751288 -1.48492 0.996304 -0.0751288 -0.04164 435.198
-0.0369546 0.0723199 -0.996697 101.452 0.0723199 0.994956 0.0695122 -1.39865 0.996697 -0.0695122 -0.0419984 435.215
-0.03594 0.0705757 -0.996859 99.958 0.0705757 0.995192 0.0679132 -1.29275 0.996859 -0.0679132 -0.0407482 435.143
-0.0336087 0.0700306 -0.996979 98.5988 0.0700306 0.995255 0.0675488 -1.18753 0.996979 -0.0675488 -0.0383535 435.027
-0.0317684 0.0714677 -0.996937 97.2492 0.0714677 0.99505 0.069055 -1.11275 0.996937 -0.069055 -0.0367188 434.978
-0.0314789 0.070718 -0.997 97.1327 0.070718 0.995152 0.0683541 -1.09232 0.997 -0.0683541 -0.0363273 434.979
-0.0308112 0.0695003 -0.997106 96.075 0.0695003 0.995314 0.0672278 -1.01375 0.997106 -0.0672278 -0.0354972 434.95
-0.0287361 0.0673061 -0.997318 95.4422 0.0673061 0.995596 0.0652506 -0.971552 0.997318 -0.0652506 -0.0331396 434.908
-0.0278974 0.0636515 -0.997582 94.6054 0.0636515 0.996058 0.0617742 -0.914075 0.997582 -0.0617742 -0.031839 434.897
-0.0268067 0.0617395 -0.997732 93.8224 0.0617395 0.996288 0.0599913 -0.876741 0.997732 -0.0599913 -0.030519 434.864
-0.0218247 0.0653702 -0.997622 93.0161 0.0653702 0.995818 0.0638219 -0.829212 0.997622 -0.0638219 -0.0260067 434.8
-0.0243236 0.0611182 -0.997834 92.6309 0.0611182 0.996353 0.0595377 -0.804451 0.997834 -0.0595377 -0.0279703 434.816
-0.0232442 0.0589905 -0.997988 91.5427 0.0589905 0.996599 0.0575345 -0.748649 0.997988 -0.0575345 -0.026645 434.785
-0.0227031 0.0596831 -0.997959 90.8439 0.0596831 0.996517 0.0582391 -0.713683 0.997959 -0.0582391 -0.0261861 434.758
-0.0208333 0.0599595 -0.997983 89.9874 0.0599595 0.996478 0.0586173 -0.688286 0.997983 -0.0586173 -0.024355 434.685
-0.0227699 0.0600727 -0.997934 89.2429 0.0600727 0.996472 0.058614 -0.653179 0.997934 -0.058614 -0.0262982 434.675
-0.023717 0.0564937 -0.998121 88.3419 0.0564937 0.996882 0.0550812 -0.609608 0.998121 -0.0550812 -0.0268346 434.632
-0.0264203 0.0560829 -0.998076 87.5083 0.0560829 0.996936 0.0545342 -0.566133 0.998076 -0.0545342 -0.0294846 434.601
-0.0308793 0.0522372 -0.998157 86.6401 0.0522372 0.997353 0.050579 -0.52992 0.998157 -0.050579 -0.0335263 434.572
-0.034145 0.0523528 -0.998045 85.7356 0.0523528 0.99735 0.0505252 -0.489023 0.998045 -0.0505252 -0.0367953 434.539
-0.0346435 0.0536655 -0.997958 84.5488 0.0536655 0.997216 0.0517627 -0.436941 0.997958 -0.0517627 -0.037427 434.461
-0.0355111 0.0519324 -0.998019 83.3444 0.0519324 0.997396 0.0500522 -0.402149 0.998019 -0.0500522 -0.0381156 434.365
-0.0425585 0.0556601 -0.997542 81.9412 0.0556601 0.997028 0.0532568 -0.328353 0.997542 -0.0532568 -0.0455301 434.39
-0.0411177 0.0532748 -0.997733 79.9058 0.0532748 0.997274 0.0510548 -0.249256 0.997733 -0.0510548 -0.0438438 434.162
-0.0403245 0.0579686 -0.997504 78.1891 0.0579686 0.99677 0.0555825 -0.190225 0.997504 -0.0555825 -0.0435546 434.01
-0.0418003 0.061795 -0.997213 77.1619 0.061795 0.996335 0.0591503 -0.129268 0.997213 -0.0591503 -0.0454657 434.023
-0.0391012 0.0661287 -0.997045 75.8309 0.0661287 0.995792 0.0634522 -0.0744523 0.997045 -0.0634522 -0.0433096 433.847
-0.0411105 0.0645958 -0.997064 74.8522 0.0645958 0.995992 0.0618629 -0.024986 0.997064 -0.0618629 -0.0451183 433.807
-0.0400469 0.0666558 -0.996972 73.565 0.0666558 0.995728 0.0638952 0.0266765 0.996972 -0.0638952 -0.0443188 433.743
-0.0420267 0.066626 -0.996893 72.1083 0.066626 0.99574 0.0637402 0.147357 0.996893 -0.0637402 -0.0462867 433.745
-0.0371345 0.0662153 -0.997114 70.8204 0.0662153 0.995773 0.0636602 0.155579 0.997114 -0.0636602 -0.041362 433.63
-0.0404947 0.0579104 -0.9975 69.3668 0.0579104 0.996777 0.0555174 0.283321 0.9975 -0.0555174 -0.0437178 433.577
-0.0332248 0.0597384 -0.997661 68.0344 0.0597384 0.996546 0.0576822 0.315465 0.997661 -0.0576822 -0.0366787 433.44
-0.038876 0.0476415 -0.998108 66.6211 0.0476415 0.997815 0.0457719 0.391945 0.998108 -0.0457719 -0.0410608 433.469
-0.0332033 0.0478407 -0.998303 65.7568 0.0478407 0.997785 0.0462247 0.417881 0.998303 -0.0462247 -0.0354185 433.391
-0.0322207 0.0454403 -0.998447 63.9044 0.0454403 0.998 0.0439535 0.487706 0.998447 -0.0439535 -0.0342211 433.264
-0.0286031 0.0424753 -0.998688 63.9486 0.0424753 0.998246 0.04124 0.458764 0.998688 -0.04124 -0.0303571 433.291
-0.0263358 0.0458047 -0.998603 62.5675 0.0458047 0.997956 0.044567 0.495973 0.998603 -0.044567 -0.02838 433.222
-0.0244736 0.0421483 -0.998812 61.0194 0.0421483 0.998266 0.0410926 0.548205 0.998812 -0.0410926 -0.0262077 433.057
-0.0261136 0.0461856 -0.998591 60.8265 0.0461856 0.997921 0.0449469 0.54995 0.998591 -0.0449469 -0.0281924 433.152
-0.0285619 0.0443584 -0.998607 59.6022 0.0443584 0.998087 0.0430666 0.590683 0.998607 -0.0430666 -0.0304749 433.07
-0.0337126 0.0444773 -0.998441 58.9098 0.0444773 0.998086 0.0429597 0.619338 0.998441 -0.0429597 -0.0356263 433.09
-0.0341375 0.0446529 -0.998419 57.6937 0.0446529 0.998072 0.0431106 0.633972 0.998419 -0.0431106 -0.0360656 433.001
-0.0407204 0.0456231 -0.998128 54.9447 0.0456231 0.998 0.0437559 0.709768 0.998128 -0.0437559 -0.0427204 433.001
-0.0423695 0.0463509 -0.998026 55.8179 0.0463509 0.997939 0.0443791 0.678578 0.998026 -0.0443791 -0.0444306 432.914
-0.0472556 0.0512726 -0.997566 53.1033 0.0512726 0.99749 0.0488398 0.754897 0.997566 -0.0488398 -0.0497658 432.763
-0.051754 0.05068 -0.997373 52.2394 0.05068 0.997558 0.0480595 0.815282 0.997373 -0.0480595 -0.0541961 432.654
-0.0558543 0.0545173 -0.996949 50.1502 0.0545173 0.997185 0.0514758 0.873927 0.996949 -0.0514758 -0.0586692 432.503
-0.0593839 0.0572789 -0.996591 48.9424 0.0572789 0.996903 0.0538838 0.920504 0.996591 -0.0538838 -0.0624809 432.411
-0.0631399 0.0612452 -0.996124 47.0186 0.0612452 0.996472 0.0573845 0.989263 0.996124 -0.0573845 -0.0666681 432.271
-0.0660015 0.0651981 -0.995687 45.4847 0.0651981 0.996012 0.0608976 1.04769 0.995687 -0.0608976 -0.0699891 432.145
-0.0639922 0.0756585 -0.995078 43.5199 0.0756585 0.99462 0.0707582 1.15895 0.995078 -0.0707582 -0.0693722 431.934
-0.0700618 0.0710996 -0.995006 41.8873 0.0710996 0.995276 0.0661125 1.23405 0.995006 -0.0661125 -0.074786 431.844
-0.0648356 0.0801574 -0.994671 40.5184 0.0801574 0.993966 0.0748757 1.32969 0.994671 -0.0748757 -0.0708696 431.596
-0.06955 0.0785214 -0.994483 40.3167 0.0785214 0.994235 0.0730103 1.29497 0.994483 -0.0730103 -0.0753146 431.693
-0.0655987 0.0842022 -0.994287 38.3613 0.0842022 0.993346 0.0785672 1.41905 0.994287 -0.0785672 -0.0722522 431.448
-0.0677928 0.0841574 -0.994144 37.2022 0.0841574 0.993367 0.0783528 1.48536 0.994144 -0.0783528 -0.0744256 431.405
-0.0626098 0.0915602 -0.993829 35.7187 0.0915602 0.992111 0.0856337 1.57484 0.993829 -0.0856337 -0.0704991 431.198
-0.0660103 0.0877572 -0.993952 34.3542 0.0877572 0.992776 0.0818252 1.68569 0.993952 -0.0818252 -0.0732347 431.204
-0.0624811 0.0885675 -0.994109 34.2627 0.0885675 0.992617 0.082868 1.67963 0.994109 -0.082868 -0.069864 431.129
-0.0627584 0.0867995 -0.994247 32.1861 0.0867995 0.992911 0.0812039 1.83512 0.994247 -0.0812039 -0.0698477 431.098
-0.0604875 0.0845091 -0.994585 31.1456 0.0845091 0.993266 0.0792574 1.88474 0.994585 -0.0792574 -0.067222 430.975
-0.0563121 0.0875878 -0.994564 29.463 0.0875878 0.992737 0.0824677 2.00376 0.994564 -0.0824677 -0.0635747 430.873
-0.0514024 0.0846174 -0.995087 27.7666 0.0846174 0.99319 0.080085 2.08043 0.995087 -0.080085 -0.0582124 430.626
-0.0427781 0.0808942 -0.995804 26.82 0.0808942 0.993725 0.0772501 2.26846 0.995804 -0.0772501 -0.0490535 430.161
-0.0429635 0.0857865 -0.995387 25.0298 0.0857865 0.992944 0.0818732 2.25515 0.995387 -0.0818732 -0.0500197 430.422
-0.0387287 0.0883184 -0.995339 22.2887 0.0883184 0.992491 0.0846292 2.44645 0.995339 -0.0846292 -0.046238 430.312
-0.0349451 0.0884446 -0.995468 21.512 0.0884446 0.992442 0.085071 2.50043 0.995468 -0.085071 -0.0425034 430.323
-0.0313595 0.0854831 -0.995846 20.7032 0.0854831 0.992915 0.0825396 2.54794 0.995846 -0.0825396 -0.0384447 430.247
-0.0269249 0.084906 -0.996025 19.99 0.084906 0.99298 0.0823512 2.60474 0.996025 -0.0823512 -0.0339449 430.262
-0.0216116 0.0847034 -0.996172 19.4185 0.0847034 0.992977 0.0825941 2.61692 0.996172 -0.0825941 -0.0286345 430.186
-0.0186045 0.082281 -0.996435 17.7038 0.082281 0.993353 0.0804903 2.77057 0.996435 -0.0804903 -0.0252511 430.22
-0.0160823 0.0810974 -0.996576 16.5279 0.0810974 0.993527 0.0795405 2.87777 0.996576 -0.0795405 -0.022555 430.384
-0.00912815 0.0820075 -0.99659 16.5214 0.0820075 0.993336 0.0809886 2.85873 0.99659 -0.0809886 -0.0157925 430.193
0.00300219 0.0883699 -0.996083 15.9261 0.0883699 0.992167 0.0882889 2.88474 0.996083 -0.0882889 -0.00483057 430.132
0.00626507 0.0837248 -0.996469 14.3987 0.0837248 0.992946 0.0839552 3.02146 0.996469 -0.0839552 -0.000788976 429.946
0.0140462 0.0801625 -0.996683 11.67 0.0801625 0.993482 0.0810349 3.1579 0.996683 -0.0810349 0.00752858 429.632
0.0218684 0.0813765 -0.996443 8.92869 0.0813765 0.99323 0.0829 3.34207 0.996443 -0.0829 0.0150982 429.515
0.0250392 0.0752227 -0.996852 10.8537 0.0752227 0.994196 0.0769117 3.21306 0.996852 -0.0769117 0.0192354 429.671
0.0317633 0.0784648 -0.996411 8.15267 0.0784648 0.993641 0.080748 3.28124 0.996411 -0.080748 0.0254046 429.668
0.0358194 0.0721748 -0.996749 10.1319 0.0721748 0.994597 0.0746127 3.25119 0.996749 -0.0746127 0.0304167 429.709
0.0412405 0.0743003 -0.996383 7.42498 0.0743003 0.994242 0.0772159 3.34706 0.996383 -0.0772159 0.0354825 429.765
0.0457426 0.0723856 -0.996327 7.094 0.0723856 0.994509 0.0755768 3.41944 0.996327 -0.0755768 0.0402517 429.822
0.0506996 0.07477 -0.995911 5.62277 0.07477 0.994111 0.0784412 3.49228 0.995911 -0.0784412 0.0448105 429.811
0.0528965 0.0701798 -0.996131 4.72337 0.0701798 0.9948 0.0738126 3.56392 0.996131 -0.0738126 0.0476962 429.931
0.0570412 0.0692824 -0.995965 5.21319 0.0692824 0.99491 0.0731769 3.51575 0.995965 -0.0731769 0.0519508 429.85
0.0569457 0.065686 -0.996214 3.49088 0.065686 0.995425 0.0693887 3.72887 0.996214 -0.0693887 0.0523705 430.245
0.0631446 0.0674785 -0.995721 4.88964 0.0674785 0.99514 0.0717184 3.53513 0.995721 -0.0717184 0.0582844 429.854
0.0641819 0.0631114 -0.995941 3.77138 0.0631114 0.995744 0.0671661 3.685 0.995941 -0.0671661 0.0599257 429.926
0.0641819 0.0631114 -0.995941 2.65312 0.0631114 0.995744 0.0671661 3.83487 0.995941 -0.0671661 0.0599257 429.998
0.065396 0.0679293 -0.995545 4.57266 0.0679293 0.995063 0.0723586 3.554 0.995545 -0.0723586 0.0604587 429.879
0.0682516 0.0734494 -0.994961 -0.0680476 0.0734494 0.99421 0.0784325 4.23156 0.994961 -0.0784325 0.0624616 429.978
0.0755163 0.074058 -0.994391 0.93988 0.074058 0.994067 0.0796581 4.12962 0.994391 -0.0796581 0.0695837 429.594
0.0755163 0.074058 -0.994391 1.94781 0.074058 0.994067 0.0796581 4.02768 0.994391 -0.0796581 0.0695837 429.21
0.0623874 0.0910418 -0.993891 0.824779 0.0910418 0.99116 0.0965064 4.23905 0.993891 -0.0965064 0.0535473 429.654
0.0623874 0.0910418 -0.993891 -0.29825 0.0910418 0.99116 0.0965064 4.45042 0.993891 -0.0965064 0.0535473 430.099
0.0623874 0.0910418 -0.993891 -1.42128 0.0910418 0.99116 0.0965064 4.66179 0.993891 -0.0965064 0.0535473 430.543
0.0623874 0.0910418 -0.993891 -2.54431 0.0910418 0.99116 0.0965064 4.87316 0.993891 -0.0965064 0.0535473 430.987
0.0774777 0.0788528 -0.993871 -2.38412 0.0788528 0.99326 0.0849514 4.81928 0.993871 -0.0849514 0.0707377 430.806
0.0774777 0.0788528 -0.993871 -2.22393 0.0788528 0.99326 0.0849514 4.76541 0.993871 -0.0849514 0.0707377 430.625
0.0774777 0.0788528 -0.993871 -2.06374 0.0788528 0.99326 0.0849514 4.71153 0.993871 -0.0849514 0.0707377 430.444
0.0774777 0.0788528 -0.993871 -1.90356 0.0788528 0.99326 0.0849514 4.65766 0.993871 -0.0849514 0.0707377 430.263
0.0774777 0.0788528 -0.993871 -1.74337 0.0788528 0.99326 0.0849514 4.60378 0.993871 -0.0849514 0.0707377 430.082
0.0774777 0.0788528 -0.993871 -1.58318 0.0788528 0.99326 0.0849514 4.5499 0.993871 -0.0849514 0.0707377 429.902
0.0774777 0.0788528 -0.993871 -1.42299 0.0788528 0.99326 0.0849514 4.49603 0.993871 -0.0849514 0.0707377 429.721
0.0774777 0.0788528 -0.993871 -1.2628 0.0788528 0.99326 0.0849514 4.44215 0.993871 -0.0849514 0.0707377 429.54
0.0774777 0.0788528 -0.993871 -1.10262 0.0788528 0.99326 0.0849514 4.38828 0.993871 -0.0849514 0.0707377 429.359
0.0774777 0.0788528 -0.993871 -0.942429 0.0788528 0.99326 0.0849514 4.3344 0.993871 -0.0849514 0.0707377 429.178
0.0774777 0.0788528 -0.993871 -0.782241 0.0788528 0.99326 0.0849514 4.28052 0.993871 -0.0849514 0.0707377 428.997
-0.60915 -0.172662 -0.774031 -1.80854 -0.172662 0.981473 -0.0830539 4.64798 0.774031 0.0830539 -0.627676 430.568
-0.60915 -0.172662 -0.774031 -2.83484 -0.172662 0.981473 -0.0830539 5.01544 0.774031 0.0830539 -0.627676 432.139
0.0782861 0.0705157 -0.994434 -3.13894 0.0705157 0.994605 0.0760791 4.78518 0.994434 -0.0760791 0.0728913 430.887
0.0782861 0.0705157 -0.994434 -3.44303 0.0705157 0.994605 0.0760791 4.55492 0.994434 -0.0760791 0.0728913 429.635
-0.609341 -0.16891 -0.774708 -2.99375 -0.16891 0.982272 -0.0813101 5.00267 0.774708 0.0813101 -0.627069 432.037
0.085878 0.0695178 -0.993877 -3.34873 0.0695178 0.994713 0.0755831 4.78651 0.993877 -0.0755831 0.0805913 430.847
0.085878 0.0695178 -0.993877 -3.7037 0.0695178 0.994713 0.0755831 4.57034 0.993877 -0.0755831 0.0805913 429.658
-0.286649 -0.00718934 -0.958009 -4.79971 -0.00718934 0.99996 -0.00535301 5.00414 0.958009 0.00535301 -0.286689 430.859
0.0988577 0.0672086 -0.992829 -3.92485 0.0672086 0.994987 0.0740468 4.58489 0.992829 -0.0740468 0.0938452 429.686
0.108055 0.0642483 -0.992067 -6.5728 0.0642483 0.995372 0.0714603 4.85171 0.992067 -0.0714603 0.103427 430.378
0.119846 0.0667133 -0.990549 -4.19253 0.0667133 0.994943 0.0750809 4.60817 0.990549 -0.0750809 0.114789 429.734
0.134286 0.0673049 -0.988654 -4.32809 0.0673049 0.994767 0.0768628 4.62183 0.988654 -0.0768628 0.129053 429.755
0.150704 0.0671369 -0.986297 -4.44582 0.0671369 0.994693 0.0779667 4.63309 0.986297 -0.0779667 0.145397 429.777
0.169021 0.0651945 -0.983454 -4.61247 0.0651945 0.994885 0.0771569 4.64588 0.983454 -0.0771569 0.163906 429.819
0.191336 0.0640126 -0.979435 -4.78076 0.0640126 0.994933 0.0775306 4.65746 0.979435 -0.0775306 0.186269 429.863
0.21473 0.0631893 -0.974627 -4.97471 0.0631893 0.994915 0.0784266 4.67286 0.974627 -0.0784266 0.209646 429.919
0.240216 0.0592935 -0.968907 -5.18139 0.0592935 0.995373 0.0756134 4.69256 0.968907 -0.0756134 0.235588 429.996
0.2696 0.0554669 -0.961374 -5.42422 0.0554669 0.995788 0.0730071 4.71089 0.961374 -0.0730071 0.265388 430.087
0.301749 0.0508992 -0.952028 -5.64198 0.0508992 0.99629 0.0693983 4.72945 0.952028 -0.0693983 0.298038 430.181
0.335752 0.045559 -0.940848 -5.87756 0.045559 0.996875 0.0645303 4.74523 0.940848 -0.0645303 0.332627 430.304
0.37423 0.042847 -0.926346 -6.10381 0.042847 0.997066 0.0634276 4.76363 0.926346 -0.0634276 0.371296 430.427
0.415765 0.0437907 -0.908417 -6.34495 0.0437907 0.996718 0.0680894 4.77933 0.908417 -0.0680894 0.412482 430.559
0.459082 0.0442829 -0.887289 -6.58982 0.0442829 0.996375 0.072639 4.80286 0.887289 -0.072639 0.455457 430.716
0.5042 0.0442483 -0.862452 -6.83655 0.0442483 0.996051 0.0769707 4.81797 0.862452 -0.0769707 0.500251 430.9
0.548902 0.0410883 -0.834876 -7.06066 0.0410883 0.996257 0.0760449 4.83962 0.834876 -0.0760449 0.54516 431.098
0.59405 0.0378501 -0.803537 -7.52783 0.0378501 0.996471 0.0749205 4.8844 0.803537 -0.0749205 0.590521 431.536
0.640606 0.0336378 -0.767133 -8.58172 0.0336378 0.996852 0.0718005 4.97532 0.767133 -0.0718005 0.637458 432.627
0.685231 0.0291706 -0.727741 -9.32654 0.0291706 0.997297 0.067442 5.06276 0.727741 -0.067442 0.682528 433.475
0.730944 0.0256941 -0.681953 -9.24806 0.0256941 0.997546 0.0651247 5.05343 0.681953 -0.0651247 0.728491 433.433
0.77327 0.0221881 -0.633689 -10.3553 0.0221881 0.997829 0.0620137 5.24653 0.633689 -0.0620137 0.771098 434.975
0.813646 0.0196503 -0.581028 -10.755 0.0196503 0.997928 0.0612673 5.29645 0.581028 -0.0612673 0.811574 435.808
0.850345 0.0180046 -0.525918 -11.4399 0.0180046 0.997834 0.0632716 5.41173 0.525918 -0.0632716 0.848179 437.064
0.880838 0.0154222 -0.473166 -11.8124 0.0154222 0.998004 0.0612381 5.47824 0.473166 -0.0612381 0.878842 438.179
0.908224 0.013314 -0.418273 -12.314 0.013314 0.998069 0.0606789 5.56179 0.418273 -0.0606789 0.906293 439.459
0.930703 0.0111196 -0.365608 -12.6437 0.0111196 0.998216 0.0586663 5.64321 0.365608 -0.0586663 0.928918 440.697
0.949188 0.0090104 -0.314582 -12.943 0.0090104 0.998402 0.0557837 5.70319 0.314582 -0.0557837 0.94759 442.007
0.963967 0.00703998 -0.26593 -13.2668 0.00703998 0.998625 0.0519557 5.79983 0.26593 -0.0519557 0.962591 443.339
