0.999994 -0.00266876 -0.00221869 -0.0172117 0.00266449 0.999995 -0.00192875 -0.013236 0.00222383 0.00192283 0.999996 0.860169
0.999961 -0.00179 -0.00869473 -0.0121803 0.00176264 0.999993 -0.00315285 -0.0202372 0.00870031 0.0031374 0.999957 1.7193
0.999941 -0.00324714 -0.0103478 -0.066393 0.00319123 0.99998 -0.00541442 -0.0164727 0.0103652 0.00538108 0.999932 2.57897
0.999868 -0.000957109 -0.0162437 -0.0533333 0.000861579 0.999982 -0.00588705 -0.0280908 0.0162491 0.00587227 0.999851 3.43884
0.999818 0.00247251 -0.0189269 -0.0646493 -0.00258424 0.999979 -0.00588117 -0.0364128 0.0189119 0.00592901 0.999804 4.29901
0.999686 0.00412972 -0.0247097 -0.0985439 -0.00429916 0.999968 -0.00680816 -0.0468337 0.0246808 0.00691225 0.999671 5.15785
0.999603 0.00328871 -0.0279665 -0.143286 -0.0035041 0.999965 -0.00765616 -0.0553663 0.0279403 0.00775112 0.99958 6.01742
0.999406 -0.000182458 -0.0344612 -0.15995 -1.88966e-005 0.999983 -0.00584251 -0.0619531 0.0344617 0.00583969 0.999389 6.87656
0.999238 0.00278721 -0.0389245 -0.210527 -0.00291852 0.99999 -0.00331703 -0.0757893 0.0389149 0.00342811 0.999237 7.73539
0.999142 0.000895092 -0.0414036 -0.244928 -0.000930606 0.999999 -0.000838479 -0.0801177 0.0414028 0.00087629 0.999142 8.59538
0.99902 -3.58526e-005 -0.044271 -0.28923 -1.61464e-005 0.999999 -0.0011742 -0.0906188 0.044271 0.00117377 0.999019 9.45332
0.998874 -0.00386775 -0.0472905 -0.345392 0.00378899 0.999991 -0.00175501 -0.100374 0.0472969 0.00157385 0.99888 10.3118
0.998818 -0.0016479 -0.0485795 -0.386459 0.00153771 0.999996 -0.00230551 -0.105777 0.0485831 0.00222808 0.998817 11.1713
0.998727 -0.00345056 -0.0503188 -0.431446 0.00340604 0.999994 -0.00097053 -0.115925 0.0503218 0.000797906 0.998733 12.0295
0.998689 -0.0006421 -0.0511835 -0.472774 0.000564812 0.999999 -0.00152447 -0.128109 0.0511844 0.00149357 0.998688 12.8843
0.998542 0.00526978 -0.0537241 -0.514706 -0.00547836 0.999978 -0.00373585 -0.136801 0.0537032 0.00402472 0.998549 13.7466
0.998645 0.00229505 -0.051992 -0.587161 -0.00268182 0.999969 -0.00737059 -0.145684 0.0519735 0.00750003 0.99862 14.6146
0.998369 0.00701869 -0.0566608 -0.623984 -0.00741799 0.999949 -0.00684009 -0.162422 0.0566099 0.00724924 0.99837 15.4954
0.998368 0.00587894 -0.0568011 -0.688374 -0.00630763 0.999953 -0.00737085 -0.170546 0.0567551 0.0077171 0.998358 16.385
0.998149 0.00374971 -0.0607073 -0.721689 -0.00412864 0.999973 -0.00611768 -0.189363 0.0606827 0.00635699 0.998137 17.2858
0.998264 0.00159148 -0.0588768 -0.779595 -0.00186389 0.999988 -0.00457219 -0.197325 0.0588688 0.00467399 0.998255 18.1903
0.998185 -0.00127337 -0.0602082 -0.865023 0.00101612 0.99999 -0.00430304 -0.208166 0.0602131 0.00423406 0.998177 19.0993
0.99817 0.00382656 -0.0603453 -0.922441 -0.00408186 0.999983 -0.00410809 -0.236542 0.0603285 0.0043469 0.998169 20.0122
0.997898 0.00129856 -0.0647957 -0.960661 -0.00163825 0.999985 -0.00518957 -0.254473 0.064788 0.00528481 0.997885 20.9298
0.996921 -0.0215983 -0.0753842 -0.882202 0.0210894 0.999749 -0.00753953 -0.27775 0.0755281 0.0059265 0.997126 21.8567
0.998083 0.0018018 -0.0618628 -1.06023 -0.00184773 0.999998 -0.000685324 -0.279643 0.0618614 0.000798317 0.998084 22.789
0.998032 0.00280648 -0.0626476 -1.10106 -0.0026137 0.999992 0.00315901 -0.292747 0.062656 -0.00298905 0.998031 23.7245
0.997851 0.00266997 -0.0654633 -1.13723 -0.00230141 0.999981 0.00570478 -0.310194 0.0654773 -0.00554186 0.997839 24.6666
0.99815 0.000197117 -0.0607925 -1.21841 0.000201819 0.999978 0.00655604 -0.296407 0.0607925 -0.00655618 0.998129 25.6116
0.998174 -0.000114642 -0.0604107 -1.26788 0.000334208 0.999993 0.00362446 -0.316259 0.0604099 -0.00363803 0.998167 26.5593
0.998213 0.00187173 -0.0597222 -1.34408 -0.00192544 0.999998 -0.000841749 -0.320799 0.0597204 0.000955237 0.998215 27.5093
0.998325 -0.00107173 -0.0578533 -1.39028 0.000820181 0.99999 -0.00437162 -0.323799 0.0578575 0.00431685 0.998316 28.4687
0.998426 -0.00109327 -0.0560662 -1.45927 0.00089786 0.999993 -0.00351038 -0.336152 0.0560697 0.00345452 0.998421 29.4359
0.998378 -0.00459887 -0.0567461 -1.51198 0.00464782 0.999989 0.000730613 -0.343559 0.0567421 -0.000993174 0.998388 30.4115
0.998209 -0.0108703 -0.0588299 -1.55819 0.0111255 0.99993 0.00401179 -0.353128 0.0587822 -0.00465912 0.99826 31.3912
0.998131 -0.0157512 -0.0590418 -1.61719 0.015956 0.999868 0.0029996 -0.355733 0.0589868 -0.00393607 0.998251 32.37
0.99825 -0.0109692 -0.0581027 -1.69832 0.0109751 0.99994 -0.000218273 -0.37042 0.0581016 -0.000419789 0.998311 33.3473
0.998088 -0.0064006 -0.0614781 -1.74377 0.00614857 0.999972 -0.00428777 -0.381643 0.0615039 0.00390157 0.998099 34.3321
0.997886 -0.00151691 -0.0649682 -1.80997 0.00118607 0.999986 -0.00513073 -0.388301 0.0649751 0.00504283 0.997874 35.3432
0.997896 -0.000844875 -0.0648312 -1.86339 0.000606239 0.999993 -0.00370047 -0.408131 0.0648339 0.00365338 0.997889 36.4019
0.997903 0.00627532 -0.064424 -1.96504 -0.00631368 0.99998 -0.000391983 -0.424553 0.0644203 0.000797915 0.997923 37.4421
0.99771 0.000169231 -0.0676387 -2.02311 -0.000153105 1 0.000243604 -0.433451 0.0676388 -0.00023269 0.99771 38.4869
0.997714 0.00691231 -0.0672262 -2.11529 -0.00666714 0.99997 0.00387062 -0.446503 0.067251 -0.00341356 0.99773 39.5179
0.997687 -2.20812e-005 -0.0679771 -2.17465 0.000433013 0.999982 0.00603042 -0.453423 0.0679757 -0.00604591 0.997669 40.5542
0.997537 0.00273018 -0.0700907 -2.26504 -0.00214916 0.999963 0.00836364 -0.455324 0.0701109 -0.00819241 0.997506 41.5759
0.997622 -0.00230504 -0.0688812 -2.35627 0.00278491 0.999973 0.00687148 -0.447699 0.0688635 -0.00704697 0.997601 42.5967
0.997613 0.00436878 -0.0689183 -2.41347 -0.00395884 0.999974 0.00608366 -0.464607 0.068943 -0.00579631 0.997604 43.6078
0.997563 0.00347039 -0.0696834 -2.46347 -0.00321866 0.999988 0.00372443 -0.46531 0.0696955 -0.00349106 0.997562 44.6145
0.99759 0.00507943 -0.0692019 -2.54456 -0.00479148 0.999979 0.00432643 -0.481153 0.0692224 -0.00398442 0.997593 45.6148
0.997456 -0.00179396 -0.0712621 -2.61157 0.00217244 0.999984 0.00523399 -0.483701 0.0712516 -0.00537549 0.997444 46.6143
0.99751 -0.001104 -0.0705121 -2.67641 0.0015395 0.99998 0.00612213 -0.487457 0.070504 -0.00621544 0.997492 47.6095
0.997221 0.000920377 -0.0744918 -2.73179 -0.000702988 0.999995 0.00294447 -0.508074 0.0744941 -0.00288392 0.997217 48.5969
0.997385 0.00461319 -0.0721273 -2.83975 -0.0047126 0.999988 -0.00120807 -0.510053 0.0721209 0.00154482 0.997395 49.5722
0.997275 0.00465151 -0.0736253 -2.90957 -0.00486204 0.999985 -0.00268054 -0.527499 0.0736117 0.0030312 0.997282 50.554
0.997176 -7.44409e-005 -0.0751038 -2.98793 0.000137269 1 0.000831386 -0.537259 0.0751037 -0.000839347 0.997175 51.5344
0.997187 -0.0032231 -0.0748878 -3.05184 0.00348707 0.999988 0.00339442 -0.542116 0.074876 -0.00364601 0.997186 52.5115
0.997143 -0.00612905 -0.0752923 -3.11324 0.00642531 0.999973 0.00369323 -0.558162 0.0752676 -0.00416645 0.997155 53.4819
0.997168 -0.00622486 -0.0749537 -3.21656 0.00648653 0.999974 0.00324817 -0.564867 0.0749315 -0.00372516 0.997182 54.4422
0.997258 -0.00638344 -0.073726 -3.28801 0.00651527 0.999978 0.00154776 -0.57598 0.0737144 -0.00202386 0.997277 55.4054
0.997322 -0.00615353 -0.0728828 -3.40131 0.00636162 0.999976 0.00262341 -0.575231 0.0728649 -0.00308003 0.997337 56.3596
0.997042 -0.00343559 -0.0767881 -3.44768 0.00394527 0.999971 0.00648686 -0.583113 0.0767636 -0.00677062 0.997026 57.3234
0.996997 -0.00526306 -0.0772565 -3.52223 0.00614852 0.999918 0.0112279 -0.594011 0.0771911 -0.0116692 0.996948 58.2846
0.997039 -0.00177851 -0.0768729 -3.62889 0.00284107 0.999902 0.0137153 -0.611304 0.076841 -0.013893 0.996947 59.232
0.996891 -0.00152586 -0.0787736 -3.68164 0.00225171 0.999956 0.00912634 -0.606222 0.0787562 -0.00927534 0.996851 60.1753
0.996732 0.00576417 -0.0805743 -3.7781 -0.00561457 0.999982 0.00208318 -0.611861 0.0805848 -0.00162399 0.996746 61.0976
0.996708 0.00499565 -0.0809186 -3.8123 -0.00517869 0.999984 -0.00205231 -0.638911 0.0809071 0.0024646 0.996719 62.014
0.996535 0.0106267 -0.0824934 -3.9401 -0.0107336 0.999942 -0.000852346 -0.642206 0.0824796 0.00173484 0.996591 62.9212
0.996449 0.00908458 -0.0837088 -4.00167 -0.00909469 0.999959 0.000260472 -0.651472 0.0837077 0.000501758 0.99649 63.8205
0.99622 0.00559815 -0.0866858 -4.06527 -0.00536628 0.999981 0.00290769 -0.679498 0.0867004 -0.00243152 0.996231 64.7038
0.996391 0.00564632 -0.0846901 -4.19219 -0.00539609 0.99998 0.00318328 -0.685949 0.0847064 -0.00271479 0.996402 65.5671
0.996316 0.00498934 -0.0856072 -4.27401 -0.00470262 0.999983 0.00355063 -0.699833 0.0856234 -0.00313498 0.996323 66.4212
0.995989 0.00182976 -0.0894611 -4.34393 -0.001489 0.999991 0.00387557 -0.704085 0.0894674 -0.00372681 0.995983 67.2646
0.995967 0.00170979 -0.089706 -4.44053 -0.00123269 0.999985 0.00537367 -0.720403 0.0897139 -0.00524142 0.995954 68.0903
0.995863 -0.00149776 -0.0908544 -4.51731 0.00212218 0.999975 0.00677652 -0.733651 0.090842 -0.0069413 0.995841 68.906
0.995827 0.0012445 -0.0912486 -4.6063 -0.000503136 0.999967 0.00814722 -0.733779 0.0912557 -0.00806731 0.995795 69.709
0.995674 0.00207756 -0.0928944 -4.67947 -0.00091105 0.99992 0.012598 -0.73434 0.0929131 -0.0124589 0.995596 70.5025
0.995699 0.0063838 -0.0924217 -4.75767 -0.00508024 0.999884 0.0143329 -0.745165 0.0925025 -0.0138017 0.995617 71.2778
0.99558 0.00986783 -0.0933957 -4.83559 -0.00888421 0.999901 0.0109417 -0.75211 0.0934944 -0.0100636 0.995569 72.0303
0.995383 0.00779842 -0.0956669 -4.93137 -0.0074523 0.999964 0.00397478 -0.759835 0.0956945 -0.00324349 0.995405 72.7581
0.995206 0.00379455 -0.0977235 -4.97819 -0.00399737 0.99999 -0.00187979 -0.771255 0.0977154 0.00226142 0.995212 73.473
0.995223 0.0025421 -0.0975919 -5.08083 -0.0028738 0.999991 -0.00325835 -0.776131 0.0975827 0.00352324 0.995221 74.1642
0.995329 0.00579926 -0.0963621 -5.13501 -0.0057981 0.999983 0.000292077 -0.775661 0.0963622 0.000268004 0.995346 74.8364
0.994417 -0.000827925 -0.105517 -5.16868 0.00103501 0.999998 0.00190784 -0.802539 0.105515 -0.0020064 0.994416 75.499
0.994842 -0.000806761 -0.101438 -5.26713 0.000799773 1 -0.000109555 -0.82208 0.101438 2.78622e-005 0.994842 76.1265
0.995121 -0.00537703 -0.0985106 -5.29064 0.00480519 0.99997 -0.0060412 -0.837316 0.0985402 0.00553837 0.995118 76.74
0.99502 -0.012895 -0.098835 -5.36062 0.0117147 0.999853 -0.0125137 -0.841085 0.0989819 0.0112936 0.995025 77.3326
0.995141 -0.0109337 -0.0978512 -5.41832 0.00979821 0.999879 -0.0120773 -0.852294 0.0979714 0.0110598 0.995128 77.9145
0.99573 -0.00453911 -0.0922034 -5.47878 0.00378536 0.999958 -0.0083482 -0.870456 0.0922374 0.00796353 0.995705 78.4835
0.996223 -0.00681919 -0.0865643 -5.53563 0.00638047 0.999965 -0.00534382 -0.881267 0.0865977 0.00477132 0.996232 79.0375
0.996512 -0.00353221 -0.0833705 -5.53422 0.00341746 0.999993 -0.00151912 -0.895882 0.0833753 0.00122891 0.996517 79.5826
0.997196 -0.00622855 -0.0745738 -5.58564 0.00633206 0.999979 0.00115171 -0.904289 0.074565 -0.00162068 0.997215 80.1123
0.997923 -0.00403941 -0.0642855 -5.61238 0.00418517 0.999989 0.00213279 -0.919558 0.0642762 -0.00239741 0.997929 80.6242
0.998823 -7.17996e-005 -0.048508 -5.64597 0.000169326 0.999998 0.00200642 -0.923896 0.0485077 -0.00201227 0.998821 81.125
0.999518 0.00484362 -0.0306549 -5.65452 -0.00475369 0.999984 0.0030056 -0.92799 0.030669 -0.00285843 0.999526 81.6133
0.999934 0.00663459 -0.00942015 -5.64632 -0.00660581 0.999973 0.00308332 -0.935287 0.00944036 -0.00302089 0.999951 82.0878
0.999805 0.0103637 0.0167989 -5.61018 -0.0104264 0.999939 0.00365198 -0.944476 -0.01676 -0.00382642 0.999852 82.5469
0.998839 0.00342429 0.0480529 -5.57965 -0.00372632 0.999974 0.00619726 -0.951612 -0.0480304 -0.00636912 0.998826 82.9998
0.996955 -0.00490756 0.0778276 -5.52364 0.00425318 0.999954 0.0085717 -0.953181 -0.0778661 -0.00821458 0.99693 83.447
0.992792 -0.00791987 0.119585 -5.45261 0.00686193 0.999934 0.00925593 -0.952925 -0.119651 -0.00836863 0.992781 83.8787
0.987456 -0.0097157 0.157596 -5.32305 0.00809409 0.999908 0.0109282 -0.954529 -0.157688 -0.00951555 0.987443 84.3013
0.980685 -0.00513594 0.195524 -5.21501 0.00312746 0.999939 0.0105796 -0.965233 -0.195567 -0.0097638 0.980642 84.7185
0.968191 -0.00872848 0.250061 -5.08687 0.00501606 0.999868 0.0154795 -0.943093 -0.250163 -0.0137327 0.968106 85.1065
0.956249 0.000611622 0.292554 -4.89018 -0.00250089 0.999978 0.00608389 -0.963494 -0.292544 -0.00654936 0.95623 85.4804
0.934307 -0.00888817 0.356358 -4.7359 0.0071304 0.999955 0.00624593 -0.969571 -0.356398 -0.00329464 0.934329 85.8448
0.909623 -0.00758392 0.415365 -4.53954 0.00540395 0.999965 0.00642349 -0.99026 -0.415399 -0.00359835 0.909632 86.1953
0.877373 -0.00106565 0.479809 -4.31166 0.00146476 0.999999 -0.000457445 -0.963969 -0.479808 0.00110415 0.877373 86.5203
0.849364 -0.00487469 0.527786 -4.06833 0.00683872 0.999975 -0.00176964 -0.967847 -0.527764 0.00511245 0.849376 86.8109
0.810434 0.00244392 0.585824 -3.8011 0.0136658 0.99964 -0.0230756 -0.925337 -0.58567 0.026707 0.810109 87.0872
0.768771 -0.00535879 0.639502 -3.53617 -0.00426179 0.9999 0.0135021 -0.981373 -0.63951 -0.0131054 0.768671 87.3467
0.732411 -0.00639743 0.680833 -3.23764 0.00499221 0.999979 0.00402588 -0.966149 -0.680844 0.000450262 0.732428 87.5998
0.695531 -0.00345842 0.718488 -2.90806 -0.00144036 0.99998 0.00620771 -0.975477 -0.718495 -0.00535253 0.695511 87.8001
0.634395 0.00165621 0.773007 -2.61982 -0.0023161 0.999997 -0.000241764 -0.983184 -0.773005 -0.00163699 0.634398 88.0348
0.594894 0.0141423 0.80368 -2.27013 -0.00228287 0.999871 -0.0159048 -0.951792 -0.803801 0.00762699 0.594849 88.2007
0.547762 -0.00645979 0.836609 -1.94886 0.00364233 0.999979 0.00533645 -0.985166 -0.836626 0.00012411 0.547774 88.3831
0.499047 -0.00183004 0.866573 -1.60571 -0.0010488 0.999996 0.00271579 -0.986128 -0.866574 -0.00226417 0.499043 88.5442
0.445693 0.0140854 0.895075 -1.26752 -0.0073618 0.9999 -0.0120692 -0.993402 -0.895156 -0.00121019 0.445752 88.7183
0.413631 -0.00465615 0.910433 -0.89705 0.00206106 0.999989 0.00417777 -1.00057 -0.910442 0.000148398 0.413636 88.8074
0.375501 -0.0194018 0.926619 -0.517119 0.0095069 0.999809 0.0170817 -0.998757 -0.926773 0.00239506 0.375614 88.8919
0.338772 -0.0243752 0.940553 -0.14614 0.0112781 0.999698 0.0218458 -0.99501 -0.940801 0.00320691 0.338945 88.9921
0.304958 -0.0184689 0.952187 0.226375 0.00983591 0.99982 0.0162427 -1.00367 -0.952315 0.00441229 0.305084 89.0895
0.276218 -0.00579495 0.961077 0.605871 -0.000303147 0.999981 0.00611665 -1.0155 -0.961095 -0.00198088 0.276211 89.1748
0.246907 0.00325662 0.969034 0.983502 -0.00912248 0.999958 -0.00103616 -1.01892 -0.968996 -0.00858416 0.246927 89.287
0.225334 -0.00504863 0.974269 1.3857 -0.00467098 0.999969 0.00626214 -1.02184 -0.97427 -0.00596186 0.225303 89.339
0.201562 -0.00164682 0.979474 1.80076 -0.00360274 0.999991 0.00242271 -1.02641 -0.979469 -0.00401711 0.201555 89.3189
0.177466 -0.0123935 0.984049 2.21496 0.00802925 0.999906 0.0111451 -1.02421 -0.984094 0.00592329 0.177548 89.4309
0.159192 -0.0149166 0.987135 2.64342 0.0199931 0.99973 0.0118827 -1.01999 -0.987045 0.0178442 0.159448 89.4662
0.139813 -0.00932267 0.990134 3.08893 0.0215691 0.999747 0.0063675 -1.0372 -0.989943 0.020466 0.139978 89.5238
0.125564 -0.00961781 0.992039 3.55406 0.0139328 0.999871 0.00793025 -1.03128 -0.991988 0.0128262 0.125682 89.5839
0.112743 -0.00902909 0.993583 4.03013 0.00418971 0.999954 0.00861158 -1.01731 -0.993615 0.00319192 0.112776 89.6015
0.0981525 -0.00847788 0.995135 4.51374 -0.0125985 0.999873 0.00976086 -1.03065 -0.995092 -0.0134953 0.0980333 89.6656
0.0872148 -0.012385 0.996113 5.01316 -0.0196311 0.999707 0.0141485 -1.02034 -0.995996 -0.0207887 0.0869461 89.6696
0.0745303 -0.0107695 0.997161 5.52542 -0.0164114 0.999793 0.0120246 -1.03921 -0.997084 -0.017261 0.0743381 89.7178
0.0684354 -0.016959 0.997511 6.05731 -0.00844501 0.99981 0.0175774 -1.02109 -0.99762 -0.00962692 0.0682791 89.7189
0.0629472 -0.0176274 0.997861 6.60262 -0.00734473 0.999809 0.0181251 -1.02173 -0.99799 -0.00846994 0.0628057 89.752
0.0568253 -0.0177731 0.998226 7.16541 -0.00494073 0.999824 0.0180828 -1.0249 -0.998372 -0.00595952 0.0567275 89.789
0.0488585 -0.0205659 0.998594 7.7473 -0.00914929 0.999737 0.0210371 -1.00237 -0.998764 -0.0101643 0.0486574 89.8332
0.0479443 -0.0251834 0.998532 8.35115 -0.0137864 0.99957 0.0258715 -0.997306 -0.998755 -0.0150066 0.0475765 89.8499
0.0429353 -0.020296 0.998872 8.96883 -0.0155874 0.999658 0.0209819 -1.01271 -0.998956 -0.0164707 0.0426043 89.8685
0.0417015 -0.0234463 0.998855 9.60928 -0.015688 0.999586 0.0241184 -0.985284 -0.999007 -0.0166759 0.0413164 89.8887
0.0382427 -0.0269057 0.998906 10.2629 -0.0191709 0.999434 0.0276538 -0.961915 -0.999085 -0.0202075 0.0377052 89.9204
0.037955 -0.0307357 0.998807 10.9364 -0.0221589 0.999255 0.0315915 -0.957864 -0.999034 -0.0233315 0.0372456 89.9492
0.0386125 -0.0317005 0.998751 11.5728 -0.0248926 0.999156 0.0326757 -1.0819 -0.998944 -0.0261233 0.0377908 90.1022
0.0434301 -0.0397971 0.998263 12.3161 -0.0225207 0.998913 0.0408028 -0.925781 -0.998803 -0.0242536 0.0424866 90.0169
0.0466236 -0.0386216 0.998166 13.0309 -0.0308932 0.998719 0.040086 -0.958888 -0.998435 -0.0327055 0.0453707 90.0798
0.0460283 -0.0338979 0.998365 13.7619 -0.0309912 0.998895 0.0353447 -0.944295 -0.998459 -0.0325674 0.0449269 90.133
0.054664 -0.0403769 0.997688 14.5275 -0.0377596 0.998384 0.0424739 -0.891716 -0.997791 -0.0399941 0.053051 90.1401
0.0567762 -0.0387257 0.997636 15.2952 -0.0410275 0.998313 0.0410869 -0.883813 -0.997544 -0.0432633 0.0550916 90.1976
0.0607551 -0.0350617 0.997537 16.0804 -0.0424745 0.998387 0.0376785 -0.85678 -0.997249 -0.0446591 0.0591678 90.2502
0.0662996 -0.0357587 0.997159 16.8734 -0.0446912 0.998248 0.0387693 -0.821609 -0.996798 -0.0471346 0.0645854 90.3197
0.0682008 -0.0303888 0.997209 17.6741 -0.0438341 0.99848 0.0334254 -0.795662 -0.996708 -0.0459914 0.066765 90.3811
0.0717523 -0.0306405 0.996952 18.474 -0.0335783 0.998887 0.0331167 -0.777343 -0.996857 -0.0358521 0.0706436 90.4718
0.0735493 -0.0245863 0.996988 19.2844 -0.026066 0.999307 0.0265664 -0.760853 -0.996951 -0.0279414 0.0728575 90.5066
0.0718777 -0.0193983 0.997225 20.0947 -0.0219646 0.999538 0.0210265 -0.747181 -0.997172 -0.023415 0.0714184 90.6062
0.0746214 -0.0217859 0.996974 20.916 -0.0239268 0.999434 0.0236306 -0.737535 -0.996925 -0.0256177 0.0740579 90.6105
0.0725903 -0.0184903 0.99719 21.7295 -0.0252494 0.999474 0.0203707 -0.71618 -0.997042 -0.0266571 0.0720852 90.7315
0.0736279 -0.0209803 0.997065 22.5494 -0.0259232 0.999401 0.0229438 -0.713903 -0.996949 -0.0275364 0.0730399 90.7433
0.0772073 -0.0196417 0.996822 23.3652 -0.0256662 0.999435 0.0216811 -0.69663 -0.996685 -0.0272586 0.0766596 90.8248
0.0715896 -0.0128 0.997352 24.1789 -0.0194074 0.99971 0.0142234 -0.697782 -0.997245 -0.0203742 0.0713204 90.9039
0.0771086 -0.0151011 0.996908 24.9915 -0.0223562 0.999608 0.0168712 -0.685613 -0.996772 -0.023588 0.0767407 90.9524
0.0747612 -0.0102491 0.997149 25.8011 -0.0154431 0.999815 0.0114344 -0.690119 -0.997082 -0.0162539 0.0745891 91.0247
0.0725767 -0.00796846 0.997331 26.6131 -0.0156167 0.999836 0.00912492 -0.686277 -0.997241 -0.0162372 0.0724404 91.0738
0.0675884 -0.00481607 0.997702 27.4209 -0.0156547 0.99986 0.005887 -0.691247 -0.99759 -0.0160166 0.0675035 91.1553
0.0634081 -0.00229042 0.997985 28.2334 -0.0173149 0.999844 0.00339481 -0.702394 -0.997837 -0.0174953 0.0633586 91.2036
0.0581556 -0.00217605 0.998305 29.0457 -0.0150658 0.999882 0.00305713 -0.706272 -0.998194 -0.015218 0.0581159 91.2412
0.048678 -0.00182224 0.998813 29.8512 -0.00931715 0.999954 0.0022784 -0.712895 -0.998771 -0.00941699 0.0486588 91.3034
0.0529508 -0.037911 0.997877 30.6331 -0.00491441 0.999257 0.0382242 -0.818801 -0.998585 -0.00692798 0.0527252 91.0737
0.0314862 -0.00138913 0.999503 31.4482 -4.87435e-005 0.999999 0.00139136 -0.764291 -0.999504 -9.25278e-005 0.0314861 91.2684
0.0195739 -0.000486257 0.999808 32.2436 0.000286728 1 0.000480737 -0.770043 -0.999808 0.000277263 0.0195741 91.2661
0.0103164 -0.0029072 0.999943 33.0374 -0.00565031 0.99998 0.0029656 -0.77679 -0.999931 -0.00568058 0.0102998 91.2967
-1.03409e-005 -0.00322033 0.999995 33.8299 -0.00647278 0.999974 0.0032202 -0.786337 -0.999979 -0.00647271 -3.11851e-005 91.2798
-0.0124087 -0.00614814 0.999904 34.6171 -0.00422147 0.999973 0.00609617 -0.789233 -0.999914 -0.00414542 -0.0124343 91.295
-0.0227162 -0.00558172 0.999726 35.397 -0.00382721 0.999978 0.00549616 -0.807557 -0.999735 -0.00370132 -0.022737 91.2602
-0.0325 -0.00320389 0.999467 36.1732 -0.0028934 0.999991 0.00311149 -0.808856 -0.999468 -0.00279074 -0.032509 91.2421
-0.0431514 -0.00554293 0.999053 36.9417 -0.00333722 0.99998 0.00540393 -0.826202 -0.999063 -0.00310088 -0.0431691 91.1994
-0.0526865 -0.006379 0.998591 37.7021 -0.00315263 0.999976 0.00622151 -0.839143 -0.998606 -0.0028204 -0.0527053 91.1531
-0.0630335 -0.00707896 0.997986 38.4566 -0.00297879 0.999972 0.0069049 -0.836008 -0.998007 -0.00253756 -0.0630528 91.1252
-0.0706359 -0.00760012 0.997473 39.2008 -0.00413597 0.999965 0.00732622 -0.837304 -0.997494 -0.00360803 -0.0706648 91.0507
-0.079915 -0.00824176 0.996768 39.9393 -0.00600643 0.999952 0.00778653 -0.847455 -0.996784 -0.00536475 -0.0799606 90.9981
-0.0888217 -0.0113747 0.995983 40.6702 -0.00861538 0.999906 0.0106512 -0.84898 -0.99601 -0.00763472 -0.0889113 90.9443
-0.0926542 -0.0136814 0.995604 41.3905 -0.0128651 0.999839 0.0125423 -0.854372 -0.995615 -0.0116465 -0.0928152 90.8685
-0.0966431 -0.0169777 0.995174 42.1044 -0.0147862 0.999769 0.0156201 -0.860252 -0.995209 -0.0132052 -0.0968718 90.7924
-0.099592 -0.0179523 0.994866 42.8079 -0.0167159 0.999726 0.0163666 -0.860932 -0.994888 -0.0150001 -0.0998648 90.73
-0.101355 -0.0190202 0.994668 43.496 -0.0179399 0.99969 0.0172882 -0.85806 -0.994689 -0.016092 -0.101665 90.6662
-0.101839 -0.0187413 0.994624 44.1704 -0.0195105 0.999668 0.0168386 -0.857912 -0.99461 -0.0176908 -0.102171 90.5991
-0.102165 -0.0202555 0.994561 44.8268 -0.0186224 0.999656 0.0184463 -0.862194 -0.994593 -0.0166365 -0.102507 90.5313
-0.112832 -0.0176192 0.993458 45.4704 -0.0103325 0.99981 0.0165583 -0.827307 -0.99356 -0.00839655 -0.112993 90.548
-0.0937036 -0.0212245 0.995374 46.0894 -0.0160649 0.999675 0.0198039 -0.844865 -0.995471 -0.0141349 -0.0940141 90.4325
-0.0857821 -0.0208239 0.996096 46.6932 -0.0169351 0.999668 0.0194402 -0.840968 -0.99617 -0.0152013 -0.0861062 90.3984
-0.0745221 -0.0202987 0.997013 47.2767 -0.0168107 0.999676 0.0190964 -0.839112 -0.997078 -0.0153373 -0.0748392 90.3566
-0.0679198 -0.0156678 0.997568 47.842 -0.0176707 0.999739 0.0144987 -0.842884 -0.997534 -0.016643 -0.0681789 90.3578
-0.0451693 -0.0214258 0.99875 48.3847 -0.0205796 0.999578 0.0205129 -0.841244 -0.998767 -0.0196273 -0.0455912 90.329
-0.0246067 -0.020403 0.999489 48.9202 -0.0163664 0.999666 0.0200037 -0.83509 -0.999563 -0.0158658 -0.0249324 90.3311
-0.000660056 -0.0128735 0.999917 49.4481 -0.0137938 0.999822 0.0128632 -0.84984 -0.999905 -0.0137841 -0.000837513 90.3549
0.0277931 -0.014277 0.999512 49.9707 -0.0115906 0.999826 0.0146038 -0.846953 -0.999546 -0.0119909 0.0276228 90.3985
0.0758139 0.0155294 0.997001 50.481 -0.0307107 0.999441 -0.0132321 -0.915564 -0.996649 -0.0296154 0.0762484 90.3364
0.0981577 -0.0118914 0.9951 51.0065 -0.0159957 0.999781 0.0135252 -0.853102 -0.995042 -0.0172449 0.097946 90.5063
0.138709 -0.0147772 0.990223 51.5093 -0.017583 0.999694 0.0173816 -0.843594 -0.990177 -0.0198221 0.138407 90.6101
0.183637 -0.00861658 0.982956 52.0063 -0.0236738 0.999633 0.0131855 -0.846105 -0.982709 -0.0256917 0.183366 90.7312
0.239026 0.00348427 0.971007 52.4993 -0.024641 0.999693 0.0024785 -0.865957 -0.970701 -0.024519 0.239038 90.8572
0.289541 0.0116743 0.957094 52.9741 -0.032456 0.99947 -0.00237258 -0.871389 -0.956615 -0.0303765 0.289767 91.0224
0.338704 -0.000591281 0.940893 53.4295 -0.0154922 0.999861 0.00620523 -0.8616 -0.940765 -0.0166782 0.338648 91.2263
0.399619 -0.01072 0.916618 53.8766 -0.000492166 0.999929 0.0119089 -0.870067 -0.916681 -0.00521016 0.399586 91.4354
0.458479 -0.0181031 0.888521 54.286 0.00849405 0.999836 0.0159881 -0.853552 -0.888665 0.000216927 0.458558 91.6572
0.514451 -0.0136627 0.857411 54.6636 0.00557946 0.999905 0.0125857 -0.862645 -0.857502 -0.00169081 0.514479 91.9565
0.579753 -0.0338007 0.814091 55.0474 0.0205325 0.999428 0.0268736 -0.803825 -0.814534 0.00113531 0.580115 92.1938
0.630521 -0.00372398 0.776163 55.3709 -0.00286432 0.999971 0.00712464 -0.822127 -0.776167 -0.00671541 0.630492 92.5549
0.684006 -0.00765245 0.729436 55.701 -0.00628011 0.999846 0.0163783 -0.806417 -0.729449 -0.0157838 0.683853 92.8928
0.726945 -0.00123238 0.686695 55.9709 -0.00923242 0.99989 0.011568 -0.802673 -0.686634 -0.0147492 0.726854 93.257
0.776931 -0.00669838 0.62955 56.2364 -0.00497666 0.999847 0.01678 -0.805636 -0.629566 -0.01617 0.776779 93.6547
0.815918 -0.00699768 0.578125 56.4707 -0.00870412 0.999665 0.0243843 -0.798616 -0.578102 -0.0249277 0.815584 94.0714
0.853387 -0.00275849 0.52127 56.6728 -0.0158791 0.999384 0.0312847 -0.785697 -0.521035 -0.0349753 0.852818 94.4792
0.881166 -0.00548895 0.472775 56.8271 -0.0153874 0.99907 0.0402785 -0.801027 -0.472556 -0.0427668 0.880262 94.9391
0.908643 -0.00696482 0.417515 57.0089 -0.0132974 0.998871 0.0456021 -0.814139 -0.417361 -0.0469879 0.907525 95.3831
0.927115 0.00329039 0.374764 57.1387 -0.0187504 0.999116 0.0376138 -0.796801 -0.374309 -0.0418992 0.926357 95.8369
0.940309 0.0187519 0.339805 57.2295 -0.0306271 0.999092 0.0296172 -0.77495 -0.338941 -0.0382566 0.940029 96.3198
0.958194 -0.0270762 0.284834 57.4982 0.0134057 0.998667 0.0498355 -0.846018 -0.285804 -0.0439337 0.957281 96.7163
0.963098 0.00992765 0.268968 57.5085 -0.0196626 0.999244 0.0335238 -0.777402 -0.268432 -0.0375753 0.962566 97.2403
0.968617 -0.00296175 0.24854 57.6318 -0.00536226 0.999447 0.0328079 -0.776787 -0.2485 -0.0331111 0.968066 97.7135
0.972677 -0.00578933 0.232091 57.7533 -0.00216863 0.999419 0.0340183 -0.762563 -0.232153 -0.0335921 0.972099 98.1943
0.976642 -0.00524587 0.214809 57.8541 -0.00286171 0.999296 0.0374148 -0.755701 -0.214854 -0.0371556 0.975939 98.6874
0.978017 -0.00119356 0.208521 57.9306 -0.00581257 0.999439 0.0329831 -0.732229 -0.208444 -0.0334701 0.977462 99.2044
0.979145 0.007009 0.20304 58.0223 -0.0131974 0.999488 0.029141 -0.715314 -0.202732 -0.0312129 0.978737 99.7217
0.9797 0.0173692 0.199715 58.1165 -0.0229511 0.999407 0.0256682 -0.705315 -0.199151 -0.0297308 0.979518 100.248
0.979983 0.0152757 0.198495 58.2156 -0.0204821 0.999497 0.0242026 -0.701962 -0.198026 -0.0277837 0.979803 100.785
0.979434 0.00861597 0.201583 58.3385 -0.0129796 0.999709 0.0203349 -0.69544 -0.201349 -0.0225332 0.97926 101.328
0.978686 -0.00285962 0.205341 58.4478 -0.000131869 0.999894 0.0145532 -0.692625 -0.205361 -0.0142701 0.978582 101.882
0.97763 -0.0032639 0.210308 58.5795 0.00115162 0.999948 0.0101654 -0.682179 -0.21033 -0.00969579 0.977582 102.443
0.976751 -0.00370018 0.214343 58.6924 0.00162771 0.99995 0.00984462 -0.670952 -0.214369 -0.00926685 0.976709 103.03
0.975563 0.00294275 0.219699 58.8171 -0.00598522 0.999895 0.0131841 -0.669 -0.219637 -0.0141768 0.975479 103.626
0.974495 0.00440827 0.224367 58.9523 -0.00873672 0.999794 0.0183027 -0.669269 -0.224241 -0.0197961 0.974333 104.235
0.973621 0.0023228 0.228161 59.1099 -0.00806808 0.999673 0.0242512 -0.660092 -0.228031 -0.0254523 0.973321 104.848
0.97307 0.000642651 0.230508 59.2727 -0.00743875 0.999563 0.0286153 -0.640731 -0.230389 -0.0295594 0.97265 105.474
0.972309 -0.00868261 0.233539 59.4264 0.00158396 0.999531 0.0305664 -0.628594 -0.233695 -0.0293501 0.971867 106.108
0.97191 -0.0154458 0.234845 59.5861 0.0088606 0.999538 0.0290702 -0.621421 -0.235186 -0.0261727 0.971598 106.75
0.972194 -0.0144563 0.233731 59.7418 0.00937246 0.999695 0.0228469 -0.609566 -0.23399 -0.020021 0.972033 107.398
0.972297 -0.0150673 0.233261 59.9027 0.0114206 0.999791 0.0169762 -0.604493 -0.233468 -0.0138419 0.972266 108.058
0.973188 -0.00354397 0.229983 60.0804 0.000703132 0.999922 0.0124332 -0.572595 -0.230009 -0.0119381 0.973115 108.724
0.973756 -0.00387785 0.227563 60.2269 -8.3875e-006 0.999854 0.0170742 -0.574709 -0.227596 -0.016628 0.973614 109.425
0.973577 -0.00136867 0.228353 60.3653 -0.00416821 0.999709 0.023763 -0.566011 -0.228319 -0.0240869 0.973288 110.142
0.974522 -0.000906936 0.224289 60.5349 -0.00595282 0.999535 0.0299064 -0.562478 -0.224212 -0.0304796 0.974064 110.861
0.975485 0.00228767 0.220055 60.7007 -0.00831163 0.999616 0.0264528 -0.542506 -0.21991 -0.0276333 0.975129 111.585
0.975541 0.00521392 0.219758 60.8459 -0.0102697 0.999708 0.0218702 -0.52473 -0.219579 -0.0235921 0.975309 112.32
0.976386 0.00382393 0.216 61.0001 -0.00772804 0.999822 0.0172329 -0.519811 -0.215895 -0.0184952 0.976241 113.066
0.977356 -0.00485857 0.211548 61.1709 0.00192159 0.999899 0.0140866 -0.497715 -0.211595 -0.0133612 0.977266 113.82
0.978093 -0.00516411 0.208105 61.3343 0.00196982 0.999877 0.0155537 -0.495284 -0.20816 -0.014803 0.977983 114.593
0.978961 -0.00901459 0.20385 61.4929 0.00524222 0.999805 0.0190381 -0.490264 -0.203981 -0.0175689 0.978817 115.375
0.979344 -0.00758638 0.202057 61.6544 0.00332135 0.999765 0.0214387 -0.480981 -0.202172 -0.0203248 0.979139 116.17
0.979484 -0.00982618 0.201281 61.8417 0.00514861 0.999705 0.0237494 -0.4667 -0.201455 -0.0222258 0.979246 116.979
0.979615 -0.00950718 0.200661 62.0058 0.00423642 0.999635 0.0266801 -0.458778 -0.200841 -0.0252862 0.979297 117.794
0.979785 -0.00956615 0.199824 62.1837 0.00407898 0.999604 0.0278537 -0.450793 -0.200011 -0.0264755 0.979436 118.615
0.979664 0.000674143 0.200643 62.3218 -0.00567179 0.999688 0.0243343 -0.425613 -0.200564 -0.0249774 0.979362 119.443
0.979197 0.00986297 0.202673 62.4727 -0.0141795 0.999702 0.0198573 -0.409248 -0.202416 -0.022318 0.979045 120.273
0.979497 0.0150297 0.200895 62.6349 -0.0190789 0.999652 0.0182348 -0.399971 -0.200551 -0.0216937 0.979443 121.106
0.978465 0.0170262 0.205708 62.7999 -0.0208093 0.999652 0.0162413 -0.392512 -0.20536 -0.0201722 0.978479 121.947
0.978525 0.0118837 0.205786 62.9819 -0.0158535 0.999718 0.0176527 -0.376611 -0.205518 -0.020536 0.978438 122.789
0.977472 0.00726876 0.210938 63.1623 -0.0110959 0.999795 0.0169655 -0.376661 -0.210771 -0.0189239 0.977352 123.631
0.97704 -0.0004986 0.213055 63.3324 -0.0027488 0.999885 0.0149455 -0.367251 -0.213038 -0.015188 0.976926 124.478
0.977217 -0.0124181 0.211879 63.5486 0.0090865 0.999819 0.0166907 -0.358243 -0.212048 -0.0143852 0.977153 125.331
0.976928 -0.016245 0.212951 63.7146 0.0126723 0.999755 0.0181318 -0.354222 -0.213194 -0.0150149 0.976895 126.189
0.976285 -0.0133117 0.216081 63.8653 0.00986588 0.999807 0.0170177 -0.343011 -0.216266 -0.0144823 0.976227 127.047
0.97588 -0.00281119 0.218291 64.0763 -0.00101682 0.999848 0.017422 -0.331956 -0.218306 -0.0172237 0.975728 127.896
0.975956 0.00182042 0.217961 64.2564 -0.00729866 0.999677 0.0243316 -0.327841 -0.217847 -0.0253374 0.975654 128.752
0.974826 0.0102218 0.222732 64.4346 -0.0161244 0.999565 0.0246983 -0.321665 -0.222382 -0.027668 0.974567 129.603
0.974764 0.00616649 0.223151 64.6044 -0.0107269 0.999758 0.0192302 -0.314223 -0.222979 -0.0211386 0.974594 130.433
0.974896 -0.00773241 0.222528 64.8021 0.00609689 0.999949 0.0080358 -0.317152 -0.222578 -0.00647735 0.974893 131.247
0.974685 -0.0131948 0.223192 64.9821 0.0139364 0.999901 -0.00174794 -0.310843 -0.223147 0.00481418 0.974773 132.066
0.97479 -0.0128853 0.222752 65.163 0.0114148 0.999904 0.00788781 -0.309652 -0.222832 -0.00514628 0.974843 132.9
0.975804 -0.00879245 0.218472 65.3784 0.00235099 0.999555 0.0297267 -0.307599 -0.218636 -0.0284938 0.97539 133.743
0.975654 -0.00257104 0.219299 65.5376 -0.00696192 0.999064 0.0426863 -0.290121 -0.219203 -0.0431738 0.974724 134.59
0.975614 0.00228044 0.219482 65.7124 -0.0107728 0.999238 0.0375038 -0.291523 -0.219229 -0.0389536 0.974896 135.405
0.97581 0.00423446 0.218579 65.8632 -0.00888843 0.999754 0.0203131 -0.263809 -0.218439 -0.0217645 0.975608 136.21
0.976208 -0.000411768 0.216837 66.0324 -0.00257402 0.999906 0.0134872 -0.257045 -0.216822 -0.0137244 0.976115 137.016
0.97676 -0.00711045 0.214216 66.227 0.00456526 0.999913 0.0123738 -0.237235 -0.214285 -0.0111083 0.976708 137.823
0.976833 -0.00454906 0.213955 66.3697 0.00144843 0.999892 0.0146464 -0.243842 -0.213999 -0.0139972 0.976734 138.643
0.977429 -0.00591997 0.211182 66.5391 0.00380831 0.999939 0.0104046 -0.224285 -0.21123 -0.00936549 0.977391 139.447
0.978572 -0.00138116 0.205899 66.7186 -0.000761152 0.999946 0.0103251 -0.228914 -0.205903 -0.0102606 0.978519 140.245
0.978559 0.00442459 0.20592 66.8569 -0.00641228 0.999939 0.00898635 -0.241964 -0.205868 -0.0101141 0.978528 141.066
0.978828 0.0137764 0.204219 67.0055 -0.0153545 0.999863 0.00614495 -0.231458 -0.204107 -0.00915054 0.978906 141.855
0.979682 0.0106107 0.200276 67.167 -0.0126075 0.999883 0.00869738 -0.24641 -0.20016 -0.0110457 0.979701 142.658
0.979657 0.00598847 0.200588 67.322 -0.00892691 0.999866 0.0137478 -0.241227 -0.200479 -0.0152588 0.979579 143.464
0.979999 -0.00217742 0.198989 67.476 -0.000566892 0.999906 0.0137333 -0.248418 -0.199 -0.0135714 0.979905 144.263
0.980116 -0.00289145 0.198405 67.6195 0.000591528 0.999932 0.0116503 -0.230516 -0.198425 -0.0113013 0.980051 145.06
0.980994 -0.0109727 0.193728 67.7878 0.00959042 0.999921 0.00807182 -0.238148 -0.193802 -0.00606047 0.981022 145.845
0.982328 -0.011288 0.186824 67.9505 0.0100033 0.999919 0.00781762 -0.239013 -0.186898 -0.00581061 0.982362 146.639
0.983397 -0.0100062 0.181191 68.0894 0.00799899 0.999898 0.0118051 -0.238235 -0.181291 -0.0101597 0.983377 147.443
0.984631 -0.0057325 0.174551 68.2332 0.00195944 0.999761 0.0217805 -0.247712 -0.174634 -0.0211038 0.984407 148.249
0.985305 -0.00712956 0.170656 68.3603 0.00181646 0.999509 0.0312693 -0.23849 -0.170795 -0.0304998 0.984834 149.057
0.986167 0.00126696 0.165752 68.4891 -0.00679144 0.99944 0.0327672 -0.228859 -0.165618 -0.0334396 0.985623 149.858
0.986731 0.00665437 0.162226 68.6164 -0.0110829 0.99959 0.0264087 -0.225264 -0.161984 -0.0278562 0.9864 150.649
0.987735 0.00675471 0.155996 68.7265 -0.00952422 0.99981 0.0170131 -0.210438 -0.155852 -0.0182901 0.987611 151.439
0.989022 -0.00635963 0.147629 68.8502 0.00465402 0.999918 0.011896 -0.192633 -0.147692 -0.0110783 0.988971 152.235
0.989706 -0.00648522 0.142966 68.9521 0.00475692 0.999911 0.0124273 -0.197713 -0.143034 -0.0116193 0.98965 153.045
0.990948 -0.00059284 0.134243 69.0558 -0.0014516 0.999884 0.015131 -0.193616 -0.134237 -0.0151889 0.990833 153.86
0.991999 0.00855922 0.125959 69.1398 -0.0102362 0.999867 0.0126723 -0.194066 -0.125834 -0.0138602 0.991955 154.674
0.993077 0.0124841 0.1168 69.23 -0.0133301 0.99989 0.00646521 -0.196004 -0.116707 -0.00797741 0.993134 155.481
0.993982 0.0109807 0.10899 69.316 -0.0115154 0.999925 0.00427733 -0.194065 -0.108935 -0.00550665 0.994034 156.293
0.994987 -0.00268709 0.0999698 69.3916 0.00198869 0.999973 0.00708511 -0.199979 -0.0999862 -0.00685078 0.994965 157.112
0.995675 0.00302561 0.092858 69.4591 -0.00422451 0.99991 0.0127172 -0.204552 -0.0928112 -0.0130545 0.995598 157.938
0.99636 0.00847364 0.0848261 69.5116 -0.00996996 0.999802 0.0172319 -0.202082 -0.0846633 -0.0180149 0.996247 158.767
0.997076 0.00449271 0.076287 69.5639 -0.00611375 0.99976 0.0210289 -0.200666 -0.0761742 -0.0214338 0.996864 159.591
0.997459 0.00413101 0.0711187 69.6159 -0.00574232 0.999731 0.022467 -0.193646 -0.0710067 -0.0228183 0.997215 160.413
0.997789 0.000392967 0.0664544 69.6694 -0.00175196 0.999791 0.0203929 -0.192547 -0.0664325 -0.0204643 0.997581 161.235
0.998015 0.00557294 0.0627362 69.711 -0.00650845 0.999871 0.0147174 -0.190983 -0.062646 -0.0150965 0.997922 162.055
0.998246 0.00742579 0.0587297 69.7364 -0.00787709 0.999941 0.00745656 -0.184828 -0.0586709 -0.0079061 0.998246 162.873
0.998316 0.0105303 0.0570405 69.7566 -0.0108625 0.999926 0.00551619 -0.186256 -0.0569781 -0.0061265 0.998357 163.69
0.998601 0.00282178 0.0527959 69.799 -0.00339947 0.999935 0.0108554 -0.17886 -0.0527619 -0.0110197 0.998546 164.525
0.998727 0.00542061 0.050147 69.8392 -0.00649309 0.999753 0.0212485 -0.181189 -0.0500194 -0.0215471 0.998516 165.364
0.998869 0.00832375 0.0468143 69.8701 -0.00965282 0.999555 0.0282362 -0.177913 -0.0465584 -0.0286561 0.998504 166.2
0.999124 -0.000444202 0.0418454 69.7832 -0.000613177 0.999681 0.0252525 -0.229785 -0.0418433 -0.025256 0.998805 167.015
0.999215 -0.0160344 0.0362184 69.8842 0.0155105 0.999772 0.0146996 -0.188799 -0.0364458 -0.0141263 0.999236 167.833
0.999283 -0.0159121 0.0343601 69.8983 0.0155949 0.999833 0.00948051 -0.19237 -0.0345052 -0.00893786 0.999365 168.649
0.999677 0.000880279 0.0254143 69.9184 -0.00115361 0.999942 0.0107423 -0.183923 -0.0254033 -0.0107682 0.999619 169.478
0.999834 0.000647891 0.0182227 69.9263 -0.000954206 0.999858 0.0168059 -0.185332 -0.0182092 -0.0168205 0.999693 170.313
0.999932 -0.00267402 0.0113136 69.9377 0.00244607 0.999795 0.0201147 -0.173694 -0.011365 -0.0200857 0.999734 171.148
0.999845 -0.0170013 0.00465475 69.9418 0.0168789 0.99954 0.0251807 -0.167661 -0.00508072 -0.0250982 0.999672 171.99
0.999866 -0.0162588 -0.00162524 69.9515 0.016293 0.999581 0.0239272 -0.157039 0.00123553 -0.0239505 0.999712 172.833
0.999842 -0.0157839 -0.00818528 69.9348 0.0159166 0.999738 0.0164202 -0.159752 0.00792396 -0.0165478 0.999832 173.669
0.996246 -0.0845821 -0.018444 69.9139 0.0848783 0.996264 0.0159124 -0.104133 0.0170292 -0.0174181 0.999703 174.497
0.999513 -0.0218125 -0.0223008 69.9168 0.021868 0.999758 0.00225055 -0.131192 0.0222463 -0.00273713 0.999749 175.33
0.999542 -0.00645419 -0.0295771 69.8977 0.00680945 0.999906 0.0119261 -0.122042 0.0294974 -0.012122 0.999491 176.182
0.999395 0.00395362 -0.0345421 69.8399 -0.0030755 0.999672 0.025438 -0.111351 0.0346313 -0.0253163 0.999079 177.041
0.999083 0.0199381 -0.0378997 69.7946 -0.0187552 0.999334 0.0313144 -0.112183 0.0384988 -0.0305749 0.998791 177.896
0.998995 0.0146904 -0.0423529 69.7594 -0.0134436 0.999472 0.0295745 -0.0998732 0.042765 -0.0289754 0.998665 178.741
0.998995 0.00678298 -0.0443022 69.7114 -0.00596361 0.999809 0.0186012 -0.0878997 0.0444199 -0.0183183 0.998845 179.578
0.998845 0.0127477 -0.0463161 69.6468 -0.0123269 0.99988 0.00935913 -0.0794921 0.0464298 -0.00877739 0.998883 180.415
0.998755 0.00949384 -0.0489718 69.597 -0.00921296 0.99994 0.00595808 -0.0782203 0.0490254 -0.00549949 0.998782 181.261
0.998673 0.0050523 -0.0512527 69.5656 -0.00451351 0.999933 0.0106226 -0.0761238 0.051303 -0.0103772 0.998629 182.119
0.998665 -0.00670497 -0.0512118 69.5209 0.00770084 0.999785 0.0192735 -0.0739824 0.0510716 -0.0196422 0.998502 182.981
0.998694 -0.00531159 -0.0508168 69.4647 0.00658204 0.999669 0.024866 -0.0656753 0.0506679 -0.025168 0.998398 183.844
0.998619 0.00118131 -0.0525292 69.4175 9.43346e-005 0.999705 0.0242753 -0.0623113 0.0525424 -0.0242467 0.998324 184.699
0.998546 0.00035102 -0.0539062 69.3654 0.000424963 0.999896 0.0143829 -0.0562849 0.0539057 -0.0143849 0.998442 185.548
0.998307 -0.0118556 -0.0569416 69.3326 0.0120089 0.999925 0.0023522 -0.0573756 0.0569094 -0.00303203 0.998375 186.393
0.998082 -0.020026 -0.0585692 69.3166 0.0199259 0.999799 -0.00229351 -0.061382 0.0586034 0.00112207 0.998281 187.241
0.998067 -0.0169286 -0.0597903 69.2504 0.0171137 0.99985 0.00258476 -0.0623256 0.0597376 -0.003603 0.998208 188.102
0.998129 -0.00243826 -0.061096 69.1844 0.00327103 0.999903 0.0135341 -0.069933 0.061057 -0.0137086 0.99804 188.964
0.997915 0.00761446 -0.064091 69.13 -0.00650415 0.999825 0.0175149 -0.0792719 0.0642132 -0.0170615 0.99779 189.812
0.997901 0.00969726 -0.0640229 69.0897 -0.00883867 0.999867 0.0136803 -0.0745704 0.0641471 -0.0130857 0.997855 190.652
0.997974 0.00132587 -0.0636115 69.0203 -0.000848421 0.999971 0.00753217 -0.0744534 0.0636196 -0.00746294 0.997946 191.487
0.997911 0.00883857 -0.0639951 68.9555 -0.00836329 0.999935 0.00769095 -0.0733108 0.0640589 -0.00713968 0.997921 192.325
0.997882 0.0111592 -0.0640898 68.8872 -0.0105067 0.99989 0.0105104 -0.0750954 0.0642 -0.00981478 0.997889 193.166
0.997836 0.00692492 -0.0653876 68.8313 -0.0059768 0.999874 0.0146845 -0.0843927 0.065481 -0.0142619 0.997752 194.004
0.997843 0.00778466 -0.0651889 68.7679 -0.00666859 0.999828 0.0173207 -0.0824315 0.0653125 -0.0168486 0.997723 194.838
0.997829 0.00817078 -0.0653482 68.7023 -0.00706337 0.999828 0.0171595 -0.0797042 0.0654771 -0.0166606 0.997715 195.67
0.983151 0.034105 -0.179586 67.413 -0.0414304 0.998449 -0.0371979 0.24936 0.178039 0.0440115 0.983039 195.279
0.997734 -0.000372291 -0.0672774 68.159 0.000927342 0.999966 0.00821915 0.0229263 0.0672721 -0.00826291 0.9977 196.9
0.997656 0.00192898 -0.0684081 67.9516 -0.00135782 0.999964 0.00839473 0.0535092 0.0684219 -0.00828216 0.997622 197.578
0.994097 0.00426734 -0.108406 67.685 -0.00407276 0.99999 0.00201631 0.0880344 0.108414 -0.00156289 0.994105 198.101
0.996521 -0.00228064 -0.0833165 67.7995 0.0040029 0.999782 0.02051 0.0440097 0.0832515 -0.0207721 0.996312 198.972
0.99597 -0.00718034 -0.0893999 67.6895 0.00904944 0.999748 0.0205194 0.0527719 0.0892301 -0.0212457 0.995784 199.627
0.996236 -0.00566458 -0.0864952 67.6195 0.00685237 0.999886 0.0134417 0.0431202 0.0864092 -0.0139838 0.996162 200.354
0.995741 -0.00253253 -0.092163 67.5642 0.0032303 0.999967 0.00742266 0.0499636 0.0921412 -0.00768876 0.995716 201.049
0.996141 0.00227183 -0.0877388 67.4923 -0.00208506 0.999995 0.00222029 0.0387858 0.0877434 -0.00202878 0.996141 201.758
0.99617 -0.00107657 -0.0874286 67.4342 0.00098528 0.999999 -0.00108728 0.02631 0.0874297 0.000996972 0.99617 202.463
0.996256 -0.00642933 -0.0862077 67.3747 0.00585891 0.999959 -0.00686814 0.0215291 0.0862483 0.00633734 0.996254 203.166
0.996669 -0.00807033 -0.0811582 67.3212 0.0074337 0.999939 -0.0081435 0.00856516 0.081219 0.00751307 0.996668 203.873
0.997106 -0.00576702 -0.075811 67.2545 0.00556628 0.99998 -0.0028589 -0.000696687 0.075826 0.00242864 0.997118 204.579
0.997565 4.72517e-005 -0.0697434 67.2064 0.000403208 0.999979 0.00644472 -0.017021 0.0697422 -0.00645715 0.997544 205.284
0.997873 0.00951003 -0.064496 67.1577 -0.00879448 0.999897 0.0113694 -0.0241447 0.0645974 -0.010778 0.997853 205.989
0.998239 0.0105237 -0.0583864 67.1101 -0.00994744 0.999899 0.0101516 -0.036173 0.0584873 -0.00955296 0.998242 206.696
0.998658 0.0131273 -0.0501084 67.0768 -0.0130139 0.999912 0.00258859 -0.0460127 0.0501379 -0.00193302 0.99874 207.402
0.999031 0.000556276 -0.044005 67.0507 -0.00084598 0.999978 -0.00656511 -0.0560217 0.0440003 0.00659598 0.99901 208.11
0.999306 0.00304217 -0.0371136 67.0206 -0.00347778 0.999926 -0.0116784 -0.0592798 0.0370754 0.0117994 0.999243 208.822
0.999579 0.00236869 -0.0289262 66.9986 -0.00265742 0.999947 -0.00994735 -0.0723018 0.0289011 0.01002 0.999532 209.47
0.999738 -0.000547296 -0.022881 66.9879 0.000439754 0.999989 -0.00470482 -0.0858176 0.0228833 0.00469353 0.999727 210.118
0.999809 -0.00957698 -0.0170077 66.9884 0.00959654 0.999953 0.00106832 -0.100024 0.0169967 -0.00123133 0.999855 210.765
0.999823 -0.0150737 -0.0112205 66.9899 0.0151022 0.999883 0.00246693 -0.114136 0.011182 -0.00263595 0.999934 211.401
0.999832 -0.016652 -0.00764844 66.9855 0.0166807 0.999854 0.00369339 -0.12066 0.00758582 -0.00382035 0.999964 212.04
0.999883 -0.0134658 -0.00732209 66.9721 0.013505 0.999895 0.00533281 -0.125395 0.00724951 -0.00543107 0.999959 212.676
0.999943 -0.00834275 -0.00659511 66.9633 0.00839078 0.999938 0.00728905 -0.129141 0.00653389 -0.00734398 0.999952 213.322
0.999958 0.00477438 -0.00784701 66.9602 -0.00469806 0.999942 0.00971575 -0.135503 0.00789294 -0.00967848 0.999922 213.971
0.999947 0.00582488 -0.00845471 66.9583 -0.00573054 0.999922 0.0111399 -0.135716 0.00851894 -0.0110909 0.999902 214.628
0.999916 0.012038 -0.00485099 66.9236 -0.0120039 0.999903 0.00699417 -0.14332 0.00493471 -0.00693535 0.999964 215.279
0.999874 0.0131711 -0.00888946 66.9083 -0.0131871 0.999912 -0.00174231 -0.145505 0.00886573 0.00185931 0.999959 215.929
0.999859 0.0133589 -0.0102201 66.8959 -0.0134637 0.999857 -0.0102612 -0.154428 0.0100815 0.0103973 0.999895 216.583
0.999813 0.0104575 -0.0162886 66.9152 -0.0106849 0.999846 -0.0139357 -0.17125 0.0161403 0.0141071 0.99977 217.244
0.999849 -0.00174394 -0.017283 66.8788 0.00158792 0.999958 -0.0090369 -0.166002 0.0172981 0.00900809 0.99981 217.92
0.999766 0.00206185 -0.0215541 66.8452 -0.0020019 0.999994 0.00280239 -0.174016 0.0215597 -0.00275858 0.999764 218.605
0.99936 -0.025616 -0.0249722 66.7761 0.0260182 0.999535 0.0159172 -0.165677 0.0245529 -0.0165568 0.999561 219.293
0.999524 -0.00654758 -0.0301423 66.8054 0.00735559 0.999614 0.026774 -0.184469 0.0299554 -0.026983 0.999187 219.99
0.999438 -0.00382857 -0.0333058 66.7783 0.00465248 0.999684 0.0246954 -0.17944 0.0332007 -0.0248365 0.99914 220.671
0.999369 -0.00167606 -0.035467 66.7337 0.00233269 0.999826 0.0184805 -0.176351 0.0354298 -0.0185516 0.9992 221.342
0.999211 0.0018691 -0.0396763 66.7087 -0.00149092 0.999953 0.00955896 -0.170617 0.0396923 -0.00949227 0.999167 221.995
0.999114 -0.00511428 -0.0417747 66.6936 0.00531056 0.999975 0.00458891 -0.163269 0.0417502 -0.00480669 0.999117 222.65
0.998946 -0.0168383 -0.0427044 66.6702 0.0172456 0.999809 0.00918722 -0.156799 0.0425416 -0.009914 0.999046 223.331
0.998685 -0.0254469 -0.044506 66.6395 0.0260489 0.999576 0.0129975 -0.154823 0.0441564 -0.0141397 0.998925 224.017
0.998641 -0.0249758 -0.0457323 66.6216 0.0257043 0.999551 0.0154117 -0.164979 0.0453268 -0.0165663 0.998835 224.698
0.998654 -0.0221748 -0.0468936 66.6058 0.0227814 0.999663 0.0124408 -0.167272 0.046602 -0.0134924 0.998822 225.38
0.998895 -0.00873351 -0.0461683 66.5547 0.00906226 0.999935 0.00691636 -0.167195 0.0461049 -0.00732712 0.99891 226.053
0.998756 -0.0149228 -0.0475724 66.5409 0.0151878 0.999871 0.00521322 -0.17602 0.0474885 -0.00592926 0.998854 226.739
0.998627 -0.0143316 -0.0503909 66.5082 0.0147291 0.999863 0.007524 -0.171546 0.0502761 -0.00825587 0.998701 227.425
0.998777 -0.00934578 -0.0485572 66.4583 0.00996926 0.999871 0.0126138 -0.172847 0.0484331 -0.0130825 0.998741 228.114
0.998729 -0.000322226 -0.0503948 66.4172 0.00112477 0.999873 0.0158975 -0.182332 0.0503833 -0.015934 0.998603 228.797
0.998656 -0.00253902 -0.0517625 66.3951 0.00318767 0.999917 0.0124526 -0.18588 0.0517266 -0.0126009 0.998582 229.478
0.998722 -0.00264484 -0.0504688 66.3489 0.00291461 0.999982 0.00527242 -0.182388 0.0504539 -0.00541278 0.998712 230.149
0.998694 -0.00354602 -0.0509688 66.3295 0.00334683 0.999986 -0.00399284 -0.193344 0.0509823 0.00381704 0.998692 230.816
0.998685 -0.00245695 -0.0512073 66.303 0.00197942 0.999954 -0.00937418 -0.201864 0.0512279 0.00926049 0.998644 231.478
0.998737 0.00533832 -0.0499546 66.2559 -0.00573776 0.999953 -0.00785621 -0.214025 0.0499103 0.00813292 0.998721 232.134
0.999264 -0.00021845 -0.0383517 66.1662 1.37158e-005 0.999986 -0.00533851 -0.18492 0.0383524 0.00533406 0.99925 232.784
0.998708 0.000707128 -0.0508196 66.1858 -0.000393621 0.999981 0.00617875 -0.223191 0.050823 -0.00615076 0.998689 233.439
0.998716 -0.00253426 -0.0506031 66.1518 0.00308993 0.999936 0.0109057 -0.230809 0.0505722 -0.011048 0.998659 234.061
0.998672 -0.00113934 -0.0515049 66.1231 0.00186393 0.9999 0.0140225 -0.237987 0.0514837 -0.0140998 0.998574 234.669
0.99853 -0.00681085 -0.0537663 66.0741 0.00775094 0.99982 0.0172955 -0.241746 0.0536388 -0.0176869 0.998404 235.266
0.998325 -0.0109677 -0.05681 66.0684 0.0118266 0.99982 0.0148048 -0.24408 0.0566374 -0.0154519 0.998275 235.835
0.997695 -0.0145501 -0.0662807 66.0185 0.0154844 0.999788 0.0136043 -0.247796 0.0660686 -0.0145993 0.997708 236.383
0.996855 -0.0138088 -0.0780334 65.9784 0.0145989 0.999848 0.0095642 -0.251917 0.0778894 -0.0106733 0.996905 236.913
0.995606 -0.0147544 -0.0924713 65.93 0.0153807 0.999863 0.00606383 -0.259438 0.0923692 -0.00745947 0.995697 237.432
0.993813 -0.0142263 -0.110149 65.8466 0.0147262 0.999885 0.00372652 -0.249388 0.110084 -0.00532555 0.993908 237.943
0.990703 -0.0130275 -0.135418 65.7875 0.0138567 0.999891 0.0051824 -0.258963 0.135336 -0.00701067 0.990775 238.448
0.987471 -0.00288938 -0.157771 65.6823 0.00433613 0.999952 0.0088265 -0.261507 0.157738 -0.00940003 0.987436 238.95
0.982664 -0.000575185 -0.185396 65.5592 0.00281785 0.999926 0.0118333 -0.260164 0.185376 -0.0121506 0.982593 239.444
0.976279 -0.00152983 -0.21651 65.4323 0.00430419 0.999915 0.0123431 -0.272525 0.216472 -0.0129822 0.976202 239.918
0.967067 0.00167863 -0.254515 65.2974 0.000914099 0.999949 0.0100683 -0.271136 0.254519 -0.00996941 0.967016 240.39
0.956157 0.0058795 -0.292796 65.1274 -0.00372806 0.999962 0.00790537 -0.274809 0.292831 -0.00646722 0.956142 240.825
0.944401 0.00447954 -0.328764 64.9055 -0.00254301 0.999977 0.00632008 -0.284924 0.328785 -0.00513265 0.944391 241.252
0.92429 0.015284 -0.381384 64.7218 -0.0127829 0.999877 0.00909041 -0.27522 0.381476 -0.00352698 0.924372 241.689
0.901595 0.0335258 -0.43128 64.6052 -0.0302132 0.999438 0.0145308 -0.288506 0.431524 -7.05347e-005 0.902101 242.106
0.881799 0.028682 -0.470752 64.2743 -0.0221958 0.999567 0.0193252 -0.283133 0.471102 -0.0065922 0.882054 242.461
0.853325 0.0540962 -0.518565 63.9782 -0.0447193 0.998532 0.030578 -0.280388 0.519458 -0.00290313 0.854491 242.808
0.822384 0.0393934 -0.567568 63.7372 -0.0255327 0.99915 0.0323526 -0.273104 0.56836 -0.0121147 0.822691 243.148
0.789221 0.039573 -0.612832 63.3883 -0.018459 0.998999 0.0407374 -0.264806 0.613831 -0.0208385 0.789162 243.436
0.751452 0.0237524 -0.65936 63.0831 0.00899291 0.99889 0.0462323 -0.243954 0.659726 -0.0406709 0.750405 243.749
0.713753 0.0387877 -0.699323 62.7507 0.00706125 0.998016 0.0625616 -0.238117 0.700362 -0.0495916 0.712063 244.012
0.674757 0.0393829 -0.736988 62.3887 0.0204291 0.997196 0.0719919 -0.212526 0.737757 -0.0636331 0.672061 244.262
0.711439 0.0463304 -0.701219 62.3097 0.0120786 0.996871 0.0781192 -0.252607 0.702644 -0.0640468 0.708654 244.648
0.587963 0.0509903 -0.807279 61.7691 0.0294383 0.996001 0.0843513 -0.185552 0.808352 -0.0733604 0.584111 244.746
0.542822 0.0585421 -0.837805 61.4096 0.0303559 0.995548 0.0892324 -0.159018 0.839299 -0.0738697 0.538629 244.952
0.512934 0.0498915 -0.856977 61.11 0.0380814 0.996004 0.0807786 -0.127787 0.857583 -0.0740689 0.508985 245.173
0.452174 0.0514885 -0.890442 60.683 0.0409901 0.996078 0.0784119 -0.106281 0.890987 -0.0719551 0.44829 245.273
0.396748 0.0443399 -0.916856 60.3064 0.0460962 0.99661 0.0681439 -0.0822759 0.91677 -0.0692995 0.393359 245.42
0.348403 0.0469968 -0.936166 59.9096 0.03983 0.997098 0.0648789 -0.0581048 0.936498 -0.0598915 0.34552 245.532
0.296145 0.0541882 -0.953605 59.4768 0.0372955 0.996972 0.0682348 -0.0358458 0.954415 -0.0557726 0.293227 245.62
0.20494 -0.113052 -0.972224 59.0493 0.118867 0.98883 -0.089926 -0.135278 0.97153 -0.0971356 0.216089 245.689
0.202239 0.0587193 -0.977574 58.5794 0.0505645 0.996243 0.0703015 -0.0571016 0.97803 -0.0636483 0.198511 245.749
0.159351 0.0611017 -0.985329 58.1095 0.050382 0.996279 0.0699287 -0.0471178 0.985936 -0.0607861 0.15568 245.765
0.109774 0.0280002 -0.993562 57.6307 0.0235196 0.99925 0.0307591 -0.0629431 0.993678 -0.0267448 0.109033 245.808
0.0802354 0.0488444 -0.995578 57.1326 0.0425001 0.997723 0.0523747 -0.0324718 0.995869 -0.0465144 0.0779768 245.836
0.0514006 0.0516436 -0.997342 56.6305 0.0398482 0.997761 0.0537189 -0.0170418 0.997883 -0.0425035 0.0492276 245.826
0.0247708 0.0490085 -0.998491 56.1164 0.0333618 0.998201 0.0498219 -0.00244475 0.999136 -0.0345455 0.0230912 245.816
0.00274937 0.0556459 -0.998447 55.5915 0.038998 0.997685 0.0557108 0.0263181 0.999236 -0.0390906 0.000572922 245.789
-0.014926 0.0595184 -0.998116 55.055 0.0371545 0.99757 0.0589303 0.0454092 0.999198 -0.0362049 -0.0171011 245.765
-0.0296032 0.0612027 -0.997686 54.5053 0.0426297 0.997293 0.0599137 0.0606444 0.998652 -0.0407574 -0.0321321 245.725
-0.03934 0.0633575 -0.997215 53.9411 0.0443957 0.997113 0.0615996 0.0906978 0.998239 -0.0418488 -0.0420393 245.695
-0.0456436 0.0617472 -0.997048 53.3627 0.046699 0.997129 0.0596144 0.12072 0.997866 -0.0438401 -0.048396 245.66
-0.0483597 0.0657933 -0.996661 52.7667 0.0531076 0.996586 0.0632115 0.14975 0.997417 -0.0498734 -0.0516887 245.628
-0.0500193 0.0667097 -0.996518 52.1528 0.0525589 0.99656 0.0640744 0.18593 0.997364 -0.0491709 -0.0533535 245.586
-0.0505784 0.0655956 -0.996564 51.5208 0.0633739 0.996041 0.0623448 0.221517 0.996707 -0.0600028 -0.0545352 245.548
-0.0462452 0.0673122 -0.99666 50.8696 0.0645032 0.995846 0.0642643 0.260788 0.996845 -0.0613158 -0.050395 245.484
-0.0508724 0.0625835 -0.996742 50.1976 0.0653358 0.996105 0.0592088 0.306567 0.996566 -0.0621108 -0.0547632 245.45
-0.0496562 0.0609072 -0.996908 49.5131 0.0630672 0.996338 0.057731 0.338655 0.996773 -0.0600055 -0.0533156 245.416
-0.0491308 0.05835 -0.997086 48.8223 0.0598511 0.99667 0.0553765 0.369272 0.996997 -0.056956 -0.0524595 245.384
-0.049397 0.0580875 -0.997089 48.1122 0.0586587 0.996753 0.0551619 0.420541 0.997055 -0.0557631 -0.0526439 245.36
-0.043289 0.0656626 -0.996902 47.375 0.0543824 0.996513 0.0632755 0.489429 0.997581 -0.0514748 -0.046709 245.301
-0.0437759 0.059006 -0.997297 46.6179 0.0576349 0.996741 0.0564432 0.498706 0.997378 -0.0550083 -0.047034 245.239
-0.0445237 0.0561374 -0.99743 45.831 0.0592381 0.996811 0.0534583 0.564745 0.99725 -0.0567057 -0.0477072 245.239
-0.0417283 0.0553079 -0.997597 45.0323 0.0623637 0.996664 0.0526476 0.602699 0.997181 -0.0600169 -0.0450383 245.181
-0.0380478 0.0540641 -0.997812 44.2216 0.0623605 0.996718 0.0516269 0.646262 0.997328 -0.0602598 -0.0412943 245.166
-0.0362863 0.0541454 -0.997874 43.3881 0.0580846 0.996957 0.0519835 0.68195 0.997652 -0.0560748 -0.0393209 245.114
-0.0369121 0.0506085 -0.998036 42.5461 0.0607983 0.99698 0.0483064 0.725345 0.997467 -0.0588958 -0.0398775 245.074
-0.0372479 0.0474918 -0.998177 41.6781 0.059489 0.997204 0.0452257 0.76837 0.997534 -0.057696 -0.039969 245.062
-0.0342416 0.0503622 -0.998144 40.8129 0.0631003 0.996846 0.048132 0.797957 0.99742 -0.0613351 -0.0373114 245.017
-0.0336538 0.0486447 -0.998249 39.9449 0.0610997 0.997047 0.0465263 0.840091 0.997564 -0.0594269 -0.0365266 244.977
-0.039343 0.0419145 -0.998346 39.0856 0.0519448 0.997855 0.0398468 0.842342 0.997875 -0.0502912 -0.0414359 244.919
-0.0353202 0.0494168 -0.998154 38.2225 0.0409855 0.998008 0.0479593 0.875947 0.998535 -0.0392159 -0.0372753 244.882
-0.0401516 0.045825 -0.998142 37.3555 0.0386932 0.99827 0.0442744 0.918261 0.998444 -0.0368437 -0.0418552 244.859
-0.0413301 0.0400536 -0.998342 36.4787 0.0461767 0.998205 0.0381365 0.933424 0.998078 -0.0445239 -0.0431055 244.801
-0.0444036 0.0396189 -0.998228 35.6096 0.0547912 0.997806 0.0371649 0.967877 0.99751 -0.0530439 -0.046477 244.767
-0.0472993 0.0374859 -0.998177 34.7403 0.0583798 0.997691 0.0347012 0.998483 0.997173 -0.0566321 -0.0493785 244.712
-0.0510523 0.0365769 -0.998026 33.8685 0.0427279 0.998494 0.0344084 1.01795 0.997782 -0.0408869 -0.0525383 244.654
-0.0569431 0.0349215 -0.997766 32.9919 0.0357507 0.998818 0.032918 1.0332 0.997737 -0.0337964 -0.0581242 244.631
-0.0467799 0.0423929 -0.998005 32.1381 0.0295348 0.998721 0.0410389 1.0648 0.998468 -0.0275561 -0.0479721 244.473
-0.0596304 0.0368872 -0.997539 31.2603 0.0297368 0.998939 0.0351614 1.07763 0.997778 -0.0275669 -0.060664 244.485
-0.0523302 0.0424472 -0.997727 30.395 0.040707 0.998357 0.0403389 1.10588 0.9978 -0.0385035 -0.0539721 244.416
-0.059955 0.0454095 -0.997168 29.5067 0.0406246 0.998248 0.0430161 1.12971 0.997374 -0.0379305 -0.0616947 244.418
-0.0598116 0.0495629 -0.996978 28.6381 0.0432034 0.997959 0.0470198 1.14821 0.997274 -0.0402605 -0.0618308 244.346
-0.0601543 0.0502186 -0.996925 27.758 0.0470546 0.997766 0.0474217 1.17714 0.997079 -0.0440573 -0.0623829 244.283
-0.0595308 0.0525128 -0.996844 26.8847 0.0471286 0.99765 0.0497407 1.19597 0.997113 -0.0440188 -0.0618657 244.234
-0.0553245 0.0551976 -0.996942 26.0216 0.047251 0.997497 0.0526061 1.20919 0.99735 -0.0441961 -0.0577942 244.127
-0.0526093 0.0515556 -0.997283 25.1582 0.0520118 0.997452 0.0488206 1.23558 0.99726 -0.0493021 -0.0551567 244.068
-0.0551717 0.0510392 -0.997172 24.2944 0.0509379 0.997536 0.0482395 1.27869 0.997177 -0.0481324 -0.0576356 244.049
-0.0494871 0.044469 -0.997784 23.4361 0.053121 0.997712 0.0418311 1.30329 0.997361 -0.0509332 -0.0517361 243.981
-0.0458375 0.049727 -0.99771 22.5854 0.0563099 0.997301 0.0471196 1.31956 0.997361 -0.0540211 -0.0485139 243.966
-0.0479559 0.0348138 -0.998243 21.7342 0.0470114 0.998364 0.0325596 1.34835 0.997743 -0.0453673 -0.0495141 243.925
-0.0441627 0.0408853 -0.998187 20.8948 0.0427805 0.998323 0.0389982 1.36527 0.998108 -0.0409807 -0.0458377 243.889
-0.0433208 0.0396174 -0.998275 20.0512 0.0418739 0.998407 0.0378055 1.38871 0.998183 -0.0401639 -0.0449107 243.862
-0.0446625 0.0345065 -0.998406 19.2175 0.03506 0.998842 0.0329532 1.40701 0.998387 -0.0335323 -0.0458206 243.845
-0.0430442 0.0326019 -0.998541 18.3819 0.0419254 0.998646 0.030798 1.42619 0.998193 -0.0405386 -0.0443527 243.792
-0.0452189 0.0341836 -0.998392 17.552 0.0451894 0.998461 0.0321392 1.45232 0.997954 -0.0436634 -0.046694 243.771
-0.0481303 0.0326702 -0.998307 16.7262 0.0433834 0.99859 0.0305879 1.46299 0.997898 -0.0418377 -0.0494798 243.729
-0.0518716 0.0327301 -0.998117 15.9078 0.0334691 0.998958 0.0310183 1.47656 0.998093 -0.0317971 -0.052913 243.678
-0.0521877 0.035491 -0.998006 15.0996 0.0280867 0.999025 0.0340585 1.48333 0.998242 -0.0262532 -0.0531337 243.599
-0.0563201 0.0389052 -0.997654 14.2907 0.0268707 0.998938 0.0374383 1.49767 0.998051 -0.0246991 -0.0573057 243.551
-0.0614755 0.0351441 -0.99749 13.4866 0.0253995 0.999111 0.0336359 1.51274 0.997785 -0.0232679 -0.0623135 243.49
