1 0 -0.000850522 -0.0332757 0 1 0 0 0.000850522 0 1 0.665918
1 0 -0.000850522 -0.103079 0 1 0 0 0.000850522 0 1 1.32736
0.999951 0 -0.00986154 -0.112189 0 1 0 0 0.00986154 0 0.999951 1.99555
0.999951 0 -0.00986154 -0.121299 0 1 0 0 0.00986154 0 0.999951 2.66373
0.9999 0 -0.0141615 -0.133819 0 1 0 0 0.0141615 0 0.9999 3.36472
0.999867 0 -0.0163376 -0.17609 0 1 0 0 0.0163376 0 0.999867 4.06438
0.999775 0 -0.0212355 -0.208114 0 1 0 0 0.0212355 0 0.999775 4.78826
0.999689 0 -0.0249457 -0.238818 0 1 0 0 0.0249457 0 0.999689 5.52967
0.999585 0 -0.0287986 -0.264248 0 1 0 0 0.0287986 0 0.999585 6.27793
0.999528 0 -0.0307241 -0.310852 0 1 0 0 0.0307241 0 0.999528 7.04515
0.999456 0 -0.0329835 -0.351325 0 1 0 0 0.0329835 0 0.999456 7.82816
0.999456 0 -0.0329835 -0.417682 0 1 0 0 0.0329835 0 0.999456 8.61723
