0.999993 -0.00137303 -0.00338692 -0.00590868 0.00136543 0.999997 -0.0022434 -0.00116763 0.00338999 0.00223876 0.999992 0.65323
0.999969 0.00150517 -0.00770404 -0.00875145 -0.00153926 0.999989 -0.00442198 0.00633033 0.0076973 0.0044337 0.999961 0.673171
0.999936 0.000624726 -0.0112949 -0.0184325 -0.000691542 0.999982 -0.00591268 -0.00441631 0.011291 0.00592011 0.999919 0.680627
0.999867 0.00236063 -0.016125 -0.0180198 -0.00247005 0.999974 -0.00676944 -0.00393372 0.0161086 0.00680837 0.999847 0.692515
0.999808 -0.000416222 -0.0196124 -0.0268385 0.000279437 0.999976 -0.00697666 -0.010215 0.0196148 0.00696984 0.999783 0.707465
0.999693 0.00244994 -0.0246709 -0.0217039 -0.00264368 0.999966 -0.00782345 -0.0122726 0.0246509 0.00788626 0.999665 0.71378
0.999528 0.00287523 -0.0305983 -0.0203392 -0.00313042 0.999961 -0.00829515 -0.00943919 0.0305733 0.00838702 0.999497 0.733873
0.999397 0.00122735 -0.0347034 -0.0360228 -0.00146442 0.999976 -0.00680663 -0.00723222 0.0346942 0.00685335 0.999374 0.735603
0.999229 7.98741e-006 -0.0392667 -0.0331624 -0.000156492 0.999993 -0.00377887 -0.0117282 0.0392664 0.0037821 0.999222 0.741765
0.999093 -0.000295307 -0.0425808 -0.0388214 0.000261559 1 -0.000798143 -0.0146175 0.042581 0.000786282 0.999093 0.753031
0.999015 0.00285147 -0.0442917 -0.052469 -0.00292273 0.999995 -0.00154429 -0.00646513 0.044287 0.00167222 0.999017 0.772366
0.998911 -0.00111289 -0.0466506 -0.0375572 0.00104321 0.999998 -0.00151805 -0.00886737 0.0466522 0.00146773 0.99891 0.772166
0.998845 -0.00272364 -0.0479676 -0.04544 0.0025985 0.999993 -0.00267095 -0.000820111 0.0479745 0.00254322 0.998845 0.791826
0.998746 -0.000514072 -0.0500537 -0.0386131 0.000426594 0.999998 -0.00175836 -0.00958951 0.0500545 0.0017348 0.998745 0.781621
0.99866 -0.000601588 -0.0517493 -0.0418159 0.00050262 0.999998 -0.00192544 -0.0115621 0.0517504 0.00189685 0.998658 0.80146
0.998528 0.00136006 -0.0542131 -0.041105 -0.00158383 0.99999 -0.00408491 -0.0104381 0.054207 0.00416476 0.998521 0.819534
0.998558 0.00120458 -0.053671 -0.0672388 -0.00160569 0.999971 -0.00743114 -0.000122723 0.0536605 0.0075066 0.998531 0.813166
0.998495 0.00565494 -0.0545579 -0.063464 -0.00613595 0.999944 -0.00865313 -0.0118645 0.0545059 0.00897487 0.998473 0.813032
0.998408 -1.60138e-005 -0.0564013 -0.0411497 -0.00046205 0.999964 -0.00846305 -0.0101004 0.0563995 0.00847564 0.998372 0.828106
0.998404 -0.000371489 -0.0564662 -0.0661249 -4.03783e-005 0.999973 -0.00729272 -0.0114519 0.0564674 0.00728337 0.998378 0.841709
0.998323 -0.000345832 -0.057886 -0.0500073 5.95225e-006 0.999983 -0.00587161 -0.0131909 0.057887 0.00586142 0.998306 0.822756
0.998306 0.000385163 -0.0581774 -0.059063 -0.00074912 0.99998 -0.00623429 -0.00678355 0.0581738 0.00626731 0.998287 0.807612
0.998233 0.000591404 -0.0594244 -0.0589185 -0.00103468 0.999972 -0.00742902 -0.00575241 0.0594183 0.00747737 0.998205 0.824127
0.998159 -0.00118151 -0.0606481 -0.0473254 0.000673718 0.999965 -0.00839253 -0.010829 0.0606558 0.00833622 0.998124 0.804787
0.998121 -0.000583938 -0.0612757 -0.0514603 0.000158693 0.999976 -0.0069445 -0.009408 0.0612783 0.00692172 0.998097 0.824592
0.998165 0.00173465 -0.0605289 -0.0637762 -0.00195847 0.999991 -0.00363865 -0.0106094 0.060522 0.00375052 0.99816 0.843777
0.998207 0.000901285 -0.0598527 -0.0547372 -0.000913871 1 -0.000182913 -0.00916356 0.0598525 0.000237283 0.998207 0.864471
0.99831 -0.00166447 -0.0580971 -0.0531861 0.00179763 0.999996 0.0022398 -0.00537292 0.0580931 -0.00234045 0.998308 0.884637
0.998266 -0.00187958 -0.0588308 -0.0332884 0.00207922 0.999992 0.00333241 -0.00920344 0.058824 -0.00344896 0.998262 0.905592
0.998399 -0.0029749 -0.0564921 -0.0531279 0.00299841 0.999995 0.000331429 0.000638407 0.0564908 -0.000500285 0.998403 0.889519
0.99841 0.000804976 -0.0563561 -0.049561 -0.00105023 0.99999 -0.0043224 -0.00879462 0.0563521 0.00437471 0.998401 0.909713
0.998487 0.00095547 -0.0549754 -0.058641 -0.00136896 0.999971 -0.00748412 -0.0108363 0.0549666 0.00754805 0.99846 0.90911
0.998481 -0.00383391 -0.0549617 -0.0366308 0.0034854 0.999973 -0.00643543 -0.0141041 0.0549849 0.00623409 0.998468 0.890198
0.998499 -0.00224772 -0.0547305 -0.0519825 0.00216246 0.999996 -0.00161694 -0.0111797 0.054734 0.00149616 0.9985 0.899004
0.99848 -0.00402678 -0.0549731 -0.0498569 0.00412909 0.99999 0.00174757 -0.0174292 0.0549655 -0.0019719 0.998486 0.898857
0.998453 -0.0059648 -0.0552801 -0.0493381 0.00602064 0.999982 0.000843682 -0.0122401 0.055274 -0.0011752 0.998471 0.899383
0.998407 -0.00267576 -0.0563573 -0.0494701 0.00247517 0.99999 -0.00362884 -0.00455722 0.0563664 0.00348357 0.998404 0.899542
0.998365 -0.000258722 -0.0571667 -0.0626247 -0.000178767 0.999971 -0.00764763 -0.0112488 0.057167 0.00764534 0.998335 0.878612
0.998284 0.00189466 -0.058527 -0.0566591 -0.00241481 0.999958 -0.00881803 -0.0140568 0.0585079 0.00894423 0.998247 0.858931
0.998187 -0.00127685 -0.0601722 -0.040676 0.000845414 0.999974 -0.0071949 -0.021039 0.0601798 0.00713099 0.998162 0.869918
0.998177 0.00416815 -0.0602121 -0.0692261 -0.00440997 0.999983 -0.00388387 -0.0219746 0.0601948 0.00414232 0.998178 0.869706
0.997994 -0.00103448 -0.0632941 -0.0372363 0.000885771 0.999997 -0.00237745 -0.0176224 0.0632963 0.00231662 0.997992 0.891783
0.998019 0.00186651 -0.0628798 -0.076797 -0.0018337 0.999998 0.000579511 -0.0122238 0.0628808 -0.000463061 0.998021 0.909415
0.998081 0.00143604 -0.061898 -0.0534544 -0.001211 0.999993 0.00367299 -0.0208277 0.0619028 -0.00359098 0.998076 0.890889
0.998096 0.00721287 -0.0612591 -0.0791807 -0.00684658 0.999957 0.0061872 -0.00349636 0.0613011 -0.00575601 0.998103 0.909286
0.998085 -0.0014859 -0.0618342 -0.0524658 0.00184837 0.999981 0.00580504 -0.0124634 0.0618245 -0.00590822 0.99807 0.931174
0.99811 0.00028643 -0.0614577 -0.0632913 -4.32447e-005 0.999992 0.00395824 3.10895e-005 0.0614583 -0.0039481 0.998102 0.950629
0.998047 0.0054178 -0.0622383 -0.0659428 -0.00532602 0.999984 0.00164044 -0.0159348 0.0622462 -0.00130575 0.99806 0.947285
0.998022 0.000503669 -0.0628698 -0.0662713 -0.000383435 0.999998 0.00192447 -0.0170558 0.0628706 -0.00189656 0.99802 0.942185
0.998079 0.00112904 -0.0619507 -0.0893307 -0.000930869 0.999994 0.00322759 -0.0140967 0.061954 -0.00316372 0.998074 0.943638
0.998009 0.00038625 -0.0630678 -0.0551541 -9.44654e-005 0.999989 0.00462943 -0.0193671 0.0630689 -0.00461426 0.997999 0.934244
0.998016 0.0026425 -0.0628979 -0.0792009 -0.00256788 0.999996 0.00126709 -0.0106178 0.062901 -0.00110306 0.998019 0.942595
0.998064 0.00277374 -0.0621309 -0.0877262 -0.00296162 0.999991 -0.00293211 -0.00820656 0.0621222 0.00311044 0.998064 0.921775
0.998065 0.000922747 -0.0621748 -0.0668146 -0.00117674 0.999991 -0.00404858 -0.0136008 0.0621705 0.00411391 0.998057 0.903407
0.998028 -0.00217825 -0.0627371 -0.0522506 0.00218142 0.999998 -1.79124e-005 -0.0209116 0.062737 -0.000118979 0.99803 0.888565
0.998005 -0.00233688 -0.0630914 -0.0545108 0.00250281 0.999994 0.00255099 -0.00892964 0.0630851 -0.0027038 0.998004 0.898638
0.997991 -0.0017118 -0.0633343 -0.057329 0.00190142 0.999994 0.00293376 -0.00964908 0.0633289 -0.00304829 0.997988 0.878413
0.997933 -0.00392282 -0.0641367 -0.0517207 0.00404969 0.99999 0.00184814 -0.0176789 0.0641288 -0.00210405 0.997939 0.898341
0.997913 -0.000428819 -0.0645659 -0.0642064 0.000477539 1 0.000739143 -0.0164323 0.0645655 -0.000768433 0.997913 0.904074
0.997941 -0.000568518 -0.0641411 -0.077915 0.000661277 0.999999 0.00142496 -0.00519228 0.0641402 -0.00146444 0.99794 0.884871
0.997786 -0.000739267 -0.0665027 -0.0554297 0.00111432 0.999984 0.00560269 -0.0133048 0.0664975 -0.00566439 0.997771 0.889404
0.997709 -0.0027119 -0.0676029 -0.0528016 0.00340573 0.999943 0.0101502 -0.00581034 0.0675715 -0.0103572 0.997661 0.896289
0.997617 0.00134904 -0.0689824 -0.058089 -0.000506137 0.999925 0.0122352 -0.00129707 0.0689938 -0.0121711 0.997543 0.912911
0.997506 0.00412946 -0.0704558 -0.076062 -0.00354094 0.999958 0.00847599 -0.00565611 0.0704878 -0.00820537 0.997479 0.926723
0.99743 0.00191421 -0.0716223 -0.0706104 -0.00186538 0.999998 0.000748653 -0.00708311 0.0716235 -0.000613126 0.997432 0.907084
0.99739 0.00255809 -0.0721583 -0.0733523 -0.00285322 0.999988 -0.00398725 -0.00919728 0.0721472 0.00418272 0.997385 0.88678
0.997179 0.00272615 -0.0750098 -0.0506849 -0.00294808 0.999992 -0.00284819 -0.0144946 0.0750014 0.00306129 0.997179 0.868257
0.997108 0.00309804 -0.0759305 -0.0737763 -0.00312998 0.999995 -0.000301622 -0.0165188 0.0759292 0.00053841 0.997113 0.856675
0.996944 0.00271229 -0.0780715 -0.0650234 -0.00257385 0.999995 0.00187386 -0.0225327 0.0780762 -0.00166719 0.996946 0.856089
0.996758 0.000587717 -0.0804515 -0.0598718 -0.000448953 0.999998 0.00174289 -0.0115587 0.0804524 -0.00170112 0.996757 0.836632
0.996698 0.00445462 -0.0810748 -0.0907092 -0.00424515 0.999987 0.00275587 -0.0142166 0.081086 -0.00240259 0.996704 0.833809
0.996554 0.00715264 -0.0826383 -0.0908213 -0.00680959 0.999967 0.00443239 -0.0297455 0.0826673 -0.00385438 0.99657 0.821628
0.996471 0.00136277 -0.0839321 -0.0783441 -0.00096106 0.999988 0.0048264 -0.00975694 0.0839377 -0.0047287 0.99646 0.826625
0.996313 -0.00100489 -0.0857818 -0.0621805 0.00155209 0.999979 0.00631257 -0.0161666 0.0857737 -0.00642244 0.996294 0.807836
0.996235 0.0023358 -0.0866635 -0.0751575 -0.00155492 0.999958 0.00907691 -0.0059084 0.0866811 -0.00890798 0.996196 0.786783
0.996142 0.000567256 -0.0877522 -0.0695345 0.000578475 0.999915 0.0130305 -0.00308258 0.0877521 -0.0130309 0.996057 0.767236
0.996069 0.00608324 -0.0883671 -0.0887079 -0.0047762 0.999876 0.014995 -0.00386278 0.0884473 -0.014514 0.995975 0.785383
0.996103 0.00457813 -0.0880795 -0.105514 -0.0036251 0.999933 0.010977 -0.00458179 0.0881239 -0.0106149 0.996053 0.803475
0.99594 0.000605664 -0.0900229 -0.0684678 -0.000255772 0.999992 0.00389818 -0.0126551 0.0900246 -0.00385933 0.995932 0.787314
0.995841 -0.00120662 -0.0911023 -0.0728563 0.00101716 0.999997 -0.00212609 -0.00940123 0.0911046 0.00202458 0.995839 0.766876
0.995808 0.00556581 -0.091301 -0.0912985 -0.00587506 0.999978 -0.00311875 -0.00258607 0.0912817 0.00364207 0.995818 0.744807
0.995728 0.00329865 -0.0922769 -0.0779063 -0.00325153 0.999994 0.00066096 -0.0109825 0.0922786 -0.000358096 0.995733 0.726137
0.995565 -0.000941507 -0.094076 -0.0635295 0.00119721 0.999996 0.0026616 -0.0125732 0.094073 -0.00276242 0.995561 0.707428
0.995551 -0.00177224 -0.0942055 -0.0780527 0.00168551 0.999998 -0.00100025 -0.0116728 0.0942071 0.00083702 0.995552 0.685861
0.995518 -0.00859225 -0.0941831 -0.0478921 0.00798657 0.999945 -0.00680599 -0.0178465 0.0942364 0.00602329 0.995532 0.668435
0.995734 -0.00352452 -0.0922063 -0.0722029 0.00242359 0.999924 -0.0120491 -0.0102715 0.0922418 0.0117742 0.995667 0.646285
0.995976 0.000513232 -0.0896238 -0.0472238 -0.00165142 0.999919 -0.0126259 -0.00500672 0.0896101 0.0127231 0.995896 0.628595
0.996324 0.00301559 -0.085608 -0.0574779 -0.00384738 0.999947 -0.00955295 -0.00907216 0.0855746 0.0098472 0.996283 0.607606
0.996721 -0.00152083 -0.0808952 -0.0487175 0.00101356 0.99998 -0.00631137 -0.016757 0.0809031 0.00620868 0.996703 0.588134
0.997195 -0.00295032 -0.0747859 -0.0393814 0.0027881 0.999994 -0.00227346 -0.0122272 0.0747921 0.00205858 0.997197 0.568894
0.99778 -0.00341935 -0.0665047 -0.0323667 0.00349497 0.999993 0.00102078 -0.0145151 0.0665008 -0.00125094 0.997786 0.549242
0.998439 0.00257177 -0.0557938 -0.0276788 -0.00251763 0.999996 0.00104069 -0.00684435 0.0557962 -0.000898601 0.998442 0.52962
0.999157 0.00582742 -0.0406478 -0.0262823 -0.00580055 0.999983 0.000778833 -0.00646122 0.0406516 -0.000542396 0.999173 0.509668
0.999718 0.00440943 -0.0233425 -0.000342834 -0.00437059 0.999989 0.00171486 -0.00901306 0.0233498 -0.00161235 0.999726 0.491605
0.999995 -0.00224854 -0.00216775 0.0258863 0.00225397 0.999994 0.0025034 -0.00578127 0.00216211 -0.00250828 0.999995 0.492782
0.99969 -0.00119696 0.0248741 0.0150692 0.00110207 0.999992 0.00382806 -0.00679484 -0.0248785 -0.00379946 0.999683 0.473207
0.998524 -0.000640159 0.0543154 0.0445124 0.000328352 0.999983 0.00574941 -0.00617295 -0.0543182 -0.00572308 0.998507 0.472227
0.996126 0.000650662 0.0879372 0.0530212 -0.00130866 0.999972 0.00742513 -0.0065225 -0.0879299 -0.00751144 0.996098 0.474216
0.992075 -0.000464504 0.125646 0.0793394 -0.000585754 0.999965 0.00832182 -0.00520141 -0.125645 -0.00832947 0.99204 0.47123
0.985915 -0.000635777 0.167246 0.100101 -0.000829618 0.999962 0.00869192 -0.00581981 -0.167245 -0.00870825 0.985877 0.446777
0.977478 -0.00199298 0.21103 0.138993 4.11529e-005 0.999957 0.00925307 -0.00551308 -0.211039 -0.00903598 0.977436 0.439305
0.966124 -0.00132565 0.258074 0.163931 -0.000631731 0.999972 0.00750154 -0.00798239 -0.258076 -0.00741045 0.966096 0.409108
0.949959 0.000726633 0.312374 0.147745 -0.00240175 0.999985 0.00497784 -0.00552414 -0.312365 -0.00547899 0.949946 0.394692
0.930036 -0.00080378 0.367468 0.189524 -0.000456913 0.999994 0.00334375 -0.000159012 -0.367468 -0.00327771 0.93003 0.373585
0.905886 -0.00113545 0.423519 0.214048 0.000259192 0.999998 0.00212658 0.000807335 -0.423521 -0.00181667 0.905885 0.346537
0.877037 -0.00128478 0.480421 0.229374 0.000718894 0.999999 0.0013619 -0.00357625 -0.480422 -0.000849062 0.877037 0.319547
0.843944 -0.00354246 0.536419 0.259894 0.00330153 0.999994 0.00140958 -0.00101107 -0.53642 0.000581394 0.843951 0.307876
0.808133 -0.00237878 0.588995 0.277224 0.0011421 0.999996 0.00247166 -0.0139571 -0.588999 -0.00132473 0.808133 0.268874
0.769336 -0.00257771 0.638839 0.284678 -0.000493946 0.999989 0.00462979 -0.00876521 -0.638844 -0.00387741 0.769326 0.248605
0.727063 -0.00113984 0.68657 0.304957 -0.00355239 0.999979 0.00542207 0.00468103 -0.686562 -0.00638115 0.727044 0.255781
0.682703 -0.0031636 0.730689 0.310905 -0.00237562 0.999976 0.00654912 -0.00551877 -0.730692 -0.00620695 0.682679 0.215012
0.636987 -0.00660896 0.770847 0.332645 0.00045359 0.999966 0.00819853 0.00104554 -0.770875 -0.00487271 0.636968 0.197577
0.590848 -0.0108578 0.80671 0.344688 0.00144267 0.999922 0.0124017 0.00438528 -0.806782 -0.00616369 0.590817 0.1811
0.544603 -0.00533465 0.838677 0.354955 -0.00621069 0.999927 0.0103933 -0.000427865 -0.838671 -0.010869 0.54453 0.179307
0.497301 -0.00206036 0.867576 0.361785 -0.00655094 0.99996 0.0061298 0.00527911 -0.867553 -0.00873179 0.497267 0.172712
0.452045 -0.0023891 0.891992 0.35493 -0.00268729 0.999988 0.00404023 -0.00452677 -0.891991 -0.00422341 0.452034 0.138249
0.410418 -0.010216 0.91184 0.361063 0.00128175 0.999943 0.0106261 -0.000570189 -0.911897 -0.00319239 0.410407 0.106205
0.371375 -0.0227078 0.928205 0.370975 -0.00235842 0.999675 0.0253998 0.00839292 -0.92848 -0.011622 0.371201 0.088082
0.337117 -0.0228212 0.941186 0.384403 -0.0180956 0.999364 0.0307134 0.0039767 -0.941289 -0.0273853 0.336489 0.0905709
0.304819 -0.0206971 0.952185 0.402654 -0.0189838 0.999433 0.0278013 0.00497742 -0.952221 -0.0265505 0.304254 0.100136
0.273379 -0.00903148 0.961864 0.391341 -0.0196755 0.999694 0.0149788 -0.00599824 -0.961705 -0.02302 0.273118 0.116007
0.245156 -0.00663453 0.969461 0.403003 -0.00945065 0.999913 0.0092328 -0.00569264 -0.969437 -0.0114255 0.245072 0.0939489
0.219559 -0.00759336 0.97557 0.396024 -0.005065 0.999947 0.00892302 -0.00396092 -0.975586 -0.00690039 0.219509 0.0691914
0.196275 -0.0142324 0.980446 0.391085 -0.00297971 0.999881 0.015111 -0.000703832 -0.980544 -0.00588735 0.196209 0.0495016
0.176528 -0.0191641 0.984109 0.395971 -0.00378443 0.99979 0.0201483 0.0101168 -0.984288 -0.00728103 0.176418 0.0391995
0.157155 -0.01908 0.98739 0.407354 -0.00951273 0.999738 0.0208327 0.0182104 -0.987528 -0.0126667 0.156933 0.0525541
0.139976 -0.0155091 0.990033 0.395849 -0.0177306 0.999678 0.018167 0.00937468 -0.989996 -0.0200968 0.139656 0.0455167
0.124533 -0.0137523 0.99212 0.388559 -0.0207048 0.99965 0.0164556 -0.000292683 -0.991999 -0.0225909 0.124204 0.0457806
0.110013 -0.0153083 0.993812 0.409452 -0.0175349 0.999696 0.01734 0.00171712 -0.993775 -0.0193341 0.109712 0.0383391
0.097083 -0.0181282 0.995111 0.430426 -0.0175027 0.999648 0.0199184 0.00264368 -0.995122 -0.0193509 0.0967316 0.0264735
0.0858429 -0.0224598 0.996055 0.450467 -0.0183178 0.999541 0.0241171 0.00594356 -0.99614 -0.0203158 0.0853921 0.0258449
0.0757126 -0.0253867 0.996806 0.470203 -0.0209435 0.999415 0.0270439 0.00987414 -0.99691 -0.0229242 0.0751366 0.0297618
0.0676209 -0.0273747 0.997335 0.490244 -0.0243605 0.99928 0.0290797 0.00930876 -0.997414 -0.026262 0.0669054 0.0299631
0.0616096 -0.0295257 0.997664 0.510169 -0.0264902 0.999162 0.031206 0.0133984 -0.997749 -0.0283509 0.0607758 0.0303526
0.0559613 -0.0305503 0.997965 0.530331 -0.028141 0.999086 0.0321626 0.012843 -0.998036 -0.0298836 0.0550505 0.028408
0.0489215 -0.0299275 0.998354 0.5498 -0.029984 0.999056 0.0314178 0.015943 -0.998352 -0.0314716 0.047978 0.0365878
0.0442339 -0.0318918 0.998512 0.570551 -0.0302365 0.99899 0.0332465 0.0114996 -0.998564 -0.0316621 0.0432249 0.0257348
0.040157 -0.0336322 0.998627 0.590249 -0.0317823 0.998885 0.0349189 0.0183527 -0.998688 -0.0331409 0.0390433 0.0290291
0.0371507 -0.03501 0.998696 0.61069 -0.0340716 0.998761 0.0362797 0.0173109 -0.998729 -0.035375 0.0359118 0.0195285
0.0354999 -0.0375603 0.998664 0.630721 -0.0351117 0.99863 0.0388071 0.0217324 -0.998753 -0.0364424 0.0341324 0.0138586
0.0346164 -0.0411395 0.998554 0.644335 -0.037668 0.998389 0.0424386 0.0197463 -0.998691 -0.0390826 0.033011 0.0229065
0.035708 -0.0420782 0.998476 0.664303 -0.0416577 0.998182 0.0435556 0.0204014 -0.998494 -0.0431495 0.0338902 0.0238675
0.0384214 -0.0431732 0.998329 0.684 -0.041889 0.998118 0.0447762 0.0277763 -0.998383 -0.0435394 0.0365407 0.0256638
0.0426742 -0.0467886 0.997993 0.704056 -0.0427435 0.997903 0.0486121 0.0298437 -0.998174 -0.0447322 0.0405848 0.0224263
0.0480791 -0.0408191 0.998009 0.688291 -0.0480054 0.997916 0.0431279 0.024415 -0.997689 -0.0499834 0.0460194 0.0447224
0.052776 -0.0454979 0.997569 0.709407 -0.0427289 0.997944 0.0477755 0.0235412 -0.997692 -0.0451465 0.0507234 0.0231522
0.0573954 -0.0457344 0.997303 0.728545 -0.0472925 0.997704 0.0484744 0.027463 -0.997231 -0.0499472 0.0551008 0.0402879
0.0612612 -0.04279 0.997204 0.747753 -0.0482524 0.997786 0.0457793 0.0319536 -0.996955 -0.050922 0.0590608 0.0510532
0.0656668 -0.0411092 0.996994 0.767602 -0.0442273 0.998049 0.0440657 0.0323054 -0.996861 -0.0469881 0.0637205 0.0539666
0.0704311 -0.0395226 0.996733 0.787862 -0.0408123 0.998264 0.0424672 0.0257573 -0.996681 -0.04367 0.0686958 0.0546474
0.0766834 -0.0416205 0.996186 0.809272 -0.035702 0.998373 0.0444601 0.0179366 -0.996416 -0.0389752 0.0750727 0.0337787
0.0782178 -0.0346294 0.996335 0.826137 -0.0364413 0.998629 0.03757 0.0353336 -0.99627 -0.0392464 0.0768487 0.073749
0.0803763 -0.0336702 0.996196 0.808633 -0.0311424 0.998857 0.0362728 0.0385901 -0.996278 -0.0339394 0.0792359 0.0317212
0.0783412 -0.0307618 0.996452 0.807118 -0.0345352 0.99884 0.0335507 0.0221049 -0.996328 -0.0370411 0.077188 0.10773
0.0769354 -0.0274379 0.996658 0.789809 -0.0332349 0.998995 0.0300678 0.0148246 -0.996482 -0.0354371 0.0759462 0.0856348
0.0825538 -0.0328048 0.996047 0.772623 -0.0278203 0.998993 0.0352076 0.0192378 -0.996198 -0.0306168 0.081558 -0.0515032
0.0828901 -0.0301642 0.996102 0.791007 -0.0344923 0.998856 0.0331179 0.00389621 -0.995962 -0.037103 0.0817548 0.0751226
0.083499 -0.0296257 0.996067 0.772431 -0.0305755 0.999011 0.0322764 0.0110284 -0.996039 -0.0331503 0.0825106 0.0565354
0.0844735 -0.0287379 0.996011 0.791769 -0.0295566 0.999072 0.031333 0.0142674 -0.995987 -0.0320856 0.0835457 0.0651935
0.083508 -0.0258511 0.996172 0.790211 -0.0279604 0.999209 0.0282738 0.0120294 -0.996115 -0.0302144 0.0827191 0.0682026
0.0793464 -0.0197985 0.99665 0.807725 -0.0264343 0.999409 0.0219578 0.01985 -0.996497 -0.0280881 0.0787762 0.0924399
0.0751002 -0.0162745 0.997043 0.828073 -0.0218138 0.999601 0.0179593 0.00878644 -0.996937 -0.0230981 0.0747152 0.0779002
0.0688366 -0.0157604 0.997503 0.814182 -0.0188318 0.999677 0.0170943 0.00896145 -0.99745 -0.0199615 0.0685175 0.0776814
0.0606243 -0.0103349 0.998107 0.810641 -0.0180234 0.999772 0.0114469 0.00568477 -0.997998 -0.0186833 0.0604242 0.0805038
0.0523767 -0.00827367 0.998593 0.801473 -0.0104897 0.999906 0.00883474 -0.00314868 -0.998572 -0.0109377 0.052285 0.0747122
0.0430453 -0.00793667 0.999042 0.813268 -0.00689876 0.999942 0.00824107 -0.000415922 -0.999049 -0.00724689 0.0429881 0.0430751
0.0339888 -0.00858002 0.999385 0.806529 -0.00724763 0.999935 0.00883123 -0.00335479 -0.999396 -0.00754334 0.0339244 0.015724
0.023469 -0.00814141 0.999691 0.826365 -0.00929446 0.999922 0.00836148 -0.00192181 -0.999681 -0.00948782 0.0233915 0.023061
0.0125461 -0.00626479 0.999902 0.806543 -0.00872737 0.999942 0.00637455 -0.00118651 -0.999883 -0.00880649 0.0124907 0.0153331
0.000624807 -0.00235645 0.999997 0.825908 -0.00668395 0.999975 0.00236057 0.00413144 -0.999977 -0.00668541 0.000609041 0.0356937
-0.01034 -0.00243815 0.999944 0.829271 -0.00204525 0.999995 0.00241713 -0.00907438 -0.999944 -0.00202015 -0.0103449 -0.0122221
-0.0215222 -0.00188377 0.999767 0.8351 -0.00179247 0.999997 0.00184562 -0.00946081 -0.999767 -0.00175233 -0.0215255 -0.018876
-0.0324939 -0.00106925 0.999471 0.843601 -0.000606701 0.999999 0.00105009 -0.00736005 -0.999472 -0.000572258 -0.0324945 -0.0152621
-0.0430385 -0.00105139 0.999073 0.830693 -9.17719e-005 0.999999 0.00104842 -0.0112895 -0.999073 -4.65647e-005 -0.0430385 -0.0328242
-0.0523886 -0.00135692 0.998626 0.809795 -0.000450284 0.999999 0.00133516 -0.0125947 -0.998627 -0.000379718 -0.0523891 -0.0497196
-0.0626002 -0.00176491 0.998037 0.819359 -0.000636131 0.999998 0.00172847 -0.0021294 -0.998038 -0.000526679 -0.0626012 -0.0386348
-0.0718376 -0.00277242 0.997412 0.798113 -0.00153458 0.999995 0.00266907 -0.00939262 -0.997415 -0.00133887 -0.0718415 -0.057982
-0.0795019 -0.00723827 0.996808 0.772877 -0.00420478 0.999967 0.00692585 -0.0201211 -0.996826 -0.00364074 -0.0795297 -0.105262
-0.0852961 -0.010616 0.996299 0.753898 -0.00878818 0.999912 0.00990212 -0.00618683 -0.996317 -0.00791105 -0.0853819 -0.0980418
-0.0920272 -0.0121615 0.995682 0.772118 -0.0123527 0.999862 0.0110709 0.00788395 -0.99568 -0.0112805 -0.0921647 -0.0464314
-0.0958274 -0.0148793 0.995287 0.750255 -0.0137867 0.999812 0.0136195 0.000996714 -0.995302 -0.0124166 -0.0960146 -0.0704168
-0.0962698 -0.0192466 0.995169 0.725583 -0.0172602 0.999695 0.0176644 -0.0155357 -0.995206 -0.0154763 -0.0965726 -0.106714
-0.0967277 -0.021061 0.995088 0.709112 -0.0208566 0.999599 0.0191291 -0.00267129 -0.995092 -0.0189038 -0.0971283 -0.0794424
-0.098718 -0.0200464 0.994914 0.691034 -0.020282 0.99963 0.018129 0.00406085 -0.994909 -0.0183892 -0.0990881 -0.0589215
-0.0966411 -0.0216093 0.995085 0.669236 -0.0198502 0.999607 0.0197797 -0.00670937 -0.995121 -0.0178411 -0.0970321 -0.0758358
-0.107571 -0.0178171 0.994038 0.667336 -0.0184233 0.999703 0.0159249 0.0153859 -0.994027 -0.0166004 -0.107867 0.0993464
-0.103067 -0.0160939 0.994544 0.6528 -0.0173492 0.999746 0.0143802 -0.00525445 -0.994523 -0.0157725 -0.10332 -0.0516971
-0.0960472 -0.0156257 0.995254 0.633212 -0.0153672 0.999781 0.0142137 -0.0125388 -0.995258 -0.0139291 -0.0962663 -0.0440371
-0.084989 -0.0142021 0.996281 0.613232 -0.0153701 0.999798 0.0129411 -0.00252187 -0.996263 -0.014213 -0.0851902 -0.0447184
-0.0714576 -0.013919 0.997347 0.59432 -0.0138499 0.99982 0.0129612 -0.00760238 -0.997347 -0.012887 -0.0716375 -0.0243018
-0.0542086 -0.0137193 0.998435 0.574595 -0.0122317 0.99984 0.0130745 0.000797925 -0.998455 -0.0115038 -0.0543677 -0.0176166
-0.0326997 -0.0125212 0.999387 0.554833 -0.0109406 0.999866 0.0121692 0.000266193 -0.999405 -0.010536 -0.0328323 -0.00598216
-0.00826893 -0.0116535 0.999898 0.534526 -0.00946455 0.999888 0.0115752 -0.00377197 -0.999921 -0.00936787 -0.0083783 0.0186772
0.0202524 -0.010558 0.999739 0.514095 -0.00970943 0.999895 0.0107564 0.00368727 -0.999748 -0.00992474 0.0201477 0.0279139
0.0532841 -0.0087607 0.998541 0.495623 -0.0109244 0.999897 0.00935554 0.00363009 -0.99852 -0.011407 0.0531828 0.0477407
0.0911337 -0.00867675 0.995801 0.473404 -0.0114328 0.999887 0.00975866 -0.00186001 -0.995773 -0.0122741 0.0910242 0.0658704
0.132775 -0.00720275 0.99112 0.48876 -0.0128615 0.999877 0.00898937 -0.0017694 -0.991063 -0.0139409 0.132666 0.0953017
0.177083 -0.00459595 0.984185 0.501193 -0.0122778 0.999901 0.00687845 0.00356305 -0.984119 -0.0133016 0.177009 0.130704
0.223506 -0.00141372 0.974702 0.492411 -0.0108333 0.999934 0.00393448 -0.00694336 -0.974642 -0.0114386 0.223475 0.165636
0.273631 0.00185968 0.961833 0.472289 -0.00552679 0.999985 -0.000361133 0.00183382 -0.961819 -0.00521703 0.273637 0.18728
0.326732 0.00109909 0.945116 0.466414 -6.31579e-006 0.999999 -0.00116073 -0.00693341 -0.945117 0.000373277 0.326732 0.216284
0.383389 -0.00133973 0.923586 0.439919 0.00359024 0.999994 -3.97718e-005 -0.00771579 -0.92358 0.00333115 0.383391 0.231857
0.441808 -0.00216194 0.897107 0.43865 0.00450879 0.99999 0.000189384 -0.0160532 -0.897098 0.00396119 0.441813 0.273803
0.500621 -0.00297904 0.865662 0.40513 0.00545065 0.999985 0.000289126 -0.0122693 -0.86565 0.00457368 0.50063 0.288211
0.558793 0.00204978 0.829304 0.369918 0.00172299 0.999992 -0.00363264 -0.00141127 -0.829305 0.00345878 0.558785 0.301681
0.613914 0.00355727 0.789365 0.324006 0.00301087 0.999972 -0.00684802 0.00129525 -0.789367 0.00658076 0.613886 0.322765
0.66768 0.00204593 0.744446 0.305196 0.00521835 0.999959 -0.00742839 -0.00545059 -0.74443 0.00884457 0.667642 0.313195
0.717353 0.000337179 0.69671 0.269695 0.00419042 0.99998 -0.00479852 -0.0164089 -0.696698 0.00636174 0.717337 0.318068
0.762778 -0.000572031 0.64666 0.230137 -9.44028e-005 0.999999 0.000995947 -0.00708006 -0.64666 -0.000820733 0.762778 0.323829
0.804156 -0.00030115 0.594418 0.207545 -0.0042305 0.999972 0.00622983 -0.000908856 -0.594403 -0.00752444 0.804132 0.362072
0.841109 -0.000940105 0.540864 0.20128 -0.00578603 0.999926 0.010736 0.0018934 -0.540834 -0.0121596 0.841041 0.388263
0.872709 -0.00200172 0.488236 0.188071 -0.00670142 0.999848 0.0160779 0.00802143 -0.488195 -0.0173032 0.872563 0.416802
0.898805 0.000654822 0.438347 0.154005 -0.00980114 0.999779 0.0186032 -0.00385278 -0.438238 -0.0210169 0.898613 0.417025
0.919504 0.000506543 0.393081 0.143555 -0.00891082 0.999769 0.019556 -0.000896537 -0.392981 -0.0214845 0.919296 0.441833
0.935303 0.00428647 0.353822 0.12496 -0.0115928 0.999761 0.0185329 0.00318587 -0.353658 -0.0214357 0.935129 0.463188
0.947714 0.00148079 0.319118 0.122971 -0.00666645 0.999863 0.0151584 0.00854578 -0.319051 -0.0164932 0.947594 0.483159
0.957562 -0.00169195 0.288221 0.124623 -0.00259062 0.999892 0.0144765 0.00556091 -0.288214 -0.0146089 0.957454 0.483935
0.963878 -0.00722388 0.266247 0.125865 0.00320344 0.999874 0.0155316 0.00150781 -0.266326 -0.0141176 0.96378 0.474946
0.968008 -0.00425155 0.250884 0.117864 0.00012387 0.999864 0.016466 -0.00190604 -0.25092 -0.0159081 0.967877 0.49757
0.971121 0.00336813 0.238566 0.115798 -0.00703849 0.99987 0.0145349 0.00686324 -0.238486 -0.0157943 0.971018 0.513894
0.973443 0.00350275 0.228901 0.0988913 -0.00675639 0.999887 0.013432 0.0085838 -0.228828 -0.0146219 0.973357 0.497008
0.974691 0.00739156 0.223434 0.0939026 -0.00989919 0.9999 0.0101051 0.00342633 -0.223337 -0.0120612 0.974667 0.518376
0.975198 0.00533338 0.221269 0.094097 -0.00660531 0.999966 0.00500877 -0.00187436 -0.221235 -0.00634609 0.9752 0.538663
0.975489 0.00240435 0.220037 0.113318 -0.00288237 0.999994 0.00185146 -0.00675827 -0.220031 -0.0024403 0.97549 0.521557
0.975023 -0.003262 0.22208 0.132557 0.00372118 0.999992 -0.00164923 0.00334229 -0.222072 0.00243444 0.975027 0.530566
0.973759 -0.000739716 0.227581 0.115599 0.00269033 0.999962 -0.00826096 0.00729334 -0.227567 0.00865645 0.973724 0.554925
0.973942 0.00371699 0.226765 0.185257 -0.000841772 0.999918 -0.0127746 -0.00496614 -0.226794 0.0122509 0.973866 0.514526
0.971734 0.0128494 0.235729 0.0641679 -0.00933599 0.999828 -0.0160144 -0.00411857 -0.235895 0.0133609 0.971687 0.563226
0.970369 0.00691046 0.241529 0.130091 -0.00391652 0.999909 -0.0128737 -0.0122877 -0.241596 0.0115463 0.970308 0.572152
0.968854 0.00305738 0.247614 0.127671 -0.000976666 0.999963 -0.00852546 -0.0151584 -0.247631 0.00801809 0.968821 0.593109
0.968031 -0.00311698 0.25081 0.169465 0.00363307 0.999992 -0.00159468 -0.0140751 -0.250804 0.00245491 0.968035 0.60338
0.966706 -0.00160134 0.255886 0.126954 0.000969915 0.999996 0.00259379 0.00776692 -0.255889 -0.00225924 0.966703 0.634257
0.965253 -0.00498854 0.261269 0.153836 0.00399703 0.999983 0.00432619 -0.00388777 -0.261287 -0.00313156 0.965256 0.648887
0.964532 -0.00395861 0.263936 0.153318 0.00350133 0.999991 0.00220295 -0.00421798 -0.263942 -0.00120069 0.964538 0.669541
0.964511 -0.00284837 0.264028 0.187937 0.00391808 0.999986 -0.00352499 -0.0113244 -0.264014 0.00443438 0.964509 0.679897
0.964937 -0.000695267 0.26248 0.193252 0.0033145 0.999949 -0.00953619 -0.010972 -0.26246 0.0100718 0.96489 0.657588
0.965696 0.00106803 0.259671 0.178386 0.00255464 0.999904 -0.0136131 -0.000148983 -0.259661 0.0138095 0.965601 0.658638
0.967321 -0.00485577 0.25351 0.216587 0.00728419 0.999936 -0.00864142 -0.00226893 -0.253452 0.0102056 0.967294 0.636197
0.967743 -0.00123274 0.251938 0.171179 0.00145377 0.999999 -0.000691185 -0.00799801 -0.251936 0.00103515 0.967743 0.654533
0.968672 0.000384465 0.248343 0.182873 -0.00169113 0.999986 0.00504822 -0.0128018 -0.248337 -0.00531005 0.968659 0.672039
0.969215 -0.000477521 0.246216 0.179595 -0.000567511 0.999991 0.0041734 -0.00855085 -0.246216 -0.00418465 0.969206 0.693671
0.969514 0.00399629 0.245003 0.165006 -0.00372004 0.999992 -0.00159031 -0.00489965 -0.245007 0.000630414 0.969521 0.717858
0.970382 -3.36118e-005 0.241575 0.176409 0.00175007 0.999975 -0.00689071 -0.00435342 -0.241569 0.0071094 0.970358 0.735728
0.971226 4.36553e-005 0.238158 0.166729 0.00237189 0.999949 -0.00985605 -0.00500407 -0.238146 0.0101373 0.971176 0.724194
0.971435 0.00508403 0.237253 0.126986 -0.00288557 0.99995 -0.00961267 -0.0201158 -0.23729 0.00865347 0.9714 0.730887
0.972401 -0.00167075 0.233311 0.182765 0.00347909 0.999967 -0.00733945 -0.00879791 -0.233291 0.00794859 0.972374 0.721805
0.972695 0.00127095 0.232084 0.171427 -8.92435e-005 0.999987 -0.00510214 -0.00976244 -0.232088 0.00494211 0.972682 0.745108
0.973091 -0.00270067 0.230407 0.186255 0.00326875 0.999992 -0.00208389 -0.00986834 -0.230399 0.00278095 0.973092 0.760859
0.972734 -0.00267704 0.231908 0.158887 0.00307165 0.999994 -0.00134051 0.00557397 -0.231903 0.00201631 0.972737 0.785773
0.973224 0.000790698 0.229856 0.201872 -0.00102563 0.999999 0.000902614 -0.0223284 -0.229855 -0.00111419 0.973224 0.754849
0.973316 0.00459009 0.229421 0.182452 -0.00435878 0.999989 -0.00151497 -0.0154638 -0.229426 0.000474551 0.973326 0.773541
0.973347 0.00509977 0.22928 0.181752 -0.00394139 0.999977 -0.0055099 -0.0136957 -0.229303 0.00445936 0.973345 0.775355
0.973265 0.008242 0.229535 0.177283 -0.00656127 0.999946 -0.00808462 -0.0175401 -0.229589 0.00636244 0.973267 0.781168
0.9725 0.00707608 0.232794 0.165591 -0.00513247 0.999947 -0.00895374 -0.0104173 -0.232845 0.00751271 0.972485 0.804289
0.971633 0.0045204 0.236451 0.176804 -0.00281954 0.999968 -0.00753092 -0.0198134 -0.236478 0.00665061 0.971614 0.822196
0.970901 0.00174436 0.239474 0.187712 0.000321641 0.999963 -0.00858786 -0.0127603 -0.239481 0.00841499 0.970865 0.825565
0.970406 -0.000835354 0.241477 0.202172 0.00348283 0.999938 -0.0105371 -0.0183945 -0.241453 0.0110663 0.970349 0.820733
0.970114 -0.00486821 0.242602 0.21303 0.00695014 0.999946 -0.00772654 -0.0151365 -0.242552 0.00918175 0.970095 0.819845
0.970056 -0.00694973 0.242781 0.21751 0.00898984 0.999933 -0.00729622 -0.0173182 -0.242714 0.00926031 0.970054 0.797908
0.969466 -0.00105534 0.245223 0.189474 0.00278386 0.999974 -0.00670225 -0.016148 -0.24521 0.00718027 0.969443 0.825588
0.968537 0.00540087 0.248811 0.175594 -0.00411772 0.999975 -0.00567728 -0.00540749 -0.248836 0.00447412 0.968535 0.808335
0.967997 0.00482971 0.250917 0.187553 -0.00466545 0.999988 -0.00124949 -0.0104279 -0.25092 3.88592e-005 0.968008 0.826118
0.968031 0.003385 0.250808 0.222477 -0.00406572 0.999989 0.00219601 -0.0191858 -0.250798 -0.00314552 0.968034 0.837962
0.967569 -0.00245389 0.252597 0.215772 0.0034967 0.999987 -0.00367956 -0.0153982 -0.252584 0.00444348 0.967565 0.860429
0.967392 -0.00660546 0.253197 0.218712 0.0109132 0.999819 -0.0156127 -0.0219907 -0.253048 0.0178668 0.967289 0.838884
0.967422 -0.00398942 0.253137 0.222311 0.0100674 0.999691 -0.0227198 -0.0183776 -0.252968 0.024528 0.967164 0.817311
0.967674 0.00194837 0.252198 0.209231 0.00150724 0.999908 -0.0135081 -0.0148485 -0.252201 0.0134515 0.967581 0.800169
0.96806 -7.90379e-005 0.250719 0.200078 -0.00177074 0.999973 0.00715231 -0.0167805 -0.250713 -0.00736783 0.968034 0.785133
0.968254 -0.000303086 0.249967 0.196328 -0.00527184 0.999752 0.0216328 -0.0124806 -0.249911 -0.0222639 0.968013 0.806761
0.968147 0.00135827 0.250379 0.184198 -0.00503934 0.999888 0.0140615 0.00968923 -0.250332 -0.0148753 0.968046 0.830155
0.968504 0.00266287 0.248985 0.202418 -0.00215846 0.999995 -0.00229884 -0.00799581 -0.24899 0.00168901 0.968505 0.846498
0.967919 0.00161349 0.251259 0.166615 0.00127057 0.999935 -0.0113158 0.00649977 -0.251261 0.011272 0.967854 0.857799
0.967086 -0.00177187 0.254443 0.162424 0.00529317 0.999899 -0.0131552 -0.00334267 -0.254394 0.0140691 0.966998 0.839666
0.966292 0.00151851 0.257442 0.167831 0.00177135 0.99992 -0.0125466 -0.0213116 -0.257441 0.0125797 0.966212 0.858732
0.966686 0.00130045 0.255962 0.192975 0.0026901 0.99988 -0.0152397 -0.00281386 -0.255951 0.0154205 0.966567 0.845958
0.968383 0.00230912 0.249458 0.222085 0.00177004 0.999868 -0.0161265 -0.0290969 -0.249463 0.0160582 0.968251 0.817567
0.967644 0.0122198 0.252024 0.111029 -0.00728284 0.999763 -0.0205127 -0.00111013 -0.252215 0.0180135 0.967504 0.820212
0.968197 0.00767225 0.250071 0.182231 -0.0020983 0.999744 -0.0225485 -0.0170803 -0.25018 0.0213066 0.967965 0.818021
0.969072 0.00182375 0.246772 0.209913 0.00340259 0.999779 -0.0207507 -0.0248112 -0.246755 0.0209486 0.968851 0.790474
0.969825 -0.00264247 0.243787 0.22328 0.00654216 0.999863 -0.015188 -0.0236961 -0.243714 0.0163246 0.96971 0.807616
0.971186 -0.00555876 0.238256 0.242996 0.00898472 0.999871 -0.0132957 -0.0309057 -0.238151 0.0150533 0.971111 0.817295
0.97167 -0.000828431 0.236341 0.190933 0.00469541 0.999864 -0.0157995 -0.0237322 -0.236296 0.0164616 0.971542 0.810695
0.9727 -0.00426049 0.232027 0.189832 0.0086949 0.999799 -0.0180923 -0.0241213 -0.231903 0.0196158 0.972541 0.790378
0.974565 -0.00478834 0.224054 0.186953 0.00895477 0.999805 -0.0175833 -0.0214132 -0.223926 0.0191424 0.974418 0.77057
0.976112 -5.58225e-005 0.217266 0.165801 0.00264044 0.999929 -0.0116058 -0.0278256 -0.21725 0.0119022 0.976043 0.754715
0.977521 -0.000664527 0.210839 0.167752 0.00141883 0.999993 -0.00342636 -0.0140625 -0.210835 0.00364848 0.977515 0.775145
0.978384 -0.00154129 0.206789 0.158098 0.000331561 0.999983 0.0058846 -0.0118856 -0.206794 -0.00568884 0.978368 0.778697
0.979398 0.00630904 0.201839 0.162596 -0.00787691 0.999945 0.00696566 -0.011821 -0.201784 -0.00841202 0.979394 0.796885
0.97962 0.00316422 0.200837 0.101846 -0.00335533 0.999994 0.000611175 0.000773006 -0.200834 -0.00127259 0.979624 0.818133
0.981118 -0.00241232 0.193394 0.164657 0.00422206 0.999951 -0.00894614 -0.0186772 -0.193363 0.00959374 0.98108 0.787195
0.98239 -0.00348735 0.186808 0.146485 0.00623962 0.99988 -0.0141472 -0.00365875 -0.186736 0.0150637 0.982295 0.770641
0.98368 -0.000675679 0.179927 0.131866 0.00321105 0.9999 -0.0138002 -0.00366176 -0.1799 0.0141527 0.983583 0.75298
0.98513 0.00678132 0.171675 0.121705 -0.00493646 0.999925 -0.0111709 -0.0241985 -0.171738 0.0101573 0.98509 0.738595
0.986261 0.00839774 0.164983 0.0890519 -0.00608862 0.999876 -0.0144969 -0.0172568 -0.165084 0.0132932 0.98619 0.763204
0.987879 0.00358047 0.155187 0.113645 -0.000312668 0.999778 -0.0210765 -0.0210906 -0.155228 0.0207725 0.98766 0.756878
0.989068 0.00136273 0.147455 0.0955446 0.00216748 0.999715 -0.0237775 -0.0201556 -0.147446 0.0238372 0.988783 0.739232
0.990366 0.000410748 0.138477 0.10781 0.00252463 0.999776 -0.0210213 -0.0215794 -0.138455 0.0211683 0.990142 0.728713
0.991487 0.0037283 0.130155 0.0975456 -0.00185804 0.999893 -0.0144879 -0.0237971 -0.130196 0.0141227 0.991388 0.750272
0.99254 0.00457041 0.121835 0.0803448 -0.00342538 0.999948 -0.00960594 -0.019358 -0.121873 0.00911695 0.992504 0.772553
0.993383 0.00271508 0.114816 0.0688578 -0.00196445 0.999976 -0.00665025 -0.0210844 -0.114832 0.0063807 0.993364 0.771443
0.994113 0.000293875 0.108351 0.0809508 0.000216783 0.999989 -0.00470117 -0.0181059 -0.108351 0.00469699 0.994102 0.790456
0.994583 0.00152251 0.103934 0.0801157 -0.000831478 0.999977 -0.00669179 -0.0150303 -0.103941 0.00656912 0.994562 0.801276
0.995075 0.00464117 0.0990141 0.0749089 -0.00337613 0.999911 -0.0129401 -0.0153512 -0.0990653 0.0125421 0.995002 0.797781
0.995487 0.00457443 0.0947879 0.0689076 -0.00270945 0.9998 -0.0197947 -0.0248657 -0.0948596 0.0194485 0.995301 0.791681
0.995707 0.00410804 0.0924696 0.0521383 -0.00207585 0.999754 -0.0220623 -0.026271 -0.0925375 0.0217756 0.995471 0.782955
0.996072 0.00178365 0.0885334 0.0690546 -0.000306538 0.999861 -0.0166951 -0.0155112 -0.0885508 0.0166023 0.995933 0.782244
0.996263 0.00398514 0.0862739 0.0589624 -0.00343503 0.999973 -0.00652393 -0.0219314 -0.0862976 0.0062032 0.99625 0.802979
0.996541 0.00217869 0.0830797 0.0439883 -0.00222462 0.999997 0.000460248 -0.0190863 -0.0830785 -0.000643476 0.996543 0.824046
0.996906 -0.0033074 0.0785312 0.0661447 0.00353696 0.99999 -0.0027842 -0.0182994 -0.0785212 0.00305335 0.996908 0.842649
0.997248 -0.0121479 0.0731381 0.0789001 0.013063 0.999842 -0.0120463 -0.0200499 -0.0729802 0.0129685 0.997249 0.821415
0.997782 -0.000814635 0.0665644 0.0577801 0.00195283 0.999853 -0.0170359 -0.0109033 -0.0665407 0.0171281 0.997637 0.826427
0.998216 0.00452383 0.0595345 0.0427015 -0.00356634 0.999863 -0.0161794 -0.0206182 -0.0595995 0.0159382 0.998095 0.807124
0.998661 -0.00194535 0.0516886 0.0313264 0.00245456 0.999949 -0.00978979 -0.0223453 -0.0516669 0.00990355 0.998615 0.807933
0.998993 -0.00499133 0.0445961 0.0290431 0.00528253 0.999965 -0.00641416 -0.0167909 -0.0445625 0.00664328 0.998985 0.82817
0.999212 -0.00847312 0.0387806 0.037296 0.00855312 0.999962 -0.00189749 -0.0157246 -0.038763 0.00222769 0.999246 0.820197
0.999428 -0.00465578 0.0334948 0.0140697 0.00473018 0.999987 -0.0021421 -0.0107374 -0.0334844 0.00229931 0.999437 0.841009
0.999645 -0.00528707 0.0261299 0.0383721 0.00553224 0.999941 -0.00931947 -0.0178093 -0.0260791 0.00946071 0.999615 0.820105
0.999782 -0.00928014 0.0186808 0.0268364 0.00964619 0.999761 -0.0196013 -0.011129 -0.0184945 0.0197773 0.999633 0.800668
0.999868 -0.0105508 0.0123948 0.0184883 0.0108412 0.999663 -0.0236026 -0.0162932 -0.0121416 0.0237338 0.999645 0.780806
0.999975 0.00368971 0.0060008 -0.00754614 -0.0035926 0.999864 -0.016113 -0.0223392 -0.00605943 0.016091 0.999852 0.787837
0.999951 0.00987601 0.00077315 -0.0173671 -0.00987348 0.999946 -0.00321071 -0.0136757 -0.000804817 0.00320292 0.999995 0.779758
0.999981 0.00444001 -0.00417067 -0.0139169 -0.00442066 0.999979 0.00463505 -0.0219318 0.00419116 -0.00461652 0.999981 0.79965
0.999967 -0.000441667 -0.00811272 -0.0102847 0.000454951 0.999999 0.00163574 -0.0149401 0.00811199 -0.00163938 0.999966 0.819871
0.999948 0.00132331 -0.0101021 -0.0166375 -0.001417 0.999956 -0.0092726 -0.0113127 0.0100894 0.00928643 0.999906 0.839831
0.999856 0.0107375 -0.0131149 -0.027713 -0.0109792 0.999769 -0.0185006 -0.0144594 0.0129132 0.018642 0.999743 0.837386
0.999871 -0.000274525 -0.0160832 -0.0165382 -8.99161e-005 0.999743 -0.0226546 -0.021166 0.0160853 0.0226531 0.999614 0.817528
0.999816 -0.00554531 -0.01834 -0.00840082 0.00521073 0.99982 -0.018241 -0.0180331 0.0184378 0.0181421 0.999665 0.797721
0.999822 -0.00151001 -0.0188281 -0.0157519 0.001337 0.999957 -0.00919806 -0.0270827 0.0188412 0.00917125 0.99978 0.817369
0.999857 0.00495706 -0.0161465 -0.0554537 -0.00501673 0.999981 -0.00365699 -0.0221437 0.0161281 0.00373747 0.999863 0.835839
0.999798 -0.000698106 -0.0200666 0.0194659 0.000613175 0.999991 -0.0042383 -0.0236074 0.0200694 0.00422514 0.99979 0.840082
0.999754 -0.00348786 -0.021925 -0.0241475 0.00318388 0.999899 -0.0138842 -0.0141406 0.0219712 0.013811 0.999663 0.860184
0.999658 -0.0106661 -0.0238778 -0.00557032 0.0100489 0.999616 -0.0258195 -0.0245773 0.024144 0.0255707 0.999381 0.840261
0.999611 -0.00952164 -0.0262217 0.00210078 0.00874391 0.999523 -0.0296163 -0.0332334 0.0264912 0.0293755 0.999217 0.819963
0.999657 0.00392349 -0.0259109 -0.0422328 -0.00457017 0.999678 -0.0249459 -0.0259862 0.0258047 0.0250558 0.999353 0.799102
0.999618 0.00484861 -0.027191 -0.0297927 -0.00523135 0.999888 -0.0140225 -0.0264677 0.0271199 0.0141594 0.999532 0.787722
0.999602 0.00147469 -0.0281622 -0.0298283 -0.00176416 0.999946 -0.0102567 -0.0294575 0.0281456 0.0103024 0.999551 0.807642
0.999521 -0.00306445 -0.03081 -0.00608977 0.00261796 0.999891 -0.0145214 -0.0199141 0.0308512 0.0144338 0.99942 0.822865
0.99968 0.00471829 -0.0248392 -0.0833148 -0.0052487 0.999759 -0.0213319 -0.0184849 0.0247325 0.0214555 0.999464 0.838799
0.999665 0.00661751 -0.0250022 -0.0363024 -0.00716641 0.999734 -0.0219284 -0.0210071 0.0248505 0.0221002 0.999447 0.853694
0.999679 0.00336687 -0.0251159 -0.0327988 -0.00386575 0.999796 -0.0198408 -0.0189522 0.0250439 0.0199315 0.999488 0.833864
0.999649 0.00287701 -0.0263515 -0.0226357 -0.00331939 0.999854 -0.0167595 -0.0258741 0.0262994 0.016841 0.999512 0.82098
0.999552 0.000738854 -0.0299171 0.00429841 -0.00119317 0.999884 -0.0151709 -0.0141302 0.0299024 0.0151998 0.999437 0.829524
0.999467 0.00192134 -0.0325771 -0.00609285 -0.00244961 0.999866 -0.0161838 -0.0217186 0.0325416 0.0162549 0.999338 0.843939
0.999367 -0.00463788 -0.035285 0.00305232 0.00392115 0.999785 -0.0203547 -0.0306342 0.0353718 0.0202035 0.99917 0.823665
0.999297 0.00213768 -0.0374249 -0.0235936 -0.00306732 0.999688 -0.0248004 -0.0384112 0.0373602 0.0248977 0.998992 0.802976
0.999238 0.00115703 -0.0390082 -0.0354288 -0.00210287 0.999705 -0.0242148 -0.0272041 0.0389687 0.0242784 0.998945 0.782967
0.999142 -0.0014905 -0.0413951 -0.0304593 0.000889096 0.999894 -0.0145429 -0.0231346 0.0414123 0.0144936 0.999037 0.770074
0.999069 -0.0026999 -0.0430474 -0.0359275 0.0024595 0.999981 -0.00563643 -0.025378 0.0430618 0.00552531 0.999057 0.789799
0.999034 -0.00879543 -0.043046 -0.0214781 0.00862828 0.999955 -0.00406732 -0.0215685 0.0430799 0.00369198 0.999065 0.773262
0.999054 0.000214076 -0.0434967 -0.0391308 -0.000689414 0.99994 -0.0109134 -0.0182193 0.0434918 0.0109331 0.998994 0.782714
0.999105 0.00184415 -0.0422675 -0.0553256 -0.00253149 0.999865 -0.0162139 -0.0108075 0.0422319 0.0163063 0.998975 0.76182
0.999155 -0.000863693 -0.0410826 -0.0376241 -5.43617e-005 0.99975 -0.0223402 -0.0238184 0.0410916 0.0223236 0.998906 0.742569
0.999196 -0.00326427 -0.0399509 -0.0314456 0.0022162 0.999653 -0.02625 -0.0283278 0.0400227 0.0261404 0.998857 0.722665
0.999303 -0.00374929 -0.0371536 -0.0268209 0.00259802 0.999516 -0.0309868 -0.0286511 0.0372518 0.0308686 0.998829 0.702808
0.999475 -0.00182224 -0.0323371 -0.0343024 0.000766027 0.999467 -0.0326449 -0.0196149 0.0323794 0.032603 0.998944 0.682761
0.999631 0.00136498 -0.0271332 -0.0222644 -0.00211595 0.999615 -0.0276679 -0.0274314 0.027085 0.0277151 0.999249 0.662962
0.999767 0.00323171 -0.0213375 -0.0140703 -0.00362415 0.999825 -0.0183791 -0.0252557 0.0212744 0.0184521 0.999603 0.643254
0.999859 0.00694559 -0.0153104 -0.0347537 -0.00715752 0.999879 -0.0138307 -0.0255979 0.0152125 0.0139384 0.999787 0.662499
0.999956 0.00333238 -0.00879147 -0.0259035 -0.00346529 0.999879 -0.015147 -0.0296563 0.00873994 0.0151768 0.999847 0.681397
0.999997 -0.00187214 -0.00152248 0.00687037 0.0018369 0.999738 -0.0228301 -0.0284985 0.00156482 0.0228273 0.999738 0.661885
0.999981 0.00133595 0.0059639 -0.0048673 -0.00114653 0.999498 -0.0316516 -0.0228246 -0.00600319 0.0316442 0.999481 0.64211
0.999903 0.00470133 0.0131059 -0.00417258 -0.00421354 0.999306 -0.0370009 -0.0192557 -0.0132707 0.0369421 0.999229 0.622222
0.999784 0.000308404 0.0207715 0.0144819 0.000427932 0.999372 -0.0354357 -0.0261335 -0.0207693 0.0354369 0.999156 0.601793
0.999628 -0.00321148 0.0270861 0.0109332 0.00402391 0.999542 -0.0299933 -0.0249348 -0.0269774 0.0300911 0.999183 0.621938
0.999417 -0.0057032 0.0336589 0.0318614 0.00651142 0.999692 -0.0239515 -0.0291849 -0.0335119 0.0241567 0.999146 0.600983
0.999167 -0.00429212 0.0405748 0.0155863 0.00518961 0.999744 -0.0220402 -0.0292718 -0.0404698 0.0222324 0.998933 0.610363
0.999023 0.00216012 0.044136 0.0237013 -0.00121773 0.999771 -0.0213677 -0.0188023 -0.044172 0.0212931 0.998797 0.603524
0.998949 0.00388537 0.0456774 0.0124519 -0.00298172 0.999799 -0.0198349 -0.0182881 -0.0457452 0.0196778 0.998759 0.607647
0.998981 0.000484072 0.0451247 0.0295807 0.000330071 0.999837 -0.0180329 -0.0156165 -0.0451261 0.0180294 0.998819 0.621728
0.998871 0.00154639 0.0474791 -0.00568755 -0.000821552 0.999883 -0.0152821 -0.0226557 -0.0474972 0.0152258 0.998755 0.631499
0.998847 0.00262495 0.0479345 0.0210107 -0.0019831 0.999908 -0.0134328 -0.0216037 -0.0479654 0.0133223 0.99876 0.639396
0.998874 0.00766019 0.0468261 0.0256011 -0.00679514 0.999804 -0.0186052 -0.0205885 -0.0469594 0.018266 0.99873 0.633023
0.998911 0.00573487 0.046308 0.0107837 -0.00446121 0.99961 -0.0275606 -0.0227021 -0.046448 0.027324 0.998547 0.631456
0.999032 -0.00247182 0.0439104 0.0288597 0.00406212 0.999338 -0.0361648 -0.0222112 -0.0437919 0.0363082 0.998381 0.610871
0.999166 -0.00391501 0.0406489 0.0243176 0.00557188 0.999155 -0.0407276 -0.0156088 -0.0404551 0.0409201 0.998343 0.59125
0.999296 0.00371692 0.0373231 0.00812142 -0.00239461 0.99937 -0.0354112 -0.0167804 -0.0374312 0.0352969 0.998676 0.581529
0.999418 0.00847691 0.0330311 0.00367278 -0.00770441 0.999695 -0.0234447 -0.0225837 -0.0332198 0.0231766 0.999179 0.583714
0.999583 -0.00541144 0.0283477 0.0180959 0.00567234 0.999942 -0.0091314 -0.0217978 -0.0282967 0.00928839 0.999556 0.603498
0.999699 -0.00663173 0.0236306 0.0274504 0.00662672 0.999978 0.000290182 -0.0150185 -0.023632 -0.000133502 0.999721 0.623378
0.999792 -0.00309089 0.0201433 0.0254568 0.00312055 0.999994 -0.00144134 -0.0157634 -0.0201387 0.0015039 0.999796 0.643466
0.999831 0.00383122 0.0179954 -0.00457768 -0.00369238 0.999963 -0.00774239 -0.0147417 -0.0180244 0.00767463 0.999808 0.663983
0.999893 0.000539699 0.0146259 -0.00548052 -0.000300498 0.999866 -0.0163518 -0.0139661 -0.0146328 0.0163457 0.999759 0.683998
0.999875 -0.00874988 0.0131416 0.0142079 0.00901843 0.999749 -0.0205173 -0.0176426 -0.0129588 0.0206333 0.999703 0.674146
0.999891 -0.00746662 0.0127145 0.0121876 0.00765902 0.999856 -0.0151512 -0.0184735 -0.0125995 0.015247 0.999804 0.689296
0.999903 -0.00616408 0.0125245 0.000404876 0.00629623 0.999925 -0.0105394 -0.0240545 -0.0124586 0.0106173 0.999866 0.709243
0.999777 0.0118387 0.0175111 -0.111899 -0.0117241 0.999909 -0.00662851 -0.0626314 -0.017588 0.00642173 0.999825 0.677624
0.999861 -0.00177292 0.01659 0.0105021 0.00193103 0.999953 -0.00951912 -0.0172746 -0.0165724 0.00954983 0.999817 0.703578
0.999862 -0.00451619 0.0159737 0.0105943 0.00474024 0.999891 -0.014016 -0.0176971 -0.0159086 0.0140898 0.999774 0.702141
0.99984 -0.00796811 0.0159958 0.0105287 0.00820622 0.999856 -0.0148757 -0.016967 -0.0158749 0.0150046 0.999761 0.682152
0.999885 -0.000521452 0.0151705 0.0110264 0.000707614 0.999924 -0.0122685 -0.0122809 -0.0151629 0.0122778 0.99981 0.666226
0.999871 0.000302903 0.0160646 -0.0046857 -0.000179659 0.999971 -0.00767263 -0.0187259 -0.0160665 0.00766875 0.999842 0.686159
0.999872 -0.000440729 0.0159935 0.00342275 0.000519294 0.999988 -0.00490848 -0.0167594 -0.0159912 0.00491616 0.99986 0.706223
0.999877 -0.00169467 0.0156239 0.0140793 0.00180602 0.999973 -0.00711533 -0.0229457 -0.0156114 0.00714267 0.999853 0.698623
0.99985 -0.00287761 0.0171039 0.00589167 0.00311895 0.999896 -0.0141005 -0.0185919 -0.0170615 0.0141518 0.999754 0.718877
0.999868 -0.000741735 0.0162254 0.0307729 0.00111939 0.999728 -0.0232789 -0.0276842 -0.0162037 0.023294 0.999597 0.697915
0.999795 0.00499332 0.0196266 -0.00656428 -0.00445249 0.999612 -0.0275037 -0.00540535 -0.0197563 0.0274107 0.999429 0.169572
0.999795 0.00499332 0.0196266 -0.0131286 -0.00445249 0.999612 -0.0275037 -0.0108107 -0.0197563 0.0274107 0.999429 0.339144
0.99982 -0.00122441 0.0189128 0.01249 0.00163635 0.999761 -0.0217811 -0.00259777 -0.0188816 0.0218082 0.999584 0.189356
0.999818 -0.00107428 0.019035 0.000449581 0.00133738 0.999904 -0.013815 -0.00851693 -0.0190183 0.0138379 0.999723 0.209612
0.999815 0.000985088 0.0192333 0.00289212 -0.000804218 0.999955 -0.00940948 -0.00685133 -0.0192417 0.00939227 0.999771 0.229665
0.99981 0.00423032 0.0190344 0.00435131 -0.00410271 0.999969 -0.00673829 -0.00631935 -0.0190623 0.00665892 0.999796 0.249667
0.999883 -0.00958429 0.0119617 0.0234343 0.00963454 0.999945 -0.00415078 -0.00475535 -0.0119213 0.00426554 0.99992 0.268724
0.999962 -0.00491753 0.00716361 0.00219551 0.00494398 0.999981 -0.00367926 -0.0132555 -0.00714538 0.00371454 0.999968 0.289474
0.999985 -0.00536853 -0.000639036 -0.00465479 0.00536457 0.999967 -0.00605386 -0.00181677 0.000671515 0.00605035 0.999981 0.309745
0.999928 -0.00326481 -0.0115347 -0.00775432 0.00315436 0.999949 -0.00958052 -0.0107673 0.0115654 0.00954345 0.999888 0.329518
0.999668 -0.000541335 -0.0257529 -0.0157299 0.000206135 0.999915 -0.0130169 -0.00806105 0.0257578 0.0130073 0.999584 0.349338
0.999008 -0.000824108 -0.0445276 -0.0279304 0.000163027 0.99989 -0.0148481 -0.0125411 0.0445349 0.0148261 0.998898 0.368516
0.997726 -0.00783175 -0.0669424 -0.0256981 0.0069257 0.999881 -0.013756 -0.00616172 0.0670422 0.0132611 0.997662 0.348786
0.995822 0.00213016 -0.0912901 -0.0506705 -0.00307056 0.999944 -0.010162 -0.0140589 0.0912633 0.0103999 0.995772 0.366027
0.992816 -0.00188177 -0.119636 -0.0556845 0.0010594 0.999975 -0.00693711 -0.00944592 0.119646 0.00676053 0.992794 0.385672
0.988372 -0.0023319 -0.152039 -0.0744452 0.00136161 0.999978 -0.00648565 -0.0155622 0.152051 0.00620322 0.988353 0.402666
0.982149 0.0020317 -0.188094 -0.103268 -0.00363439 0.99996 -0.00817622 -0.0104019 0.18807 0.00871387 0.982117 0.417065
0.973546 0.00385818 -0.22846 -0.128798 -0.00634939 0.999928 -0.0101704 -0.00930421 0.228404 0.0113519 0.9735 0.43085
0.962427 0.00261209 -0.271528 -0.154357 -0.00590958 0.999918 -0.0113272 -0.00664404 0.271476 0.0125062 0.962364 0.401055
0.948259 0.00258315 -0.317487 -0.153632 -0.00609762 0.999931 -0.0100765 -0.00424673 0.317439 0.011491 0.948209 0.379872
0.931198 0.00927673 -0.364396 -0.181956 -0.0126132 0.999897 -0.00677714 -0.00776649 0.364295 0.010907 0.93122 0.344622
0.910825 0.0129435 -0.412589 -0.198656 -0.0148284 0.999889 -0.00136692 -0.00756401 0.412526 0.00736306 0.910916 0.319771
0.887002 0.0133163 -0.461573 -0.213612 -0.0119293 0.999911 0.00592275 -0.00744448 0.461611 0.000252747 0.887082 0.299581
0.859671 0.0111653 -0.510727 -0.235812 -0.00593748 0.999912 0.0118655 -0.00203953 0.510814 -0.00716797 0.859661 0.293179
0.827659 0.00921475 -0.561155 -0.244456 0.000264943 0.999859 0.0168095 0.00409789 0.561231 -0.0140612 0.82754 0.299501
0.793544 0.0132562 -0.608369 -0.253499 0.00335426 0.999652 0.0261573 0.00278943 0.608504 -0.0227976 0.793223 0.272337
0.757785 0.0178959 -0.652259 -0.2879 0.01032 0.99917 0.0394036 0.00838971 0.652423 -0.0365907 0.756972 0.266013
0.720308 0.0232563 -0.693265 -0.319182 0.0170038 0.998545 0.0511644 0.00812191 0.693446 -0.0486422 0.718864 0.260498
0.681257 0.0303573 -0.731414 -0.357447 0.0204195 0.997963 0.0604396 0.00920772 0.731759 -0.05611 0.67925 0.242553
0.63957 0.0325561 -0.768044 -0.373577 0.026781 0.997553 0.0645859 0.0136146 0.768267 -0.0618761 0.637132 0.25421
0.595972 0.0363088 -0.802184 -0.415757 0.0302265 0.997255 0.0675945 0.0152961 0.802436 -0.0645316 0.593238 0.223077
0.550668 0.0354789 -0.83397 -0.45407 0.0341845 0.9973 0.0649992 0.0256532 0.834024 -0.0643019 0.547968 0.187873
0.501292 0.0335175 -0.864629 -0.42737 0.0342436 0.997698 0.0585297 0.0236779 0.8646 -0.0589485 0.49899 0.199112
0.449836 0.0322243 -0.89253 -0.430764 0.031044 0.998181 0.051685 0.0222798 0.892571 -0.0509574 0.448017 0.179539
0.396775 0.0315666 -0.917373 -0.453286 0.028853 0.998486 0.046837 0.0211835 0.917462 -0.0450527 0.395263 0.177371
0.34734 0.0349987 -0.937086 -0.464362 0.0275114 0.998493 0.0474895 0.0209745 0.937336 -0.0422755 0.345854 0.116248
0.2988 0.0364356 -0.95362 -0.483061 0.0325196 0.998302 0.0483323 0.0303847 0.953762 -0.045453 0.297108 0.121989
0.253973 0.0371599 -0.966497 -0.475606 0.0369428 0.99816 0.048085 0.000500075 0.966505 -0.0479174 0.252133 0.0581773
0.211383 0.0381148 -0.97666 -0.493286 0.0366029 0.99823 0.0468787 0.0145043 0.976718 -0.0456579 0.209613 0.0749008
0.171793 0.0407791 -0.984289 -0.515331 0.0365533 0.998191 0.0477349 0.0188998 0.984455 -0.0441795 0.169991 0.059958
0.137198 0.0422235 -0.989643 -0.536849 0.0386651 0.998101 0.0479447 0.0179902 0.989789 -0.0448426 0.135305 0.0464089
0.109335 0.0473095 -0.992878 -0.518073 0.0382512 0.997927 0.0517622 0.0232274 0.993269 -0.0436382 0.107299 0.0240575
0.0848949 0.0501689 -0.995126 -0.535535 0.0437314 0.997582 0.0540235 0.0270116 0.99543 -0.0481046 0.0824957 0.0165011
0.0631121 0.0546729 -0.996508 -0.555347 0.0481077 0.997171 0.0577561 0.0281435 0.996846 -0.0515848 0.0603033 0.0213625
0.0450965 0.0576228 -0.997319 -0.535821 0.0525516 0.996816 0.05997 0.0256787 0.997599 -0.0551151 0.0419248 0.00603975
0.0310865 0.0618577 -0.997601 -0.515909 0.0566416 0.99637 0.0635465 0.0239574 0.99791 -0.0584811 0.0274699 0.00221757
0.0208478 0.0627934 -0.997809 -0.535379 0.0597961 0.996161 0.0639391 0.0288551 0.997993 -0.060998 0.0170129 0.0183349
0.0152821 0.0647035 -0.997788 -0.54216 0.0611749 0.995974 0.0655229 0.0292446 0.99801 -0.0620409 0.0112623 -0.00880465
0.0102722 0.063716 -0.997915 -0.554578 0.0644678 0.995849 0.0642477 0.0327445 0.997867 -0.0649934 0.00612194 0.0144626
0.00938092 0.0646587 -0.997863 -0.574494 0.0639327 0.995827 0.0651278 0.0376339 0.99791 -0.0644071 0.00520797 -0.00266742
0.00795809 0.0631932 -0.99797 -0.594357 0.0646441 0.995881 0.0635764 0.0397495 0.997877 -0.0650188 0.00384025 0.00743633
0.00825649 0.0609987 -0.998104 -0.614826 0.0640544 0.996056 0.0614034 0.0332999 0.997912 -0.06444 0.00431669 0.00242897
0.00663869 0.058912 -0.998241 -0.632907 0.0599887 0.996442 0.0592047 0.047596 0.998177 -0.0602762 0.00308102 0.0236056
0.00746837 0.0562689 -0.998388 -0.654618 0.0575083 0.996739 0.0566062 0.0259281 0.998317 -0.0578383 0.00420808 -0.00168531
0.00706867 0.0539719 -0.998517 -0.669817 0.0536232 0.997085 0.0542741 0.0349196 0.998536 -0.0539273 0.00415393 0.0159218
0.0100519 0.0588689 -0.998215 -0.671767 0.0526589 0.996849 0.0593186 0.0383959 0.998562 -0.0531612 0.00692026 -0.0296084
0.0110903 0.0589675 -0.998198 -0.692103 0.0578384 0.996551 0.0595128 0.0434762 0.998264 -0.0583942 0.00764144 0.00814628
0.0117757 0.0581409 -0.998239 -0.712282 0.0588685 0.996536 0.0587361 0.0405448 0.998196 -0.0594565 0.00831226 0.0106867
0.0143154 0.0573177 -0.998253 -0.732355 0.0589451 0.996571 0.0580664 0.0409262 0.998159 -0.0596734 0.0108877 -0.00507388
0.0167584 0.0599686 -0.99806 -0.751493 0.0571142 0.996512 0.0608347 0.0540747 0.998227 -0.0580228 0.0132749 -0.0108832
0.00912101 0.0572249 -0.99832 -0.731387 0.0579234 0.996655 0.0576586 0.0649525 0.998279 -0.0583519 0.00577584 0.119243
0.010301 0.0567505 -0.998335 -0.762729 0.0578036 0.996685 0.0572531 0.041807 0.998275 -0.0582971 0.00698647 0.00398939
0.012877 0.0585649 -0.998201 -0.782506 0.0589252 0.996504 0.0592255 0.0438229 0.998179 -0.0595819 0.00938102 -0.0154342
0.0117297 0.0539228 -0.998476 -0.802376 0.0631326 0.996513 0.0545584 0.0426352 0.997936 -0.0636763 0.00828451 0.0246159
0.0134068 0.0542343 -0.998438 -0.823238 0.0589515 0.996748 0.0549341 0.0320781 0.998171 -0.0595959 0.010166 -0.00598459
0.0125332 0.0526116 -0.998536 -0.843108 0.0550414 0.997064 0.0532249 0.034702 0.998405 -0.0556279 0.00960058 0.0102673
0.0134309 0.0539885 -0.998451 -0.863363 0.0498193 0.997265 0.0545945 0.0266417 0.998668 -0.0504754 0.0107045 -0.0138368
0.0119383 0.0554359 -0.998391 -0.873554 0.049803 0.99719 0.0559648 0.0340006 0.998688 -0.050391 0.00914392 0.0030645
0.00857375 0.0521749 -0.998601 -0.881986 0.0545921 0.997124 0.0525665 0.0417634 0.998472 -0.0549664 0.00570076 0.0233713
0.00418706 0.0478175 -0.998847 -0.862371 0.0574059 0.997197 0.0479792 0.0383179 0.998342 -0.0575406 0.00143032 0.0102487
0.00325056 0.0519757 -0.998643 -0.864847 0.052557 0.997259 0.0520747 0.0414845 0.998613 -0.0526549 0.00050997 -0.0380069
7.26134e-005 0.0489073 -0.998803 -0.886294 0.0563154 0.997218 0.0488337 0.0236851 0.998413 -0.0562515 -0.00268182 -0.0107179
-0.00664853 0.0462596 -0.998907 -0.905071 0.0487237 0.997758 0.0458821 0.0348818 0.99879 -0.0483654 -0.00888756 0.041095
-0.00565979 0.0481164 -0.998826 -0.9251 0.0437249 0.997898 0.047824 0.0349284 0.999028 -0.0434029 -0.00775179 -0.0411869
-0.0115592 0.0475338 -0.998803 -0.946054 0.0459208 0.997841 0.0469566 0.0272295 0.998878 -0.0453231 -0.013717 0.020846
-0.0144096 0.0500167 -0.998644 -0.965708 0.0452599 0.997757 0.0493192 0.042419 0.998871 -0.0444879 -0.016641 -0.00837331
-0.014806 0.0497013 -0.998654 -0.985695 0.0500192 0.99755 0.0489048 0.0258809 0.998639 -0.0492278 -0.0172557 -0.0355385
-0.0164811 0.0510206 -0.998562 -1.00624 0.0490816 0.997535 0.050158 0.0230117 0.998659 -0.0481843 -0.0189447 -0.0188033
-0.0193949 0.0532819 -0.998391 -1.02637 0.0486581 0.997446 0.0522862 0.0250919 0.998627 -0.0475657 -0.021938 -0.00123918
-0.0197662 0.05456 -0.998315 -1.04546 0.0507154 0.997279 0.0534992 0.0374622 0.998518 -0.0495724 -0.0224794 -0.0336853
-0.0135041 0.0590715 -0.998162 -1.05925 0.0530284 0.996891 0.0582788 0.0561165 0.998502 -0.052144 -0.0165946 -0.112371
-0.00783681 0.0642632 -0.997902 -1.08497 0.0596292 0.996187 0.0636844 0.0406816 0.99819 -0.0590051 -0.0116389 -0.0453256
-0.00380386 0.0610087 -0.99813 -0.266352 0.065414 0.996015 0.0606301 0.0124973 0.997851 -0.0650611 -0.00777953 -0.00354856
-0.00380386 0.0610087 -0.99813 -0.532704 0.065414 0.996015 0.0606301 0.0249945 0.997851 -0.0650611 -0.00777953 -0.00709712
-0.00315028 0.0589703 -0.998255 -0.286426 0.0622756 0.996334 0.0586603 0.011693 0.998054 -0.0619821 -0.00681114 -0.00157766
-0.0023559 0.0528496 -0.9986 -0.306423 0.0610547 0.996747 0.0526075 0.0122582 0.998132 -0.0608453 -0.00557495 -0.00074261
-0.00121993 0.048389 -0.998828 -0.326422 0.0526049 0.997449 0.0482579 0.0125778 0.998615 -0.0524843 -0.00376231 -0.00179734
-2.83311e-005 0.0506118 -0.998718 -0.346426 0.046866 0.997621 0.0505548 0.0121309 0.998901 -0.0468045 -0.00240023 0.00456624
0.00293962 0.0530804 -0.998586 -0.366511 0.0506244 0.997302 0.0531612 0.00736887 0.998713 -0.0507091 0.00024452 -0.00781392
0.0061765 0.0555122 -0.998439 -0.386099 0.0529842 0.997037 0.055762 0.0208645 0.998576 -0.0532459 0.00321693 -0.00218948
0.00350942 0.0483243 -0.998826 -0.405708 0.0573089 0.99718 0.048446 0.0277782 0.99835 -0.0574116 0.000730116 0.00298529
0.000658608 0.0503472 -0.998732 -0.42606 0.0517291 0.997393 0.0503138 0.0202323 0.998661 -0.0516966 -0.00194752 0.0104756
-0.000153446 0.0557109 -0.998447 -0.446044 0.0519557 0.997099 0.0556277 0.0178216 0.998649 -0.0518665 -0.0030475 -0.0155023
0.00588473 0.0615155 -0.998089 -0.460965 0.0555465 0.996545 0.0617478 -0.00588286 0.998439 -0.0558037 0.00244743 -0.0725024
0.00466297 0.065203 -0.997861 -0.486374 0.05977 0.99607 0.0653652 0.0123303 0.998201 -0.059947 0.000747454 -0.0115954
0.00177968 0.0646688 -0.997905 -0.506066 0.0625022 0.995948 0.0646534 0.0241832 0.998043 -0.0624864 -0.00226947 0.00501871
0.00619278 0.0685658 -0.997627 -0.523978 0.0644624 0.995544 0.0688228 0.0166439 0.997901 -0.0647357 0.00174527 -0.0505001
0.00173083 0.0700199 -0.997544 -0.545658 0.0676186 0.995254 0.0699765 0.0315052 0.99771 -0.0675736 -0.00301203 -0.0105398
-0.00211708 0.0728607 -0.99734 -0.56558 0.0704976 0.994872 0.0725307 0.0332838 0.99751 -0.0701565 -0.00724273 -0.0111837
-0.00535326 0.0750646 -0.997164 -0.58505 0.0740471 0.994471 0.0744643 0.0378079 0.99724 -0.0734385 -0.010882 -0.0216091
-0.00842813 0.0781313 -0.996907 -0.605354 0.0781777 0.993943 0.077238 0.0372905 0.996904 -0.077285 -0.0144852 -0.0142373
-0.0118963 0.0829197 -0.996485 -0.625108 0.0794396 0.993484 0.0817216 0.0382234 0.996769 -0.0781882 -0.0184059 -0.0222101
-0.0142669 0.0862739 -0.996169 -0.644894 0.0828297 0.992948 0.0848087 0.0416336 0.996462 -0.0813025 -0.0213123 -0.0236469
-0.0136595 0.0945544 -0.995426 -0.664179 0.0850721 0.992019 0.0930634 0.0439557 0.996281 -0.0834118 -0.0215944 -0.0371687
-0.0164101 0.0962924 -0.995218 -0.68314 0.0923929 0.991239 0.094384 0.0693866 0.995587 -0.0904022 -0.0251631 -0.0043705
-0.0172439 0.0977774 -0.995059 -0.703834 0.0967198 0.990703 0.0956732 0.0605423 0.995162 -0.0945921 -0.0265406 -0.0182586
-0.0171678 0.0994479 -0.994895 -0.723629 0.0982908 0.990389 0.0973015 0.0601325 0.99501 -0.0961186 -0.0267776 -0.0281531
-0.0170823 0.101396 -0.994699 -0.728193 0.099606 0.990068 0.0992134 0.0499191 0.99488 -0.0973832 -0.0270123 -0.0303373
-0.0150205 0.100913 -0.994782 -0.707303 0.101674 0.989891 0.0988819 0.0670399 0.994704 -0.0996578 -0.0251289 -0.00913995
-0.0061872 0.114194 -0.993439 -0.680887 0.0997633 0.988572 0.113014 0.0383741 0.994992 -0.0984095 -0.0175089 -0.108417
-0.00415358 0.115634 -0.993283 -0.667713 0.115144 0.98674 0.114391 0.0597633 0.99334 -0.113896 -0.0174131 -0.0141682
-0.00209112 0.11561 -0.993293 -0.666697 0.11749 0.986444 0.114565 0.0506658 0.993072 -0.116462 -0.0156457 -0.0162069
0.000774777 0.117061 -0.993124 -0.667427 0.116216 0.986385 0.116358 0.0610992 0.993224 -0.115507 -0.0128401 -0.00947073
0.00259425 0.115385 -0.993317 -0.686533 0.115792 0.986605 0.114907 0.0718744 0.99327 -0.115316 -0.0108011 -0.000764257
0.00603289 0.115119 -0.993333 -0.706468 0.113881 0.98681 0.115054 0.0724847 0.993476 -0.113816 -0.00715654 -0.0123741
0.00504086 0.110117 -0.993906 -0.727106 0.114766 0.987287 0.109966 0.0636508 0.99338 -0.114621 -0.00766089 0.0241241
0.00460795 0.109803 -0.993943 -0.73956 0.109538 0.987917 0.109645 0.0884511 0.993972 -0.10938 -0.00747532 0.0903083
0.00608787 0.112581 -0.993624 -0.753161 0.109375 0.987606 0.112569 0.128557 0.993982 -0.109363 -0.00630115 0.0977751
0.00210839 0.112729 -0.993624 -0.722979 0.114773 0.987032 0.112225 0.0482873 0.99339 -0.114278 -0.0108572 0.315469
0.00380859 0.109575 -0.993971 -0.806132 0.112551 0.987616 0.109305 0.0785833 0.993639 -0.112289 -0.00857134 0.0231945
0.00947375 0.109414 -0.993951 -0.828766 0.109756 0.987876 0.109791 0.0487507 0.993913 -0.110132 -0.00264996 -0.0119611
0.00053633 0.108371 -0.99411 -0.4775 0.106582 0.988442 0.107811 0.17341 0.994304 -0.106012 -0.0110202 0.631256
0.0079019 0.103971 -0.994549 -0.804989 0.109176 0.988545 0.10421 0.068764 0.993991 -0.109405 -0.00353978 -0.19141
0.0142153 0.100627 -0.994823 -0.799254 0.105003 0.989272 0.101566 0.0465539 0.99437 -0.105903 0.00349662 -0.124848
0.0186137 0.0995861 -0.994855 -0.827299 0.101987 0.989648 0.100973 0.0702553 0.994612 -0.103342 0.00826455 -0.00374814
0.0179009 0.0964212 -0.99518 -0.789118 0.100606 0.990114 0.0977401 0.0917646 0.994765 -0.101871 0.0080233 0.159479
0.0242474 0.0975595 -0.994934 -0.78718 0.0971798 0.990284 0.0994718 0.0611612 0.994971 -0.0990994 0.014531 -0.0340216
0.0303486 0.0972806 -0.994794 -0.769539 0.098445 0.990123 0.0998271 0.0337831 0.99468 -0.100962 0.020472 -0.00267294
0.0332696 0.0958352 -0.994841 -0.732559 0.0971031 0.990373 0.0986521 0.102993 0.994718 -0.0998843 0.0236435 0.125209
0.0412313 0.095332 -0.994591 -0.728308 0.0953517 0.990519 0.0988946 0.037766 0.994589 -0.0989136 0.0317503 -0.0381768
0.0450714 0.0869887 -0.995189 -0.693254 0.0939549 0.991417 0.0909141 0.0608618 0.994556 -0.0976005 0.0365115 0.142125
0.0511391 0.0807335 -0.995423 -0.685792 0.0869718 0.99258 0.0849711 0.0596231 0.994897 -0.0909191 0.0437381 0.0512695
0.0563774 0.0775833 -0.995391 -0.666412 0.0799184 0.993426 0.0819566 0.057252 0.995206 -0.0841705 0.0498065 0.0435849
0.0588592 0.0700405 -0.995806 -0.636163 0.0768407 0.994258 0.0744735 0.0622562 0.995305 -0.0809019 0.0531393 0.119549
0.0617164 0.068663 -0.995729 -0.620813 0.0711181 0.994793 0.0730064 0.0359311 0.995557 -0.0753201 0.0565118 0.102759
0.0666573 0.0690947 -0.995381 -0.607666 0.0681549 0.994954 0.0736292 0.0518453 0.995445 -0.072748 0.0616119 0.0224038
0.0691567 0.0651405 -0.995477 -0.581211 0.0666047 0.995338 0.0697585 0.055472 0.99538 -0.0711277 0.0644956 0.0869099
0.0725441 0.0632758 -0.995356 -0.568775 0.0603167 0.99588 0.0677052 0.0290141 0.99554 -0.0649482 0.0684287 0.0296273
0.0769604 0.0613164 -0.995147 -0.548508 0.0596929 0.996033 0.0659874 0.0236897 0.995246 -0.0644817 0.0729949 -0.037306
0.0834745 0.0613224 -0.994621 -0.518457 0.0613259 0.995897 0.0665478 0.0245632 0.994621 -0.0665511 0.0793713 -0.108634
0.0919035 0.0620927 -0.99383 -0.120839 0.0623601 0.995736 0.0679785 0.00329488 0.993813 -0.0682228 0.0876395 -0.0407607
0.0919035 0.0620927 -0.99383 -0.241679 0.0623601 0.995736 0.0679785 0.00658976 0.993813 -0.0682228 0.0876395 -0.0815213
0.0984851 0.0654471 -0.992984 -0.0243754 0.054571 0.995978 0.0710569 0.00194863 0.993641 -0.0611862 0.0945175 -0.0111922
0.0984851 0.0654471 -0.992984 -0.0487508 0.054571 0.995978 0.0710569 0.00389725 0.993641 -0.0611862 0.0945175 -0.0223844
0.937481 0.129 -0.323247 -0.00127145 0.098289 -0.989097 -0.109666 0.000454573 -0.33387 0.071038 -0.939939 0.00260123
0.937481 0.129 -0.323247 -0.0025429 0.098289 -0.989097 -0.109666 0.000909147 -0.33387 0.071038 -0.939939 0.00520245
0.937481 0.129 -0.323247 -0.00381434 0.098289 -0.989097 -0.109666 0.00136372 -0.33387 0.071038 -0.939939 0.00780368
0.937481 0.129 -0.323247 -0.00508579 0.098289 -0.989097 -0.109666 0.00181829 -0.33387 0.071038 -0.939939 0.0104049
-0.729258 -0.606763 -0.316263 -0.063391 -0.625021 0.778809 -0.0529634 -0.0368165 0.278445 0.159047 -0.947192 0.00197705
-0.729258 -0.606763 -0.316263 -0.126782 -0.625021 0.778809 -0.0529634 -0.0736329 0.278445 0.159047 -0.947192 0.00395409
-0.729258 -0.606763 -0.316263 -0.190173 -0.625021 0.778809 -0.0529634 -0.110449 0.278445 0.159047 -0.947192 0.00593114
-0.729258 -0.606763 -0.316263 -0.253564 -0.625021 0.778809 -0.0529634 -0.147266 0.278445 0.159047 -0.947192 0.00790818
-0.729258 -0.606763 -0.316263 -0.316955 -0.625021 0.778809 -0.0529634 -0.184082 0.278445 0.159047 -0.947192 0.00988523
-0.729258 -0.606763 -0.316263 -0.380346 -0.625021 0.778809 -0.0529634 -0.220899 0.278445 0.159047 -0.947192 0.0118623
-0.729258 -0.606763 -0.316263 -0.443737 -0.625021 0.778809 -0.0529634 -0.257715 0.278445 0.159047 -0.947192 0.0138393
-0.729258 -0.606763 -0.316263 -0.507128 -0.625021 0.778809 -0.0529634 -0.294532 0.278445 0.159047 -0.947192 0.0158164
-0.729258 -0.606763 -0.316263 -0.570519 -0.625021 0.778809 -0.0529634 -0.331348 0.278445 0.159047 -0.947192 0.0177934
-0.729258 -0.606763 -0.316263 -0.63391 -0.625021 0.778809 -0.0529634 -0.368165 0.278445 0.159047 -0.947192 0.0197705
-0.729258 -0.606763 -0.316263 -0.697301 -0.625021 0.778809 -0.0529634 -0.404981 0.278445 0.159047 -0.947192 0.0217475
-0.729258 -0.606763 -0.316263 -0.760692 -0.625021 0.778809 -0.0529634 -0.441798 0.278445 0.159047 -0.947192 0.0237245
-0.729258 -0.606763 -0.316263 -0.824083 -0.625021 0.778809 -0.0529634 -0.478614 0.278445 0.159047 -0.947192 0.0257016
-0.729258 -0.606763 -0.316263 -0.887474 -0.625021 0.778809 -0.0529634 -0.515431 0.278445 0.159047 -0.947192 0.0276786
-0.729258 -0.606763 -0.316263 -0.950865 -0.625021 0.778809 -0.0529634 -0.552247 0.278445 0.159047 -0.947192 0.0296557
-0.896403 -0.31139 -0.315433 -0.0026983 -0.312829 0.948623 -0.0474605 -0.00169355 0.314005 0.0561329 -0.94776 -0.0129472
-0.896403 -0.31139 -0.315433 -0.00539661 -0.312829 0.948623 -0.0474605 -0.0033871 0.314005 0.0561329 -0.94776 -0.0258943
-0.902683 -0.284238 -0.323067 -0.000887748 -0.286232 0.957221 -0.0424121 -0.000209879 0.321302 0.0541875 -0.945425 -0.00358961
-0.902683 -0.284238 -0.323067 -0.0017755 -0.286232 0.957221 -0.0424121 -0.000419757 0.321302 0.0541875 -0.945425 -0.00717921
-0.902683 -0.284238 -0.323067 -0.00266325 -0.286232 0.957221 -0.0424121 -0.000629636 0.321302 0.0541875 -0.945425 -0.0107688
-0.907809 -0.252292 -0.335009 -0.00227797 -0.253725 0.966438 -0.0402677 -0.00050135 0.333925 0.0484449 -0.941354 -0.00544758
-0.907809 -0.252292 -0.335009 -0.00455595 -0.253725 0.966438 -0.0402677 -0.0010027 0.333925 0.0484449 -0.941354 -0.0108952
-0.910419 -0.229883 -0.343934 -0.0101513 -0.230466 0.972266 -0.0397956 -0.00135929 0.343544 0.0430344 -0.93815 -0.0238172
-0.908708 -0.219679 -0.354952 -0.017725 -0.220364 0.974636 -0.039048 -0.00164578 0.354527 0.0427354 -0.934069 -0.0423356
-0.906351 -0.208526 -0.367486 -0.0307101 -0.209525 0.977077 -0.037669 -0.00317719 0.366917 0.0428561 -0.929266 -0.0582496
-0.903245 -0.194129 -0.382705 -0.0376228 -0.194526 0.980158 -0.0380775 -0.00333789 0.382503 0.0400526 -0.923086 -0.0771793
-0.896673 -0.19084 -0.399448 -0.0553807 -0.189447 0.980932 -0.0433839 -0.00882877 0.40011 0.0367729 -0.915729 -0.0898629
-0.88408 -0.20371 -0.4206 -0.0544179 -0.203038 0.978046 -0.0469242 -0.007239 0.420925 0.043913 -0.906032 -0.11333
-0.872505 -0.209716 -0.441309 -0.0809531 -0.21047 0.976426 -0.0478922 -0.0162876 0.440949 0.0510963 -0.896076 -0.120315
-0.861288 -0.204359 -0.465211 -0.0893729 -0.205796 0.9774 -0.0483444 -0.0121943 0.464576 0.0541001 -0.883879 -0.139267
-0.848403 -0.193678 -0.492647 -0.102131 -0.194731 0.979593 -0.0497628 -0.0164273 0.492231 0.0537148 -0.868806 -0.154492
-0.83211 -0.189427 -0.521258 -0.130492 -0.190333 0.980319 -0.0524122 -0.0132923 0.520928 0.0556001 -0.851788 -0.158747
-0.812589 -0.186892 -0.55206 -0.146805 -0.18706 0.980713 -0.0566682 -0.0234122 0.552003 0.0572206 -0.831876 -0.170126
-0.788137 -0.185734 -0.586807 -0.160507 -0.185331 0.980749 -0.0615066 -0.0162125 0.586934 0.060278 -0.807388 -0.185619
-0.760445 -0.182533 -0.623222 -0.176785 -0.182448 0.981083 -0.0647267 -0.0256584 0.623247 0.0644842 -0.779362 -0.19699
-0.730272 -0.175721 -0.66017 -0.209224 -0.17786 0.981932 -0.0646202 -0.0308778 0.659598 0.0702273 -0.748331 -0.19242
-0.696952 -0.162325 -0.698504 -0.21843 -0.165463 0.984162 -0.0636137 -0.0302915 0.697767 0.071241 -0.712773 -0.192794
-0.659802 -0.152205 -0.735863 -0.249634 -0.153444 0.985928 -0.0663445 -0.0332009 0.735606 0.0691395 -0.673872 -0.185731
-0.61717 -0.150187 -0.772363 -0.279703 -0.150884 0.985987 -0.0711604 -0.0419367 0.772227 0.0726191 -0.631183 -0.175613
-0.571104 -0.149853 -0.807084 -0.311923 -0.153332 0.985366 -0.074455 -0.0361805 0.80643 0.0812302 -0.585724 -0.157222
-0.522123 -0.14206 -0.840956 -0.331584 -0.149418 0.986016 -0.0737951 -0.0339368 0.839679 0.0871239 -0.536049 -0.163312
-0.470736 -0.130225 -0.872611 -0.337611 -0.139818 0.987559 -0.0719537 -0.031392 0.871125 0.0881353 -0.483087 -0.130095
-0.415898 -0.114679 -0.902152 -0.360508 -0.124681 0.98984 -0.0683467 -0.0242849 0.900824 0.0840555 -0.425971 -0.127524
-0.357294 -0.10121 -0.928492 -0.365391 -0.108228 0.991901 -0.0664747 -0.0253812 0.9277 0.076738 -0.365354 -0.103651
-0.297052 -0.0946088 -0.950163 -0.379018 -0.0958187 0.99301 -0.0689191 -0.0279701 0.950041 0.0705707 -0.304041 -0.0760055
-0.236768 -0.0947419 -0.966936 -0.401327 -0.0942153 0.992783 -0.0742044 -0.0369484 0.966987 0.073531 -0.243985 -0.0607255
-0.175862 -0.0944007 -0.979878 -0.420345 -0.0944791 0.992415 -0.0786521 -0.0424634 0.979871 0.0787461 -0.183447 -0.0657778
-0.118397 -0.0931396 -0.988589 -0.412762 -0.0949687 0.992089 -0.0820957 -0.0445843 0.988414 0.0841651 -0.126305 -0.010768
-0.0639483 -0.089885 -0.993897 -0.432706 -0.0948958 0.99197 -0.0836051 -0.0468257 0.993431 0.0889703 -0.0719645 -0.00780949
-0.0143193 -0.0860953 -0.996184 -0.453352 -0.0940832 0.991982 -0.0843798 -0.036144 0.995461 0.0925159 -0.0223046 0.0215819
0.0327098 -0.080416 -0.996225 -0.432252 -0.0879621 0.992659 -0.0830162 -0.0420011 0.995587 0.0903454 0.0253961 0.0297035
0.0748335 -0.0779531 -0.994144 -0.441419 -0.080012 0.993256 -0.0839063 -0.0441526 0.993981 0.0858225 0.0680917 0.054627
0.112075 -0.0761668 -0.990776 -0.459225 -0.0771501 0.993382 -0.0850941 -0.0430838 0.9907 0.0859754 0.105457 0.0729353
0.144088 -0.0743131 -0.986771 -0.47804 -0.074837 0.993502 -0.0857478 -0.0502234 0.986731 0.0862022 0.137591 0.078086
0.17034 -0.0775502 -0.982329 -0.446538 -0.0734854 0.993123 -0.0911449 -0.0481291 0.982641 0.0877124 0.16347 0.12787
0.191488 -0.0793441 -0.978283 -0.473718 -0.0760276 0.992533 -0.0953814 -0.0471781 0.978546 0.0926409 0.184026 0.102508
0.208056 -0.0781939 -0.974986 -0.492462 -0.0781821 0.992281 -0.0962645 -0.0544895 0.974987 0.0962549 0.200337 0.107393
0.220442 -0.077469 -0.972319 -0.509829 -0.0780189 0.992247 -0.0967451 -0.0554201 0.972275 0.0971859 0.212689 0.121257
0.229452 -0.076356 -0.97032 -0.52954 -0.0785913 0.992209 -0.096663 -0.0548414 0.970142 0.0984383 0.221664 0.125533
0.237113 -0.0756355 -0.968533 -0.547389 -0.0776347 0.992301 -0.0964979 -0.0579211 0.968375 0.0980727 0.229416 0.135896
0.243152 -0.0786474 -0.966795 -0.564284 -0.0765028 0.992048 -0.0999424 -0.0591106 0.966967 0.0982637 0.235202 0.15042
0.246469 -0.0809645 -0.965763 -0.581907 -0.0781885 0.991595 -0.103084 -0.0629291 0.965992 0.100919 0.238067 0.160749
0.249968 -0.0808539 -0.964872 -0.605434 -0.0798739 0.991389 -0.103769 -0.0654936 0.964954 0.103007 0.241357 0.149181
0.252351 -0.080167 -0.964309 -0.623293 -0.0797789 0.991446 -0.1033 -0.0701083 0.964341 0.102999 0.243797 0.158631
0.254366 -0.0816127 -0.963658 -0.642364 -0.077612 0.991496 -0.104457 -0.0672419 0.963989 0.101362 0.245869 0.166431
0.253441 -0.0849049 -0.963618 -0.641694 -0.076846 0.991225 -0.107549 -0.0917599 0.964294 0.101307 0.244692 0.219245
0.253505 -0.0838776 -0.963691 -0.678772 -0.0826905 0.990708 -0.107981 -0.0788537 0.963793 0.107062 0.244213 0.170538
0.252342 -0.0832881 -0.964047 -0.700664 -0.0853 0.990496 -0.107901 -0.0818478 0.963871 0.109461 0.242839 0.164238
0.251573 -0.0859337 -0.964016 -0.721584 -0.0862053 0.990102 -0.110755 -0.0885517 0.963992 0.110966 0.241675 0.159534
0.247672 -0.0838665 -0.965207 -0.721887 -0.0917724 0.989736 -0.109547 -0.0966534 0.964488 0.115711 0.237433 0.197991
0.249027 -0.0866512 -0.964612 -0.740797 -0.0893828 0.989683 -0.111979 -0.0860695 0.964363 0.114105 0.238713 0.209916
0.248552 -0.0880072 -0.964612 -0.735033 -0.0877782 0.98972 -0.112916 -0.0648942 0.964633 0.112737 0.238271 0.165096
0.248749 -0.0892109 -0.964451 -0.735603 -0.0810018 0.990345 -0.112498 -0.0886436 0.965175 0.106106 0.239121 0.178462
0.249664 -0.085155 -0.964581 -0.755014 -0.0787182 0.991044 -0.107866 -0.0915804 0.965128 0.10286 0.240725 0.182401
0.251324 -0.0846105 -0.964198 -0.776461 -0.0787235 0.991085 -0.10749 -0.0958595 0.964696 0.10292 0.242422 0.176936
0.251933 -0.0854978 -0.963961 -0.791588 -0.0854723 0.990231 -0.110166 -0.0959329 0.963963 0.110146 0.242164 0.200141
0.252161 -0.0862842 -0.963831 -0.81822 -0.092592 0.989295 -0.112788 -0.0933843 0.963245 0.117684 0.241472 0.175933
0.250221 -0.0901047 -0.963987 -0.80948 -0.0940486 0.988689 -0.116826 -0.0985048 0.96361 0.119894 0.238917 0.204517
0.246972 -0.0905566 -0.964782 -0.788699 -0.0949067 0.988577 -0.117085 -0.107103 0.964364 0.120481 0.235557 0.214616
0.246875 -0.0898301 -0.964875 -0.779505 -0.0930578 0.988895 -0.115876 -0.0940017 0.964569 0.118396 0.235774 0.174755
0.246123 -0.0876213 -0.96527 -0.779717 -0.0889199 0.989664 -0.112508 -0.101863 0.965151 0.113523 0.235788 0.177829
0.245359 -0.0878062 -0.965448 -0.797284 -0.0815374 0.990492 -0.110806 -0.0960236 0.965997 0.105907 0.235867 0.194228
0.247793 -0.0827614 -0.965272 -0.823503 -0.0809622 0.99109 -0.105759 -0.0964735 0.965424 0.104357 0.238885 0.169084
0.247773 -0.0839958 -0.96517 -0.833708 -0.0789712 0.991168 -0.106531 -0.0922149 0.965594 0.102616 0.238951 0.21617
0.247934 -0.0844704 -0.965087 -0.853543 -0.0844409 0.990516 -0.108389 -0.10269 0.96509 0.108366 0.23845 0.215104
0.247316 -0.0868232 -0.965037 -0.868916 -0.0881102 0.989835 -0.111635 -0.102585 0.964921 0.112639 0.237152 0.221407
0.245476 -0.088472 -0.965357 -0.886787 -0.0902084 0.989421 -0.113616 -0.114522 0.965196 0.114973 0.234898 0.227058
0.242096 -0.0928369 -0.965801 -0.902413 -0.0891899 0.989068 -0.117431 -0.11801 0.966144 0.114569 0.23117 0.245125
0.242024 -0.0934332 -0.965761 -0.911529 -0.0915403 0.988714 -0.118594 -0.117518 0.965942 0.117109 0.23074 0.208398
0.23815 -0.0979697 -0.966275 -0.883297 -0.0884314 0.98858 -0.122026 -0.121023 0.967194 0.11451 0.226766 0.236578
0.236773 -0.0968749 -0.966723 -0.9104 -0.092657 0.98823 -0.121724 -0.124189 0.967137 0.118395 0.22501 0.209462
0.231929 -0.103216 -0.967241 -0.922566 -0.095901 0.987084 -0.128329 -0.134784 0.967994 0.122523 0.219035 0.238593
0.230431 -0.103634 -0.967554 -0.93172 -0.106651 0.985633 -0.130971 -0.14294 0.967226 0.133371 0.216068 0.212468
0.228371 -0.102371 -0.968177 -0.932615 -0.108919 0.985527 -0.129897 -0.137207 0.967462 0.135118 0.213915 0.185769
0.226504 -0.1038 -0.968463 -0.912287 -0.105115 0.985893 -0.130253 -0.125274 0.968321 0.131303 0.212398 0.192651
0.22378 -0.104197 -0.969054 -0.902095 -0.102585 0.986228 -0.129733 -0.125173 0.969226 0.128442 0.210009 0.195586
0.223841 -0.101164 -0.969361 -0.886434 -0.101558 0.986763 -0.126431 -0.119836 0.96932 0.126747 0.210604 0.175246
0.222491 -0.0990622 -0.969889 -0.9038 -0.0967206 0.987674 -0.123066 -0.133453 0.970125 0.121189 0.210168 0.18175
0.220336 -0.0974109 -0.970548 -0.92036 -0.0954239 0.988076 -0.120833 -0.130028 0.970745 0.119237 0.208413 0.20344
0.221956 -0.0917995 -0.970726 -0.93132 -0.0974521 0.988485 -0.115761 -0.136123 0.970175 0.120293 0.210454 0.161739
0.221969 -0.0932678 -0.970583 -0.947307 -0.0935254 0.988788 -0.116406 -0.127946 0.970558 0.116613 0.210757 0.192055
0.220295 -0.0942158 -0.970873 -0.915574 -0.0943974 0.988593 -0.117355 -0.139727 0.970855 0.117501 0.208888 0.232906
0.220406 -0.0930063 -0.970964 -0.918692 -0.0975109 0.988356 -0.116807 -0.130241 0.970522 0.120424 0.20877 0.1857
0.219686 -0.0974428 -0.970692 -0.940806 -0.0973783 0.98784 -0.121203 -0.114319 0.970698 0.121151 0.207526 0.188437
0.219121 -0.0955072 -0.971012 -0.916216 -0.0990834 0.987875 -0.119525 -0.129407 0.970654 0.122402 0.207001 0.198101
0.217962 -0.0955181 -0.971272 -0.895696 -0.0944934 0.988458 -0.118413 -0.126589 0.971372 0.117588 0.20642 0.199237
0.219142 -0.0918205 -0.971363 -0.881269 -0.0934576 0.989009 -0.114573 -0.118149 0.971207 0.115889 0.208152 0.175341
0.218627 -0.0891069 -0.971732 -0.902984 -0.0911198 0.989607 -0.111247 -0.114518 0.971545 0.112866 0.208235 0.171746
0.217625 -0.0913441 -0.971749 -0.919013 -0.0884202 0.989672 -0.112831 -0.112328 0.972019 0.110477 0.207301 0.195548
0.218643 -0.0876424 -0.971861 -0.938875 -0.0880234 0.990127 -0.109092 -0.113229 0.971827 0.109399 0.208769 0.191271
0.220566 -0.0832835 -0.97181 -0.962432 -0.0844516 0.990976 -0.104093 -0.116827 0.971709 0.10503 0.211542 0.173094
0.22466 -0.0751159 -0.971538 -0.989897 -0.0855244 0.991657 -0.0964482 -0.126161 0.970677 0.104758 0.216361 0.11776
0.223082 -0.0751474 -0.971899 -0.974979 -0.0819875 0.992045 -0.0955239 -0.120444 0.971346 0.100993 0.215147 0.229212
0.221554 -0.0724736 -0.972451 -0.971866 -0.081746 0.992344 -0.0925804 -0.112377 0.971716 0.100005 0.213933 0.218395
0.219371 -0.0764292 -0.972643 -0.949392 -0.076109 0.992548 -0.0951589 -0.0995319 0.972668 0.094902 0.211919 0.232162
0.21991 -0.0711854 -0.972919 -0.978967 -0.0781387 0.992844 -0.090305 -0.112286 0.972386 0.0958817 0.212774 0.184019
0.221031 -0.0681393 -0.972883 -0.959088 -0.0748081 0.993433 -0.0865744 -0.09744 0.972393 0.0919152 0.214482 0.189224
0.22075 -0.0692825 -0.972867 -0.978208 -0.0678763 0.993964 -0.0861866 -0.101389 0.972966 0.0850603 0.214715 0.194106
0.223378 -0.0667362 -0.972445 -1.00486 -0.0668201 0.994258 -0.0835823 -0.102748 0.972439 0.0836493 0.217636 0.158227
0.222443 -0.0688987 -0.972508 -0.976947 -0.0642358 0.994297 -0.0851351 -0.0986507 0.972827 0.0814076 0.216749 0.225777
0.223203 -0.0683143 -0.972375 -1.00185 -0.067244 0.994086 -0.085275 -0.0976686 0.97245 0.0844201 0.217289 0.206357
0.222335 -0.0650327 -0.972799 -1.01251 -0.0694486 0.994182 -0.0823348 -0.100065 0.972494 0.0858655 0.216525 0.241222
0.224087 -0.0661382 -0.972322 -1.04451 -0.0646107 0.994491 -0.0825368 -0.0967191 0.972425 0.0813179 0.21858 0.187764
0.226294 -0.0647838 -0.971902 -1.02016 -0.0657159 0.994497 -0.0815909 -0.10531 0.97184 0.082333 0.220791 0.203858
0.224677 -0.0656583 -0.972219 -0.995281 -0.0654662 0.994456 -0.0822891 -0.0967094 0.972232 0.0821359 0.219132 0.254155
0.226849 -0.0696798 -0.971434 -0.982456 -0.0650806 0.994123 -0.0865049 -0.0869735 0.971753 0.0828451 0.220981 0.22556
0.224748 -0.0729756 -0.97168 -0.99858 -0.067237 0.993653 -0.0901776 -0.0881407 0.972094 0.0856001 0.218415 0.244135
0.226513 -0.0707555 -0.971435 -1.02329 -0.0737021 0.993253 -0.0895301 -0.116435 0.971216 0.0918766 0.21977 0.213378
0.224882 -0.0709905 -0.971796 -0.991016 -0.0759113 0.993035 -0.0901085 -0.12014 0.971424 0.0940342 0.217927 0.260742
0.223583 -0.0732297 -0.97193 -0.977757 -0.0749393 0.99293 -0.092051 -0.101645 0.9718 0.0934168 0.216515 0.23942
0.223711 -0.0752978 -0.971743 -0.967152 -0.0706706 0.993134 -0.0932249 -0.0982939 0.97209 0.0895291 0.216854 0.211467
0.225788 -0.0707492 -0.971604 -0.976784 -0.0706632 0.993543 -0.088768 -0.105951 0.97161 0.0886994 0.219331 0.194888
0.226557 -0.069631 -0.971506 -0.994107 -0.0684424 0.993838 -0.0871925 -0.101881 0.97159 0.0862463 0.220395 0.212486
0.226823 -0.072788 -0.971212 -1.01539 -0.0663975 0.993728 -0.0899823 -0.09919 0.97167 0.0848961 0.220567 0.210225
0.22748 -0.0688999 -0.971342 -1.00632 -0.0707462 0.993688 -0.0870532 -0.110207 0.971209 0.0885217 0.22117 0.2443
0.228542 -0.0739306 -0.970723 -1.0324 -0.0682761 0.99344 -0.0917353 -0.104999 0.971137 0.0872425 0.221995 0.222907
0.227444 -0.0786223 -0.970612 -1.04691 -0.0730986 0.992545 -0.0975281 -0.11549 0.971044 0.0931325 0.220001 0.245043
0.225984 -0.0797933 -0.970857 -1.04409 -0.0798287 0.99177 -0.100094 -0.120545 0.970855 0.100122 0.217755 0.247742
0.224173 -0.0841328 -0.970911 -1.02864 -0.079781 0.991338 -0.104323 -0.123211 0.971278 0.100847 0.215519 0.255929
0.225005 -0.0827562 -0.970837 -1.01803 -0.0821909 0.991223 -0.103543 -0.124702 0.970885 0.103092 0.216228 0.211109
0.225013 -0.0856329 -0.970585 -0.999081 -0.0790581 0.991241 -0.105784 -0.117639 0.971143 0.100535 0.216273 0.216242
0.227469 -0.085441 -0.97003 -1.00885 -0.0813498 0.990994 -0.106364 -0.111252 0.970381 0.103106 0.21847 0.191115
0.226797 -0.0895116 -0.96982 -0.979601 -0.082243 0.990451 -0.110649 -0.123611 0.970464 0.104856 0.217269 0.225534
0.226806 -0.0931786 -0.969472 -1.00034 -0.0898406 0.989167 -0.11609 -0.131713 0.969787 0.113428 0.215978 0.220577
0.227507 -0.0976326 -0.96887 -1.00938 -0.0963476 0.987822 -0.122166 -0.112069 0.968998 0.121142 0.215329 0.191977
0.228435 -0.0964045 -0.968774 -0.988267 -0.0991941 0.987602 -0.121668 -0.126814 0.968493 0.12389 0.21604 0.185912
0.228799 -0.0959286 -0.968736 -0.970307 -0.0967048 0.987971 -0.120673 -0.11617 0.968659 0.121291 0.216769 0.179397
0.225892 -0.100827 -0.96892 -0.935377 -0.092907 0.987866 -0.124458 -0.133312 0.969712 0.118134 0.213783 0.234797
0.22715 -0.10007 -0.968705 -0.92614 -0.0966004 0.987486 -0.124661 -0.130532 0.969057 0.121894 0.214641 0.185781
0.227602 -0.101147 -0.968487 -0.903341 -0.0965339 0.987347 -0.125803 -0.131991 0.968957 0.122125 0.214959 0.195191
0.230108 -0.10082 -0.967928 -0.906781 -0.099826 0.986927 -0.126531 -0.118904 0.968031 0.12574 0.217036 0.166542
0.228692 -0.0997794 -0.968372 -0.923554 -0.102064 0.986794 -0.125781 -0.134106 0.968134 0.127601 0.215488 0.175424
0.226816 -0.103066 -0.968469 -0.893721 -0.101212 0.986507 -0.128689 -0.133773 0.968664 0.12721 0.213324 0.21793
0.226422 -0.100593 -0.968821 -0.897266 -0.105378 0.986285 -0.127034 -0.124779 0.968312 0.130855 0.212716 0.177108
0.22587 -0.10116 -0.968891 -0.875738 -0.101954 0.986677 -0.126785 -0.130703 0.968808 0.127419 0.212547 0.177486
0.225871 -0.105842 -0.96839 -0.849149 -0.100225 0.98628 -0.131174 -0.126668 0.968988 0.126685 0.212164 0.206593
0.225155 -0.106472 -0.968488 -0.839242 -0.104045 0.9857 -0.132552 -0.129262 0.968752 0.130612 0.210858 0.195815
0.224274 -0.105876 -0.968758 -0.82313 -0.1051 0.985655 -0.132054 -0.124509 0.968842 0.131433 0.209929 0.17854
0.224686 -0.102126 -0.969065 -0.847301 -0.107928 0.985766 -0.12891 -0.127925 0.968436 0.133554 0.210465 0.158417
0.2235 -0.103262 -0.969219 -0.840294 -0.104936 0.986044 -0.129253 -0.1234 0.969039 0.130594 0.209545 0.168185
0.223838 -0.10512 -0.968941 -0.819865 -0.104372 0.985864 -0.131068 -0.12139 0.969022 0.130468 0.209702 0.179196
0.226366 -0.104812 -0.968387 -0.802542 -0.104351 0.985862 -0.131096 -0.117305 0.968437 0.130728 0.212228 0.166354
0.2268 -0.106622 -0.968088 -0.777237 -0.104257 0.98562 -0.132978 -0.117646 0.968345 0.131089 0.212423 0.186688
0.226041 -0.105875 -0.968347 -0.722168 -0.103963 0.985776 -0.132049 -0.15771 0.968554 0.130521 0.211819 0.272896
0.227287 -0.108281 -0.967789 -0.770256 -0.104714 0.985319 -0.134835 -0.12005 0.968182 0.131988 0.212612 0.175603
0.227796 -0.107555 -0.96775 -0.752894 -0.106437 0.985175 -0.134545 -0.131678 0.967874 0.133653 0.212971 0.203098
0.229558 -0.111116 -0.966931 -0.778986 -0.104176 0.98495 -0.137919 -0.131815 0.967704 0.132392 0.214527 0.182419
0.232559 -0.109788 -0.966366 -0.765644 -0.1079 0.984562 -0.137822 -0.126205 0.966578 0.136322 0.217123 0.152641
0.237172 -0.106805 -0.965579 -0.755979 -0.108086 0.984866 -0.135487 -0.122485 0.965436 0.1365 0.222038 0.0877348
0.238013 -0.107958 -0.965243 -0.721325 -0.106279 0.984941 -0.136368 -0.128131 0.96543 0.135043 0.222955 0.164448
0.240516 -0.104033 -0.965054 -0.750518 -0.11224 0.984589 -0.134112 -0.112216 0.964134 0.140574 0.225133 0.135407
0.236596 -0.104856 -0.965933 -0.677964 -0.111293 0.984691 -0.134153 -0.124404 0.965213 0.139241 0.221304 0.297757
0.223814 -0.106896 -0.968752 -0.454318 -0.10901 0.984985 -0.133873 -0.118621 0.968517 0.135566 0.2088 0.560054
0.225735 -0.104784 -0.968537 -0.691656 -0.107107 0.985502 -0.131583 -0.102143 0.968283 0.133439 0.211239 0.128378
0.226481 -0.103831 -0.968465 -0.666036 -0.101866 0.986324 -0.129568 -0.12065 0.968674 0.127999 0.212807 0.138233
0.22808 -0.100098 -0.968483 -0.654435 -0.101372 0.986854 -0.12587 -0.100817 0.968351 0.126885 0.214934 0.107635
0.213398 -0.101747 -0.971653 -0.420769 -0.0977051 0.987353 -0.12485 -0.161504 0.972067 0.121578 0.200758 0.469543
0.199443 -0.100912 -0.9747 -0.496347 -0.103635 0.986933 -0.123384 -0.120694 0.974414 0.125621 0.186379 0.370189
-0.946062 -0.263155 -0.188986 -0.539783 0.20618 -0.938975 0.275347 0.0514346 -0.249912 0.22153 0.942586 -0.359985
0.979767 0.027229 -0.198281 -0.118379 0.0284812 0.961651 0.272793 0.15488 0.198105 -0.272921 0.941418 0.599971
0.9772 0.0301872 -0.210162 -0.127214 0.0287369 0.961928 0.271788 0.150828 0.210366 -0.271631 0.939129 0.578101
0.973711 0.0337057 -0.22528 -0.132862 0.0294494 0.962064 0.271228 0.147438 0.225876 -0.270732 0.93578 0.556515
0.969413 0.0383967 -0.242415 -0.161132 0.0296262 0.962159 0.270874 0.147183 0.243642 -0.26977 0.931591 0.527484
0.964098 0.0418613 -0.262227 -0.168497 0.0322787 0.9617 0.272198 0.137564 0.263578 -0.27089 0.925821 0.50608
0.95726 0.0461711 -0.285518 -0.162312 0.0356885 0.960776 0.27502 0.138716 0.287017 -0.273456 0.918065 0.486015
0.948733 0.0497267 -0.312144 -0.201676 0.0413888 0.9595 0.278653 0.127941 0.313358 -0.277286 0.908251 0.451577
0.937514 0.054496 -0.343653 -0.192089 0.0469087 0.958846 0.280024 0.125759 0.34477 -0.278646 0.896376 0.433839
0.923256 0.0619482 -0.379157 -0.203621 0.0508366 0.958537 0.280398 0.127402 0.380806 -0.278154 0.881826 0.404973
0.906489 0.0718885 -0.416064 -0.218563 0.0542008 0.957434 0.283517 0.111834 0.418735 -0.279556 0.864008 0.378135
0.887733 0.0798007 -0.45339 -0.232942 0.0612254 0.955647 0.288081 0.112342 0.45627 -0.283498 0.843473 0.344596
0.866365 0.0862969 -0.491898 -0.236569 0.0711032 0.953609 0.29253 0.112925 0.494323 -0.288413 0.820038 0.316351
0.841886 0.0929676 -0.531586 -0.234312 0.0816127 0.951786 0.295707 0.104397 0.533448 -0.292336 0.793708 0.29489
0.815601 0.104893 -0.569027 -0.269906 0.087076 0.94998 0.299925 0.109251 0.572025 -0.294168 0.765671 0.252637
0.784607 0.119018 -0.608462 -0.271033 0.0933335 0.947543 0.305697 0.110602 0.612928 -0.296642 0.732341 0.280605
0.750619 0.131221 -0.647575 -0.298365 0.104482 0.944177 0.31243 0.123342 0.652423 -0.302176 0.695007 0.277156
0.714379 0.138132 -0.68599 -0.344357 0.12209 0.940683 0.316559 0.121956 0.689026 -0.309896 0.65514 0.245487
0.673374 0.147741 -0.72439 -0.361698 0.135881 0.938404 0.317701 0.127964 0.726708 -0.312362 0.611822 0.254016
0.627954 0.157286 -0.762191 -0.372404 0.148226 0.937266 0.315535 0.12305 0.764004 -0.311118 0.565246 0.242846
0.578678 0.16845 -0.79797 -0.392756 0.159969 0.935986 0.313592 0.13667 0.799713 -0.30912 0.514688 0.229295
0.526872 0.182281 -0.830169 -0.427969 0.169074 0.934735 0.312545 0.140362 0.832959 -0.305031 0.461666 0.205058
0.471429 0.192478 -0.860643 -0.456761 0.1797 0.934453 0.307418 0.152311 0.863402 -0.299583 0.40594 0.18241
0.4137 0.20339 -0.887403 -0.476881 0.188801 0.934369 0.302173 0.144467 0.890621 -0.292552 0.348149 0.145249
0.354629 0.220303 -0.908683 -0.471223 0.195964 0.93275 0.302616 0.127879 0.914241 -0.285385 0.287609 0.111712
0.297005 0.237386 -0.924898 -0.499071 0.209664 0.928755 0.305703 0.135294 0.931574 -0.284713 0.226074 0.0627898
0.237472 0.248817 -0.938987 -0.481116 0.227859 0.925401 0.302843 0.132531 0.944292 -0.285874 0.163062 0.0429746
0.176155 0.255985 -0.950495 -0.469759 0.245122 0.923771 0.294216 0.139431 0.953354 -0.284815 0.0999793 0.0179371
0.11644 0.272897 -0.954971 -0.491411 0.259091 0.919873 0.294458 0.13704 0.958808 -0.281711 0.0364049 -0.0135883
0.0639195 0.296377 -0.95293 -0.510307 0.278637 0.911607 0.302215 0.137591 0.958267 -0.284839 -0.0243121 -0.0438019
0.0219261 0.322287 -0.946388 -0.52658 0.301596 0.900383 0.313608 0.133963 0.953184 -0.292303 -0.0774586 -0.0874321
-0.0106392 0.348071 -0.937408 -0.54065 0.324556 0.887909 0.326008 0.141162 0.945807 -0.300773 -0.122415 -0.114288
-0.0363643 0.365829 -0.929971 -0.535759 0.350032 0.876298 0.331028 0.165572 0.936032 -0.313482 -0.159918 -0.128552
-0.0548653 0.380512 -0.923147 -0.549614 0.372274 0.865673 0.334696 0.177995 0.9265 -0.325301 -0.18915 -0.14364
-0.0692603 0.391003 -0.91778 -0.567746 0.386786 0.858551 0.336581 0.18934 0.919565 -0.331672 -0.210698 -0.14289
-0.080259 0.400716 -0.91268 -0.586437 0.393787 0.853898 0.340279 0.201215 0.915691 -0.332091 -0.22633 -0.138631
-0.0841545 0.408184 -0.909013 -0.564237 0.397586 0.850241 0.344985 0.195241 0.913697 -0.332379 -0.23384 -0.148726
-0.0819319 0.414328 -0.906432 -0.58079 0.399286 0.846956 0.351051 0.208127 0.913158 -0.333163 -0.234828 -0.151593
