0.999999 2.89629e-006 0.00123478 -0.00641995 2.89629e-006 0.999989 -0.00469118 -0.00306186 -0.00123478 0.00469118 0.999988 1.05566
0.999998 5.66007e-006 0.00207447 -0.0118586 5.66007e-006 0.999985 -0.00545683 -0.0055257 -0.00207447 0.00545683 0.999983 2.10032
0.999998 1.57761e-006 0.00193805 -0.0149972 1.57761e-006 0.999999 -0.00162803 -0.00605872 -0.00193805 0.00162803 0.999997 3.13246
0.999998 -4.74926e-006 0.00222039 -0.036846 -4.74926e-006 0.999991 0.00427783 -0.0078536 -0.00222039 -0.00427783 0.999988 4.14663
1 -7.01198e-007 0.000332839 -0.0252039 -7.01198e-007 0.999991 0.00421342 -0.00361294 -0.000332839 -0.00421342 0.999991 5.18047
1 5.28396e-007 -0.000838569 -0.0230931 5.28396e-007 0.999999 0.00126023 0.00223336 0.000838569 -0.00126023 0.999999 6.22673
0.999998 -2.41566e-006 -0.00210494 -0.0208605 -2.41566e-006 0.999997 -0.00229522 0.00433739 0.00210494 0.00229522 0.999995 7.25208
0.999996 -4.34353e-006 -0.00285238 -0.0299835 -4.34353e-006 0.999995 -0.00304553 0.00730807 0.00285238 0.00304553 0.999991 8.26718
0.999995 -1.6261e-006 -0.00330351 -0.0481099 -1.6261e-006 1 -0.000984464 0.00120182 0.00330351 0.000984464 0.999994 9.26161
0.999993 3.82059e-006 -0.00370703 -0.0543826 3.82059e-006 0.999998 0.00206126 0.00180754 0.00370703 -0.00206126 0.999991 10.2345
0.999994 5.85707e-006 -0.00351757 -0.0785983 5.85707e-006 0.999994 0.00333016 0.0041672 0.00351757 -0.00333016 0.999988 11.2086
0.999993 7.858e-006 -0.00367774 -0.0908252 7.858e-006 0.999991 0.00427324 0.00619649 0.00367774 -0.00427324 0.999984 12.182
0.999994 7.21633e-006 -0.00350439 -0.111089 7.21633e-006 0.999992 0.00411843 0.0103441 0.00350439 -0.00411843 0.999985 13.1789
0.999984 7.09087e-006 -0.0055897 -0.101857 7.09087e-006 0.999997 0.0025371 0.0162681 0.0055897 -0.0025371 0.999981 14.1785
0.999986 1.05114e-006 -0.00538118 -0.143435 1.05114e-006 1 0.000390669 0.0197577 0.00538118 -0.000390669 0.999985 15.1816
0.999961 -3.25126e-006 -0.00888693 -0.125478 -3.25126e-006 1 -0.000731681 0.017551 0.00888693 0.000731681 0.99996 16.1488
0.999937 -8.9179e-006 -0.0112269 -0.127089 -8.9179e-006 0.999999 -0.00158862 0.0220584 0.0112269 0.00158862 0.999936 17.0948
0.999915 -1.94743e-005 -0.0130289 -0.139912 -1.94743e-005 0.999996 -0.00298925 0.0289069 0.0130289 0.00298925 0.999911 18.0374
0.99986 -3.11347e-005 -0.0167439 -0.126666 -3.11347e-005 0.999993 -0.00371865 0.0377765 0.0167439 0.00371865 0.999853 18.9561
0.999817 -2.76702e-005 -0.019146 -0.132959 -2.76702e-005 0.999996 -0.00289017 0.0356854 0.019146 0.00289017 0.999813 19.8662
0.999809 -1.44376e-005 -0.0195607 -0.168529 -1.44376e-005 0.999999 -0.00147604 0.0322988 0.0195607 0.00147604 0.999808 20.7972
0.999784 -7.93702e-006 -0.0207939 -0.194619 -7.93702e-006 1 -0.000763315 0.0283317 0.0207939 0.000763315 0.999783 21.7084
0.999771 -7.71504e-006 -0.0213838 -0.233894 -7.71504e-006 1 -0.000721495 0.02421 0.0213838 0.000721495 0.999771 22.6382
0.999699 -1.43566e-005 -0.0245432 -0.243015 -1.43566e-005 0.999999 -0.00116973 0.0252502 0.0245432 0.00116973 0.999698 23.5568
0.999695 -9.386e-006 -0.0247038 -0.281995 -9.386e-006 1 -0.000759766 0.0235275 0.0247038 0.000759766 0.999695 24.4739
0.999659 1.76835e-005 -0.0261211 -0.306357 1.76835e-005 0.999999 0.00135373 0.0225077 0.0261211 -0.00135373 0.999658 25.3835
0.999644 5.48634e-005 -0.0266932 -0.336878 5.48634e-005 0.999992 0.00410992 0.0235826 0.0266932 -0.00410992 0.999635 26.2802
0.99961 7.80274e-005 -0.0279155 -0.358346 7.80274e-005 0.999984 0.00558913 0.0269021 0.0279155 -0.00558913 0.999595 27.1626
0.999624 5.86325e-005 -0.0274124 -0.399349 5.86325e-005 0.999991 0.00427698 0.030255 0.0274124 -0.00427698 0.999615 28.0351
0.999599 2.28187e-005 -0.0283246 -0.431765 2.28187e-005 0.999999 0.0016109 0.0329634 0.0283246 -0.0016109 0.999597 28.8959
0.999574 -2.74115e-006 -0.0291729 -0.460288 -2.74115e-006 1 -0.000187884 0.0354901 0.0291729 0.000187884 0.999574 29.7462
0.999534 -1.17259e-005 -0.0305132 -0.482751 -1.17259e-005 1 -0.000768403 0.0363954 0.0305132 0.000768403 0.999534 30.5748
0.999495 -2.05455e-005 -0.0317651 -0.509007 -2.05455e-005 0.999999 -0.00129326 0.033525 0.0317651 0.00129326 0.999495 31.3962
0.999413 -3.81398e-005 -0.0342557 -0.532267 -3.81398e-005 0.999998 -0.00222611 0.0291598 0.0342557 0.00222611 0.999411 32.1994
0.999338 -4.66093e-005 -0.0363869 -0.564429 -4.66093e-005 0.999997 -0.00256102 0.0338068 0.0363869 0.00256102 0.999334 33.0025
0.999303 -1.66925e-005 -0.0373233 -0.610745 -1.66925e-005 1 -0.00089417 0.0283152 0.0373233 0.00089417 0.999303 33.7988
0.999251 3.84575e-005 -0.038708 -0.655729 3.84575e-005 0.999998 0.00198631 0.0196818 0.038708 -0.00198631 0.999249 34.5926
0.999138 7.44433e-005 -0.0415127 -0.680576 7.44433e-005 0.999994 0.00358497 0.0185033 0.0415127 -0.00358497 0.999132 35.3842
0.999135 8.9657e-005 -0.0415782 -0.75312 8.9657e-005 0.999991 0.00431081 0.0107823 0.0415782 -0.00431081 0.999126 36.1595
0.999037 8.35726e-005 -0.0438808 -0.790618 8.35726e-005 0.999993 0.00380723 0.00783127 0.0438808 -0.00380723 0.99903 36.9214
0.998926 7.17744e-005 -0.0463264 -0.8207 7.17744e-005 0.999995 0.00309697 0.0119428 0.0463264 -0.00309697 0.998922 37.6643
0.998824 8.7405e-005 -0.0484747 -0.85485 8.7405e-005 0.999994 0.00360408 0.023573 0.0484747 -0.00360408 0.998818 38.3986
0.998868 0.000104699 -0.0475713 -0.917771 0.000104699 0.99999 0.00439927 0.0446064 0.0475713 -0.00439927 0.998858 39.1279
0.998903 0.000120892 -0.0468177 -0.968368 0.000120892 0.999987 0.00516152 0.0441273 0.0468177 -0.00516152 0.99889 39.8338
0.998988 6.85107e-005 -0.0449716 -1.01993 6.85107e-005 0.999995 0.00304529 0.0470581 0.0449716 -0.00304529 0.998984 40.5365
0.999031 -3.43878e-006 -0.0440159 -1.0467 -3.43878e-006 1 -0.000156176 0.0499753 0.0440159 0.000156176 0.999031 41.221
0.999095 -4.38752e-005 -0.0425448 -1.07046 -4.38752e-005 0.999998 -0.0020616 0.05464 0.0425448 0.0020616 0.999092 41.8837
0.999175 -2.11028e-005 -0.0406117 -1.08746 -2.11028e-005 0.999999 -0.00103882 0.0545865 0.0406117 0.00103882 0.999174 42.5309
0.9993 3.93543e-005 -0.0374039 -1.12524 3.93543e-005 0.999998 0.00210355 0.0521588 0.0374039 -0.00210355 0.999298 43.1712
0.999409 0.000102355 -0.0343625 -1.14956 0.000102355 0.999982 0.00595555 0.0485633 0.0343625 -0.00595555 0.999392 43.8069
0.999554 0.000104634 -0.0298558 -1.1757 0.000104634 0.999975 0.00700765 0.0527351 0.0298558 -0.00700765 0.99953 44.4376
0.999678 9.74534e-005 -0.0253936 -1.19049 9.74534e-005 0.999971 0.00767407 0.0557882 0.0253936 -0.00767407 0.999648 45.0538
0.999804 9.77132e-005 -0.0197949 -1.20491 9.77132e-005 0.999951 0.00987133 0.061648 0.0197949 -0.00987133 0.999755 45.6522
0.99991 7.62262e-005 -0.0134371 -1.21694 7.62262e-005 0.999936 0.0113447 0.0653832 0.0134371 -0.0113447 0.999845 46.2444
0.999981 3.49977e-005 -0.00619236 -1.2253 3.49977e-005 0.999936 0.0113031 0.0664103 0.00619236 -0.0113031 0.999917 46.8247
0.999999 -6.03795e-006 0.00104063 -1.22911 -6.03795e-006 0.999933 0.011604 0.0688084 -0.00104063 -0.011604 0.999932 47.3885
0.999957 -5.32532e-005 0.00930219 -1.24117 -5.32532e-005 0.999934 0.011449 0.0726941 -0.00930219 -0.011449 0.999891 47.9307
0.999841 -8.70467e-005 0.017809 -1.25206 -8.70467e-005 0.999952 0.00977456 0.0618597 -0.017809 -0.00977456 0.999794 48.4527
0.99967 -9.0551e-005 0.0256914 -1.23839 -9.0551e-005 0.999975 0.00704787 0.0643637 -0.0256914 -0.00704787 0.999645 48.9637
0.999456 -0.000117745 0.0329925 -1.21463 -0.000117745 0.999975 0.00713565 0.0668157 -0.0329925 -0.00713565 0.99943 49.4515
0.999137 -0.000185457 0.0415308 -1.19942 -0.000185457 0.99996 0.00892703 0.0620342 -0.0415308 -0.00892703 0.999097 49.8979
0.998823 -0.000276474 0.0485049 -1.16231 -0.000276474 0.999935 0.0113928 0.0304534 -0.0485049 -0.0113928 0.998758 50.2923
0.997806 -0.000383842 0.0662026 -1.14069 -0.000383842 0.999933 0.0115829 0.0319517 -0.0662026 -0.0115829 0.997739 50.684
0.997806 -0.000383842 0.0662026 -1.11907 -0.000383842 0.999933 0.0115829 0.03345 -0.0662026 -0.0115829 0.997739 51.0757
0.997145 -0.00044478 0.0755103 -1.10932 -0.00044478 0.999931 0.0117634 0.0343009 -0.0755103 -0.0117634 0.997076 51.4402
0.995405 -0.000583353 0.0957518 -1.06987 -0.000583353 0.999926 0.0121562 0.0302481 -0.0957518 -0.0121562 0.995331 51.766
0.995405 -0.000583353 0.0957518 -1.03042 -0.000583353 0.999926 0.0121562 0.0261953 -0.0957518 -0.0121562 0.995331 52.0919
0.994152 -0.000480465 0.107992 -0.993432 -0.000480465 0.999961 0.00887197 0.0186985 -0.107992 -0.00887197 0.994112 52.3909
0.99265 -0.000321747 0.121018 -0.931148 -0.000321747 0.999986 0.00529779 0.0278627 -0.121018 -0.00529779 0.992636 52.6667
0.99069 -0.000254825 0.136135 -0.879195 -0.000254825 0.999993 0.00372628 0.0367491 -0.136135 -0.00372628 0.990683 52.9489
0.988304 -0.00024536 0.152497 -0.831894 -0.00024536 0.999995 0.00319907 0.0359765 -0.152497 -0.00319907 0.988299 53.2292
0.98547 -0.00025902 0.169848 -0.782262 -0.00025902 0.999995 0.00302786 0.0356941 -0.169848 -0.00302786 0.985466 53.5081
0.982308 -0.000320708 0.187271 -0.705035 -0.000320708 0.999994 0.00339476 0.0372501 -0.187271 -0.00339476 0.982302 53.7751
0.978475 -0.000464928 0.206366 -0.627524 -0.000464928 0.99999 0.00445735 0.0401793 -0.206366 -0.00445735 0.978465 54.0376
0.973939 -0.000513322 0.226808 -0.557376 -0.000513322 0.99999 0.0044675 0.0447015 -0.226808 -0.0044675 0.973929 54.3078
0.968745 -0.000416084 0.248058 -0.478233 -0.000416084 0.999994 0.0033023 0.0449058 -0.248058 -0.0033023 0.96874 54.5708
0.962589 -0.000335983 0.270966 -0.392267 -0.000335983 0.999997 0.0024335 0.0470102 -0.270966 -0.0024335 0.962586 54.8361
0.955457 -0.000397994 0.295131 -0.289202 -0.000397994 0.999996 0.00263699 0.0465431 -0.295131 -0.00263699 0.955453 55.0911
0.947086 -0.000426941 0.32098 -0.190945 -0.000426941 0.999997 0.00258985 0.0448422 -0.32098 -0.00258985 0.947082 55.3577
0.937358 -0.000434884 0.348366 -0.047607 -0.000434884 0.999997 0.0024185 0.0484821 -0.348366 -0.0024185 0.937355 55.6692
0.926187 -0.000525919 0.377064 0.0877492 -0.000525919 0.999996 0.00268659 0.044763 -0.377064 -0.00268659 0.926183 55.9541
0.898153 -0.00104156 0.439682 0.230921 -0.00104156 0.999989 0.00449648 0.0427898 -0.439682 -0.00449648 0.898142 56.2016
0.898153 -0.00104156 0.439682 0.374094 -0.00104156 0.999989 0.00449648 0.0408166 -0.439682 -0.00449648 0.898142 56.4491
0.880694 -0.000886116 0.473685 0.543331 -0.000886116 0.999993 0.00351818 0.0482173 -0.473685 -0.00351818 0.880687 56.6921
0.861251 -6.25958e-005 0.508179 0.725865 -6.25958e-005 1 0.000229263 0.0565246 -0.508179 -0.000229263 0.861251 56.9347
0.839446 0.000603485 0.543443 0.905297 0.000603485 0.999998 -0.00204267 0.0585878 -0.543443 0.00204267 0.839443 57.1664
0.815108 0.00157707 0.579307 1.1027 0.00157707 0.999987 -0.00494131 0.0665335 -0.579307 0.00494131 0.815095 57.3793
0.788029 0.00271785 0.615632 1.30311 0.00271785 0.999965 -0.00789353 0.0656513 -0.615632 0.00789353 0.787994 57.5978
0.75857 0.00421907 0.651578 1.53255 0.00421907 0.999926 -0.0113865 0.0699334 -0.651578 0.0113865 0.758496 57.8372
0.725202 0.00530836 0.688516 1.76304 0.00530836 0.999897 -0.0133003 0.0715398 -0.688516 0.0133003 0.725099 58.0605
0.688821 0.0042905 0.724919 2.02924 0.0042905 0.999941 -0.00999509 0.0718136 -0.724919 0.00999509 0.688762 58.2653
0.649935 0.00401706 0.759979 2.32868 0.00401706 0.999954 -0.00872091 0.0784002 -0.759979 0.00872091 0.649889 58.4745
0.608269 0.00405882 0.793721 2.65001 0.00405882 0.999958 -0.00822394 0.0864275 -0.793721 0.00822394 0.608227 58.6724
0.562333 0.00429302 0.8269 2.99256 0.00429302 0.999958 -0.00811096 0.0939005 -0.8269 0.00811096 0.562291 58.8665
0.514779 0.00421278 0.857313 3.35408 0.00421278 0.999963 -0.00744336 0.0934588 -0.857313 0.00744336 0.514742 59.0384
0.465751 0.00472901 0.884903 3.73923 0.00472901 0.999958 -0.00783289 0.0995262 -0.884903 0.00783289 0.465709 59.22
0.416285 0.00570782 0.909216 4.14913 0.00570782 0.999944 -0.0088907 0.101084 -0.909216 0.0088907 0.416229 59.3803
0.366966 0.00916694 0.930189 4.5557 0.00916694 0.999867 -0.01347 0.103602 -0.930189 0.01347 0.366833 59.5146
0.317942 0.0104026 0.948053 4.98036 0.0104026 0.999841 -0.0144595 0.102688 -0.948053 0.0144595 0.317784 59.6314
0.270381 0.00432131 0.962744 5.44344 0.00432131 0.999974 -0.00570203 0.101558 -0.962744 0.00570203 0.270355 59.7249
0.22535 -0.00423236 0.974269 5.93169 -0.00423236 0.999977 0.00532299 0.107404 -0.974269 -0.00532299 0.225327 59.8036
0.183319 -0.00988892 0.983004 6.41628 -0.00988892 0.99988 0.0119029 0.116448 -0.983004 -0.0119029 0.183199 59.8402
0.144993 -0.0109298 0.989372 6.91657 -0.0109298 0.99986 0.0126475 0.137329 -0.989372 -0.0126475 0.144853 59.8888
0.11244 -0.0174234 0.993506 7.411 -0.0174234 0.999658 0.0195031 0.14695 -0.993506 -0.0195031 0.112098 59.9176
0.0833398 -0.0233327 0.996248 7.9318 -0.0233327 0.999406 0.0253585 0.161795 -0.996248 -0.0253585 0.0827459 59.9445
0.0588404 -0.0296815 0.997826 8.46804 -0.0296815 0.999064 0.0314686 0.180067 -0.997826 -0.0314686 0.0579043 59.9492
0.0393546 -0.0346678 0.998624 9.01051 -0.0346678 0.998749 0.0360383 0.20743 -0.998624 -0.0360383 0.0381035 59.9575
0.0236848 -0.0366531 0.999047 9.57727 -0.0366531 0.998624 0.0375065 0.234939 -0.999047 -0.0375065 0.0223088 59.9608
0.00991169 -0.0362511 0.999294 10.1557 -0.0362511 0.998673 0.0365882 0.258066 -0.999294 -0.0365882 0.00858439 59.9623
-0.00151379 -0.0368058 0.999321 10.7181 -0.0368058 0.998647 0.0367252 0.279578 -0.999321 -0.0367252 -0.00286641 59.9559
-0.0096364 -0.0430217 0.999028 11.0647 -0.0430217 0.998167 0.0425697 0.297966 -0.999028 -0.0425697 -0.0114696 59.9509
-0.0148786 -0.046714 0.998797 11.5485 -0.046714 0.99785 0.0459738 0.325275 -0.998797 -0.0459738 -0.0170288 59.9405
-0.0200664 -0.0479172 0.99865 12.1042 -0.0479172 0.997749 0.0469111 0.358147 -0.99865 -0.0469111 -0.0223173 59.9286
-0.0245038 -0.0469463 0.998597 12.6842 -0.0469463 0.997849 0.0457592 0.394606 -0.998597 -0.0457592 -0.0266551 59.9195
-0.0273221 -0.0452127 0.998604 13.2909 -0.0452127 0.99801 0.0439488 0.427501 -0.998604 -0.0439488 -0.0293119 59.9032
-0.0288526 -0.0451115 0.998565 13.9384 -0.0451115 0.998022 0.0437835 0.456878 -0.998565 -0.0437835 -0.0308306 59.8858
-0.0290016 -0.0483982 0.998407 14.6167 -0.0483982 0.997724 0.0469592 0.489279 -0.998407 -0.0469592 -0.031278 59.8634
-0.0298216 -0.0486629 0.99837 15.3604 -0.0486629 0.997701 0.0471767 0.523845 -0.99837 -0.0471767 -0.0321211 59.8543
-0.0311369 -0.047476 0.998387 16.12 -0.047476 0.997814 0.0459681 0.567666 -0.998387 -0.0459681 -0.0333228 59.8647
-0.0274467 -0.0491321 0.998415 16.8717 -0.0491321 0.997651 0.0477438 0.610736 -0.998415 -0.0477438 -0.0297961 59.83
-0.02535 -0.049124 0.998471 17.6428 -0.049124 0.997646 0.0478362 0.660151 -0.998471 -0.0478362 -0.0277035 59.8011
-0.0181058 -0.0435034 0.998889 18.3773 -0.0435034 0.998141 0.0426823 0.661627 -0.998889 -0.0426823 -0.0199647 59.7578
-0.0156795 -0.0430661 0.998949 19.0928 -0.0430661 0.998174 0.0423567 0.696251 -0.998949 -0.0423567 -0.0175056 59.7469
-0.0157273 -0.0407526 0.999045 19.8136 -0.0407526 0.998365 0.0400833 0.742016 -0.999045 -0.0400833 -0.0173623 59.7965
-0.00848198 -0.0504762 0.998689 20.5465 -0.0504762 0.997474 0.0499861 0.773046 -0.998689 -0.0499861 -0.0110084 59.784
-0.00848198 -0.0504762 0.998689 21.2793 -0.0504762 0.997474 0.0499861 0.804076 -0.998689 -0.0499861 -0.0110084 59.7715
-0.00580321 -0.0446251 0.998987 21.9872 -0.0446251 0.99802 0.0443227 0.846148 -0.998987 -0.0443227 -0.00778311 59.7746
-0.00495972 -0.0384009 0.99925 22.6846 -0.0384009 0.998533 0.0381827 0.889991 -0.99925 -0.0381827 -0.00642707 59.8023
-0.000374223 -0.042331 0.999104 23.3857 -0.042331 0.998209 0.0422773 0.917955 -0.999104 -0.0422773 -0.00216547 59.7977
0.00404002 -0.0482959 0.998825 24.0984 -0.0482959 0.997658 0.0484349 0.953488 -0.998825 -0.0484349 0.00169806 59.7851
0.0085795 -0.0495469 0.998735 24.8023 -0.0495469 0.997524 0.0499124 0.990843 -0.998735 -0.0499124 0.00610337 59.7765
0.0116286 -0.045659 0.998889 25.493 -0.045659 0.997891 0.0461449 1.03283 -0.998889 -0.0461449 0.00951934 59.8003
0.0153999 -0.0442095 0.998904 26.1957 -0.0442095 0.998015 0.0448517 1.06453 -0.998904 -0.0448517 0.0134149 59.8145
0.0182929 -0.0469437 0.99873 26.8999 -0.0469437 0.997755 0.0477577 1.0987 -0.99873 -0.0477577 0.0160481 59.8357
0.0227478 -0.0522745 0.998374 27.5976 -0.0522745 0.997204 0.0534043 1.13283 -0.998374 -0.0534043 0.0199515 59.8416
0.0261751 -0.0530622 0.998248 28.2978 -0.0530622 0.997109 0.054393 1.17384 -0.998248 -0.054393 0.0232838 59.8566
0.0272066 -0.0518433 0.998285 28.998 -0.0518433 0.997237 0.0532018 1.22173 -0.998285 -0.0532018 0.0244437 59.9011
0.0317131 -0.055002 0.997982 29.694 -0.055002 0.996876 0.0566888 1.27021 -0.997982 -0.0566888 0.0285888 59.9035
0.0362281 -0.0569631 0.997719 30.3873 -0.0569631 0.996633 0.0589695 1.30508 -0.997719 -0.0589695 0.0328614 59.9125
0.0370478 -0.0538552 0.997861 31.0929 -0.0538552 0.996988 0.0558076 1.3457 -0.997861 -0.0558076 0.0340358 59.9733
0.0394424 -0.0509802 0.99792 31.7916 -0.0509802 0.997294 0.0529631 1.39534 -0.99792 -0.0529631 0.0367367 60.0131
0.0414724 -0.0521963 0.997775 32.4922 -0.0521963 0.997158 0.0543335 1.43543 -0.997775 -0.0543335 0.0386301 60.0517
0.0452643 -0.0514382 0.99765 33.186 -0.0514382 0.997229 0.0537503 1.47734 -0.99765 -0.0537503 0.042493 60.0741
0.047062 -0.048655 0.997706 33.8816 -0.048655 0.997516 0.0509408 1.52035 -0.997706 -0.0509408 0.0445778 60.1197
0.0489929 -0.0457664 0.99775 34.584 -0.0457664 0.997798 0.0480158 1.55231 -0.99775 -0.0480158 0.0467904 60.1704
0.051504 -0.0416142 0.997805 35.2982 -0.0416142 0.998174 0.0437776 1.58345 -0.997805 -0.0437776 0.0496783 60.2287
0.0541622 -0.040818 0.997698 36.0109 -0.040818 0.998238 0.043056 1.61641 -0.997698 -0.043056 0.0524007 60.2794
0.0572973 -0.0393802 0.99758 36.7216 -0.0393802 0.998355 0.0416727 1.6446 -0.99758 -0.0416727 0.0556523 60.3283
0.0609862 -0.0339263 0.997562 37.4274 -0.0339263 0.998774 0.0360417 1.67989 -0.997562 -0.0360417 0.0597605 60.3722
0.0636567 -0.0306516 0.997501 38.1328 -0.0306516 0.998997 0.0326536 1.71151 -0.997501 -0.0326536 0.0626533 60.4279
0.0688932 -0.0332635 0.997069 38.8641 -0.0332635 0.998812 0.03562 1.73807 -0.997069 -0.03562 0.0677048 60.4645
0.0733918 -0.0329133 0.99676 39.6076 -0.0329133 0.998831 0.0354051 1.77315 -0.99676 -0.0354051 0.0722228 60.5156
0.0784266 -0.0297977 0.996474 40.359 -0.0297977 0.999037 0.0322195 1.80244 -0.996474 -0.0322195 0.0774632 60.5716
0.0822246 -0.0291935 0.996186 41.1142 -0.0291935 0.999071 0.0316877 1.83844 -0.996186 -0.0316877 0.0812959 60.6439
0.0865618 -0.0297375 0.995803 41.881 -0.0297375 0.999032 0.0324189 1.86244 -0.995803 -0.0324189 0.0855937 60.722
0.0910881 -0.0262396 0.995497 42.6455 -0.0262396 0.999242 0.0287393 1.89616 -0.995497 -0.0287393 0.0903306 60.8069
0.0971615 -0.0240587 0.994978 43.4054 -0.0240587 0.999359 0.026514 1.92651 -0.994978 -0.026514 0.0965204 60.8909
0.104615 -0.0217259 0.994275 44.182 -0.0217259 0.999473 0.0241254 1.96001 -0.994275 -0.0241254 0.104088 60.9819
0.112166 -0.0173913 0.993537 44.9256 -0.0173913 0.999659 0.0194619 1.98945 -0.993537 -0.0194619 0.111826 61.0767
0.119399 -0.0147044 0.992738 45.6756 -0.0147044 0.999754 0.0165769 2.01475 -0.992738 -0.0165769 0.119153 61.1752
0.127638 -0.0170089 0.991675 46.427 -0.0170089 0.999668 0.0193352 2.03958 -0.991675 -0.0193352 0.127307 61.2656
0.13476 -0.0170068 0.990732 47.1848 -0.0170068 0.999666 0.0194734 2.06461 -0.990732 -0.0194734 0.134426 61.3787
0.142143 -0.0163517 0.989711 47.9515 -0.0163517 0.999688 0.018865 2.08697 -0.989711 -0.018865 0.141831 61.4977
0.149051 -0.0153683 0.98871 48.743 -0.0153683 0.999722 0.0178563 2.10946 -0.98871 -0.0178563 0.148773 61.6291
0.157651 -0.0166252 0.987355 49.5547 -0.0166252 0.999672 0.0194871 2.11893 -0.987355 -0.0194871 0.157322 61.75
0.165241 -0.0167543 0.986111 50.363 -0.0167543 0.999664 0.0197921 2.13364 -0.986111 -0.0197921 0.164905 61.8826
0.170989 -0.0166789 0.985132 51.1739 -0.0166789 0.999664 0.0198199 2.15012 -0.985132 -0.0198199 0.170653 62.0283
0.176049 -0.0141143 0.98428 51.9721 -0.0141143 0.999758 0.0168608 2.17339 -0.98428 -0.0168608 0.175807 62.1813
0.183463 -0.0129527 0.982941 52.7382 -0.0129527 0.999795 0.0155924 2.16383 -0.982941 -0.0155924 0.183258 62.2925
0.18938 -0.0122318 0.981828 53.4864 -0.0122318 0.999815 0.0148152 2.17847 -0.981828 -0.0148152 0.189195 62.438
0.19476 -0.0163058 0.980715 54.2373 -0.0163058 0.99967 0.0198591 2.19668 -0.980715 -0.0198591 0.19443 62.5799
0.199139 -0.0185779 0.979795 54.9876 -0.0185779 0.999569 0.0227287 2.22033 -0.979795 -0.0227287 0.198708 62.7428
0.201303 -0.0175303 0.979372 55.7457 -0.0175303 0.999615 0.0214959 2.23911 -0.979372 -0.0214959 0.200918 62.9264
0.206142 -0.0168509 0.978377 56.5163 -0.0168509 0.999642 0.0207676 2.25314 -0.978377 -0.0207676 0.205785 63.0748
0.208735 -0.0154593 0.97785 57.2906 -0.0154593 0.999698 0.0191047 2.26888 -0.97785 -0.0191047 0.208432 63.258
0.212198 -0.014009 0.977126 58.0729 -0.014009 0.999751 0.0173756 2.28361 -0.977126 -0.0173756 0.211949 63.4226
0.213412 -0.0104923 0.976906 58.8507 -0.0104923 0.99986 0.0130309 2.2994 -0.976906 -0.0130309 0.213272 63.6114
0.215655 -0.00900245 0.976428 59.6254 -0.00900245 0.999897 0.0112071 2.3066 -0.976428 -0.0112071 0.215551 63.7873
0.217249 -0.00905191 0.976074 60.3715 -0.00905191 0.999895 0.0112875 2.31809 -0.976074 -0.0112875 0.217144 63.9617
0.218204 -0.00773404 0.975873 61.0945 -0.00773404 0.999923 0.00965397 2.32508 -0.975873 -0.00965397 0.218127 64.1426
0.220281 -0.00725653 0.975409 61.7976 -0.00725653 0.999932 0.00907775 2.33516 -0.975409 -0.00907775 0.220213 64.3025
0.220804 -0.00690997 0.975294 62.4799 -0.00690997 0.999939 0.00864897 2.34437 -0.975294 -0.00864897 0.220743 64.4447
0.220569 -0.00639239 0.97535 63.152 -0.00639239 0.999948 0.00799919 2.35195 -0.97535 -0.00799919 0.220516 64.6195
0.219874 -0.00679296 0.975505 63.8251 -0.00679296 0.999941 0.00849422 2.36369 -0.975505 -0.00849422 0.219815 64.7868
0.216891 -0.00650492 0.976174 64.4948 -0.00650492 0.999946 0.00810862 2.36167 -0.976174 -0.00810862 0.216837 64.9591
0.215164 -0.00560007 0.976562 65.166 -0.00560007 0.99996 0.0069681 2.36199 -0.976562 -0.0069681 0.215124 65.0934
0.210378 -0.00598382 0.977602 65.8221 -0.00598382 0.999955 0.00740834 2.36684 -0.977602 -0.00740834 0.210332 65.2439
0.210378 -0.00598382 0.977602 66.4782 -0.00598382 0.999955 0.00740834 2.37168 -0.977602 -0.00740834 0.210332 65.3943
0.208198 -0.00725866 0.97806 67.1056 -0.00725866 0.999933 0.00896614 2.38104 -0.97806 -0.00896614 0.208131 65.5299
0.206102 -0.00742075 0.978502 67.7164 -0.00742075 0.999931 0.00914629 2.39443 -0.978502 -0.00914629 0.206033 65.6501
0.202737 -0.00670701 0.97921 68.307 -0.00670701 0.999944 0.00823765 2.40246 -0.97921 -0.00823765 0.202681 65.7713
0.202608 -0.00800798 0.979227 68.9022 -0.00800798 0.99992 0.00983409 2.40325 -0.979227 -0.00983409 0.202527 65.8773
0.200727 -0.0104677 0.979591 69.4916 -0.0104677 0.999863 0.0128293 2.40267 -0.979591 -0.0128293 0.20059 65.9959
0.198463 -0.0118572 0.980037 70.0708 -0.0118572 0.999825 0.0144978 2.41101 -0.980037 -0.0144978 0.198287 66.117
0.194676 -0.0132186 0.980778 70.6368 -0.0132186 0.999783 0.0160986 2.41913 -0.980778 -0.0160986 0.194459 66.2302
0.193024 -0.0144147 0.981088 71.2101 -0.0144147 0.999743 0.0175248 2.43929 -0.981088 -0.0175248 0.192767 66.3228
0.192574 -0.0141172 0.981181 71.7609 -0.0141172 0.999753 0.0171552 2.44551 -0.981181 -0.0171552 0.192327 66.402
0.191908 -0.0158911 0.981284 72.308 -0.0158911 0.999688 0.019297 2.45058 -0.981284 -0.019297 0.191595 66.4991
0.192686 -0.0202176 0.981052 72.8164 -0.0202176 0.999494 0.0245686 2.47164 -0.981052 -0.0245686 0.19218 66.6394
0.197206 -0.0267687 0.979997 73.3498 -0.0267687 0.999107 0.0326775 2.49113 -0.979997 -0.0326775 0.196313 66.739
0.197206 -0.0267687 0.979997 73.8832 -0.0267687 0.999107 0.0326775 2.51063 -0.979997 -0.0326775 0.196313 66.8387
0.199316 -0.0240707 0.97964 74.4342 -0.0240707 0.999276 0.0294506 2.5321 -0.97964 -0.0294506 0.198592 66.9722
0.205367 -0.0232542 0.978409 75.0069 -0.0232542 0.999319 0.0286322 2.55612 -0.978409 -0.0286322 0.204687 67.0927
0.210973 -0.0235261 0.977209 75.5673 -0.0235261 0.999299 0.0291371 2.57377 -0.977209 -0.0291371 0.210271 67.2168
0.220527 -0.023076 0.975108 76.1236 -0.023076 0.999317 0.0288677 2.58991 -0.975108 -0.0288677 0.219844 67.3181
0.230831 -0.0265062 0.972633 76.6797 -0.0265062 0.999087 0.0335178 2.60762 -0.972633 -0.0335178 0.229917 67.432
0.240257 -0.0243154 0.970405 77.2369 -0.0243154 0.999222 0.0310576 2.62214 -0.970405 -0.0310576 0.239479 67.5732
0.248848 -0.0235453 0.968256 77.8124 -0.0235453 0.999262 0.0303506 2.64218 -0.968256 -0.0303506 0.24811 67.7492
0.258279 -0.0189105 0.965885 78.4086 -0.0189105 0.999518 0.0246256 2.66443 -0.965885 -0.0246256 0.257796 67.9288
0.267438 -0.0161881 0.963439 79.0023 -0.0161881 0.999642 0.02129 2.68876 -0.963439 -0.02129 0.26708 68.1176
0.27723 -0.0110319 0.96074 79.3655 -0.0110319 0.999832 0.0146641 2.69557 -0.96074 -0.0146641 0.277062 68.231
0.288055 -0.0115187 0.957545 79.8553 -0.0115187 0.999814 0.0154923 2.71079 -0.957545 -0.0154923 0.287869 68.3841
0.298246 -0.00976017 0.954439 80.4067 -0.00976017 0.999864 0.0132746 2.72559 -0.954439 -0.0132746 0.29811 68.5645
0.308932 -0.0103814 0.951028 80.9925 -0.0103814 0.999844 0.0142866 2.7446 -0.951028 -0.0142866 0.308776 68.7652
0.319166 -0.00746318 0.947669 81.5939 -0.00746318 0.999918 0.0103882 2.76129 -0.947669 -0.0103882 0.319085 68.9776
0.330163 -0.0104414 0.943866 82.216 -0.0104414 0.999837 0.014713 2.78001 -0.943866 -0.014713 0.33 69.1962
0.341175 -0.0158875 0.939866 82.8611 -0.0158875 0.999617 0.0226647 2.80424 -0.939866 -0.0226647 0.340792 69.4287
0.351588 -0.0178575 0.935984 83.525 -0.0178575 0.999508 0.0257774 2.8273 -0.935984 -0.0257774 0.351096 69.6893
0.36182 -0.0184417 0.932065 84.1997 -0.0184417 0.999467 0.0269343 2.85314 -0.932065 -0.0269343 0.361287 69.9568
0.370903 -0.022164 0.928407 84.9037 -0.022164 0.999219 0.0327091 2.89745 -0.928407 -0.0327091 0.370122 70.2415
0.382998 -0.0299054 0.923265 85.6499 -0.0299054 0.998551 0.0447496 2.93847 -0.923265 -0.0447496 0.381549 70.5235
0.38971 -0.0371911 0.920186 86.402 -0.0371911 0.997734 0.0560762 2.98604 -0.920186 -0.0560762 0.387444 70.8343
0.397025 -0.0407576 0.916902 87.1634 -0.0407576 0.997245 0.0619773 3.03829 -0.916902 -0.0619773 0.39427 71.1565
0.405284 -0.0420101 0.913225 87.9298 -0.0420101 0.997032 0.0645092 3.08769 -0.913225 -0.0645092 0.402317 71.4808
0.412739 -0.0407805 0.909936 88.6823 -0.0407805 0.997168 0.0631876 3.14687 -0.909936 -0.0631876 0.409907 71.8285
0.418541 -0.0347329 0.907534 89.4066 -0.0347329 0.997925 0.0542106 3.19952 -0.907534 -0.0542106 0.416466 72.2061
0.425442 -0.0341026 0.904343 90.1368 -0.0341026 0.997976 0.0536768 3.24561 -0.904343 -0.0536768 0.423418 72.5364
0.432068 -0.0309955 0.901308 90.8558 -0.0309955 0.998308 0.04919 3.29357 -0.901308 -0.04919 0.430377 72.8737
0.43665 -0.0271279 0.899222 91.5674 -0.0271279 0.998694 0.0433017 3.34245 -0.899222 -0.0433017 0.435344 73.2356
0.440271 -0.0257306 0.897496 92.2715 -0.0257306 0.998817 0.0412577 3.36956 -0.897496 -0.0412577 0.439088 73.5925
0.44471 -0.0235677 0.895364 92.9582 -0.0235677 0.999 0.0380013 3.40794 -0.895364 -0.0380013 0.44371 73.9328
0.449946 -0.0215084 0.892797 93.6376 -0.0215084 0.999159 0.0349105 3.43189 -0.892797 -0.0349105 0.449105 74.2673
0.454591 -0.0217239 0.890435 94.3001 -0.0217239 0.999135 0.0354665 3.46006 -0.890435 -0.0354665 0.453726 74.6013
0.456792 -0.0219063 0.889304 94.9417 -0.0219063 0.999117 0.0358635 3.49018 -0.889304 -0.0358635 0.455908 74.9639
0.459376 -0.0210718 0.887992 95.5814 -0.0210718 0.999179 0.0346111 3.52925 -0.887992 -0.0346111 0.458555 75.2794
0.463905 -0.0216839 0.88562 96.2205 -0.0216839 0.999123 0.0358214 3.55716 -0.88562 -0.0358214 0.463028 75.6026
0.467042 -0.0202182 0.884004 96.8447 -0.0202182 0.999233 0.0335353 3.5835 -0.884004 -0.0335353 0.466275 75.947
0.471215 -0.0212861 0.881761 97.4733 -0.0212861 0.999143 0.0354952 3.6176 -0.881761 -0.0354952 0.470358 76.2613
0.472298 -0.0220768 0.881162 98.0826 -0.0220768 0.999076 0.0368641 3.64171 -0.881162 -0.0368641 0.471375 76.6014
0.474652 -0.0232181 0.879867 98.6809 -0.0232181 0.998974 0.0388863 3.65868 -0.879867 -0.0388863 0.473626 76.9081
0.476048 -0.0221549 0.87914 99.2512 -0.0221549 0.999063 0.0371738 3.68182 -0.87914 -0.0371738 0.475111 77.2315
0.477388 -0.0231698 0.878387 99.8292 -0.0231698 0.998973 0.0389429 3.71101 -0.878387 -0.0389429 0.476361 77.554
0.479959 -0.0229226 0.876992 100.44 -0.0229226 0.99899 0.0386565 3.74293 -0.876992 -0.0386565 0.478948 77.8878
0.480751 -0.023809 0.876534 101.049 -0.023809 0.998908 0.0401916 3.77884 -0.876534 -0.0401916 0.47966 78.2458
0.487984 -0.0261713 0.87246 101.631 -0.0261713 0.998662 0.0445951 3.8008 -0.87246 -0.0445951 0.486647 78.5468
0.487984 -0.0261713 0.87246 102.214 -0.0261713 0.998662 0.0445951 3.82276 -0.87246 -0.0445951 0.486647 78.8478
0.493585 -0.0267462 0.869286 102.742 -0.0267462 0.998587 0.0459112 3.8505 -0.869286 -0.0459112 0.492173 79.1551
0.493585 -0.0267462 0.869286 103.271 -0.0267462 0.998587 0.0459112 3.87824 -0.869286 -0.0459112 0.492173 79.4624
0.500481 -0.0280104 0.865294 103.781 -0.0280104 0.998429 0.0485213 3.90883 -0.865294 -0.0485213 0.498911 79.7561
0.500481 -0.0280104 0.865294 104.29 -0.0280104 0.998429 0.0485213 3.93941 -0.865294 -0.0485213 0.498911 80.0499
0.503078 -0.0266574 0.86383 104.887 -0.0266574 0.99857 0.0463402 3.98045 -0.86383 -0.0463402 0.501648 80.4212
0.508923 -0.0289063 0.860327 105.554 -0.0289063 0.998298 0.0506415 4.01523 -0.860327 -0.0506415 0.507221 80.7851
0.518699 -0.0234083 0.854637 106.096 -0.0234083 0.998862 0.0415656 4.04829 -0.854637 -0.0415656 0.51756 81.1258
0.518699 -0.0234083 0.854637 106.638 -0.0234083 0.998862 0.0415656 4.08136 -0.854637 -0.0415656 0.51756 81.4665
0.525725 -0.0194479 0.850432 107.114 -0.0194479 0.999203 0.0348724 4.10947 -0.850432 -0.0348724 0.524927 81.7517
0.531949 -0.0159375 0.846627 107.56 -0.0159375 0.999457 0.0288282 4.13045 -0.846627 -0.0288282 0.531406 82.0529
0.538598 -0.0142886 0.842442 107.999 -0.0142886 0.999558 0.0260886 4.14865 -0.842442 -0.0260886 0.538156 82.3492
0.54387 -0.0134583 0.839062 108.456 -0.0134583 0.999603 0.0247568 4.1775 -0.839062 -0.0247568 0.543473 82.6776
0.549861 -0.0121064 0.835168 108.917 -0.0121064 0.999674 0.0224616 4.20098 -0.835168 -0.0224616 0.549536 82.9947
0.557141 -0.0116743 0.830336 109.413 -0.0116743 0.999692 0.0218886 4.21767 -0.830336 -0.0218886 0.556833 83.3119
0.562716 -0.0105209 0.826583 109.879 -0.0105209 0.999747 0.0198873 4.233 -0.826583 -0.0198873 0.562463 83.6585
0.569372 -0.0108304 0.822008 110.378 -0.0108304 0.999728 0.0206737 4.2463 -0.822008 -0.0206737 0.5691 84.0108
0.576967 -0.00897379 0.816718 110.887 -0.00897379 0.99981 0.017325 4.26122 -0.816718 -0.017325 0.576776 84.3573
0.582665 -0.00695659 0.812683 111.393 -0.00695659 0.999884 0.0135467 4.28771 -0.812683 -0.0135467 0.582549 84.7564
0.58942 -0.00589643 0.807805 111.92 -0.00589643 0.999915 0.0116011 4.30873 -0.807805 -0.0116011 0.589336 85.152
0.596329 -0.00518453 0.802723 112.45 -0.00518453 0.999933 0.0103098 4.32199 -0.802723 -0.0103098 0.596263 85.5511
0.602348 -0.00514146 0.798217 112.979 -0.00514146 0.999934 0.0103206 4.34089 -0.798217 -0.0103206 0.602282 85.9818
0.608203 -0.00265469 0.793777 113.51 -0.00265469 0.999982 0.00537838 4.36289 -0.793777 -0.00537838 0.608185 86.4287
0.61657 -0.00419959 0.787289 114.068 -0.00419959 0.999954 0.00862294 4.36904 -0.787289 -0.00862294 0.616524 86.8551
0.623512 -0.00488429 0.781799 114.593 -0.00488429 0.999937 0.0101425 4.38496 -0.781799 -0.0101425 0.623449 87.2944
0.629596 -0.00434015 0.776911 115.131 -0.00434015 0.999949 0.00910332 4.39942 -0.776911 -0.00910332 0.629545 87.7712
0.637647 -0.00316103 0.770323 115.443 -0.00316103 0.999972 0.00671999 4.40609 -0.770323 -0.00671999 0.637619 88.0359
0.645556 -0.00232014 0.76371 115.717 -0.00232014 0.999985 0.00499913 4.41129 -0.76371 -0.00499913 0.64554 88.2693
0.654188 -0.00288298 0.756327 116.13 -0.00288298 0.999976 0.00630537 4.41846 -0.756327 -0.00630537 0.654164 88.6078
0.659362 -0.00396497 0.751815 116.621 -0.00396497 0.999954 0.00875099 4.42788 -0.751815 -0.00875099 0.659316 89.04
0.662667 -0.00453443 0.7489 117.144 -0.00453443 0.999939 0.0100667 4.44239 -0.7489 -0.0100667 0.662606 89.5153
0.66669 -0.00586528 0.745312 117.73 -0.00586528 0.999897 0.0131153 4.4612 -0.745312 -0.0131153 0.666586 90.0286
0.67137 -0.00804859 0.741078 118.322 -0.00804859 0.999803 0.01815 4.46708 -0.741078 -0.01815 0.671173 90.5226
0.676017 -0.0115991 0.736795 118.887 -0.0115991 0.999585 0.0263785 4.48392 -0.736795 -0.0263785 0.675602 91.0051
0.679168 -0.0140817 0.733848 119.465 -0.0140817 0.999382 0.0322094 4.50736 -0.733848 -0.0322094 0.678549 91.5448
0.682524 -0.0166241 0.730674 120.084 -0.0166241 0.99913 0.0382605 4.5376 -0.730674 -0.0382605 0.681654 92.1049
0.686332 -0.0175745 0.727076 120.674 -0.0175745 0.999015 0.0407375 4.57483 -0.727076 -0.0407375 0.685348 92.66
0.687495 -0.0168772 0.725993 121.255 -0.0168772 0.999089 0.0392081 4.60951 -0.725993 -0.0392081 0.686583 93.2625
0.690742 -0.0150034 0.722946 121.814 -0.0150034 0.999272 0.0350731 4.65271 -0.722946 -0.0350731 0.690014 93.8372
0.693607 -0.0137729 0.720222 122.375 -0.0137729 0.999381 0.0323752 4.69534 -0.720222 -0.0323752 0.692988 94.4106
0.696682 -0.0147666 0.717228 122.958 -0.0147666 0.999281 0.0349172 4.73147 -0.717228 -0.0349172 0.695963 94.9699
0.700728 -0.0153796 0.713262 123.558 -0.0153796 0.99921 0.0366547 4.76712 -0.713262 -0.0366547 0.699938 95.5504
0.704348 -0.0176435 0.709635 124.167 -0.0176435 0.998947 0.0423487 4.80723 -0.709635 -0.0423487 0.703295 96.1597
0.708285 -0.018796 0.705677 124.804 -0.018796 0.998789 0.0454687 4.85036 -0.705677 -0.0454687 0.707073 96.8003
0.712296 -0.0193356 0.701613 125.453 -0.0193356 0.998701 0.0471529 4.89428 -0.701613 -0.0471529 0.710996 97.4457
0.717326 -0.0206282 0.696432 126.089 -0.0206282 0.998495 0.0508223 4.93864 -0.696432 -0.0508223 0.715821 98.09
0.722439 -0.0194069 0.691162 126.734 -0.0194069 0.998643 0.0483256 4.98978 -0.691162 -0.0483256 0.721082 98.7577
0.727444 -0.0187244 0.685912 127.355 -0.0187244 0.998714 0.0471215 5.04341 -0.685912 -0.0471215 0.726157 99.4291
0.733156 -0.0200932 0.679764 127.99 -0.0200932 0.998487 0.0511859 5.09527 -0.679764 -0.0511859 0.731643 100.099
0.740499 -0.0222497 0.671689 128.58 -0.0222497 0.998092 0.0575909 5.15554 -0.671689 -0.0575909 0.738592 100.697
0.74365 -0.0228339 0.668179 129.162 -0.0228339 0.997966 0.0595168 5.2055 -0.668179 -0.0595168 0.741616 101.391
0.746613 -0.0214744 0.664912 129.765 -0.0214744 0.99818 0.056351 5.27258 -0.664912 -0.056351 0.744793 102.105
0.749743 -0.0206094 0.661408 130.368 -0.0206094 0.998303 0.0544689 5.34026 -0.661408 -0.0544689 0.748046 102.816
0.752974 -0.0217253 0.657691 130.98 -0.0217253 0.998089 0.0578423 5.39306 -0.657691 -0.0578423 0.751064 103.515
0.754746 -0.023477 0.655597 131.583 -0.023477 0.997753 0.062757 5.44594 -0.655597 -0.062757 0.752498 104.224
0.755891 -0.0254803 0.654202 132.204 -0.0254803 0.99734 0.068286 5.51561 -0.654202 -0.068286 0.753231 104.919
0.756212 -0.0270834 0.653766 132.815 -0.0270834 0.996991 0.0726296 5.5827 -0.653766 -0.0726296 0.753204 105.645
0.756012 -0.0273379 0.653986 133.432 -0.0273379 0.996937 0.0732768 5.65686 -0.653986 -0.0732768 0.752949 106.378
0.756005 -0.0272377 0.653999 134.061 -0.0272377 0.996959 0.0730074 5.72581 -0.653999 -0.0730074 0.752964 107.096
0.755509 -0.0265148 0.654601 134.688 -0.0265148 0.997125 0.0709908 5.80309 -0.654601 -0.0709908 0.752634 107.837
0.754942 -0.0259283 0.655279 135.327 -0.0259283 0.997257 0.0693315 5.88332 -0.655279 -0.0693315 0.752198 108.558
0.753102 -0.024754 0.657438 135.983 -0.024754 0.997518 0.0659149 5.96376 -0.657438 -0.0659149 0.75062 109.329
0.750443 -0.0235914 0.660514 136.623 -0.0235914 0.99777 0.0624405 6.03739 -0.660514 -0.0624405 0.748213 110.102
0.748013 -0.0236624 0.663262 137.275 -0.0236624 0.997778 0.0622825 6.10698 -0.663262 -0.0622825 0.745791 110.85
0.745925 -0.0244511 0.66558 137.938 -0.0244511 0.997647 0.0640528 6.17523 -0.66558 -0.0640528 0.743572 111.587
0.743028 -0.025297 0.668782 138.589 -0.025297 0.99751 0.0658367 6.24652 -0.668782 -0.0658367 0.740538 112.347
0.740639 -0.0272714 0.67135 139.269 -0.0272714 0.997132 0.0705914 6.3168 -0.67135 -0.0705914 0.737771 113.086
0.738148 -0.0259729 0.674139 139.949 -0.0259729 0.997424 0.0668673 6.38074 -0.674139 -0.0668673 0.735571 113.829
0.735117 -0.0224933 0.677567 140.621 -0.0224933 0.99809 0.0575376 6.45385 -0.677567 -0.0575376 0.733207 114.56
0.731233 -0.0199657 0.681835 141.247 -0.0199657 0.998517 0.0506511 6.51505 -0.681835 -0.0506511 0.72975 115.268
0.727408 -0.0208301 0.685889 141.877 -0.0208301 0.998408 0.0524122 6.57098 -0.685889 -0.0524122 0.725816 115.95
0.723591 -0.021559 0.689893 142.506 -0.021559 0.998318 0.0538093 6.62608 -0.689893 -0.0538093 0.721909 116.628
0.719672 -0.0221763 0.69396 143.135 -0.0221763 0.998246 0.0548982 6.68381 -0.69396 -0.0548982 0.717918 117.304
0.717803 -0.02259 0.695879 143.807 -0.02259 0.998192 0.0557055 6.72996 -0.695879 -0.0557055 0.715995 117.956
0.716406 -0.0234088 0.697291 144.475 -0.0234088 0.998068 0.0575566 6.78755 -0.697291 -0.0575566 0.714474 118.606
0.710273 -0.0242865 0.703508 145.159 -0.0242865 0.997964 0.0589718 6.84559 -0.703508 -0.0589718 0.708237 119.292
0.710273 -0.0242865 0.703508 145.843 -0.0242865 0.997964 0.0589718 6.90363 -0.703508 -0.0589718 0.708237 119.979
0.7084 -0.0247781 0.705376 146.543 -0.0247781 0.997895 0.059938 6.96579 -0.705376 -0.059938 0.706295 120.634
0.705043 -0.0251001 0.70872 147.234 -0.0251001 0.997864 0.0603103 7.03472 -0.70872 -0.0603103 0.702907 121.31
0.698058 -0.0252802 0.715595 147.859 -0.0252802 0.997883 0.0599134 7.07598 -0.715595 -0.0599134 0.695941 122.021
0.687815 -0.0246957 0.725466 148.549 -0.0246957 0.998046 0.0573887 7.13928 -0.725466 -0.0573887 0.685861 122.685
0.687815 -0.0246957 0.725466 149.239 -0.0246957 0.998046 0.0573887 7.20259 -0.725466 -0.0573887 0.685861 123.35
0.68228 -0.0220096 0.73076 149.938 -0.0220096 0.998475 0.0506223 7.25661 -0.73076 -0.0506223 0.680755 123.994
0.675866 -0.0192587 0.736773 150.612 -0.0192587 0.998856 0.043776 7.30589 -0.736773 -0.043776 0.674722 124.642
0.670147 -0.0188918 0.741988 151.301 -0.0188918 0.998918 0.0424962 7.36614 -0.741988 -0.0424962 0.669065 125.247
0.66338 -0.0213198 0.747979 151.968 -0.0213198 0.99865 0.0473731 7.42138 -0.747979 -0.0473731 0.66203 125.859
0.656293 -0.0221965 0.754179 152.648 -0.0221965 0.998567 0.0487047 7.46615 -0.754179 -0.0487047 0.65486 126.47
0.648943 -0.0243268 0.760448 153.368 -0.0243268 0.998314 0.0526959 7.52183 -0.760448 -0.0526959 0.647257 127.11
0.641821 -0.0232978 0.7665 154.131 -0.0232978 0.998485 0.0498571 7.58129 -0.7665 -0.0498571 0.640306 127.757
0.634279 -0.0232802 0.772754 154.934 -0.0232802 0.998518 0.04919 7.63207 -0.772754 -0.04919 0.632797 128.404
0.627866 -0.0239502 0.777953 155.748 -0.0239502 0.998459 0.0500683 7.68834 -0.777953 -0.0500683 0.626325 129.039
0.620864 -0.0207903 0.783642 156.538 -0.0207903 0.99886 0.0429718 7.73944 -0.783642 -0.0429718 0.619724 129.674
0.613764 -0.0210486 0.789209 157.31 -0.0210486 0.998853 0.0430093 7.79243 -0.789209 -0.0430093 0.612617 130.265
0.606645 -0.0232286 0.794633 158.058 -0.0232286 0.998628 0.046925 7.84789 -0.794633 -0.046925 0.605273 130.839
0.598865 -0.026151 0.800423 158.789 -0.026151 0.998295 0.0521816 7.90505 -0.800423 -0.0521816 0.59716 131.412
0.591687 -0.0262345 0.805741 159.543 -0.0262345 0.998314 0.0517695 7.95366 -0.805741 -0.0517695 0.590001 131.968
0.583799 -0.0251524 0.811508 160.286 -0.0251524 0.99848 0.0490421 8.00628 -0.811508 -0.0490421 0.582279 132.529
0.577542 -0.0274756 0.815899 161.026 -0.0274756 0.998213 0.0530639 8.07662 -0.815899 -0.0530639 0.575755 133.073
0.571202 -0.0301401 0.820256 161.774 -0.0301401 0.997881 0.0576557 8.12849 -0.820256 -0.0576557 0.569084 133.605
0.566692 -0.0316999 0.82332 162.536 -0.0316999 0.997681 0.0602323 8.18687 -0.82332 -0.0602323 0.564373 134.127
0.561576 -0.0313281 0.826832 163.296 -0.0313281 0.997761 0.0590821 8.24871 -0.826832 -0.0590821 0.559337 134.672
0.557374 -0.0306273 0.829696 164.068 -0.0306273 0.997881 0.0574105 8.31797 -0.829696 -0.0574105 0.555255 135.199
0.554671 -0.0288058 0.831571 164.851 -0.0288058 0.998137 0.0537896 8.36533 -0.831571 -0.0537896 0.552807 135.716
0.549268 -0.0279606 0.835178 165.535 -0.0279606 0.998266 0.0518092 8.44625 -0.835178 -0.0518092 0.547534 136.209
0.543128 -0.028862 0.839154 166.286 -0.028862 0.998177 0.0530119 8.49044 -0.839154 -0.0530119 0.541305 136.71
0.543128 -0.028862 0.839154 167.037 -0.028862 0.998177 0.0530119 8.53464 -0.839154 -0.0530119 0.541305 137.212
0.542524 -0.033285 0.83938 167.797 -0.033285 0.997578 0.0610716 8.57028 -0.83938 -0.0610716 0.540103 137.666
0.541868 -0.037443 0.839629 168.578 -0.037443 0.99694 0.0686228 8.63106 -0.839629 -0.0686228 0.538808 138.13
0.539058 -0.0396917 0.841333 169.321 -0.0396917 0.996582 0.0724471 8.69509 -0.841333 -0.0724471 0.53564 138.617
0.53614 -0.0396177 0.843199 170.081 -0.0396177 0.996616 0.0720166 8.76785 -0.843199 -0.0720166 0.532756 139.107
0.532861 -0.0369243 0.845397 170.805 -0.0369243 0.997081 0.0668232 8.8323 -0.845397 -0.0668232 0.529942 139.58
0.530705 -0.0330286 0.846913 171.52 -0.0330286 0.997675 0.0596051 8.89438 -0.846913 -0.0596051 0.52838 140.039
0.528055 -0.0345987 0.848505 172.214 -0.0345987 0.997464 0.0622047 8.96644 -0.848505 -0.0622047 0.525519 140.48
0.524164 -0.0351732 0.850891 172.869 -0.0351732 0.9974 0.0628967 9.02051 -0.850891 -0.0628967 0.521564 140.892
0.520488 -0.0357953 0.853118 173.516 -0.0357953 0.997328 0.0636848 9.07051 -0.853118 -0.0636848 0.517816 141.303
0.516252 -0.0337758 0.85577 174.169 -0.0337758 0.997642 0.0597508 9.10803 -0.85577 -0.0597508 0.513894 141.721
0.513612 -0.0324123 0.85741 174.86 -0.0324123 0.99784 0.0571367 9.14983 -0.85741 -0.0571367 0.511452 142.152
0.510017 -0.0330336 0.85953 175.564 -0.0330336 0.997773 0.0579477 9.2131 -0.85953 -0.0579477 0.50779 142.581
0.50557 -0.0311825 0.862222 176.234 -0.0311825 0.998033 0.0543783 9.27216 -0.862222 -0.0543783 0.503604 143.013
0.503164 -0.0315328 0.863615 176.916 -0.0315328 0.997999 0.0548113 9.32067 -0.863615 -0.0548113 0.501163 143.421
0.499544 -0.0308848 0.865738 177.587 -0.0308848 0.998094 0.0534276 9.35719 -0.865738 -0.0534276 0.497638 143.831
0.497198 -0.030809 0.86709 178.256 -0.030809 0.998112 0.0531306 9.40084 -0.86709 -0.0531306 0.49531 144.213
0.495342 -0.0318387 0.868114 178.924 -0.0318387 0.997991 0.054769 9.44276 -0.868114 -0.054769 0.493333 144.576
0.49157 -0.0313439 0.870274 179.594 -0.0313439 0.998068 0.053651 9.48776 -0.870274 -0.053651 0.489638 144.954
0.48781 -0.0307136 0.872409 180.258 -0.0307136 0.998158 0.0523142 9.52849 -0.872409 -0.0523142 0.485968 145.324
0.48419 -0.0306643 0.874425 180.916 -0.0306643 0.998177 0.0519836 9.56858 -0.874425 -0.0519836 0.482367 145.672
0.479451 -0.0300676 0.877053 181.563 -0.0300676 0.998263 0.0506597 9.61054 -0.877053 -0.0506597 0.477714 146.029
0.473399 -0.0287969 0.880377 182.207 -0.0287969 0.998425 0.048143 9.65341 -0.880377 -0.048143 0.471824 146.396
0.467289 -0.0286812 0.883639 182.855 -0.0286812 0.998456 0.0475752 9.69841 -0.883639 -0.0475752 0.465745 146.74
0.461049 -0.0269759 0.886964 183.502 -0.0269759 0.99865 0.0443949 9.73628 -0.886964 -0.0443949 0.459699 147.073
0.455016 -0.0255023 0.890118 184.139 -0.0255023 0.998807 0.0416527 9.76957 -0.890118 -0.0416527 0.453823 147.394
0.44819 -0.0237494 0.893623 184.778 -0.0237494 0.998978 0.0384607 9.80481 -0.893623 -0.0384607 0.447168 147.734
0.440193 -0.022852 0.897612 185.412 -0.022852 0.999067 0.0366417 9.81906 -0.897612 -0.0366417 0.43926 148.076
0.43214 -0.0197032 0.901591 186.056 -0.0197032 0.999316 0.0312827 9.85156 -0.901591 -0.0312827 0.431457 148.415
0.423555 -0.015765 0.905733 186.708 -0.015765 0.999569 0.0247706 9.88271 -0.905733 -0.0247706 0.423124 148.745
0.415426 -0.0126485 0.909539 187.327 -0.0126485 0.999726 0.0196798 9.90407 -0.909539 -0.0196798 0.415153 149.053
0.407996 -0.0120875 0.912904 187.959 -0.0120875 0.999753 0.0186397 9.92283 -0.912904 -0.0186397 0.40775 149.336
0.401228 -0.0119379 0.915901 188.602 -0.0119379 0.999762 0.0182606 9.94144 -0.915901 -0.0182606 0.40099 149.609
0.393516 -0.00998576 0.919264 189.233 -0.00998576 0.999836 0.0151357 9.96101 -0.919264 -0.0151357 0.393352 149.888
0.385769 -0.00994314 0.922542 189.859 -0.00994314 0.999839 0.0149341 9.97724 -0.922542 -0.0149341 0.385608 150.158
0.377961 -0.0106262 0.92576 190.495 -0.0106262 0.999818 0.0158146 9.99837 -0.92576 -0.0158146 0.37778 150.422
0.370118 -0.0118873 0.928909 191.145 -0.0118873 0.999776 0.0175306 10.0196 -0.928909 -0.0175306 0.369894 150.686
0.363194 -0.0117052 0.93164 191.823 -0.0117052 0.999785 0.0171245 10.0383 -0.93164 -0.0171245 0.362978 150.951
0.358435 -0.0129393 0.933465 192.528 -0.0129393 0.999739 0.0188264 10.0586 -0.933465 -0.0188264 0.358174 151.204
0.351315 -0.0127615 0.93617 193.231 -0.0127615 0.999749 0.0184172 10.0819 -0.93617 -0.0184172 0.351064 151.497
0.345847 -0.0151106 0.938169 193.982 -0.0151106 0.999651 0.0216712 10.1116 -0.938169 -0.0216712 0.345498 151.772
0.339452 -0.0149842 0.940504 194.779 -0.0149842 0.99966 0.0213349 10.1383 -0.940504 -0.0213349 0.339113 152.078
0.334068 -0.0174382 0.942388 195.62 -0.0174382 0.999543 0.0246775 10.1594 -0.942388 -0.0246775 0.333611 152.377
0.329056 -0.0173862 0.94415 196.49 -0.0173862 0.999549 0.0244658 10.1843 -0.94415 -0.0244658 0.328606 152.685
0.324919 -0.0178379 0.945574 197.358 -0.0178379 0.999529 0.0249852 10.2262 -0.945574 -0.0249852 0.324448 152.975
0.321006 -0.0200298 0.946865 198.249 -0.0200298 0.999409 0.0279318 10.2684 -0.946865 -0.0279318 0.320415 153.267
0.318304 -0.0239187 0.947687 199.092 -0.0239187 0.999161 0.0332516 10.2966 -0.947687 -0.0332516 0.317465 153.501
0.316454 -0.0342263 0.94799 199.888 -0.0342263 0.998286 0.0474674 10.3174 -0.94799 -0.0474674 0.31474 153.677
0.307029 -0.0339868 0.951093 200.739 -0.0339868 0.998333 0.0466463 10.3691 -0.951093 -0.0466463 0.305362 153.954
0.307029 -0.0339868 0.951093 201.59 -0.0339868 0.998333 0.0466463 10.4207 -0.951093 -0.0466463 0.305362 154.23
0.302515 -0.0267363 0.95277 202.426 -0.0267363 0.998975 0.036522 10.4762 -0.95277 -0.036522 0.30149 154.511
0.302143 -0.0237428 0.952967 203.27 -0.0237428 0.999192 0.0324223 10.5125 -0.952967 -0.0324223 0.301335 154.734
0.291434 -0.0222212 0.956333 204.079 -0.0222212 0.999303 0.0299914 10.5512 -0.956333 -0.0299914 0.290737 154.989
0.291434 -0.0222212 0.956333 204.888 -0.0222212 0.999303 0.0299914 10.5898 -0.956333 -0.0299914 0.290737 155.243
0.282817 -0.0187587 0.958991 205.723 -0.0187587 0.999509 0.0250834 10.6294 -0.958991 -0.0250834 0.282326 155.542
0.277855 -0.016123 0.960488 206.581 -0.016123 0.99964 0.0214443 10.6615 -0.960488 -0.0214443 0.277495 155.8
0.271506 -0.00880988 0.962396 207.481 -0.00880988 0.999893 0.0116385 10.6966 -0.962396 -0.0116385 0.2714 156.113
0.267594 -0.00830146 0.963496 208.417 -0.00830146 0.999906 0.0109208 10.7161 -0.963496 -0.0109208 0.2675 156.379
0.264244 -0.0101084 0.964403 209.336 -0.0101084 0.999861 0.0132498 10.7351 -0.964403 -0.0132498 0.264105 156.626
0.259509 -0.0103528 0.965685 210.266 -0.0103528 0.999855 0.0135012 10.7688 -0.965685 -0.0135012 0.259364 156.908
0.257817 -0.0108009 0.966133 211.17 -0.0108009 0.999843 0.01406 10.7871 -0.966133 -0.01406 0.25766 157.13
0.254089 -0.00996801 0.96713 212.069 -0.00996801 0.999867 0.0129243 10.8164 -0.96713 -0.0129243 0.253955 157.386
0.250541 -0.00931456 0.968061 212.992 -0.00931456 0.999884 0.0120314 10.8353 -0.968061 -0.0120314 0.250425 157.645
0.247498 -0.00694161 0.968864 213.923 -0.00694161 0.999936 0.00893747 10.8529 -0.968864 -0.00893747 0.247434 157.893
0.244751 -0.00583554 0.969568 214.869 -0.00583554 0.999955 0.00749151 10.8638 -0.969568 -0.00749151 0.244706 158.151
0.243159 -0.00346065 0.96998 215.83 -0.00346065 0.999984 0.00443523 10.8825 -0.96998 -0.00443523 0.243144 158.403
0.24039 -0.00801841 0.970643 216.711 -0.00801841 0.999915 0.0102461 10.884 -0.970643 -0.0102461 0.240305 158.595
0.23887 -0.00882628 0.971011 217.615 -0.00882628 0.999898 0.0112601 10.9018 -0.971011 -0.0112601 0.238768 158.822
0.238556 -0.0119064 0.971056 218.532 -0.0119064 0.999814 0.015184 10.9187 -0.971056 -0.015184 0.238369 159.035
0.237593 -0.0219669 0.971116 219.447 -0.0219669 0.999367 0.0279804 10.9378 -0.971116 -0.0279804 0.23696 159.218
0.236155 -0.0156373 0.971589 220.362 -0.0156373 0.99968 0.0198903 10.9623 -0.971589 -0.0198903 0.235835 159.46
0.23421 -0.0195444 0.97199 221.264 -0.0195444 0.999501 0.024807 10.9841 -0.97199 -0.024807 0.233711 159.666
0.232093 -0.0230882 0.97242 222.148 -0.0230882 0.999306 0.0292371 11.0226 -0.97242 -0.0292371 0.231398 159.866
0.229255 -0.0216764 0.973125 223.049 -0.0216764 0.99939 0.0273681 11.0544 -0.973125 -0.0273681 0.228645 160.083
0.226882 -0.0217466 0.973679 223.949 -0.0217466 0.999388 0.027388 11.0867 -0.973679 -0.027388 0.22627 160.289
0.22209 -0.0208674 0.974803 224.843 -0.0208674 0.99944 0.0261491 11.1166 -0.974803 -0.0261491 0.22153 160.505
0.218623 -0.0225489 0.975549 225.765 -0.0225489 0.999349 0.0281523 11.1478 -0.975549 -0.0281523 0.217972 160.712
0.214477 -0.0183729 0.976556 226.715 -0.0183729 0.99957 0.022841 11.1793 -0.976556 -0.022841 0.214047 160.938
0.209756 -0.0168138 0.977609 227.667 -0.0168138 0.999642 0.0208003 11.2078 -0.977609 -0.0208003 0.209398 161.155
0.206654 -0.0138514 0.978316 228.619 -0.0138514 0.999758 0.0170809 11.2295 -0.978316 -0.0170809 0.206412 161.363
0.202353 -0.0138016 0.979215 229.565 -0.0138016 0.999761 0.0169433 11.2524 -0.979215 -0.0169433 0.202114 161.559
0.198402 -0.0146406 0.980011 230.527 -0.0146406 0.999733 0.0178992 11.2755 -0.980011 -0.0178992 0.198135 161.754
0.193996 -0.0137847 0.980906 231.48 -0.0137847 0.999764 0.0167759 11.2988 -0.980906 -0.0167759 0.19376 161.952
0.19099 -0.0129339 0.981507 232.442 -0.0129339 0.999793 0.0156916 11.32 -0.981507 -0.0156916 0.190783 162.134
0.187351 -0.00910833 0.982251 233.411 -0.00910833 0.999898 0.0110093 11.3374 -0.982251 -0.0110093 0.187249 162.332
0.183693 -0.00703216 0.982959 234.389 -0.00703216 0.999939 0.0084678 11.3592 -0.982959 -0.0084678 0.183632 162.52
0.179729 -0.0024345 0.983713 235.375 -0.0024345 0.999993 0.00291958 11.3733 -0.983713 -0.00291958 0.179722 162.716
0.177362 0.00326471 0.98414 236.363 0.00326471 0.999987 -0.00390565 11.3725 -0.98414 0.00390565 0.177349 162.904
0.174239 0.00732332 0.984676 237.335 0.00732332 0.999935 -0.00873267 11.3755 -0.984676 0.00873267 0.174174 163.089
0.171131 0.00990933 0.985198 238.289 0.00990933 0.999882 -0.0117783 11.3721 -0.985198 0.0117783 0.171013 163.264
0.167529 0.011716 0.985797 239.223 0.011716 0.999835 -0.0138739 11.3679 -0.985797 0.0138739 0.167365 163.438
0.16343 0.0133038 0.986465 240.14 0.0133038 0.999788 -0.0156876 11.3502 -0.986465 0.0156876 0.163219 163.612
0.160955 0.0125117 0.986882 241.079 0.0125117 0.999813 -0.0147162 11.3347 -0.986882 0.0147162 0.160768 163.763
0.157035 0.0125751 0.987513 242.01 0.0125751 0.999812 -0.0147314 11.3269 -0.987513 0.0147314 0.156847 163.923
0.152764 0.0122305 0.988187 242.96 0.0122305 0.999823 -0.0142653 11.3225 -0.988187 0.0142653 0.152587 164.081
0.147953 0.0138068 0.988898 243.918 0.0138068 0.999776 -0.0160243 11.3059 -0.988898 0.0160243 0.147729 164.242
0.142586 0.0159832 0.989653 244.888 0.0159832 0.999702 -0.0184483 11.2976 -0.989653 0.0184483 0.142288 164.399
0.136097 0.00845592 0.990659 245.859 0.00845592 0.999917 -0.00969661 11.2861 -0.990659 0.00969661 0.136014 164.534
0.13208 0.00918453 0.991196 246.841 0.00918453 0.999903 -0.0104891 11.278 -0.991196 0.0104891 0.131983 164.669
0.126753 0.0102766 0.991881 247.851 0.0102766 0.999879 -0.0116727 11.2586 -0.991881 0.0116727 0.126632 164.804
0.122219 0.0105256 0.992447 248.87 0.0105256 0.999874 -0.0119006 11.2472 -0.992447 0.0119006 0.122093 164.937
0.116918 0.0103194 0.993088 249.857 0.0103194 0.999879 -0.0116049 11.2437 -0.993088 0.0116049 0.116797 165.052
0.110243 0.0127411 0.993823 250.783 0.0127411 0.999818 -0.0142313 11.2431 -0.993823 0.0142313 0.110061 165.177
0.103465 0.0165403 0.994496 251.679 0.0165403 0.999695 -0.0183476 11.2451 -0.994496 0.0183476 0.10316 165.298
0.100217 0.0183388 0.994797 252.534 0.0183388 0.999626 -0.0202753 11.2344 -0.994797 0.0202753 0.0998433 165.378
0.0957627 0.0218769 0.995164 253.394 0.0218769 0.999471 -0.0240768 11.2151 -0.995164 0.0240768 0.0952334 165.469
0.0896975 0.027369 0.995593 254.263 0.027369 0.999177 -0.0299333 11.1957 -0.995593 0.0299333 0.0888746 165.57
0.0832305 0.0310754 0.996046 255.146 0.0310754 0.998947 -0.0337626 11.1778 -0.996046 0.0337626 0.0821772 165.65
0.0766428 0.0347073 0.996454 256.036 0.0347073 0.998695 -0.0374549 11.1533 -0.996454 0.0374549 0.0753382 165.727
0.0697406 0.0347671 0.996959 256.939 0.0347671 0.998701 -0.0372599 11.1173 -0.996959 0.0372599 0.0684412 165.79
0.0619645 0.0332376 0.997525 257.839 0.0332376 0.998822 -0.0353455 11.0883 -0.997525 0.0353455 0.0607867 165.855
0.0553851 0.0318333 0.997957 258.771 0.0318333 0.998927 -0.0336309 11.0643 -0.997957 0.0336309 0.0543123 165.907
0.0416939 0.0326715 0.998596 259.752 0.0326715 0.998886 -0.0340451 11.0387 -0.998596 0.0340451 0.04058 165.972
0.0416939 0.0326715 0.998596 260.732 0.0326715 0.998886 -0.0340451 11.013 -0.998596 0.0340451 0.04058 166.038
0.0352529 0.0333285 0.998823 261.681 0.0333285 0.998849 -0.0345057 10.9823 -0.998823 0.0345057 0.0341015 166.073
0.0295055 0.0356984 0.998927 262.627 0.0356984 0.998687 -0.0367443 10.945 -0.998927 0.0367443 0.0281924 166.109
0.025307 0.0447755 0.998676 263.511 0.0447755 0.997943 -0.0458773 10.9083 -0.998676 0.0458773 0.0232501 166.171
0.0207426 0.0510017 0.998483 264.384 0.0510017 0.997344 -0.052003 10.8658 -0.998483 0.052003 0.0180864 166.211
0.0193236 0.0464496 0.998734 265.274 0.0464496 0.9978 -0.0473049 10.8235 -0.998734 0.0473049 0.0171235 166.186
0.0176253 0.0382253 0.999114 266.172 0.0382253 0.998513 -0.0388767 10.7902 -0.999114 0.0388767 0.0161379 166.178
0.0151247 0.0375427 0.999181 267.086 0.0375427 0.998569 -0.038088 10.7685 -0.999181 0.038088 0.0136936 166.199
0.0121312 0.0360767 0.999275 267.996 0.0360767 0.998682 -0.0364933 10.7401 -0.999275 0.0364933 0.0108137 166.222
0.00860025 0.0347644 0.999359 268.916 0.0347644 0.998781 -0.0350435 10.723 -0.999359 0.0350435 0.0073812 166.267
0.00677459 0.033733 0.999408 269.832 0.033733 0.998854 -0.0339429 10.7038 -0.999408 0.0339429 0.00562891 166.28
0.00632636 0.0311093 0.999496 270.735 0.0311093 0.999026 -0.0312916 10.6763 -0.999496 0.0312916 0.00535241 166.281
0.00385542 0.0299405 0.999544 271.616 0.0299405 0.9991 -0.0300426 10.6615 -0.999544 0.0300426 0.00295552 166.322
0.00147708 0.0327702 0.999462 272.475 0.0327702 0.998925 -0.0328011 10.6421 -0.999462 0.0328011 0.000401604 166.369
0.000535924 0.0334284 0.999441 273.294 0.0334284 0.998882 -0.0334277 10.6227 -0.999441 0.0334277 -0.000582136 166.398
0.00189184 0.0340831 0.999417 274.123 0.0340831 0.998836 -0.0341278 10.602 -0.999417 0.0341278 0.000727975 166.415
0.00419548 0.0337702 0.999421 274.913 0.0337702 0.998855 -0.0338929 10.5751 -0.999421 0.0338929 0.00305024 166.417
0.00668402 0.0320415 0.999464 275.699 0.0320415 0.998966 -0.0322398 10.5515 -0.999464 0.0322398 0.00565045 166.421
0.00993277 0.0335604 0.999387 276.479 0.0335604 0.998862 -0.0338763 10.528 -0.999387 0.0338763 0.00879516 166.427
0.0129116 0.0348011 0.999311 277.236 0.0348011 0.998773 -0.035232 10.5098 -0.999311 0.035232 0.0116846 166.449
0.0165812 0.0357689 0.999223 278.006 0.0357689 0.998699 -0.0363437 10.4789 -0.999223 0.0363437 0.0152803 166.468
0.0209445 0.0403743 0.998965 278.78 0.0403743 0.998335 -0.0411954 10.4476 -0.998965 0.0411954 0.0192796 166.497
0.0253861 0.0418164 0.998803 279.547 0.0418164 0.998206 -0.0428543 10.4108 -0.998803 0.0428543 0.023592 166.519
0.0298514 0.041017 0.998712 280.307 0.041017 0.998266 -0.0422247 10.3845 -0.998712 0.0422247 0.0281172 166.541
0.0329291 0.041216 0.998607 281.067 0.041216 0.998243 -0.0425601 10.3497 -0.998607 0.0425601 0.0311725 166.575
0.036581 0.0434651 0.998385 281.824 0.0434651 0.998039 -0.0450426 10.3161 -0.998385 0.0450426 0.03462 166.612
0.0411816 0.0452483 0.998127 282.571 0.0452483 0.997865 -0.0471033 10.2821 -0.998127 0.0471033 0.0390462 166.642
0.0456374 0.0429579 0.998034 283.311 0.0429579 0.998066 -0.0449236 10.2417 -0.998034 0.0449236 0.0437038 166.669
0.0492953 0.0425763 0.997876 284.044 0.0425763 0.998093 -0.0446888 10.208 -0.997876 0.0446888 0.0473886 166.711
0.0522044 0.0440574 0.997664 284.768 0.0440574 0.997952 -0.0463755 10.1701 -0.997664 0.0463755 0.0501564 166.76
0.0539551 0.0459765 0.997484 285.481 0.0459765 0.997766 -0.0484763 10.1356 -0.997484 0.0484763 0.0517207 166.825
0.0574616 0.0506034 0.997064 286.173 0.0506034 0.997283 -0.0535308 10.1028 -0.997064 0.0535308 0.0547448 166.882
0.0607917 0.0536656 0.996707 286.848 0.0536656 0.996934 -0.056951 10.0692 -0.996707 0.056951 0.0577253 166.94
0.06425 0.0548583 0.996425 287.509 0.0548583 0.996784 -0.0584153 10.0297 -0.996425 0.0584153 0.0610339 166.989
0.0671917 0.0518431 0.996392 288.15 0.0518431 0.997119 -0.055377 9.9862 -0.996392 0.055377 0.0643104 167.024
0.0707257 0.0554727 0.995952 288.795 0.0554727 0.996689 -0.059453 9.96098 -0.995952 0.059453 0.0674143 167.085
0.0736116 0.0574244 0.995632 289.425 0.0574244 0.99644 -0.0617167 9.924 -0.995632 0.0617167 0.070052 167.14
0.0771508 0.0648656 0.994907 290.025 0.0648656 0.995441 -0.0699304 9.88739 -0.994907 0.0699304 0.0725915 167.215
0.0802824 0.0691964 0.994367 290.617 0.0691964 0.994794 -0.0748128 9.8442 -0.994367 0.0748128 0.0750763 167.286
0.0837196 0.0686168 0.994124 291.209 0.0686168 0.994862 -0.0744463 9.79908 -0.994124 0.0744463 0.0785812 167.331
0.0858512 0.0700685 0.993841 291.798 0.0700685 0.994629 -0.0761769 9.75398 -0.993841 0.0761769 0.0804805 167.398
0.0899098 0.0815123 0.992609 292.315 0.0815123 0.992699 -0.0889031 9.71109 -0.992609 0.0889031 0.0826091 167.492
0.0938192 0.0910877 0.991414 292.789 0.0910877 0.990844 -0.0996551 9.67966 -0.991414 0.0996551 0.0846633 167.57
0.0976327 0.0986379 0.990322 293.258 0.0986379 0.989218 -0.108252 9.63213 -0.990322 0.108252 0.0868506 167.643
0.100452 0.0994187 0.989962 293.767 0.0994187 0.989012 -0.109411 9.58105 -0.989962 0.109411 0.089464 167.689
0.101175 0.0925243 0.990557 294.249 0.0925243 0.990476 -0.101967 9.52777 -0.990557 0.101967 0.0916507 167.705
0.101979 0.0852033 0.991131 294.737 0.0852033 0.991916 -0.0940375 9.47878 -0.991131 0.0940375 0.0938951 167.74
0.101979 0.0852033 0.991131 295.225 0.0852033 0.991916 -0.0940375 9.42978 -0.991131 0.0940375 0.0938951 167.775
0.103952 0.0911204 0.990399 295.685 0.0911204 0.990734 -0.100715 9.38467 -0.990399 0.100715 0.0946854 167.838
0.10284 0.0902355 0.990597 296.164 0.0902355 0.990924 -0.0996332 9.33849 -0.990597 0.0996332 0.0937642 167.885
0.101569 0.0893461 0.990808 296.665 0.0893461 0.991115 -0.0985327 9.29577 -0.990808 0.0985327 0.0926836 167.931
0.0981271 0.0852733 0.991514 297.168 0.0852733 0.991937 -0.093749 9.2482 -0.991514 0.093749 0.0900644 167.98
0.0957791 0.081896 0.992028 297.684 0.081896 0.992583 -0.0898487 9.19993 -0.992028 0.0898487 0.0883617 168.015
0.0936073 0.0739076 0.992862 298.193 0.0739076 0.993974 -0.0809584 9.14943 -0.992862 0.0809584 0.0875808 168.02
0.0915064 0.065883 0.993623 298.708 0.065883 0.995222 -0.0720564 9.11346 -0.993623 0.0720564 0.0867287 168.029
0.0894987 0.0661648 0.993787 299.219 0.0661648 0.995192 -0.072217 9.0788 -0.993787 0.072217 0.0846906 168.073
0.0862142 0.0669232 0.994026 299.742 0.0669232 0.995099 -0.0727998 9.05181 -0.994026 0.0727998 0.0813129 168.124
0.0827721 0.0675992 0.994273 300.269 0.0675992 0.995018 -0.0732774 9.03606 -0.994273 0.0732774 0.0777901 168.178
0.0786583 0.0544386 0.995414 300.816 0.0544386 0.996783 -0.0588153 8.9984 -0.995414 0.0588153 0.0754417 168.207
0.0786583 0.0544386 0.995414 301.363 0.0544386 0.996783 -0.0588153 8.96074 -0.995414 0.0588153 0.0754417 168.235
0.0762601 0.0517864 0.995742 301.917 0.0517864 0.997097 -0.055823 8.93905 -0.995742 0.055823 0.0733568 168.265
0.0747745 0.0560195 0.995626 302.492 0.0560195 0.996608 -0.060282 8.91239 -0.995626 0.060282 0.0713827 168.311
0.0664198 0.0610341 0.995923 303.078 0.0610341 0.99601 -0.0651099 8.85964 -0.995923 0.0651099 0.0624297 168.455
0.059071 0.0533285 0.996828 303.705 0.0533285 0.996978 -0.0564967 8.8284 -0.996828 0.0564967 0.0560486 168.505
0.059071 0.0533285 0.996828 304.332 0.0533285 0.996978 -0.0564967 8.79717 -0.996828 0.0564967 0.0560486 168.555
0.0567715 0.0421214 0.997498 304.958 0.0421214 0.998119 -0.0445449 8.78309 -0.997498 0.0445449 0.0548905 168.545
0.0567715 0.0421214 0.997498 305.584 0.0421214 0.998119 -0.0445449 8.76901 -0.997498 0.0445449 0.0548905 168.536
0.0590758 0.0485239 0.997073 306.225 0.0485239 0.997498 -0.0514196 8.75432 -0.997073 0.0514196 0.0565734 168.527
0.0549007 0.0569316 0.996867 306.884 0.0569316 0.996571 -0.0600501 8.72781 -0.996867 0.0600501 0.0514713 168.56
0.0549007 0.0569316 0.996867 307.542 0.0569316 0.996571 -0.0600501 8.7013 -0.996867 0.0600501 0.0514713 168.594
0.0549265 0.0481413 0.997329 308.194 0.0481413 0.997548 -0.0508032 8.68053 -0.997329 0.0508032 0.0524742 168.575
0.0508039 0.0595514 0.996932 308.87 0.0595514 0.996264 -0.0625462 8.64632 -0.996932 0.0625462 0.0470678 168.636
0.0508039 0.0595514 0.996932 309.546 0.0595514 0.996264 -0.0625462 8.6121 -0.996932 0.0625462 0.0470678 168.696
0.0472585 0.0589631 0.997141 310.246 0.0589631 0.996351 -0.0617109 8.5676 -0.997141 0.0617109 0.0436094 168.753
0.0440331 0.0609823 0.997167 310.946 0.0609823 0.99611 -0.0636105 8.52917 -0.997167 0.0636105 0.040143 168.805
0.0394279 0.0605093 0.997389 311.651 0.0605093 0.996188 -0.0628285 8.51219 -0.997389 0.0628285 0.0356162 168.848
0.0472063 0.0558577 0.997322 312.262 0.0558577 0.996725 -0.0584682 8.5022 -0.997322 0.0584682 0.0439316 168.711
0.0472063 0.0558577 0.997322 312.872 0.0558577 0.996725 -0.0584682 8.49222 -0.997322 0.0584682 0.0439316 168.574
0.0495585 0.0472246 0.997654 313.541 0.0472246 0.997654 -0.0495705 8.46661 -0.997654 0.0495705 0.047212 168.516
0.0495585 0.0472246 0.997654 314.21 0.0472246 0.997654 -0.0495705 8.44099 -0.997654 0.0495705 0.047212 168.458
0.0526122 0.0510867 0.997307 314.894 0.0510867 0.997245 -0.0537786 8.41751 -0.997307 0.0537786 0.0498574 168.421
0.0564751 0.0535161 0.996969 315.581 0.0535161 0.996965 -0.0565474 8.39749 -0.996969 0.0565474 0.0534397 168.378
0.0522446 0.0548099 0.997129 316.332 0.0548099 0.99683 -0.0576652 8.35156 -0.997129 0.0576652 0.0490749 168.486
0.0522446 0.0548099 0.997129 317.084 0.0548099 0.99683 -0.0576652 8.30563 -0.997129 0.0576652 0.0490749 168.594
0.0476851 0.046596 0.997775 317.819 0.046596 0.99772 -0.0488203 8.26653 -0.997775 0.0488203 0.0454052 168.688
0.0512851 0.0466058 0.997596 318.625 0.0466058 0.99771 -0.0490071 8.24387 -0.997596 0.0490071 0.0489956 168.717
0.0624597 0.0387602 0.997295 319.426 0.0387602 0.998398 -0.0412306 8.22306 -0.997295 0.0412306 0.0608573 168.594
0.0639418 0.0261856 0.99761 320.213 0.0261856 0.999267 -0.0279075 8.19888 -0.99761 0.0279075 0.0632092 168.638
0.0639418 0.0261856 0.99761 321 0.0261856 0.999267 -0.0279075 8.1747 -0.99761 0.0279075 0.0632092 168.681
0.0611363 0.0308233 0.997653 321.823 0.0308233 0.998988 -0.0327534 8.14459 -0.997653 0.0327534 0.0601244 168.819
0.069322 0.0121644 0.99752 322.622 0.0121644 0.999841 -0.0130381 8.13134 -0.99752 0.0130381 0.069163 168.817
0.069322 0.0121644 0.99752 323.422 0.0121644 0.999841 -0.0130381 8.11808 -0.99752 0.0130381 0.069163 168.814
0.0742861 0.0157651 0.997112 324.239 0.0157651 0.999732 -0.016981 8.12875 -0.997112 0.016981 0.0740176 168.887
0.0742861 0.0157651 0.997112 325.057 0.0157651 0.999732 -0.016981 8.13941 -0.997112 0.016981 0.0740176 168.96
0.0789625 0.0115892 0.99681 325.874 0.0115892 0.999854 -0.0125426 8.12673 -0.99681 0.0125426 0.0788167 168.994
0.0850352 0.0136561 0.996284 326.719 0.0136561 0.999796 -0.0148698 8.12496 -0.996284 0.0148698 0.0848313 169.073
0.0850352 0.0136561 0.996284 327.564 0.0136561 0.999796 -0.0148698 8.12319 -0.996284 0.0148698 0.0848313 169.151
0.0877 0.0163687 0.996012 328.406 0.0163687 0.999706 -0.0178707 8.11595 -0.996012 0.0178707 0.0874063 169.236
0.0890414 0.017637 0.995872 329.257 0.017637 0.999659 -0.019281 8.10523 -0.995872 0.019281 0.0886999 169.333
0.0897765 0.0212583 0.995735 330.108 0.0212583 0.999504 -0.0232554 8.09725 -0.995735 0.0232554 0.08928 169.439
0.0909345 0.0234295 0.995581 330.972 0.0234295 0.999396 -0.0256593 8.0856 -0.995581 0.0256593 0.0903306 169.536
0.0937108 0.0252994 0.995278 331.851 0.0252994 0.999294 -0.0277836 8.07008 -0.995278 0.0277836 0.0930046 169.625
0.096102 0.0247734 0.995063 332.731 0.0247734 0.999321 -0.027272 8.05522 -0.995063 0.027272 0.095423 169.697
0.0973875 0.019849 0.995049 333.634 0.019849 0.999564 -0.0218817 8.03716 -0.995049 0.0218817 0.096951 169.772
0.0977712 0.0141309 0.995109 334.547 0.0141309 0.999779 -0.0155856 8.02445 -0.995109 0.0155856 0.0975499 169.851
0.101444 0.0110031 0.99478 335.486 0.0110031 0.999865 -0.0121814 8.01075 -0.99478 0.0121814 0.10131 169.911
0.102287 0.0183469 0.994586 336.451 0.0183469 0.999625 -0.0203268 8.00947 -0.994586 0.0203268 0.101912 170.038
0.103383 0.0303198 0.994179 337.401 0.0303198 0.998975 -0.033619 7.98008 -0.994179 0.033619 0.102358 170.19
0.100521 0.0371096 0.994243 338.381 0.0371096 0.998469 -0.0410193 7.9525 -0.994243 0.0410193 0.09899 170.342
0.100521 0.0371096 0.994243 339.36 0.0371096 0.998469 -0.0410193 7.92492 -0.994243 0.0410193 0.09899 170.494
0.100513 0.0367009 0.994259 340.31 0.0367009 0.998503 -0.0405678 7.8927 -0.994259 0.0405678 0.0990155 170.594
0.100459 0.0389736 0.994178 341.238 0.0389736 0.998311 -0.0430738 7.85824 -0.994178 0.0430738 0.09877 170.702
0.10111 0.0420573 0.993986 342.181 0.0420573 0.998032 -0.0465066 7.82286 -0.993986 0.0465066 0.0991419 170.811
0.100826 0.054452 0.993413 343.053 0.054452 0.996703 -0.0601589 7.78225 -0.993413 0.0601589 0.097529 170.966
0.102897 0.0529868 0.99328 343.988 0.0529868 0.99687 -0.0586674 7.73264 -0.99328 0.0586674 0.0997673 171.049
0.102897 0.0529868 0.99328 344.924 0.0529868 0.99687 -0.0586674 7.68303 -0.99328 0.0586674 0.0997673 171.132
0.103053 0.051871 0.993322 345.833 0.051871 0.997 -0.0574444 7.62828 -0.993322 0.0574444 0.100053 171.22
0.102415 0.0504573 0.993461 346.732 0.0504573 0.997164 -0.055847 7.58701 -0.993461 0.055847 0.099579 171.323
0.103428 0.0475404 0.9935 347.638 0.0475404 0.997479 -0.05268 7.54255 -0.9935 0.05268 0.100907 171.415
0.104163 0.0444272 0.993567 348.543 0.0444272 0.997797 -0.0492739 7.49241 -0.993567 0.0492739 0.101959 171.509
0.103935 0.0388141 0.993826 349.446 0.0388141 0.998319 -0.0430487 7.45152 -0.993826 0.0430487 0.102254 171.61
0.104992 0.0357838 0.993829 350.384 0.0357838 0.998569 -0.0397349 7.41781 -0.993829 0.0397349 0.103561 171.719
0.107685 0.0321378 0.993666 351.28 0.0321378 0.998843 -0.035788 7.39415 -0.993666 0.035788 0.106527 171.81
0.110954 0.0283332 0.993422 352.153 0.0283332 0.999097 -0.0316596 7.37041 -0.993422 0.0316596 0.110051 171.899
0.112057 0.0357956 0.993057 353.024 0.0357956 0.998557 -0.040033 7.34914 -0.993057 0.040033 0.110614 172.05
0.118703 0.0358454 0.992283 353.882 0.0358454 0.998542 -0.0403596 7.32464 -0.992283 0.0403596 0.117245 172.151
0.118703 0.0358454 0.992283 354.74 0.0358454 0.998542 -0.0403596 7.30013 -0.992283 0.0403596 0.117245 172.251
0.121745 0.0369002 0.991875 355.634 0.0369002 0.99845 -0.041674 7.26663 -0.991875 0.041674 0.120194 172.384
0.12498 0.0396933 0.991365 356.515 0.0396933 0.998199 -0.044971 7.23289 -0.991365 0.044971 0.12318 172.527
0.131627 0.0373231 0.990596 357.437 0.0373231 0.998396 -0.0425764 7.19542 -0.990596 0.0425764 0.130023 172.628
0.141134 0.0431258 0.989051 358.345 0.0431258 0.997835 -0.0496627 7.16003 -0.989051 0.0496627 0.138968 172.784
0.141134 0.0431258 0.989051 359.253 0.0431258 0.997835 -0.0496627 7.12464 -0.989051 0.0496627 0.138968 172.939
0.147812 0.0437328 0.988048 360.165 0.0437328 0.997756 -0.0507049 7.08453 -0.988048 0.0507049 0.145568 173.076
0.152534 0.0455068 0.98725 361.074 0.0455068 0.997556 -0.0530128 7.04028 -0.98725 0.0530128 0.15009 173.284
0.159406 0.0427739 0.986286 362.004 0.0427739 0.997823 -0.0501875 6.99991 -0.986286 0.0501875 0.157229 173.48
0.169137 0.0441198 0.984605 362.903 0.0441198 0.997657 -0.0522837 6.96029 -0.984605 0.0522837 0.166794 173.625
0.179034 0.0442143 0.982849 363.77 0.0442143 0.997619 -0.0529327 6.91898 -0.982849 0.0529327 0.176652 173.779
0.188916 0.0434316 0.981032 364.628 0.0434316 0.997674 -0.0525319 6.87088 -0.981032 0.0525319 0.18659 173.939
0.197357 0.0429361 0.979391 365.45 0.0429361 0.997703 -0.0523909 6.83936 -0.979391 0.0523909 0.19506 174.163
0.214628 0.0432087 0.97574 366.297 0.0432087 0.997623 -0.0536822 6.79528 -0.97574 0.0536822 0.212251 174.351
0.214628 0.0432087 0.97574 367.145 0.0432087 0.997623 -0.0536822 6.75119 -0.97574 0.0536822 0.212251 174.54
0.221757 0.0424852 0.974176 368.005 0.0424852 0.997681 -0.0531814 6.70904 -0.974176 0.0531814 0.219438 174.749
0.228042 0.0421701 0.972738 368.853 0.0421701 0.997696 -0.0531382 6.65944 -0.972738 0.0531382 0.225738 174.941
0.233916 0.0421273 0.971344 369.693 0.0421273 0.997683 -0.0534146 6.6212 -0.971344 0.0534146 0.2316 175.136
0.238997 0.0411566 0.970148 370.531 0.0411566 0.997774 -0.0524676 6.57874 -0.970148 0.0524676 0.236771 175.335
0.243642 0.0417964 0.968964 371.387 0.0417964 0.99769 -0.0535451 6.53886 -0.968964 0.0535451 0.241332 175.558
0.247989 0.0388603 0.967983 372.2 0.0388603 0.997992 -0.0500207 6.49585 -0.967983 0.0500207 0.245981 175.753
0.252216 0.0396663 0.966858 373.024 0.0396663 0.997896 -0.0512871 6.45979 -0.966858 0.0512871 0.250112 175.98
0.256033 0.0394971 0.965861 373.854 0.0394971 0.997903 -0.0512774 6.4152 -0.965861 0.0512774 0.253936 176.211
0.260971 0.0385056 0.964578 374.696 0.0385056 0.997994 -0.0502574 6.37904 -0.964578 0.0502574 0.258965 176.436
0.265486 0.0379551 0.963367 375.53 0.0379551 0.998039 -0.0497808 6.33958 -0.963367 0.0497808 0.263524 176.67
0.270072 0.0360625 0.962165 376.355 0.0360625 0.998218 -0.0475363 6.30274 -0.962165 0.0475363 0.26829 176.899
0.274978 0.0352949 0.960802 377.195 0.0352949 0.998282 -0.046773 6.26782 -0.960802 0.046773 0.27326 177.14
0.279124 0.0364453 0.959563 378.05 0.0364453 0.998157 -0.0485126 6.23489 -0.959563 0.0485126 0.277281 177.407
0.283009 0.0361382 0.958436 378.912 0.0361382 0.998179 -0.0483076 6.19362 -0.958436 0.0483076 0.281188 177.668
0.28865 0.0377979 0.956688 379.782 0.0377979 0.997992 -0.050834 6.1579 -0.956688 0.050834 0.286642 177.927
0.293098 0.0385589 0.955305 380.637 0.0385589 0.997897 -0.0521083 6.11431 -0.955305 0.0521083 0.290994 178.194
0.296988 0.0346974 0.954251 381.459 0.0346974 0.998287 -0.0470974 6.07553 -0.954251 0.0470974 0.295276 178.431
0.301059 0.0363124 0.952914 382.299 0.0363124 0.998113 -0.0495072 6.04428 -0.952914 0.0495072 0.299173 178.707
0.304254 0.0391841 0.951785 383.134 0.0391841 0.997793 -0.0536041 6.01 -0.951785 0.0536041 0.302047 178.988
0.305291 0.0447131 0.951209 383.979 0.0447131 0.997122 -0.061222 5.97037 -0.951209 0.061222 0.302413 179.303
0.306727 0.0444323 0.95076 384.804 0.0444323 0.997152 -0.0609347 5.91497 -0.95076 0.0609347 0.303879 179.554
0.309938 0.0469449 0.949597 385.645 0.0469449 0.996806 -0.064601 5.8666 -0.949597 0.064601 0.306744 179.803
0.309909 0.0459176 0.949657 386.456 0.0459176 0.996945 -0.0631887 5.81645 -0.949657 0.0631887 0.306854 180.068
0.311873 0.0458691 0.949016 387.27 0.0458691 0.996942 -0.0632594 5.7653 -0.949016 0.0632594 0.308815 180.327
0.311129 0.0467674 0.949216 388.088 0.0467674 0.996825 -0.0644422 5.71057 -0.949216 0.0644422 0.307954 180.623
0.312516 0.0493051 0.948632 388.914 0.0493051 0.996464 -0.0680342 5.65804 -0.948632 0.0680342 0.30898 180.907
0.312528 0.0504025 0.94857 389.747 0.0504025 0.996305 -0.0695451 5.60533 -0.94857 0.0695451 0.308833 181.19
0.310997 0.0508514 0.94905 390.587 0.0508514 0.996247 -0.0700439 5.54831 -0.94905 0.0700439 0.307244 181.481
0.31062 0.0527225 0.949071 391.433 0.0527225 0.995968 -0.0725832 5.49291 -0.949071 0.0725832 0.306588 181.767
0.308138 0.0510229 0.949972 392.267 0.0510229 0.996237 -0.0700578 5.44329 -0.949972 0.0700578 0.304375 182.063
0.308156 0.0514839 0.949942 393.127 0.0514839 0.996169 -0.0706904 5.39211 -0.949942 0.0706904 0.304325 182.34
0.30811 0.052988 0.949874 393.988 0.052988 0.995942 -0.0727456 5.3449 -0.949874 0.0727456 0.304052 182.608
0.307571 0.0506773 0.950175 394.844 0.0506773 0.996291 -0.0695411 5.27603 -0.950175 0.0695411 0.303862 182.87
0.305936 0.0499405 0.950742 395.674 0.0499405 0.996407 -0.0684094 5.21625 -0.950742 0.0684094 0.302342 183.142
0.307637 0.0522909 0.950066 396.485 0.0522909 0.996051 -0.0717541 5.18049 -0.950066 0.0717541 0.303688 183.396
0.307238 0.0530019 0.950156 397.283 0.0530019 0.995945 -0.0726945 5.12506 -0.950156 0.0726945 0.303182 183.671
0.304999 0.0534522 0.950851 398.095 0.0534522 0.995889 -0.0731295 5.06093 -0.950851 0.0731295 0.300888 183.959
0.305658 0.0541564 0.9506 398.929 0.0541564 0.995776 -0.0741437 5.00635 -0.9506 0.0741437 0.301434 184.221
0.306881 0.0544077 0.950191 399.771 0.0544077 0.995729 -0.0745871 4.94852 -0.950191 0.0745871 0.30261 184.484
0.305746 0.0570844 0.9504 400.579 0.0570844 0.995306 -0.0781457 4.89767 -0.9504 0.0781457 0.301052 184.78
0.305126 0.0564844 0.950635 401.409 0.0564844 0.995409 -0.0772745 4.84435 -0.950635 0.0772745 0.300535 185.059
0.305126 0.0564844 0.950635 402.24 0.0564844 0.995409 -0.0772745 4.79102 -0.950635 0.0772745 0.300535 185.338
0.303748 0.0595446 0.95089 403.044 0.0595446 0.994908 -0.0813217 4.71752 -0.95089 0.0813217 0.298656 185.648
0.301993 0.0555761 0.951689 403.886 0.0555761 0.995575 -0.0757745 4.64979 -0.951689 0.0757745 0.297568 185.926
0.299965 0.0537539 0.952435 404.725 0.0537539 0.995872 -0.073135 4.59421 -0.952435 0.073135 0.295837 186.219
0.303194 0.0496165 0.951636 405.582 0.0496165 0.996467 -0.0677619 4.53638 -0.951636 0.0677619 0.299661 186.439
0.306051 0.0400958 0.95117 406.444 0.0400958 0.997683 -0.0549579 4.48062 -0.95117 0.0549579 0.303734 186.688
0.306051 0.0400958 0.95117 407.305 0.0400958 0.997683 -0.0549579 4.42486 -0.95117 0.0549579 0.303734 186.936
0.306806 0.0387152 0.950984 408.146 0.0387152 0.997838 -0.0531129 4.38432 -0.950984 0.0531129 0.304644 187.199
0.307475 0.0388566 0.950763 409.003 0.0388566 0.99782 -0.0533459 4.34657 -0.950763 0.0533459 0.305295 187.484
0.308094 0.0356478 0.950688 409.893 0.0356478 0.998163 -0.0489805 4.30189 -0.950688 0.0489805 0.306257 187.766
0.30907 0.0297452 0.950574 410.782 0.0297452 0.998719 -0.0409231 4.25319 -0.950574 0.0409231 0.307789 188.012
0.309077 0.0293349 0.950584 411.678 0.0293349 0.998755 -0.0403594 4.22018 -0.950584 0.0403594 0.307832 188.306
0.311839 0.0352106 0.949482 412.577 0.0352106 0.998198 -0.0485814 4.20043 -0.949482 0.0485814 0.310038 188.63
0.31477 0.0302687 0.948685 413.466 0.0302687 0.998663 -0.0419063 4.16856 -0.948685 0.0419063 0.313433 188.884
0.31477 0.0302687 0.948685 414.355 0.0302687 0.998663 -0.0419063 4.1367 -0.948685 0.0419063 0.313433 189.139
0.314681 0.0309787 0.948692 415.245 0.0309787 0.9986 -0.0428841 4.09914 -0.948692 0.0428841 0.313281 189.445
0.314681 0.0309787 0.948692 416.135 0.0309787 0.9986 -0.0428841 4.06159 -0.948692 0.0428841 0.313281 189.751
0.314881 0.0301879 0.948651 417 0.0301879 0.99867 -0.0417997 4.0349 -0.948651 0.0417997 0.313551 190.028
0.315805 0.0258869 0.948471 417.834 0.0258869 0.999021 -0.0358859 3.99419 -0.948471 0.0358859 0.314825 190.262
0.315949 0.0244654 0.948461 418.655 0.0244654 0.999125 -0.0339221 3.96189 -0.948461 0.0339221 0.315074 190.523
