0.999997 -0.00225502 -0.00085052 -0.0332714 0.00225337 0.999996 -0.00193479 -0.0106501 0.000854879 0.00193287 0.999998 0.665833
0.999962 -0.00357039 -0.00800005 -0.0572275 0.00354158 0.999987 -0.00361221 -0.011952 0.00801285 0.00358374 0.999961 1.32848
0.999968 -0.00109617 -0.00797551 -0.0769779 0.00106728 0.999993 -0.00362588 -0.0319882 0.00797943 0.00361725 0.999962 2.0048
0.999908 0.00103062 -0.0134963 -0.119254 -0.00108803 0.99999 -0.00424703 -0.043654 0.0134918 0.00426132 0.9999 2.67849
0.999862 0.00151788 -0.0165271 -0.1084 -0.00159602 0.999988 -0.0047158 -0.0528439 0.0165197 0.00474153 0.999852 3.50978
0.99982 0.00198928 -0.0188934 -0.167487 -0.00209617 0.999982 -0.00563896 -0.0614891 0.0188818 0.00567755 0.999806 4.23242
0.999655 0.00922736 -0.02461 -0.179803 -0.00938767 0.999935 -0.0064064 -0.0723515 0.0245492 0.00663522 0.999677 5.04611
0.999558 0.00275781 -0.029611 -0.200193 -0.00289603 0.999985 -0.00462629 -0.0814034 0.0295978 0.00470999 0.999551 5.73918
0.999391 -0.0013544 -0.0348775 -0.208589 0.00124724 0.999994 -0.00309408 -0.0792643 0.0348815 0.0030487 0.999387 6.50176
0.999297 -0.00260153 -0.0373928 -0.252697 0.0026077 0.999997 0.000116215 -0.0887524 0.0373924 -0.000213642 0.999301 7.27382
0.999232 0.00108419 -0.039162 -0.28719 -0.00112014 0.999999 -0.000896059 -0.0923683 0.039161 0.000939238 0.999232 8.04669
0.99914 0.000230122 -0.0414743 -0.34285 -0.000263775 1 -0.000805947 -0.100951 0.0414741 0.000816194 0.999139 8.86562
0.999024 -0.00448669 -0.04394 -0.35826 0.00442587 0.999989 -0.0014813 -0.107753 0.0439461 0.00128538 0.999033 9.6559
0.999019 -0.0035717 -0.0441497 -0.389867 0.00355398 0.999994 -0.000479893 -0.121567 0.0441511 0.000322515 0.999025 10.4762
0.998931 -0.00511834 -0.0459326 -0.432783 0.00509354 0.999987 -0.000656967 -0.124868 0.0459353 0.000422306 0.998944 11.3245
0.99883 0.0037261 -0.0482102 -0.475295 -0.00383279 0.99999 -0.00212077 -0.139135 0.0482019 0.00230307 0.998835 12.1271
0.998818 0.00738693 -0.0480444 -0.543997 -0.00763813 0.999958 -0.00504683 -0.144172 0.0480051 0.00540783 0.998832 12.9042
0.998692 0.0036882 -0.0509948 -0.582775 -0.00402041 0.999971 -0.00641342 -0.152657 0.0509697 0.00661005 0.998678 13.7151
0.998651 0.00163608 -0.0519072 -0.617315 -0.0019747 0.999977 -0.00647304 -0.162394 0.0518954 0.00656681 0.998631 14.5367
0.998601 0.00192681 -0.0528489 -0.631109 -0.00215517 0.999989 -0.00426426 -0.179721 0.0528401 0.00437219 0.998593 15.2933
0.998455 0.00419322 -0.055404 -0.671271 -0.00433238 0.999988 -0.00239196 -0.193981 0.0553933 0.0026283 0.998461 16.1135
0.998501 0.000513681 -0.0547244 -0.72378 -0.000682872 0.999995 -0.00307304 -0.209015 0.0547225 0.00310581 0.998497 16.963
0.998294 0.00109197 -0.0583794 -0.760575 -0.00126911 0.999995 -0.00299734 -0.22367 0.0583758 0.00306631 0.99829 17.7999
0.998405 0.00391035 -0.0563234 -0.806004 -0.00418758 0.99998 -0.00480494 -0.238042 0.0563035 0.00503314 0.998401 18.5661
0.998101 0.00178788 -0.061573 -0.813479 -0.00186497 0.999998 -0.00119454 -0.255244 0.0615707 0.0013071 0.998102 19.3847
0.998287 -0.00103517 -0.0584968 -0.897069 0.00106894 0.999999 0.000545966 -0.256653 0.0584962 -0.00060756 0.998287 20.2598
0.998271 0.00502897 -0.0585613 -0.913694 -0.00471842 0.999974 0.00544002 -0.278807 0.0585872 -0.0051543 0.998269 21.0798
0.998351 0.003695 -0.0572886 -0.96552 -0.00325409 0.999964 0.00778771 -0.280479 0.0573154 -0.00758845 0.998327 21.941
0.998484 -0.00195912 -0.0549992 -1.0097 0.00242803 0.999961 0.00846024 -0.281408 0.0549805 -0.00858095 0.998451 22.9009
0.998587 0.00335616 -0.0530415 -1.02745 -0.00304582 0.999978 0.00593059 -0.291919 0.0530602 -0.00576065 0.998575 23.7469
0.998529 0.00444472 -0.0540404 -1.12364 -0.0043814 0.99999 0.00129012 -0.293318 0.0540456 -0.00105145 0.998538 24.7245
0.998662 0.000695054 -0.0517012 -1.18209 -0.000816474 0.999997 -0.00232742 -0.295363 0.0516995 0.00236652 0.99866 25.6495
0.998576 -0.00397956 -0.0532038 -1.20551 0.00392464 0.999992 -0.00113666 -0.315687 0.0532079 0.000926239 0.998583 26.5334
0.998683 -0.00520938 -0.051031 -1.26809 0.00538491 0.99998 0.00330288 -0.315038 0.0510128 -0.00357333 0.998692 27.4836
0.998539 -0.00677895 -0.0536084 -1.30888 0.00715382 0.999951 0.00680399 -0.328414 0.0535596 -0.00717756 0.998539 28.3783
0.99849 -0.0120065 -0.0536006 -1.36115 0.0123214 0.999909 0.00554914 -0.330272 0.053529 -0.0062012 0.998547 29.332
0.997734 -0.00515975 -0.067085 -1.25848 0.00541261 0.999979 0.00358801 -0.304079 0.0670651 -0.00394299 0.997741 30.158
0.998431 -0.000828643 -0.055997 -1.39627 0.000725104 0.999998 -0.0018693 -0.330863 0.0559984 0.00182577 0.998429 31.1412
0.997845 0.00170632 -0.0655927 -1.40786 -0.0018388 0.999996 -0.00195949 -0.33217 0.0655891 0.00207588 0.997845 31.9856
0.998089 0.00186713 -0.0617674 -1.50715 -0.00189394 0.999998 -0.000375479 -0.34367 0.0617666 0.000491745 0.998091 32.861
0.997989 0.00531044 -0.0631691 -1.56349 -0.005174 0.999984 0.00232338 -0.355179 0.0631804 -0.00199187 0.998 33.7429
0.99788 0.0029506 -0.0650086 -1.64084 -0.00274754 0.999991 0.00321282 -0.358243 0.0650175 -0.0030274 0.99788 34.6655
0.997885 0.00117727 -0.0649995 -1.71514 -0.000745716 0.999978 0.00666325 -0.369101 0.0650059 -0.00660069 0.997863 35.5996
0.997916 -0.000998299 -0.0645133 -1.78043 0.00162061 0.999953 0.00959456 -0.372402 0.0645007 -0.00967912 0.997871 36.5267
0.997935 0.00725781 -0.0638255 -1.85943 -0.00649435 0.999905 0.0121609 -0.375106 0.0639077 -0.0117213 0.997887 37.5054
0.997861 0.00687751 -0.065014 -1.94566 -0.00613942 0.999914 0.0115457 -0.382692 0.0650878 -0.0111218 0.997818 38.453
0.997842 0.000852161 -0.0656576 -1.99014 -0.000224553 0.999954 0.00956559 -0.383727 0.0656628 -0.0095302 0.997796 39.4909
0.997943 0.00189734 -0.0640827 -2.06916 -0.00137849 0.999966 0.00813983 -0.388796 0.064096 -0.00803475 0.997911 40.5
0.997672 -0.000287681 -0.0681989 -2.1285 0.000792026 0.999973 0.00736828 -0.389637 0.0681949 -0.00740514 0.997645 41.5137
0.997722 -0.00149484 -0.0674409 -2.18381 0.00209151 0.999959 0.00877747 -0.39671 0.067425 -0.00889853 0.997685 42.4866
0.997401 -0.00390093 -0.0719431 -2.23935 0.0045766 0.999947 0.00922922 -0.399808 0.0719033 -0.00953449 0.997366 43.4475
0.997439 0.0010503 -0.0715148 -2.33074 -0.000614038 0.999981 0.00612203 -0.401685 0.0715198 -0.00606244 0.997421 44.4266
0.997286 0.0027604 -0.0735799 -2.40558 -0.0026146 0.999994 0.00207776 -0.405616 0.0735852 -0.00187974 0.997287 45.3756
0.997352 0.00320949 -0.0726602 -2.48844 -0.00312669 0.999994 0.0012533 -0.415799 0.0726638 -0.00102279 0.997356 46.3555
0.997296 0.000623497 -0.0734876 -2.5384 -0.000299029 0.99999 0.0044262 -0.42874 0.0734896 -0.00439225 0.997286 47.2142
0.997255 -0.00514876 -0.0738704 -2.60956 0.00566431 0.999961 0.0067713 -0.429395 0.0738326 -0.00717114 0.997245 48.081
0.997194 -0.0017878 -0.0748374 -2.65863 0.00238936 0.999966 0.00794958 -0.447878 0.0748206 -0.00810608 0.997164 49.0108
0.997318 -0.00344392 -0.0731111 -2.74159 0.00391474 0.999973 0.00629751 -0.459084 0.0730874 -0.00656683 0.997304 49.9027
0.997296 -0.00226784 -0.0734525 -2.81026 0.00267964 0.999981 0.00550829 -0.474368 0.0734387 -0.00569022 0.997284 50.8188
0.997088 -0.00407738 -0.0761518 -2.87251 0.00454453 0.999972 0.00596217 -0.475676 0.0761253 -0.00629088 0.997078 51.6996
0.997202 0.00290202 -0.0747033 -2.93763 -0.00209019 0.999938 0.0109433 -0.498525 0.0747304 -0.0107566 0.997146 52.5768
0.997239 0.000763719 -0.0742548 -3.00285 0.000375177 0.999883 0.0153225 -0.502782 0.0742577 -0.0153081 0.997122 53.4786
0.997082 -0.00288056 -0.0762894 -3.06226 0.0041852 0.999848 0.0169468 -0.503751 0.076229 -0.0172166 0.996942 54.4454
0.996936 0.00456303 -0.078085 -3.1484 -0.00354303 0.999907 0.0131962 -0.504304 0.078138 -0.0128791 0.996859 55.4115
0.996869 0.00360944 -0.0789897 -3.23411 -0.00318013 0.999979 0.00556024 -0.513445 0.0790082 -0.00529163 0.99686 56.3809
0.996829 0.00538954 -0.0793874 -3.32175 -0.00534152 0.999985 0.000817236 -0.518024 0.0793906 -0.000390596 0.996844 57.3063
0.996645 0.00512285 -0.0816853 -3.38699 -0.00496631 0.999985 0.00211944 -0.525587 0.0816949 -0.00170665 0.996656 58.1717
0.996714 0.00908124 -0.0804939 -3.497 -0.0087119 0.99995 0.00493843 -0.537781 0.0805347 -0.00422095 0.996743 59.0763
0.996585 0.00580512 -0.0823639 -3.55562 -0.00530005 0.999966 0.00634946 -0.550327 0.0823979 -0.00589125 0.996582 59.9382
0.99643 0.00067182 -0.0844228 -3.63662 -0.000124128 0.999979 0.00649258 -0.558433 0.0844254 -0.00645892 0.996409 60.7625
0.996523 0.00525345 -0.0831472 -3.7478 -0.00472622 0.999967 0.00653648 -0.564266 0.0831788 -0.00612078 0.996516 61.6462
0.996202 0.002034 -0.0870465 -3.8051 -0.00137807 0.99997 0.0075948 -0.569483 0.0870594 -0.007446 0.996175 62.4652
0.996125 0.000751695 -0.0879445 -3.89278 -2.53484e-005 0.999966 0.00825998 -0.580831 0.0879477 -0.00822574 0.996091 63.3206
0.995949 0.000509178 -0.0899182 -3.96209 0.000375404 0.999952 0.00982044 -0.591857 0.0899189 -0.00981441 0.995901 64.1215
0.99569 -0.00157321 -0.092732 -4.02919 0.00266489 0.999929 0.0116498 -0.593534 0.092707 -0.0118467 0.995623 64.9231
0.995822 0.0056671 -0.0911447 -4.12748 -0.00411912 0.999844 0.0171629 -0.602461 0.0912278 -0.0167157 0.99569 65.7443
0.995417 0.00206819 -0.0956111 -4.20956 -0.000403035 0.999848 0.017432 -0.589629 0.0956326 -0.0173136 0.995266 66.5601
0.995586 0.00637052 -0.0936373 -4.33881 -0.00506088 0.999886 0.0142171 -0.591936 0.0937172 -0.0136805 0.995505 67.3822
0.995276 0.00436204 -0.0969849 -4.38726 -0.00366924 0.999966 0.00732053 -0.60731 0.0970136 -0.00693009 0.995259 68.132
0.99543 0.000150149 -0.0954986 -4.49977 -4.81187e-005 0.999999 0.0010707 -0.603947 0.0954987 -0.00106121 0.995429 68.9052
0.994535 -0.00407954 -0.104326 -4.40172 0.00386454 0.99999 -0.00226288 -0.575906 0.104334 0.00184734 0.994541 69.5411
0.99536 0.00373355 -0.0961455 -4.64024 -0.00340622 0.999988 0.0035684 -0.617852 0.0961577 -0.00322435 0.995361 70.2569
0.994322 0.00161551 -0.106398 -4.62497 -0.00130413 0.999995 0.00299609 -0.615953 0.106403 -0.00284032 0.994319 70.9234
0.995343 -0.00236338 -0.0963632 -4.76545 0.00251002 0.999996 0.00140057 -0.627921 0.0963594 -0.00163592 0.995345 71.6024
0.994542 -0.0133551 -0.103475 -4.74308 0.0129105 0.999904 -0.00496526 -0.644101 0.103532 0.00360225 0.99462 72.2532
0.995034 -0.0111429 -0.0989146 -4.80978 0.0102618 0.999903 -0.00941141 -0.65237 0.0990099 0.00834962 0.995051 72.8568
0.995021 -0.00192577 -0.0996475 -4.86248 0.000895035 0.999946 -0.0103875 -0.661648 0.099662 0.0102466 0.994969 73.4619
0.995342 0.00605878 -0.0962176 -4.90137 -0.00676353 0.999953 -0.00700009 -0.674341 0.0961706 0.00761825 0.995336 74.013
0.995867 0.00186462 -0.0908089 -4.97074 -0.0022427 0.999989 -0.00406168 -0.67268 0.0908003 0.00424855 0.99586 74.5174
0.996268 -0.0073369 -0.086002 -5.02172 0.0073394 0.999973 -0.00028719 -0.686742 0.0860018 -0.000345084 0.996295 75.0543
0.996934 -0.00952391 -0.0776696 -5.04236 0.00976507 0.999949 0.00272574 -0.701965 0.0776396 -0.00347583 0.996975 75.6126
0.997856 -0.00115992 -0.0654369 -5.08516 0.0013489 0.999995 0.00284385 -0.706263 0.0654333 -0.00292602 0.997853 76.08
0.998656 0.00876548 -0.0510896 -5.10659 -0.00863897 0.999959 0.00269665 -0.711702 0.0511112 -0.00225166 0.99869 76.6397
0.999432 0.00901302 -0.0324661 -5.12906 -0.00890744 0.999955 0.00339528 -0.715665 0.0324952 -0.00310416 0.999467 77.1481
0.999929 0.0024828 -0.0116539 -5.11575 -0.00243539 0.999989 0.00408083 -0.720036 0.0116639 -0.00405216 0.999924 77.6513
0.999875 -0.00595393 0.014631 -5.08019 0.00586857 0.999966 0.00587024 -0.732553 -0.0146654 -0.00578364 0.999876 78.1449
0.998981 -0.00306331 0.0450339 -5.04766 0.00273149 0.999969 0.00742772 -0.735624 -0.0450552 -0.00729714 0.998958 78.639
0.99714 -0.00302361 0.0755204 -4.96512 0.00228994 0.999949 0.00979962 -0.748713 -0.0755462 -0.00959865 0.997096 79.1312
0.99326 0.00140942 0.115902 -4.90438 -0.0025518 0.99995 0.0097086 -0.746942 -0.115883 -0.00993892 0.993213 79.6039
0.987717 -0.000804217 0.156252 -4.80726 -0.000902008 0.999941 0.0108485 -0.751455 -0.156252 -0.0108562 0.987658 80.0879
0.979137 0.001842 0.203195 -4.7077 -0.00407025 0.999936 0.0105487 -0.75468 -0.203163 -0.0111557 0.979081 80.5247
0.968117 -0.000164475 0.250498 -4.53799 -0.00226706 0.999953 0.00941824 -0.763166 -0.250488 -0.00968585 0.968071 80.974
0.952741 -0.000215448 0.303785 -4.36823 -0.00171167 0.99998 0.00607741 -0.766877 -0.30378 -0.00631018 0.952721 81.3985
0.932767 -0.00179342 0.360475 -4.17919 -0.000322485 0.999983 0.00580953 -0.772676 -0.360479 -0.00553519 0.932751 81.7968
0.909139 -0.00175134 0.416488 -3.95334 0.000208737 0.999993 0.00374933 -0.768204 -0.416492 -0.00332173 0.909133 82.1695
0.880035 -0.00126133 0.474907 -3.71111 -0.000267065 0.999995 0.00315083 -0.771943 -0.474908 -0.00289968 0.880031 82.5228
0.847766 -0.00446054 0.530352 -3.4507 0.00366388 0.99999 0.00255375 -0.773326 -0.530358 -0.000221834 0.847774 82.8479
0.811277 -0.00437494 0.584646 -3.17628 0.00289748 0.99999 0.00346232 -0.784291 -0.584655 -0.0011149 0.811281 83.1517
0.772779 -0.00381851 0.634664 -2.87733 0.00120229 0.999989 0.0045526 -0.783226 -0.634674 -0.0027551 0.772775 83.4328
0.729806 -0.00121418 0.683653 -2.56319 -0.00364468 0.999977 0.00566671 -0.782969 -0.683644 -0.0066273 0.729786 83.6982
0.685189 -0.00113462 0.728365 -2.25316 -0.00492569 0.999969 0.00619142 -0.789289 -0.728349 -0.00782999 0.685162 83.9251
0.639151 -0.00581515 0.76906 -1.91808 -0.000238453 0.99997 0.00775932 -0.791863 -0.769082 -0.00514276 0.63913 84.1445
0.59497 -0.0127513 0.803647 -1.56714 0.00507918 0.999914 0.0121051 -0.799062 -0.803732 -0.00312031 0.594984 84.322
0.547875 -0.00863364 0.836515 -1.21641 -6.55161e-005 0.999946 0.0103633 -0.805396 -0.83656 -0.00573261 0.547845 84.4988
0.500213 -0.00103016 0.865902 -0.844488 -0.00769194 0.999955 0.00563311 -0.809549 -0.865868 -0.00947822 0.500183 84.6755
0.454372 0.000119749 0.890812 -0.444457 -0.00642975 0.999974 0.00314517 -0.812811 -0.890789 -0.00715678 0.454361 84.843
0.41466 -0.0127225 0.909888 -0.0847174 0.00222066 0.999913 0.0129693 -0.816505 -0.909974 -0.0033573 0.414652 84.9448
0.374547 -0.0253882 0.92686 0.30168 0.00539373 0.999668 0.0252028 -0.810195 -0.927192 -0.00444041 0.374559 85.044
0.34047 -0.0278548 0.939843 0.693707 -0.00482222 0.999496 0.0313697 -0.807949 -0.940243 -0.0152126 0.340164 85.1399
0.306625 -0.0185 0.951651 1.10353 -0.0171234 0.999542 0.0249482 -0.805097 -0.951676 -0.0239452 0.306168 85.2477
0.275127 -0.00702715 0.961382 1.52517 -0.0185848 0.999748 0.0126261 -0.804162 -0.961228 -0.0213409 0.274927 85.3694
0.248048 -0.00442954 0.968738 1.94115 -0.0156173 0.999841 0.00857062 -0.809834 -0.968622 -0.017255 0.247939 85.4611
0.222093 -0.00617561 0.975006 2.35014 -0.00659979 0.999948 0.00783693 -0.819157 -0.975003 -0.00817536 0.22204 85.5318
0.199395 -0.0149315 0.979805 2.75088 -0.000250485 0.999883 0.0152885 -0.823651 -0.979919 -0.00329387 0.199368 85.5865
0.17887 -0.0202272 0.983665 3.153 0.0064544 0.999791 0.0193852 -0.810472 -0.983852 0.00288154 0.178963 85.6317
0.159316 -0.0207887 0.987009 3.58496 0.00469911 0.999783 0.0202992 -0.795007 -0.987216 0.00140407 0.159379 85.6841
0.142375 -0.0163171 0.989678 3.98919 -0.00918469 0.999799 0.0178053 -0.788376 -0.98977 -0.0116249 0.142197 85.739
0.126986 -0.0122201 0.991829 4.39762 -0.0228615 0.999622 0.0152431 -0.788949 -0.991641 -0.0246104 0.126659 85.7882
0.112436 -0.0129757 0.993574 4.82487 -0.0237267 0.999595 0.0157394 -0.785013 -0.993376 -0.0253439 0.112082 85.8298
0.099294 -0.0166061 0.99492 5.27108 -0.0191166 0.999644 0.0185929 -0.783614 -0.994874 -0.0208656 0.0989412 85.8615
0.087566 -0.0203414 0.995951 5.73996 -0.016276 0.999629 0.0218475 -0.781002 -0.996026 -0.0181232 0.0872025 85.8963
0.0773671 -0.0226841 0.996745 6.20478 -0.0158298 0.999587 0.0239775 -0.776632 -0.996877 -0.0176333 0.0769761 85.9222
0.0695051 -0.0247157 0.997275 6.69745 -0.0177733 0.999504 0.0260096 -0.769471 -0.997423 -0.0195326 0.0690313 85.9559
0.0644438 -0.0263721 0.997573 7.22387 -0.0210876 0.999392 0.0277824 -0.758843 -0.997699 -0.0228268 0.0638485 85.9887
0.0576281 -0.0255296 0.998012 7.74134 -0.0223412 0.99939 0.0268549 -0.748911 -0.998088 -0.0238444 0.0570225 86.0241
0.0514998 -0.0275729 0.998292 8.2925 -0.0240111 0.999296 0.0288393 -0.735211 -0.998384 -0.0254553 0.0508015 86.0449
0.046104 -0.0267788 0.998578 8.81266 -0.0249247 0.999299 0.0279489 -0.736293 -0.998626 -0.0261778 0.0454042 86.0915
0.0456005 -0.0320206 0.998446 9.43944 -0.0263187 0.999101 0.0332436 -0.714103 -0.998613 -0.0277937 0.0447167 86.0974
0.0406022 -0.0295096 0.99874 10.0208 -0.0267195 0.999174 0.0306087 -0.706738 -0.998818 -0.0279286 0.0397802 86.1264
0.0388057 -0.0345438 0.99865 10.647 -0.0305308 0.998895 0.0357386 -0.688296 -0.99878 -0.0318764 0.0377082 86.1348
0.0382098 -0.034166 0.998685 11.269 -0.0298264 0.998931 0.0353156 -0.670905 -0.998825 -0.0311366 0.0371499 86.1524
0.0393679 -0.0417607 0.998352 11.9107 -0.0367174 0.998391 0.0432102 -0.65117 -0.99855 -0.038358 0.0377712 86.1738
0.0419816 -0.0413006 0.998264 12.582 -0.0369719 0.998397 0.0428609 -0.621672 -0.998434 -0.0387071 0.0403873 86.2057
0.0445572 -0.0420316 0.998122 13.1959 -0.0415341 0.998173 0.0438879 -0.619268 -0.998143 -0.0434116 0.04273 86.2452
0.0512636 -0.0439151 0.997719 13.8786 -0.0410378 0.998096 0.0460402 -0.583373 -0.997842 -0.0433044 0.0493638 86.251
0.0540769 -0.0439969 0.997567 14.5543 -0.0452371 0.997895 0.0464636 -0.556277 -0.997512 -0.0476397 0.0519728 86.3054
0.0600228 -0.0459392 0.997139 15.2452 -0.0479113 0.997656 0.048847 -0.524948 -0.997047 -0.0507062 0.0576811 86.3463
0.063448 -0.0436237 0.997031 15.9173 -0.0469553 0.997807 0.0466457 -0.473804 -0.99688 -0.0497755 0.0612605 86.3856
0.0670282 -0.041612 0.996883 16.6541 -0.0478404 0.997847 0.044869 -0.449925 -0.996603 -0.0506988 0.0648931 86.4394
0.0704371 -0.0393034 0.996742 17.3819 -0.0432797 0.998162 0.0424179 -0.419394 -0.996577 -0.0461265 0.0686066 86.5046
0.0748155 -0.0381315 0.996468 18.1704 -0.0375584 0.998452 0.0410274 -0.401172 -0.99649 -0.0404953 0.0732675 86.5537
0.073855 -0.0299961 0.996818 18.906 -0.0301036 0.999025 0.0322929 -0.371774 -0.996815 -0.0323928 0.07288 86.635
0.0762618 -0.028752 0.996673 19.6731 -0.0294427 0.999083 0.0310743 -0.351061 -0.996653 -0.0317145 0.0753453 86.6843
0.0759655 -0.0287638 0.996695 20.4379 -0.0285454 0.999111 0.0310091 -0.342456 -0.996702 -0.0308067 0.0750769 86.7488
0.0758415 -0.0235961 0.996841 21.2044 -0.0312144 0.999174 0.0260262 -0.321934 -0.996631 -0.0330897 0.0750423 86.8
0.0747188 -0.0263097 0.996858 21.9813 -0.0311449 0.999103 0.0287034 -0.316061 -0.996718 -0.0331917 0.0738323 86.8677
0.0771413 -0.0260309 0.99668 22.759 -0.0268817 0.999241 0.0281784 -0.294154 -0.996658 -0.0289662 0.076383 86.9323
0.0749436 -0.0216204 0.996953 23.5832 -0.0266936 0.999363 0.0236793 -0.289626 -0.99683 -0.0283869 0.0743188 87.012
0.0762969 -0.0169388 0.996941 24.3589 -0.0249945 0.999509 0.0188953 -0.28835 -0.996772 -0.0263597 0.0758361 87.0696
0.0749262 -0.0194832 0.996999 25.1648 -0.0213915 0.999548 0.0211406 -0.282748 -0.99696 -0.0229112 0.0744755 87.1491
0.0717053 -0.0137754 0.997331 25.9893 -0.0184009 0.999716 0.0151313 -0.276305 -0.997256 -0.0194368 0.0714314 87.2087
0.0664457 -0.00751871 0.997762 26.7773 -0.0179916 0.9998 0.00873221 -0.274848 -0.997628 -0.0185315 0.0662971 87.2792
0.061818 -0.00849837 0.998051 27.6011 -0.0189974 0.999773 0.0096897 -0.271143 -0.997907 -0.0195594 0.0616424 87.3473
0.0550133 -0.00510911 0.998473 28.4032 -0.0157426 0.999858 0.00598357 -0.284003 -0.998362 -0.0160477 0.054925 87.3869
0.0464195 -0.00420862 0.998913 29.2474 -0.00970428 0.999942 0.00466392 -0.284051 -0.998875 -0.00991023 0.046376 87.4383
0.0385535 -0.00305803 0.999252 30.0692 -0.0041016 0.999986 0.00321853 -0.308258 -0.999248 -0.00422262 0.0385404 87.4534
0.0277033 -0.00436875 0.999607 30.9185 -0.00397685 0.999982 0.00448061 -0.305077 -0.999608 -0.00409941 0.0276854 87.4982
0.0187191 -0.00581249 0.999808 31.7567 -0.00453258 0.999972 0.00589831 -0.317421 -0.999815 -0.00464212 0.0186922 87.5038
0.00586769 -0.00411475 0.999974 32.6217 -0.00536627 0.999977 0.00414625 -0.32235 -0.999968 -0.00539047 0.00584547 87.5254
-0.00392881 -0.0055108 0.999977 33.5014 -0.00713407 0.99996 0.00548268 -0.335275 -0.999967 -0.00711237 -0.00396797 87.5161
-0.0162857 -0.00371553 0.99986 34.4283 -0.00367193 0.999987 0.00365619 -0.336223 -0.999861 -0.00361188 -0.0162991 87.5147
-0.0265659 -0.00517017 0.999634 35.2398 -0.00426046 0.999978 0.00505873 -0.346758 -0.999638 -0.00412451 -0.0265873 87.4917
-0.0371022 -0.00392598 0.999304 36.0789 -0.00286091 0.999989 0.00382245 -0.35789 -0.999307 -0.00271709 -0.037113 87.4561
-0.0475627 -0.00449831 0.998858 36.9192 -0.00294876 0.999986 0.00436298 -0.371732 -0.998864 -0.00273788 -0.0475753 87.4138
-0.057135 -0.0062605 0.998347 37.7149 -0.00189349 0.999979 0.00616237 -0.364415 -0.998365 -0.00153827 -0.0571456 87.3694
-0.066249 -0.00517834 0.99779 38.5201 -0.00386532 0.99998 0.00493307 -0.388071 -0.997796 -0.00352997 -0.0662677 87.302
-0.0762883 -0.00805056 0.997053 39.3127 -0.00524471 0.999957 0.00767271 -0.382545 -0.997072 -0.00464392 -0.0763272 87.2488
-0.0844247 -0.00709466 0.996405 40.0738 -0.005888 0.999961 0.0066211 -0.388908 -0.996412 -0.00530784 -0.0844631 87.1868
-0.0921693 -0.00935174 0.995699 40.9135 -0.00965761 0.999917 0.00849737 -0.408763 -0.995697 -0.00883288 -0.092252 87.0649
-0.0977322 -0.0116075 0.995145 41.5991 -0.0115912 0.999877 0.0105243 -0.404098 -0.995145 -0.0105064 -0.0978547 87.0405
-0.0992022 -0.0154936 0.994947 42.3924 -0.0143899 0.999797 0.0141343 -0.397806 -0.994963 -0.012915 -0.0994049 86.9121
-0.103697 -0.0152552 0.994492 43.1352 -0.0154154 0.999787 0.013729 -0.411267 -0.994489 -0.0139068 -0.10391 86.8438
-0.100736 -0.0268062 0.994552 43.8992 -0.0238467 0.999415 0.0245219 -0.410653 -0.994627 -0.0212466 -0.101317 86.7529
-0.105376 -0.018527 0.99426 44.6256 -0.0194219 0.999674 0.0165695 -0.415409 -0.994243 -0.0175644 -0.105701 86.6884
-0.100609 -0.0236578 0.994645 45.3518 -0.0227386 0.999511 0.0214735 -0.431774 -0.994666 -0.0204564 -0.101098 86.5546
-0.0980065 -0.0239845 0.994897 46.1026 -0.0193292 0.999567 0.022193 -0.422221 -0.994998 -0.0170555 -0.0984276 86.4861
-0.0904638 -0.0274353 0.995522 46.7569 -0.0223846 0.999424 0.0255088 -0.427142 -0.995648 -0.0199768 -0.0910258 86.4027
-0.0846609 -0.0247341 0.996103 47.4734 -0.0234419 0.999465 0.0228252 -0.420049 -0.996134 -0.0214182 -0.0851954 86.3571
-0.0709036 -0.0258002 0.997149 48.1435 -0.0261919 0.999369 0.0239953 -0.414468 -0.997139 -0.0244159 -0.0715346 86.3132
-0.0586289 -0.0234803 0.998004 48.7842 -0.0256918 0.999428 0.0220045 -0.421594 -0.997949 -0.0243504 -0.0591986 86.3024
-0.0408027 -0.0235146 0.99889 49.3953 -0.024115 0.999455 0.0225428 -0.418877 -0.998876 -0.0231684 -0.0413475 86.2888
-0.0197134 -0.0201713 0.999602 49.9876 -0.0200612 0.999603 0.0197757 -0.427665 -0.999604 -0.0196634 -0.0201102 86.2956
0.00556453 -0.0198023 0.999788 50.5815 -0.017774 0.999644 0.0198983 -0.423455 -0.999827 -0.0178809 0.00521058 86.3067
0.0324613 -0.0174973 0.99932 51.1542 -0.0157381 0.999714 0.0180155 -0.419901 -0.999349 -0.0163122 0.0321766 86.3556
0.0669376 -0.0166948 0.997617 51.7101 -0.0185659 0.999666 0.0179748 -0.419486 -0.997584 -0.0197248 0.0666053 86.4117
0.103439 -0.0164788 0.994499 52.2512 -0.0199926 0.999626 0.0186432 -0.413951 -0.994435 -0.0218111 0.103071 86.4977
0.145553 -0.0135756 0.989257 52.7806 -0.022475 0.999602 0.0170243 -0.40951 -0.989095 -0.0247115 0.14519 86.6055
0.191012 -0.0082558 0.981553 53.324 -0.0252942 0.999591 0.0133298 -0.402973 -0.981262 -0.0273738 0.190725 86.7478
0.237239 -0.00617805 0.971432 53.8443 -0.0243701 0.999627 0.0123089 -0.401814 -0.971146 -0.026594 0.237 86.9241
0.288745 -0.00270864 0.957402 54.3622 -0.0191138 0.99978 0.0085931 -0.394514 -0.957215 -0.0207808 0.288629 87.1187
0.343557 -0.00712844 0.939105 54.8539 -0.0111935 0.999869 0.0116847 -0.389844 -0.939065 -0.0145262 0.343433 87.3528
0.407202 -0.00150737 0.913337 55.3548 -0.00509666 0.999979 0.00392266 -0.390104 -0.913324 -0.00625228 0.407186 87.5706
0.460994 -0.00664078 0.887378 55.8276 0.000759202 0.999975 0.007089 -0.402061 -0.887403 -0.00259429 0.460988 87.8983
0.519421 -0.0111052 0.854446 56.2894 0.0072386 0.999937 0.00859576 -0.405016 -0.854488 0.00172018 0.519468 88.23
0.587357 -0.0245961 0.808954 56.7082 0.0233942 0.999636 0.0134079 -0.348541 -0.80899 0.0110496 0.587719 88.4903
0.627115 -0.00161445 0.778925 57.0121 -0.000157172 0.999998 0.00219921 -0.365662 -0.778926 -0.00150158 0.627113 88.9046
0.689477 -0.00861757 0.724257 57.3348 0.00212309 0.999949 0.00987676 -0.354928 -0.724305 -0.00527213 0.68946 89.1833
0.733701 -0.00501876 0.679454 57.6062 0.00105404 0.99998 0.00624812 -0.360702 -0.679472 -0.00386808 0.733691 89.567
0.778031 -0.00229607 0.628222 57.8439 -0.00680701 0.999904 0.0120848 -0.359567 -0.628189 -0.0136786 0.77794 89.9323
0.818008 -0.000706993 0.575206 58.063 -0.010559 0.999812 0.016245 -0.350299 -0.57511 -0.0193621 0.817847 90.3387
0.854678 -0.00382258 0.519144 58.2735 -0.0101924 0.999657 0.0241407 -0.350718 -0.519058 -0.0259239 0.854346 90.733
0.884791 0.00179026 0.465986 58.4658 -0.0151994 0.999571 0.0250196 -0.334464 -0.465741 -0.0292198 0.884439 91.1945
0.909684 -0.0014192 0.415299 58.6205 -0.0133656 0.999376 0.0326916 -0.339953 -0.415086 -0.0352897 0.909098 91.6005
0.928955 0.00434755 0.370168 58.7563 -0.0166135 0.999413 0.0299545 -0.331464 -0.36982 -0.0339761 0.928482 92.0677
0.944481 0.00352869 0.328548 58.8748 -0.0154568 0.999312 0.0337011 -0.332481 -0.328203 -0.0369083 0.943886 92.4788
0.955392 0.0084203 0.29522 58.9792 -0.0173105 0.999472 0.0275132 -0.315014 -0.294832 -0.0313963 0.955033 92.9742
0.964671 0.00213105 0.263448 59.0839 -0.00985171 0.99956 0.0279886 -0.306412 -0.263273 -0.0295952 0.964267 93.4323
0.970456 -0.00918422 0.241103 59.197 0.00227252 0.999579 0.0289294 -0.297026 -0.241267 -0.0275268 0.970068 93.9293
0.974044 -0.0106087 0.22611 59.3011 0.00404137 0.999557 0.0294881 -0.295166 -0.226322 -0.0278089 0.973655 94.427
0.976971 -0.00153306 0.213366 59.3916 -0.00453944 0.999599 0.0279676 -0.276613 -0.213323 -0.0282921 0.976572 94.9361
0.978925 0.00733262 0.20409 59.4861 -0.0130962 0.999552 0.0269039 -0.263729 -0.203801 -0.0290097 0.978582 95.4454
0.980079 0.0104685 0.198334 59.5783 -0.0154924 0.999597 0.0237954 -0.247671 -0.198005 -0.026394 0.979846 95.9602
0.980631 0.009686 0.195623 59.6644 -0.0136899 0.999723 0.0191259 -0.246525 -0.195384 -0.0214335 0.980493 96.4864
0.980823 0.0043822 0.194853 59.7642 -0.00772963 0.999835 0.0164223 -0.243788 -0.194749 -0.0176135 0.980695 97.0309
0.980242 -0.00133774 0.197796 59.8731 -0.00143062 0.999903 0.0138525 -0.244352 -0.197795 -0.0138617 0.980145 97.5743
0.979471 -0.00761501 0.201442 59.9951 0.00605679 0.999947 0.00835059 -0.234344 -0.201495 -0.00695907 0.979465 98.11
0.97862 -0.00503462 0.205613 60.0971 0.00437551 0.999984 0.00366015 -0.223092 -0.205628 -0.00268224 0.978626 98.6461
0.977754 0.00378752 0.209722 60.2089 -0.0046033 0.999984 0.00340183 -0.239827 -0.209705 -0.00429157 0.977755 99.1654
0.976291 0.00931605 0.216263 60.3094 -0.0108376 0.999924 0.00585069 -0.233525 -0.216192 -0.00805574 0.976318 99.6516
0.975592 0.00141747 0.219587 60.4342 -0.00412014 0.999921 0.0118505 -0.235025 -0.219553 -0.012466 0.975521 100.22
0.974556 -0.00495324 0.224091 60.5701 0.000978521 0.99984 0.0178446 -0.234937 -0.224144 -0.0171713 0.974405 100.809
0.973767 -0.00614252 0.227464 60.692 0.00101335 0.999743 0.0226593 -0.231727 -0.227545 -0.0218344 0.973523 101.362
0.973053 -0.00798375 0.230444 60.8444 0.00223625 0.99968 0.0251914 -0.226512 -0.230571 -0.0239973 0.972759 101.969
0.972833 -0.0105714 0.231269 60.9925 0.00560943 0.99974 0.0221027 -0.214288 -0.231442 -0.020205 0.972639 102.625
0.973259 -0.00966279 0.229507 61.1479 0.00592909 0.999839 0.0169524 -0.211665 -0.229634 -0.0151384 0.973159 103.25
0.973074 -0.00472027 0.230443 61.316 0.00247637 0.999947 0.0100256 -0.200041 -0.230478 -0.009185 0.973034 103.955
0.973934 0.000102552 0.22683 61.4515 -0.00148837 0.999981 0.00593847 -0.192555 -0.226825 -0.00612129 0.973916 104.598
0.97466 -0.000342903 0.223689 61.6065 -0.00210775 0.99994 0.0107168 -0.187428 -0.22368 -0.0109167 0.974602 105.27
0.974894 -0.00352329 0.222641 61.7482 -0.000387036 0.999846 0.0175173 -0.177535 -0.222668 -0.0171637 0.974743 105.867
0.975374 -0.000665815 0.220555 61.8968 -0.00462411 0.999714 0.0234675 -0.178187 -0.220507 -0.0239094 0.975092 106.577
0.975842 0.00306908 0.218458 62.06 -0.0080332 0.999729 0.0218389 -0.174446 -0.218332 -0.0230662 0.975602 107.285
0.976216 0.0065424 0.216702 62.2126 -0.0101521 0.999828 0.0155485 -0.159963 -0.216563 -0.0173786 0.976114 108.044
0.977193 0.00277108 0.212334 62.3668 -0.00527583 0.999923 0.0112306 -0.156846 -0.212287 -0.0120947 0.977133 108.793
0.978129 -0.00421206 0.207956 62.5265 0.0025872 0.999964 0.00808487 -0.141037 -0.207983 -0.00737002 0.978105 109.514
0.978944 -0.00456079 0.204079 62.6797 0.00248381 0.999942 0.0104323 -0.145707 -0.204115 -0.00970576 0.978899 110.262
0.979706 -0.00768776 0.20029 62.8222 0.00516657 0.999901 0.0131073 -0.14181 -0.200371 -0.0118065 0.979649 110.998
0.979925 -0.00395908 0.199325 62.9643 0.000855756 0.999877 0.0156529 -0.142678 -0.199362 -0.0151681 0.979808 111.767
0.980578 -0.00542938 0.196055 63.1451 0.00183318 0.999827 0.0185196 -0.134276 -0.196122 -0.0178005 0.980418 112.452
0.980367 -0.00959455 0.196947 63.2972 0.00559353 0.999767 0.0208614 -0.130809 -0.197102 -0.0193502 0.980192 113.242
0.980562 -0.00442993 0.196159 63.4694 0.000120291 0.999758 0.0219766 -0.129194 -0.196209 -0.0215259 0.980326 114.019
0.980298 0.0054283 0.19745 63.5828 -0.0092876 0.999783 0.018625 -0.108718 -0.197306 -0.0200919 0.980136 114.799
0.980573 0.00785502 0.195999 63.7477 -0.0110567 0.999823 0.0152463 -0.101054 -0.195844 -0.0171172 0.980486 115.625
0.979907 0.0112424 0.19914 63.8769 -0.0137287 0.999844 0.0111086 -0.0902979 -0.198984 -0.0136194 0.979908 116.391
0.979423 0.0130117 0.2014 64.0297 -0.0155361 0.999819 0.0109587 -0.0912204 -0.201221 -0.0138621 0.979448 117.163
0.978571 0.00839019 0.205737 64.1773 -0.0111377 0.999864 0.0121999 -0.0846377 -0.205607 -0.0142299 0.978531 118.003
0.978218 0.00332142 0.207554 64.3703 -0.0058258 0.999917 0.0114561 -0.0899533 -0.207499 -0.0124157 0.978156 118.815
0.977608 -0.00249365 0.210421 64.5321 0.000795227 0.999966 0.00815579 -0.0797716 -0.210434 -0.00780583 0.977577 119.691
0.977783 -0.00823115 0.209457 64.7303 0.00590238 0.999914 0.0117408 -0.0878353 -0.209536 -0.0102436 0.977747 120.521
0.976758 -0.00909634 0.214153 64.8796 0.00740754 0.999935 0.00868719 -0.0724035 -0.214218 -0.00689893 0.976762 121.343
0.975481 0.00283945 0.220067 64.9978 -0.00411677 0.999977 0.00534585 -0.0695557 -0.220047 -0.00612074 0.97547 122.074
0.976666 0.000755311 0.214764 65.2098 -0.00359218 0.999911 0.0128193 -0.0703336 -0.214735 -0.0132916 0.976582 122.962
0.975315 0.00805155 0.22067 65.3679 -0.0114167 0.999837 0.0139787 -0.0703788 -0.220522 -0.016153 0.975248 123.76
0.975829 0.00504526 0.218479 65.5685 -0.00949938 0.999768 0.0193413 -0.0711297 -0.218331 -0.0209492 0.97565 124.62
0.974981 0.00129812 0.222285 65.7497 -0.00416135 0.999914 0.012413 -0.0722733 -0.22225 -0.0130274 0.974903 125.612
0.97535 -0.0121199 0.220329 65.9782 0.0121994 0.999925 0.000999709 -0.0816671 -0.220325 0.00171283 0.975425 126.499
0.974932 -0.0125848 0.222145 66.1669 0.0147477 0.999859 -0.00807997 -0.0878009 -0.222012 0.0111535 0.97498 127.348
0.97543 -0.00525942 0.220246 66.3507 0.00489121 0.999986 0.00221713 -0.0912917 -0.220255 -0.00108538 0.975442 128.152
0.975703 -0.00252711 0.219082 66.5157 -0.00242263 0.999748 0.0223215 -0.0973564 -0.219083 -0.02231 0.975451 128.889
0.975781 -0.0011786 0.218745 66.697 -0.00709264 0.999289 0.0370232 -0.0982883 -0.218633 -0.037678 0.975079 129.78
0.9758 0.00341979 0.218637 66.8801 -0.0102664 0.999492 0.0301868 -0.0898878 -0.218422 -0.0317009 0.975339 130.666
0.976009 0.00496288 0.217673 67.0961 -0.00817325 0.999871 0.0138507 -0.0698317 -0.217576 -0.0152975 0.975923 131.798
0.976343 0.000365463 0.216225 67.2555 -0.0017938 0.999978 0.00640959 -0.0667848 -0.216218 -0.00664582 0.976322 132.557
0.976926 -0.00638556 0.213483 67.4597 0.00531261 0.99997 0.00559925 -0.0532274 -0.213512 -0.0043359 0.976931 133.415
0.976981 -0.00381323 0.213293 67.6117 0.00221756 0.999968 0.00771992 -0.0656481 -0.213315 -0.00706923 0.976958 134.287
0.977785 -0.0012965 0.209606 67.7857 8.88248e-005 0.999983 0.00577094 -0.0736528 -0.20961 -0.00562412 0.977769 135.113
0.977875 0.00265796 0.209176 67.971 -0.00325936 0.999991 0.00253043 -0.0747806 -0.209167 -0.00315622 0.977875 135.989
0.978365 0.00733379 0.206757 68.1156 -0.00796439 0.999966 0.00221777 -0.0965531 -0.206734 -0.00381648 0.97839 136.807
0.978812 0.0130626 0.204344 68.2781 -0.0134555 0.999909 0.000533712 -0.0936037 -0.204318 -0.00327196 0.978899 137.668
0.979549 0.00587234 0.201122 68.4151 -0.00668561 0.999972 0.00336466 -0.125243 -0.201097 -0.00464047 0.97956 138.444
0.979638 0.00076786 0.200773 68.6252 -0.0022184 0.999973 0.00699992 -0.120156 -0.200762 -0.00730278 0.979613 139.411
0.97995 -0.00779673 0.199089 68.787 0.00597738 0.999935 0.00973775 -0.131988 -0.199152 -0.00835247 0.979933 140.159
0.980058 -0.00453513 0.198658 68.9566 0.00380357 0.999985 0.00406399 -0.123252 -0.198674 -0.00322734 0.98006 141.086
0.981535 -0.0109226 0.19097 69.1287 0.0103598 0.999939 0.00394533 -0.131228 -0.191002 -0.00189407 0.981588 141.901
0.982287 -0.00696275 0.187254 69.2582 0.00685523 0.999976 0.00122178 -0.131937 -0.187258 8.35301e-005 0.982311 142.662
0.983763 -0.00365713 0.179435 69.3865 0.00230408 0.999967 0.00774843 -0.142597 -0.179458 -0.00720919 0.983739 143.424
0.984735 -0.00215726 0.174044 69.5073 -0.000661762 0.99987 0.0161375 -0.15343 -0.174056 -0.0160063 0.984606 144.198
0.985421 -0.00129338 0.170127 69.6214 -0.00305915 0.999675 0.0253195 -0.145377 -0.170104 -0.0254708 0.985097 144.953
0.986137 0.00407124 0.165886 69.7625 -0.0087151 0.99959 0.027276 -0.134166 -0.165707 -0.0283436 0.985768 145.775
0.986681 0.00770681 0.162486 69.8777 -0.0113107 0.99971 0.021266 -0.127521 -0.162275 -0.0228206 0.986482 146.669
0.987979 -0.000308576 0.154586 69.9984 -0.00150134 0.999932 0.0115913 -0.125516 -0.154579 -0.011684 0.987911 147.453
0.988957 -0.00841568 0.147961 70.1238 0.0075554 0.999951 0.00637535 -0.123409 -0.148008 -0.00518704 0.988973 148.278
0.989825 -0.00587496 0.142165 70.2119 0.00488257 0.999961 0.00732838 -0.117875 -0.142203 -0.00655969 0.989816 149.035
0.990818 0.00593653 0.13507 70.3077 -0.00736231 0.999922 0.0100588 -0.127495 -0.135 -0.0109609 0.990785 149.798
0.991736 0.011951 0.12774 70.3752 -0.0129201 0.999894 0.00676104 -0.124821 -0.127646 -0.00835558 0.991785 150.572
0.993033 0.00649337 0.117656 70.4627 -0.00666248 0.999977 0.00104413 -0.132444 -0.117647 -0.00182073 0.993054 151.341
0.993853 -0.000154375 0.110706 70.5253 0.000361397 0.999998 -0.00184995 -0.136554 -0.110706 0.00187858 0.993851 152.067
0.994818 -0.000851868 0.101664 70.5984 0.000794018 0.999999 0.000609501 -0.139841 -0.101664 -0.000525619 0.994819 152.808
0.995437 0.00638204 0.0952116 70.653 -0.00707558 0.999951 0.00694841 -0.149415 -0.0951625 -0.00759038 0.995433 153.556
0.996322 0.00542978 0.085514 70.7083 -0.00651563 0.999902 0.0124239 -0.153621 -0.0854382 -0.0129354 0.99626 154.323
0.996886 0.00340846 0.0787782 70.757 -0.00463424 0.999871 0.0153823 -0.155128 -0.0787156 -0.0156995 0.996773 155.126
0.99741 -0.000359039 0.0719216 70.8196 -0.000877882 0.999852 0.0171658 -0.154338 -0.0719172 -0.0171845 0.997263 155.949
0.997634 -0.000440243 0.0687484 70.8577 -0.000613752 0.999883 0.0153093 -0.15654 -0.0687471 -0.0153153 0.997517 156.789
0.997955 0.00364975 0.0638111 70.9085 -0.00425575 0.999947 0.00936337 -0.159825 -0.0637736 -0.00961579 0.997918 157.609
0.99812 0.00841525 0.0607175 70.9329 -0.00858952 0.99996 0.00260972 -0.15901 -0.0606931 -0.00312634 0.998152 158.441
0.998308 0.00613641 0.057817 70.9684 -0.00615352 0.999981 0.000117817 -0.160095 -0.0578152 -0.000473396 0.998327 159.31
0.998519 0.00294034 0.0543334 71.0021 -0.00325407 0.999979 0.00568664 -0.159399 -0.0543155 -0.00585502 0.998507 160.054
0.998633 0.00560879 0.0519742 71.042 -0.00643315 0.999856 0.0157072 -0.16376 -0.0518786 -0.0160201 0.998525 160.889
0.998819 0.00435634 0.0483988 71.0713 -0.00545381 0.99973 0.0225666 -0.163756 -0.0482875 -0.0228039 0.998573 161.707
0.997998 0.0225163 0.0590966 70.9287 -0.0236339 0.999554 0.0182812 -0.260981 -0.0586586 -0.0196413 0.998085 162.615
0.99916 -0.0159806 0.0377231 71.0676 0.0156414 0.999835 0.00927107 -0.203083 -0.037865 -0.00867324 0.999245 163.514
0.999126 -0.0158897 0.03865 71.0774 0.0157567 0.999869 0.00374142 -0.220868 -0.0387044 -0.00312915 0.999246 164.451
0.999599 0.000899216 0.0282926 71.1042 -0.0010452 0.999986 0.00514527 -0.212206 -0.0282876 -0.00517278 0.999586 165.242
0.999757 0.00291842 0.0218481 71.1142 -0.00315796 0.999935 0.0109372 -0.224956 -0.0218147 -0.0110036 0.999701 166.056
0.999888 -0.00714148 0.0131509 71.1384 0.00694717 0.999867 0.0147623 -0.206885 -0.0132546 -0.0146693 0.999805 166.883
0.999887 -0.0128331 0.00780394 71.1563 0.012686 0.999746 0.0186164 -0.212212 -0.00804086 -0.0185153 0.999796 167.71
0.999897 -0.0143625 0.000558019 71.1486 0.0143505 0.999742 0.0175904 -0.19654 -0.000810518 -0.0175806 0.999845 168.574
0.999969 -0.00612081 -0.00493085 71.1504 0.00617556 0.999919 0.0111647 -0.210063 0.00486211 -0.0111949 0.999926 169.434
0.999854 -0.0120958 -0.0120503 71.1393 0.0120979 0.999927 0.000104377 -0.208743 0.0120481 -0.000250145 0.999927 170.326
0.999659 -0.0182811 -0.0186517 71.1315 0.0182099 0.999826 -0.00397932 -0.210408 0.0187212 0.00363832 0.999818 171.189
0.999655 -0.00664108 -0.0254297 71.1231 0.00672638 0.999972 0.00327012 -0.22346 0.0254073 -0.00344004 0.999671 171.985
0.999469 0.0131904 -0.029791 71.0717 -0.0126881 0.999775 0.0169883 -0.22 0.0300084 -0.0166012 0.999412 172.76
0.999278 0.0153553 -0.0347511 71.0322 -0.0144972 0.999587 0.0248116 -0.224959 0.0351177 -0.0242899 0.999088 173.575
0.999251 0.00521896 -0.0383384 71.0265 -0.00438628 0.999753 0.0217713 -0.219369 0.0384425 -0.0215868 0.999028 173.828
0.999186 0.00180907 -0.0403055 70.9622 -0.00137784 0.999942 0.0107244 -0.214856 0.0403226 -0.0106602 0.99913 175.088
0.998989 0.0139679 -0.0427365 70.9206 -0.0138879 0.999901 0.00217016 -0.213624 0.0427626 -0.00157445 0.999084 175.547
0.998937 0.00926652 -0.0451639 70.8629 -0.00935434 0.999955 -0.00173352 -0.21845 0.0451458 0.00215416 0.998978 176.606
0.998854 -0.00714614 -0.0473201 70.8413 0.00729303 0.999969 0.00293222 -0.221805 0.0472977 -0.00327397 0.998875 177.295
0.998866 -0.00627453 -0.0471929 70.8221 0.00683274 0.999908 0.0116764 -0.224842 0.0471153 -0.0119856 0.998818 177.625
0.99889 9.9398e-005 -0.0470985 70.7667 0.000698569 0.999857 0.0169257 -0.224338 0.0470934 -0.0169399 0.998747 178.729
0.998842 0.00289686 -0.0480146 70.7231 -0.00211224 0.999864 0.0163841 -0.224037 0.0480555 -0.0162637 0.998712 179.476
0.998681 -0.00327527 -0.0512344 70.6748 0.00362851 0.99997 0.006803 -0.228458 0.0512106 -0.00697994 0.998663 180.407
0.998515 -0.0121284 -0.0531048 70.6424 0.0118507 0.999914 -0.00554049 -0.234674 0.0531675 0.00490293 0.998574 181.265
0.998286 -0.0202827 -0.0548931 70.6313 0.0197604 0.999754 -0.0100405 -0.245785 0.0550833 0.00893859 0.998442 182.082
0.998281 -0.0104918 -0.0576623 70.5764 0.0101551 0.99993 -0.00612909 -0.253382 0.0577225 0.00553299 0.998317 182.892
0.998246 0.00713049 -0.0587782 70.526 -0.00677914 0.999958 0.00617478 -0.266404 0.0588198 -0.00576548 0.998252 183.639
0.998169 0.0057814 -0.0602105 70.4721 -0.00523308 0.999943 0.0092604 -0.278538 0.0602606 -0.00892835 0.998143 184.521
0.998123 0.000145575 -0.0612435 70.3964 0.000211059 0.999983 0.0058167 -0.288109 0.0612433 -0.0058187 0.998106 185.53
0.998137 0.000495317 -0.0610028 70.3524 -0.000549995 0.999999 -0.000879532 -0.291246 0.0610024 0.000911445 0.998137 186.377
0.998061 0.00490743 -0.0620535 70.2853 -0.00503421 0.999986 -0.001887 -0.29654 0.0620433 0.00219573 0.998071 187.262
0.997843 0.00406208 -0.065518 70.1937 -0.00412368 0.999991 -0.000804905 -0.297921 0.0655141 0.00107334 0.997851 188.621
0.997886 0.000640751 -0.0649921 70.1692 -0.000299575 0.999986 0.00525912 -0.317642 0.0649945 -0.00522853 0.997872 189.188
0.997902 0.00645697 -0.0644226 70.0872 -0.00600704 0.999956 0.00717534 -0.324748 0.0644662 -0.00677329 0.997897 190.178
0.997895 0.00784126 -0.0643767 70.0314 -0.00739425 0.999947 0.00717902 -0.330081 0.0644296 -0.00668789 0.9979 190.941
0.997804 -0.000441371 -0.0662306 69.9843 0.000707601 0.999992 0.00399634 -0.3513 0.0662283 -0.00403443 0.997796 191.851
0.997851 1.17654e-005 -0.06553 69.9197 -0.000125498 0.999998 -0.00173146 -0.358291 0.0655299 0.00173596 0.997849 192.654
0.997641 0.00232632 -0.0686058 69.8622 -0.00243032 0.999996 -0.00143249 -0.366024 0.0686022 0.00159585 0.997643 193.504
0.997565 0.00100284 -0.0697389 69.8016 -0.000416112 0.999964 0.00842726 -0.372957 0.0697448 -0.00837772 0.99753 194.274
0.997392 -0.00219507 -0.0721363 69.7473 0.00344457 0.999846 0.0172015 -0.38034 0.0720875 -0.0174051 0.997246 195.023
0.997296 -0.00980313 -0.0728366 69.6632 0.0111553 0.999772 0.0181815 -0.388796 0.0726418 -0.0189448 0.997178 196.277
0.9974 -0.00534138 -0.0718692 69.5817 0.00618676 0.999914 0.0115452 -0.391278 0.0718014 -0.0119598 0.997347 197.069
0.997346 0.000570334 -0.0728033 69.5327 -8.43305e-005 0.999978 0.00667847 -0.392441 0.0728055 -0.00665461 0.997324 197.802
0.997402 -0.000401378 -0.0720359 69.4792 0.000465234 1 0.000869682 -0.402796 0.0720355 -0.000900936 0.997402 198.352
0.997549 -0.0016495 -0.0699523 69.4545 0.00146227 0.999995 -0.0027277 -0.420436 0.0699564 0.00261873 0.997547 199.123
0.997562 -0.00779828 -0.0693467 69.4093 0.00727214 0.999943 -0.00783638 -0.421444 0.0694038 0.00731298 0.997562 199.722
0.997965 -0.00578886 -0.0634974 69.3614 0.00520941 0.999943 -0.00928734 -0.432356 0.0635475 0.00893765 0.997939 200.428
0.99822 -0.00228193 -0.0595994 69.3053 0.00203403 0.999989 -0.00421982 -0.436447 0.0596084 0.00409109 0.998213 201.06
0.998625 0.00624993 -0.0520526 69.2953 -0.00596617 0.999966 0.00560495 -0.449232 0.0520859 -0.00528669 0.998629 201.399
0.998835 0.00854187 -0.0474991 69.2542 -0.0080759 0.999917 0.00999334 -0.458098 0.0475805 -0.00959809 0.998821 202.197
0.999165 0.00748659 -0.0401664 69.2457 -0.00712916 0.999934 0.00903474 -0.462999 0.0402314 -0.00874084 0.999152 202.322
0.999401 -0.00119062 -0.0345931 69.212 0.00122023 0.999999 0.00083478 -0.475859 0.034592 -0.000876492 0.999401 203.28
0.999655 -0.000558358 -0.0262492 69.2019 0.000361446 0.999972 -0.00750579 -0.486394 0.0262527 0.00749371 0.999627 203.847
0.999801 0.00294929 -0.0197504 69.1803 -0.00320303 0.999913 -0.0128279 -0.490812 0.0197108 0.0128886 0.999723 204.536
0.999927 0.0024475 -0.0118458 69.1681 -0.00258162 0.999933 -0.0113204 -0.501635 0.0118173 0.0113502 0.999866 205.106
0.999977 -0.0030111 -0.00603437 69.1771 0.00297505 0.999978 -0.00597387 -0.510495 0.00605222 0.00595578 0.999964 205.569
0.999935 -0.011418 0.000425619 69.1809 0.0114179 0.999935 0.000270268 -0.528668 -0.000428677 -0.00026539 1 206.232
0.999881 -0.0145303 0.00520469 69.1946 0.0145222 0.999893 0.00158782 -0.539517 -0.00522721 -0.00151204 0.999985 206.822
0.999951 -0.00397261 0.00905832 69.1961 0.00395074 0.999989 0.00243027 -0.547166 -0.00906788 -0.00239437 0.999956 207.444
0.999908 0.00664943 0.0118587 69.1796 -0.00670035 0.999968 0.00425944 -0.551205 -0.01183 -0.0043385 0.999921 208.072
0.999937 0.00391272 0.0104963 69.1942 -0.00397415 0.999975 0.00583827 -0.553311 -0.0104732 -0.00587962 0.999928 208.685
0.999956 -0.00067344 0.00930375 69.2095 0.000591324 0.999961 0.00882602 -0.559476 -0.00930933 -0.00882013 0.999918 209.319
0.999958 0.000822514 0.00917348 69.2113 -0.000926762 0.999935 0.0113657 -0.565043 -0.00916354 -0.0113737 0.999893 209.952
0.999913 0.0102833 0.00821428 69.2053 -0.0103325 0.999929 0.0059674 -0.570923 -0.00815233 -0.00605176 0.999948 210.61
0.999871 0.0134489 0.0087657 69.1914 -0.0134187 0.999904 -0.00349277 -0.573226 -0.00881184 0.0033747 0.999955 211.256
0.999979 0.00281624 0.00578716 69.193 -0.00274811 0.999927 -0.0117474 -0.583981 -0.00581982 0.0117313 0.999914 211.89
0.999967 -0.00770895 0.00265817 69.2001 0.00775141 0.999836 -0.0163503 -0.586522 -0.00253169 0.0163703 0.999863 212.49
0.999993 -0.00357847 -0.000864612 69.1903 0.00356917 0.999938 -0.0105315 -0.594207 0.000902246 0.0105284 0.999944 213.08
0.999943 0.00927841 -0.00519765 69.173 -0.00927181 0.999956 0.00129315 -0.599332 0.00520942 -0.00124489 0.999986 213.614
0.999953 0.00122168 -0.00964897 69.1762 -0.00107023 0.999876 0.0156851 -0.605742 0.00966694 -0.015674 0.99983 214.121
0.999843 -0.0110445 -0.0138243 69.1721 0.0113851 0.999627 0.0248126 -0.610521 0.0135451 -0.0249661 0.999597 214.828
0.999826 -0.00799388 -0.0168709 69.161 0.00838288 0.999698 0.0231142 -0.608888 0.016681 -0.0232516 0.99959 215.479
0.999845 0.00443811 -0.0170476 69.1228 -0.00415124 0.99985 0.0168263 -0.607693 0.0171197 -0.0167529 0.999713 216.18
0.999741 0.00335372 -0.0225103 69.1031 -0.00316612 0.99996 0.00836465 -0.603099 0.0225375 -0.00829121 0.999712 216.89
0.999656 -0.00931813 -0.0245332 69.0983 0.00939356 0.999951 0.00296105 -0.594124 0.0245045 -0.00319048 0.999695 217.594
0.999529 -0.0153212 -0.0266058 69.0894 0.0155232 0.999852 0.00740318 -0.58811 0.0264885 -0.00781269 0.999619 218.301
0.999536 -0.0148823 -0.0265689 69.0749 0.0151918 0.999819 0.0114852 -0.588977 0.0263932 -0.0118835 0.999581 219.001
0.999515 -0.0109612 -0.0291326 69.064 0.0113677 0.99984 0.0138264 -0.596881 0.0289764 -0.0141509 0.99948 219.694
0.999474 -0.00768401 -0.0315167 69.0612 0.00803198 0.999908 0.0109291 -0.595999 0.0314299 -0.0111765 0.999443 220.419
0.999504 -0.00648135 -0.0308064 69.0267 0.00667163 0.999959 0.00607811 -0.598735 0.0307658 -0.00628062 0.999507 221.115
0.999338 -0.0134889 -0.0338002 69.0203 0.0136372 0.999898 0.00416095 -0.60021 0.0337407 -0.00461913 0.99942 221.8
0.999376 -0.0109831 -0.0335748 68.9957 0.0112394 0.999909 0.00745534 -0.603126 0.0334898 -0.00782805 0.999408 222.483
0.999393 -0.00297528 -0.0347114 68.968 0.00337469 0.999929 0.0114537 -0.606092 0.0346749 -0.0115639 0.999332 223.2
0.999413 -0.00191144 -0.0342089 68.931 0.00240967 0.999892 0.014529 -0.608176 0.0341774 -0.0146029 0.999309 223.919
0.999394 -0.00154529 -0.0347824 68.9124 0.00196047 0.999927 0.0119056 -0.614289 0.0347615 -0.0119666 0.999324 224.647
0.999426 -0.00548286 -0.0334238 68.8973 0.00564678 0.999972 0.00481179 -0.612833 0.0333965 -0.00499777 0.99943 224.834
0.999407 -0.00366456 -0.0342283 68.8765 0.00350954 0.999983 -0.004588 -0.62451 0.0342445 0.00446516 0.999404 225.86
0.999431 0.00145388 -0.0336954 68.8607 -0.00178329 0.999951 -0.00974806 -0.63224 0.0336796 0.0098026 0.999385 226.344
0.999529 0.00358876 -0.0304772 68.8367 -0.00383636 0.99996 -0.00806972 -0.64863 0.030447 0.00818284 0.999503 226.992
0.99942 -0.000600766 -0.034044 68.806 0.000504458 0.999996 -0.00283745 -0.648187 0.0340456 0.00281863 0.999416 227.561
0.999434 -0.00558694 -0.0331863 68.7879 0.00579815 0.999964 0.00627162 -0.669445 0.0331501 -0.00646049 0.99943 228.157
0.99943 -0.0027625 -0.0336471 68.7842 0.0031048 0.999944 0.0101252 -0.66378 0.0336172 -0.0102239 0.999382 228.757
0.999429 -0.000606593 -0.0337954 68.7742 0.00107508 0.999904 0.0138461 -0.680785 0.0337838 -0.0138745 0.999333 229.425
0.99927 -0.00135781 -0.0381845 68.7391 0.00193819 0.999883 0.0151665 -0.680487 0.0381595 -0.0152295 0.999156 230.013
0.998902 -0.0105634 -0.0456457 68.7516 0.011254 0.999826 0.0148989 -0.685457 0.0454804 -0.0153962 0.998847 230.76
0.998607 -0.0104024 -0.0517298 68.7052 0.0110957 0.999852 0.0131324 -0.688856 0.0515855 -0.0136881 0.998575 231.321
0.997874 -0.00693906 -0.0647955 68.6831 0.00754515 0.99993 0.00911394 -0.692591 0.0647277 -0.00958346 0.997857 231.694
0.996937 -0.00284228 -0.0781538 68.6498 0.00333287 0.999976 0.00614755 -0.698971 0.0781345 -0.0063892 0.996922 232.094
0.995186 -0.00103063 -0.0979998 68.5754 0.00139756 0.999992 0.00367555 -0.690708 0.0979953 -0.00379482 0.99518 232.679
0.992822 -0.00437117 -0.119518 68.5102 0.0049881 0.999976 0.0048631 -0.69796 0.119494 -0.00542436 0.99282 233.162
0.989597 -0.00175505 -0.143857 68.4159 0.00288979 0.999966 0.00767945 -0.698259 0.143838 -0.00801528 0.989569 233.675
0.985158 0.00265484 -0.171631 68.3136 -0.000724435 0.999936 0.0113091 -0.699755 0.17165 -0.0110169 0.985096 234.123
0.979178 -0.000215503 -0.203003 68.1931 0.00266045 0.999927 0.011771 -0.711028 0.202986 -0.012066 0.979107 234.593
0.971069 0.00371697 -0.238769 67.997 -0.00146787 0.999953 0.00959667 -0.708498 0.238794 -0.00896854 0.971029 235.229
0.960332 0.00928194 -0.278705 67.8383 -0.00730517 0.99994 0.00813046 -0.712814 0.278764 -0.00577195 0.960342 235.682
0.947252 0.0101746 -0.320329 67.6554 -0.00829247 0.999939 0.00723927 -0.716091 0.320383 -0.0042011 0.947279 236.074
0.93092 0.0151611 -0.364908 67.4668 -0.0126205 0.999877 0.00934627 -0.708983 0.365004 -0.00409531 0.930997 236.475
0.912013 0.019948 -0.409675 67.2451 -0.0162656 0.99979 0.0124717 -0.708345 0.409838 -0.00471078 0.912146 236.835
0.888919 0.028611 -0.457171 66.9915 -0.0224208 0.999569 0.018961 -0.710076 0.457516 -0.00660463 0.889177 237.201
0.863665 0.0343279 -0.502896 66.7259 -0.0237493 0.999342 0.0274289 -0.709623 0.503506 -0.011746 0.863912 237.522
0.831353 0.028522 -0.555012 66.4693 -0.0125113 0.99939 0.0326179 -0.703175 0.555603 -0.0201731 0.831203 237.841
0.802232 0.0306679 -0.596224 66.1604 -0.00790397 0.999138 0.0407576 -0.694732 0.59696 -0.0279845 0.801783 238.122
0.762113 0.0233127 -0.647024 65.8639 0.00838216 0.998912 0.0458646 -0.6756 0.64739 -0.0403775 0.761089 238.422
0.725956 0.030743 -0.687054 65.5364 0.0156961 0.998 0.0612414 -0.665723 0.687562 -0.0552426 0.724021 238.676
0.686289 0.036494 -0.726413 65.1866 0.0223103 0.997214 0.0711766 -0.643072 0.726987 -0.0650542 0.683563 238.932
0.646361 0.044551 -0.76173 64.7726 0.0261997 0.99641 0.0805082 -0.621609 0.762582 -0.0719945 0.642873 239.178
0.602746 0.0478515 -0.796497 64.3929 0.0319012 0.995957 0.0839757 -0.590621 0.797295 -0.0760252 0.598783 239.407
0.558372 0.051457 -0.827994 63.9575 0.0376057 0.995479 0.0872257 -0.564306 0.828738 -0.0798417 0.553912 239.615
0.51034 0.0505917 -0.858483 63.5384 0.0421646 0.995595 0.0837374 -0.535132 0.858938 -0.0789321 0.505959 239.799
0.45922 0.0472636 -0.887064 63.0239 0.0474327 0.995854 0.0776152 -0.512985 0.887055 -0.0777183 0.455074 240.022
0.407722 0.0464492 -0.911924 62.6139 0.0437277 0.996566 0.0703112 -0.470978 0.912058 -0.0685438 0.404291 240.149
0.35556 0.0498973 -0.933321 62.0748 0.0403133 0.996826 0.0686503 -0.452345 0.933784 -0.0620346 0.35242 240.287
0.304075 0.0547277 -0.951075 61.5726 0.0377081 0.996875 0.0694191 -0.41849 0.951902 -0.0569718 0.301061 240.402
0.256805 0.0589212 -0.964666 61.1169 0.0422773 0.9965 0.0721202 -0.394162 0.965538 -0.0593042 0.253415 240.462
0.210081 0.0593984 -0.975878 60.613 0.0510963 0.996122 0.0716302 -0.365844 0.976348 -0.0649119 0.206231 240.542
0.169292 0.0632564 -0.983534 60.0934 0.0547796 0.995792 0.0734737 -0.336717 0.984042 -0.0663161 0.165114 240.545
0.128489 0.06517 -0.989567 59.4544 0.0563191 0.995749 0.0728898 -0.301696 0.99011 -0.0650971 0.124273 240.624
0.0947709 0.0689015 -0.993112 58.9141 0.0609018 0.995332 0.0748673 -0.273086 0.993634 -0.0675775 0.0901323 240.653
0.0652835 0.071266 -0.995319 58.3017 0.0596835 0.995382 0.0751852 -0.229858 0.99608 -0.0643125 0.0607286 240.658
0.0406992 0.076389 -0.996247 57.7202 0.06245 0.994929 0.0788392 -0.186742 0.997218 -0.0654243 0.0357223 240.666
0.019002 0.0786506 -0.996721 57.1674 0.0678381 0.994502 0.0797689 -0.153304 0.997515 -0.0691314 0.013562 240.652
0.00165662 0.0831962 -0.996532 56.5919 0.0716352 0.993963 0.0831008 -0.114949 0.99743 -0.0715244 -0.00431316 240.617
-0.0125089 0.0868479 -0.996143 56.05 0.0758025 0.993437 0.0856601 -0.0744795 0.997044 -0.0744386 -0.0190101 240.574
-0.0224094 0.0890387 -0.995776 55.5034 0.0807129 0.992936 0.0869683 -0.0351687 0.996485 -0.0784231 -0.0294377 240.558
-0.0272233 0.0910317 -0.995476 55.0124 0.0841682 0.992517 0.0884595 0.00650236 0.99608 -0.0813792 -0.0346815 240.526
-0.0308323 0.09187 -0.995294 54.3965 0.0885791 0.9921 0.0888313 0.0545434 0.995592 -0.0854233 -0.0387265 240.523
-0.0313724 0.0926301 -0.995206 53.8291 0.0914488 0.991786 0.0894289 0.104955 0.995315 -0.0882048 -0.0395856 240.49
-0.032591 0.094709 -0.994971 53.2102 0.0919725 0.991561 0.0913717 0.14903 0.995228 -0.0885321 -0.0410265 240.46
-0.0328601 0.093434 -0.995083 52.5805 0.0922609 0.991653 0.0900653 0.20365 0.995193 -0.0888477 -0.0412061 240.44
-0.0352586 0.0901215 -0.995306 51.9159 0.0937169 0.991835 0.0864872 0.258845 0.994974 -0.0902276 -0.0434166 240.417
-0.0373403 0.0857969 -0.995613 51.254 0.0894563 0.992594 0.0821817 0.316649 0.995291 -0.0859951 -0.0447388 240.413
-0.034167 0.0879826 -0.995536 50.5572 0.0865477 0.992636 0.0847559 0.373741 0.995662 -0.0832654 -0.0415301 240.379
-0.0354028 0.0809468 -0.996089 49.8562 0.0817469 0.993609 0.0778397 0.430536 0.996024 -0.0786715 -0.0417937 240.34
-0.0315521 0.0852965 -0.995856 49.2339 0.0822073 0.993198 0.0824642 0.476758 0.996116 -0.0792647 -0.0383494 240.305
-0.0313254 0.0840554 -0.995969 48.495 0.0827184 0.993257 0.0812249 0.530605 0.996081 -0.0798405 -0.0380671 240.254
-0.0280778 0.0847051 -0.99601 47.7397 0.0848959 0.993005 0.0820563 0.604604 0.995994 -0.0822532 -0.0350725 240.242
-0.0236899 0.0790417 -0.99659 46.95 0.0845577 0.993456 0.0767832 0.665541 0.996137 -0.0824504 -0.0302185 240.193
-0.0260301 0.0782676 -0.996592 46.1848 0.0843192 0.99355 0.0758263 0.73133 0.996099 -0.0820581 -0.0324617 240.186
-0.0227256 0.0772352 -0.996754 45.3577 0.0818981 0.993804 0.0751394 0.782209 0.996382 -0.0799246 -0.0289102 240.153
-0.020056 0.0795379 -0.99663 44.5638 0.0814244 0.993649 0.0776614 0.840363 0.996478 -0.0795924 -0.026405 240.089
-0.0224368 0.0748166 -0.996945 44.1615 0.0829114 0.9939 0.0727221 0.872092 0.996304 -0.0810264 -0.028503 240.105
-0.018268 0.0741192 -0.997082 43.0701 0.088903 0.993419 0.0722181 0.943813 0.995873 -0.0873243 -0.0247372 240.076
-0.0188179 0.0761148 -0.996921 42.3599 0.0807599 0.993956 0.074364 0.989355 0.996556 -0.0791119 -0.0248512 240.049
-0.0147953 0.0775139 -0.996881 41.4948 0.0709761 0.994557 0.0762798 1.02678 0.997368 -0.0696262 -0.0202164 239.978
-0.0216987 0.0721574 -0.997157 40.7394 0.0669924 0.995255 0.0705619 1.07354 0.997518 -0.0652709 -0.0264297 239.967
-0.0201131 0.0702957 -0.997323 39.828 0.0689401 0.995248 0.0687592 1.13046 0.997418 -0.0673726 -0.0248637 239.926
-0.0240247 0.0717888 -0.99713 38.989 0.0782661 0.994492 0.0697131 1.1862 0.996643 -0.0763667 -0.029511 239.896
-0.0270105 0.0665742 -0.997416 38.112 0.0816488 0.994593 0.0641747 1.2353 0.996295 -0.0797044 -0.0323001 239.867
-0.0295126 0.0687979 -0.997194 37.1995 0.0801563 0.994579 0.0662451 1.28954 0.996345 -0.0779763 -0.0348672 239.835
-0.0315459 0.0680587 -0.997182 36.0038 0.0697808 0.995395 0.0657292 1.35874 0.997063 -0.0675107 -0.0361498 239.758
-0.035796 0.0643572 -0.997285 34.6773 0.0652746 0.995944 0.0619277 1.416 0.997225 -0.0628806 -0.0398517 239.654
-0.0402562 0.0702559 -0.996716 33.5893 0.063556 0.995685 0.0676163 1.48256 0.997166 -0.0606253 -0.0445477 239.663
-0.0343434 0.0653159 -0.997273 32.2862 0.0620445 0.996077 0.0631009 1.55616 0.997482 -0.0597082 -0.0382611 239.479
-0.0394431 0.0727774 -0.996568 30.8547 0.0673624 0.995269 0.0700164 1.62096 0.996949 -0.0643695 -0.0441589 239.405
-0.0389679 0.0754156 -0.99639 29.4854 0.0650477 0.995224 0.0727834 1.72052 0.997121 -0.0619767 -0.0436874 239.338
-0.0345327 0.0794543 -0.99624 28.5508 0.0668266 0.994787 0.077022 1.76905 0.997167 -0.0639155 -0.0396623 239.222
-0.0358923 0.0763769 -0.996433 27.6013 0.0695017 0.994852 0.0737522 1.82985 0.996936 -0.0666066 -0.0410158 239.168
-0.0304429 0.0833839 -0.996052 26.5292 0.0774891 0.993712 0.0808196 1.88448 0.996528 -0.0747229 -0.0367128 239.118
-0.0361624 0.0804835 -0.9961 25.0081 0.0766795 0.994037 0.0775331 2.01834 0.9964 -0.0735766 -0.0421182 239.064
-0.0266953 0.0808661 -0.996367 24.04 0.0801579 0.993686 0.0785009 2.08596 0.996425 -0.0777711 -0.0330088 238.944
-0.0304567 0.0733879 -0.996838 21.7615 0.0819098 0.99413 0.0706859 2.22813 0.996174 -0.079498 -0.0362891 238.89
-0.0232861 0.0733223 -0.997036 20.1548 0.0733879 0.994741 0.0714395 2.30941 0.997032 -0.0715069 -0.0285447 238.693
-0.0199684 0.0634055 -0.997788 19.2776 0.0745377 0.995304 0.061756 2.36123 0.997018 -0.0731397 -0.0246007 238.664
-0.0199684 0.0634055 -0.997788 18.4004 0.0745377 0.995304 0.061756 2.41306 0.997018 -0.0731397 -0.0246007 238.634
-0.016197 0.064583 -0.997781 17.5232 0.0612386 0.996102 0.0634802 2.45613 0.997992 -0.0600745 -0.0200888 238.558
-0.0160292 0.0578338 -0.998198 16.6123 0.0611993 0.996511 0.0567533 2.49086 0.997997 -0.0601792 -0.0195126 238.557
-0.0134636 0.0605453 -0.998075 15.7155 0.0649666 0.996109 0.0595497 2.52231 0.997797 -0.0640397 -0.0173447 238.52
-0.0132572 0.0588517 -0.998179 14.8475 0.0657235 0.996159 0.0578597 2.56928 0.99775 -0.0648368 -0.0170742 238.463
-0.0110946 0.0653794 -0.997799 13.9613 0.0727626 0.995268 0.0644045 2.61431 0.997288 -0.0718878 -0.0157993 238.478
-0.0137658 0.0616772 -0.998001 13.0687 0.0670617 0.995905 0.0606227 2.65895 0.997654 -0.0660931 -0.0178456 238.452
-0.0160359 0.0696441 -0.997443 12.1954 0.0636365 0.99562 0.0684937 2.71062 0.997844 -0.0623754 -0.0203975 238.461
-0.0209221 0.0628687 -0.997802 11.1607 0.0583365 0.996397 0.0615569 2.73743 0.998078 -0.0569205 -0.0245143 238.406
-0.026976 0.0615727 -0.997738 10.282 0.0557261 0.996642 0.0599984 2.79321 0.998082 -0.0539815 -0.0303166 238.418
-0.0291115 0.0645662 -0.997489 9.28509 0.0587269 0.996298 0.0627752 2.81636 0.99785 -0.056752 -0.0327956 238.341
-0.035507 0.0678326 -0.997065 8.41097 0.0607362 0.995996 0.065597 2.86613 0.997522 -0.0582287 -0.0394848 238.291
-0.0402369 0.061894 -0.997271 7.53597 0.0641629 0.99618 0.0592374 2.91644 0.997128 -0.0616043 -0.0440545 238.245
-0.0422484 0.0740959 -0.996356 6.36798 0.0715385 0.994911 0.070955 2.97729 0.996543 -0.0682801 -0.0473341 238.169
-0.0460314 0.0749595 -0.996124 5.61174 0.0738177 0.99471 0.071442 3.01563 0.996209 -0.070243 -0.0513212 238.125
-0.0495288 0.0796041 -0.995595 4.36995 0.0773801 0.994128 0.0756373 3.08088 0.995771 -0.0732931 -0.0553977 238.037
-0.052637 0.0834133 -0.995124 3.39702 0.0770729 0.993872 0.0792317 3.13798 0.995635 -0.0725266 -0.0587434 237.98
-0.047635 0.0982353 -0.994022 1.78953 0.0774773 0.992517 0.0943738 3.24948 0.995855 -0.0725187 -0.0548896 237.793
-0.0602344 0.0816803 -0.994837 0.889188 0.0815726 0.993716 0.0766493 3.30043 0.994846 -0.0765345 -0.0665188 237.791
-0.0508275 0.10191 -0.993494 0.0607756 0.0940787 0.990845 0.0968256 3.37228 0.994266 -0.0885452 -0.0599498 237.664
-0.0552635 0.0963809 -0.993809 -0.757457 0.0914521 0.991635 0.0910846 3.41493 0.994275 -0.0858523 -0.0636155 237.63
-0.0464073 0.104865 -0.993403 -1.47856 0.100032 0.989964 0.0998286 3.46384 0.993901 -0.0947396 -0.0564314 237.532
-0.0535133 0.100413 -0.993506 -2.32358 0.098176 0.99064 0.0948356 3.53227 0.993729 -0.0924634 -0.0628706 237.508
-0.0455741 0.111162 -0.992757 -3.03163 0.103636 0.988953 0.105979 3.5879 0.993571 -0.0980555 -0.0565911 237.419
-0.0495048 0.105682 -0.993167 -3.84058 0.104225 0.989504 0.100097 3.665 0.993321 -0.0985571 -0.0599998 237.412
-0.0453102 0.107457 -0.993177 -4.58525 0.111911 0.988486 0.101844 3.72357 0.992685 -0.106533 -0.056814 237.357
-0.0457793 0.10788 -0.993109 -5.381 0.10813 0.988846 0.102433 3.80257 0.993082 -0.102695 -0.0569338 237.367
-0.0440932 0.101552 -0.993853 -6.10488 0.106974 0.989581 0.096369 3.8537 0.993284 -0.102067 -0.0544971 237.309
-0.0405562 0.1064 -0.993496 -6.98457 0.10339 0.989423 0.101744 3.93646 0.993814 -0.0985912 -0.051128 237.273
-0.0336858 0.101184 -0.994297 -8.11789 0.101593 0.990055 0.09731 4.00511 0.994256 -0.0977357 -0.0436304 237.098
-0.0258177 0.107337 -0.993887 -8.53392 0.107332 0.988769 0.103996 4.01934 0.993888 -0.103991 -0.0370485 237.086
-0.0258177 0.107337 -0.993887 -8.94995 0.107332 0.988769 0.103996 4.03358 0.993888 -0.103991 -0.0370485 237.075
-0.0216448 0.10972 -0.993727 -9.6161 0.108502 0.988347 0.106762 4.0951 0.993861 -0.10551 -0.0332973 237.058
-0.0159577 0.110327 -0.993767 -10.3969 0.108837 0.98818 0.107959 4.15967 0.993932 -0.106436 -0.0277767 237.022
-0.0139665 0.106831 -0.994179 -11.1309 0.109607 0.988448 0.104675 4.22862 0.993877 -0.107507 -0.0255145 237.003
-0.00833316 0.107552 -0.994165 -11.8181 0.109965 0.988268 0.105992 4.29366 0.993901 -0.10844 -0.0200623 237.003
-0.00321325 0.106682 -0.994288 -12.4145 0.109323 0.988371 0.105694 4.32715 0.994001 -0.108359 -0.0148387 236.961
-0.000833526 0.104181 -0.994558 -13.0601 0.107612 0.988792 0.103487 4.40831 0.994193 -0.10694 -0.0120353 236.991
0.00530547 0.103953 -0.994568 -13.7236 0.10875 0.988623 0.103911 4.46558 0.994055 -0.10871 -0.00605969 237.007
0.00881331 0.10354 -0.994586 -14.2404 0.106459 0.988875 0.103888 4.52367 0.994278 -0.106798 -0.00230744 236.98
0.0202953 0.109656 -0.993762 -14.8398 0.10441 0.9883 0.111186 4.56253 0.994327 -0.106015 0.00860869 236.928
0.0190991 0.102746 -0.994524 -15.3028 0.104979 0.989001 0.104192 4.6165 0.994291 -0.106394 0.00810283 236.914
0.0321794 0.106515 -0.99379 -15.807 0.111127 0.987759 0.109467 4.64834 0.993285 -0.113959 0.0199487 236.897
0.0360565 0.101148 -0.994218 -16.2521 0.104816 0.988995 0.104417 4.69845 0.993838 -0.107975 0.0250579 236.9
0.0426774 0.0986679 -0.994205 -16.7151 0.102112 0.98947 0.102581 4.74347 0.993857 -0.105898 0.0321528 236.898
0.0497154 0.099461 -0.993799 -16.9819 0.10121 0.989405 0.104084 4.76379 0.993622 -0.105757 0.0391223 236.913
0.0546634 0.0944652 -0.994026 -17.3883 0.096338 0.990371 0.0994157 4.79235 0.993847 -0.101197 0.0450365 236.91
0.0592891 0.0966861 -0.993547 -17.6693 0.0987882 0.989844 0.102221 4.82346 0.993341 -0.104211 0.0491355 236.966
0.0639547 0.0956708 -0.993356 -18.003 0.0973043 0.990053 0.101617 4.85658 0.993198 -0.103157 0.0540094 236.988
0.0687806 0.0979627 -0.99281 -18.2632 0.0970969 0.989785 0.104391 4.87357 0.992895 -0.103579 0.0585662 236.988
0.0695383 0.0910676 -0.993414 -18.5537 0.0926075 0.990935 0.0973228 4.91291 0.993272 -0.0987652 0.0604744 237.034
0.0748278 0.0919466 -0.992948 -18.7652 0.0908202 0.990973 0.0986079 4.9205 0.993052 -0.0975584 0.0658018 237.032
0.0767042 0.0895716 -0.993022 -18.8706 0.0849776 0.991745 0.0960204 4.93178 0.993426 -0.0917498 0.0684594 237.06
0.0806994 0.089774 -0.992687 -19.0881 0.088266 0.991379 0.0968311 4.94776 0.992823 -0.0954348 0.0720798 237.041
0.081163 0.0843421 -0.993126 -19.1547 0.089325 0.991788 0.0915286 4.96419 0.99269 -0.0961397 0.0729626 237.072
0.081163 0.0843421 -0.993126 -19.2213 0.089325 0.991788 0.0915286 4.98062 0.99269 -0.0961397 0.0729626 237.104
0.0829365 0.0902012 -0.992464 -19.4041 0.0878974 0.991352 0.0974454 4.97479 0.992671 -0.0953169 0.0742908 237.07
0.077677 0.0799533 -0.993767 -19.4508 0.0786204 0.993184 0.0860517 4.99728 0.993874 -0.0848146 0.0708615 237.096
0.077677 0.0799533 -0.993767 -19.4974 0.0786204 0.993184 0.0860517 5.01977 0.993874 -0.0848146 0.0708615 237.122
0.077677 0.0799533 -0.993767 -19.5441 0.0786204 0.993184 0.0860517 5.04226 0.993874 -0.0848146 0.0708615 237.148
0.0830833 0.0914743 -0.992335 -20.5906 0.0877164 0.991242 0.0987175 5.08714 0.992675 -0.0952459 0.0743319 237.225
0.0830833 0.0914743 -0.992335 -21.6371 0.0877164 0.991242 0.0987175 5.13202 0.992675 -0.0952459 0.0743319 237.301
0.0830833 0.0914743 -0.992335 -22.6836 0.0877164 0.991242 0.0987175 5.17689 0.992675 -0.0952459 0.0743319 237.377
0.0788423 0.0855435 -0.99321 -22.6948 0.0730057 0.993141 0.0913328 5.19246 0.99421 -0.0797109 0.0720563 237.337
0.0788423 0.0855435 -0.99321 -22.7061 0.0730057 0.993141 0.0913328 5.20802 0.99421 -0.0797109 0.0720563 237.297
0.0788423 0.0855435 -0.99321 -22.7174 0.0730057 0.993141 0.0913328 5.22359 0.99421 -0.0797109 0.0720563 237.257
0.0788423 0.0855435 -0.99321 -22.7286 0.0730057 0.993141 0.0913328 5.23916 0.99421 -0.0797109 0.0720563 237.217
0.0788423 0.0855435 -0.99321 -22.7399 0.0730057 0.993141 0.0913328 5.25472 0.99421 -0.0797109 0.0720563 237.177
0.0788423 0.0855435 -0.99321 -22.7512 0.0730057 0.993141 0.0913328 5.27029 0.99421 -0.0797109 0.0720563 237.137
0.0788423 0.0855435 -0.99321 -22.7624 0.0730057 0.993141 0.0913328 5.28586 0.99421 -0.0797109 0.0720563 237.097
0.0788423 0.0855435 -0.99321 -22.7737 0.0730057 0.993141 0.0913328 5.30142 0.99421 -0.0797109 0.0720563 237.057
0.0788423 0.0855435 -0.99321 -22.785 0.0730057 0.993141 0.0913328 5.31699 0.99421 -0.0797109 0.0720563 237.017
0.0788423 0.0855435 -0.99321 -22.7962 0.0730057 0.993141 0.0913328 5.33256 0.99421 -0.0797109 0.0720563 236.977
0.0788423 0.0855435 -0.99321 -22.8075 0.0730057 0.993141 0.0913328 5.34812 0.99421 -0.0797109 0.0720563 236.937
0.0788423 0.0855435 -0.99321 -22.8188 0.0730057 0.993141 0.0913328 5.36369 0.99421 -0.0797109 0.0720563 236.896
0.0846317 0.0886988 -0.992457 -22.6855 0.0303663 0.995338 0.0915458 5.44148 0.995949 -0.0378849 0.0815437 238.777
0.0846317 0.0886988 -0.992457 -22.5523 0.0303663 0.995338 0.0915458 5.51927 0.995949 -0.0378849 0.0815437 240.657
0.0846873 0.0812161 -0.993092 -22.6634 0.0779984 0.993074 0.087866 5.49844 0.99335 -0.0849007 0.077766 240.034
0.0846873 0.0812161 -0.993092 -22.7745 0.0779984 0.993074 0.087866 5.47762 0.99335 -0.0849007 0.077766 239.41
0.0846873 0.0812161 -0.993092 -22.8856 0.0779984 0.993074 0.087866 5.4568 0.99335 -0.0849007 0.077766 238.787
0.0935636 0.0820752 -0.992225 -22.7992 0.0761819 0.993084 0.0893301 5.54031 0.992694 -0.0839476 0.0866639 240.688
0.0989208 0.0767434 -0.992132 -22.9622 0.0763769 0.993495 0.0844641 5.50939 0.99216 -0.0841312 0.0924159 239.754
0.0989208 0.0767434 -0.992132 -23.1253 0.0763769 0.993495 0.0844641 5.47847 0.99216 -0.0841312 0.0924159 238.819
0.11127 0.0798891 -0.990574 -23.1531 0.0774824 0.993032 0.0887908 5.52507 0.990765 -0.0866318 0.104305 239.773
0.115511 0.0752261 -0.990454 -23.3642 0.0749548 0.993625 0.0842085 5.50109 0.990474 -0.0839663 0.109136 238.862
0.130209 0.0776149 -0.988444 -23.4571 0.0774222 0.993091 0.0881788 5.53378 0.988459 -0.0880092 0.123301 239.352
0.14116 0.0745404 -0.987177 -23.6215 0.0736732 0.993605 0.0855606 5.54006 0.987242 -0.0848062 0.134765 239.145
0.159837 0.076689 -0.98416 -23.7305 0.0756919 0.99309 0.0896779 5.55788 0.984237 -0.0888268 0.152928 239.284
0.177873 0.071885 -0.981424 -23.9111 0.0813098 0.992844 0.087458 5.57084 0.980689 -0.0953558 0.170755 239.273
0.200468 0.0698173 -0.977209 -24.0707 0.0854884 0.992406 0.0884404 5.58544 0.975963 -0.101269 0.192977 239.344
0.222549 0.068835 -0.972488 -24.2715 0.0786077 0.99299 0.0882751 5.60292 0.971747 -0.0960906 0.215578 239.389
0.248258 0.0653784 -0.966485 -24.4808 0.072922 0.993628 0.0859457 5.62621 0.965945 -0.0918147 0.241908 239.476
0.277753 0.0604615 -0.958748 -24.6955 0.0723851 0.993863 0.0836462 5.64492 0.957922 -0.0926321 0.271672 239.55
0.309397 0.0548453 -0.94935 -24.9116 0.0703071 0.994284 0.0803545 5.66647 0.94833 -0.0916075 0.303772 239.649
0.343971 0.0475345 -0.937776 -25.1361 0.0694178 0.994697 0.0758819 5.68488 0.936411 -0.0911996 0.338848 239.766
0.383219 0.0441444 -0.922602 -25.3595 0.0675483 0.994843 0.0756583 5.70609 0.921184 -0.0913139 0.378261 239.89
0.423677 0.0462119 -0.904634 -25.5967 0.0623471 0.994842 0.0800197 5.72507 0.903665 -0.0903038 0.41861 240.022
0.466808 0.0492608 -0.882986 -25.8412 0.054508 0.994946 0.0843237 5.75217 0.882677 -0.0874928 0.461764 240.182
0.511762 0.0507918 -0.857625 -26.0885 0.0512798 0.994665 0.0895075 5.7713 0.857596 -0.0897854 0.506427 240.369
0.554506 0.0410267 -0.831168 -26.3153 0.0548545 0.99481 0.0856999 5.79716 0.83037 -0.0931144 0.549378 240.571
0.600616 0.034693 -0.798785 -26.6442 0.0572722 0.994625 0.0862624 5.83253 0.797484 -0.0975587 0.595401 240.89
0.647111 0.0303483 -0.761791 -26.9107 0.0516004 0.995173 0.0834782 5.86207 0.760647 -0.0933284 0.642421 241.162
0.689998 0.0264654 -0.723327 -27.2122 0.0439148 0.99596 0.078332 5.89993 0.722477 -0.0858137 0.686048 241.529
0.736016 0.0280527 -0.676383 -27.4754 0.0320555 0.996576 0.0762144 5.93981 0.676205 -0.0777768 0.732597 241.881
0.777107 0.0253236 -0.628859 -27.7719 0.0260898 0.997035 0.07239 5.98084 0.628827 -0.0726616 0.774142 242.337
0.816826 0.0209457 -0.576504 -27.9996 0.0237288 0.997275 0.0698538 6.03298 0.576396 -0.0707382 0.814103 242.741
0.853986 0.0186687 -0.51996 -28.2509 0.0239039 0.996893 0.0750525 6.07174 0.519746 -0.0765229 0.850887 243.202
0.883203 0.00635218 -0.468947 -28.406 0.0304996 0.997014 0.0709473 6.10234 0.467998 -0.0769636 0.880372 243.671
0.911018 0.0019464 -0.412363 -28.6219 0.0300984 0.997008 0.0712013 6.14566 0.411267 -0.0772771 0.908233 244.208
0.932476 0.000230493 -0.361232 -28.7549 0.0262483 0.997313 0.068393 6.18107 0.360277 -0.0732565 0.929964 244.729
0.951056 0.000694257 -0.309017 -28.8925 0.0207505 0.997597 0.0661049 6.21746 0.30832 -0.0692817 0.948756 245.292
0.965451 0.00341699 -0.260561 -29.0358 0.0131819 0.997993 0.0619302 6.26657 0.26025 -0.0632253 0.963469 245.898
0.976683 0.0036508 -0.214655 -29.1407 0.00931928 0.998192 0.05938 6.3098 0.214483 -0.0599959 0.974883 246.489
0.985055 0.00281337 -0.172217 -29.1858 0.00772926 0.998137 0.060516 6.33056 0.172066 -0.0609427 0.983198 246.963
0.990869 0.000816703 -0.134823 -29.2658 0.00751693 0.998092 0.0612908 6.36753 0.134616 -0.0617447 0.988972 247.557
0.994596 0.000833063 -0.103814 -29.2802 0.00570842 0.998016 0.0626987 6.38826 0.10366 -0.0629526 0.992619 247.994
0.997044 -0.00197326 -0.0768117 -29.3137 0.00680675 0.998008 0.0627156 6.42082 0.076535 -0.0630531 0.995071 248.56
0.998446 -0.00509749 -0.0554904 -29.3467 0.00856727 0.99801 0.0624723 6.45072 0.0550615 -0.0628506 0.996503 249.099
0.999183 -0.00408554 -0.0401995 -29.3537 0.00660264 0.998012 0.0626832 6.48742 0.0398635 -0.0628974 0.997224 249.698
0.999686 0.000976009 -0.0250324 -29.4205 0.000600045 0.998021 0.062876 6.53442 0.0250442 -0.0628713 0.997707 250.426
0.999855 0.000832648 -0.0170212 -29.3817 0.000231331 0.99805 0.0624117 6.56296 0.01704 -0.0624066 0.997905 250.945
0.999958 -0.00177328 -0.00896736 -29.4275 0.00231942 0.998119 0.0612645 6.63279 0.00884186 -0.0612828 0.998081 251.835
0.999995 -0.00187971 -0.00270498 -29.3996 0.00203757 0.998221 0.0595893 6.65868 0.00258815 -0.0595945 0.998219 252.419
0.999992 -0.00361649 0.00140095 -29.366 0.00352732 0.998244 0.0591362 6.68581 -0.00161235 -0.0591308 0.998249 252.911
0.999986 -0.00438259 0.00288754 -29.3613 0.00420337 0.998226 0.0593937 6.72125 -0.00314272 -0.0593807 0.99823 253.584
0.999976 -0.0029285 0.00623822 -29.3576 0.00254342 0.998143 0.0608679 6.74918 -0.00640488 -0.0608506 0.998126 254.132
0.99995 0.00175326 0.0098341 -29.3906 -0.00236626 0.998031 0.0626729 6.78857 -0.00970486 -0.0626931 0.997986 254.793
0.999964 -0.00177495 0.00832063 -29.3878 0.00122374 0.997833 0.0657888 6.83269 -0.00841937 -0.0657762 0.997799 255.505
0.999956 -0.00477978 0.00809023 -29.3801 0.00424037 0.997848 0.0654258 6.87605 -0.00838554 -0.0653886 0.997825 256.182
0.99996 0.000214597 0.00890152 -29.4229 -0.000787386 0.997924 0.0643939 6.92449 -0.00886922 -0.0643984 0.997885 257.04
0.999979 -0.00447514 0.00478962 -29.4124 0.00417922 0.998183 0.0601059 6.96764 -0.0050499 -0.0600846 0.998181 257.736
0.999977 -0.00100504 0.00668874 -29.4238 0.000640704 0.998527 0.0542515 7.01109 -0.00673341 -0.054246 0.998505 258.439
0.999991 0.00166445 0.00388403 -29.4238 -0.00185871 0.998719 0.0505584 7.04586 -0.00379491 -0.0505652 0.998714 259.232
0.99997 0.00365827 0.00685731 -29.455 -0.00399945 0.99872 0.0504192 7.09247 -0.00666409 -0.0504451 0.998705 259.986
0.999986 0.00334296 0.00405743 -29.4492 -0.0035725 0.998313 0.0579507 7.12212 -0.00385686 -0.0579644 0.998311 260.735
0.999967 0.00163853 0.00796418 -29.4861 -0.00216399 0.997789 0.0664239 7.17463 -0.00783774 -0.0664389 0.99776 261.563
0.999976 -0.00319676 0.00611217 -29.4614 0.00274618 0.997375 0.0723569 7.21426 -0.00632743 -0.0723384 0.99736 262.343
0.999955 -0.00769189 0.00550341 -29.4537 0.00729325 0.997582 0.0691153 7.28087 -0.00602173 -0.0690721 0.997593 263.321
0.999973 -0.00589871 0.00435612 -29.4345 0.00561477 0.998026 0.0625441 7.33664 -0.00471646 -0.062518 0.998033 264.275
0.999992 -0.00367093 0.00143084 -29.4544 0.00358715 0.998496 0.0547146 7.3896 -0.00162954 -0.054709 0.998501 265.155
0.999981 -0.00596844 0.00142717 -29.4637 0.00588825 0.998692 0.050794 7.43223 -0.00172846 -0.0507846 0.998708 266.01
0.999995 -0.00310145 -0.000999356 -29.4422 0.00314666 0.998796 0.0489542 7.4713 0.000846324 -0.0489571 0.998801 266.838
0.999978 0.00603616 0.00277236 -29.4625 -0.00616884 0.998698 0.0506466 7.50182 -0.00246303 -0.0506626 0.998713 267.648
0.999997 0.00172934 -0.00165561 -29.4518 -0.00163177 0.99836 0.0572213 7.54301 0.00175185 -0.0572185 0.99836 268.491
0.999999 0.000246155 0.00112364 -29.4679 -0.000318231 0.997911 0.0646029 7.58405 -0.00110539 -0.0646032 0.99791 269.341
0.999998 -0.0012637 0.00139638 -29.4342 0.00116585 0.997686 0.067979 7.65138 -0.00147905 -0.0679773 0.997686 270.358
0.999913 -0.0115843 0.00633081 -29.5385 0.0111206 0.997559 0.068939 7.67251 -0.00711396 -0.0688626 0.997601 271.187
0.999909 -0.00952274 -0.00959354 -29.4273 0.0100939 0.998065 0.0613624 7.75475 0.00899064 -0.0614537 0.998069 272.226
0.999998 0.00191348 0.000660401 -29.4493 -0.00194912 0.998255 0.0590171 7.79689 -0.000546321 -0.0590182 0.998257 273.292
0.999994 0.000499273 -0.00350138 -29.4584 -0.000300899 0.998407 0.0564293 7.85088 0.00352397 -0.0564279 0.9984 274.219
0.999993 9.84141e-005 -0.00384259 -29.476 0.000121519 0.998363 0.0571937 7.89927 0.00384192 -0.0571937 0.998356 275.181
0.999985 -0.00280188 -0.00470654 -29.5016 0.00307782 0.998213 0.0596834 7.96906 0.00453091 -0.059697 0.998206 276.461
0.999975 0.00172269 -0.00684116 -29.4644 -0.00129059 0.998033 0.0626721 7.99799 0.00693567 -0.0626617 0.998011 277.191
0.999955 -0.00152643 -0.00932114 -29.4261 0.00209718 0.998103 0.0615323 8.05257 0.00920953 -0.0615491 0.998062 278.215
0.999877 -0.00952593 -0.0124487 -29.3772 0.0101977 0.998431 0.055061 8.10512 0.0119047 -0.0551812 0.998405 279.076
0.999971 -0.000502952 -0.00761219 -29.3987 0.000888941 0.998709 0.0507887 8.14651 0.00757682 -0.0507939 0.99868 280.101
0.999915 0.001259 -0.0129919 -29.4775 -0.000621583 0.998801 0.0489507 8.19987 0.013038 -0.0489385 0.998717 281.041
0.999937 0.0027807 -0.0108997 -29.5325 -0.0022286 0.99873 0.0503413 8.25195 0.0110258 -0.0503139 0.998673 282.039
0.999887 0.00233325 -0.0148372 -29.5274 -0.00150321 0.998446 0.0557099 8.27827 0.0149441 -0.0556813 0.998337 282.939
0.999889 0.00344461 -0.0145021 -29.5708 -0.00257393 0.998217 0.059634 8.32867 0.0146817 -0.05959 0.998115 283.895
0.999846 0.00353081 -0.0171915 -29.5662 -0.00242277 0.997944 0.0640517 8.36152 0.0173823 -0.0640002 0.997798 284.884
0.999842 0.00693358 -0.0163712 -29.5988 -0.00586722 0.997913 0.0643092 8.41861 0.0167829 -0.064203 0.997796 285.909
0.999827 0.00315526 -0.0183406 -29.6235 -0.00197308 0.99794 0.0641211 8.45636 0.0185051 -0.0640738 0.997774 286.976
0.99988 0.00322848 -0.0151648 -29.653 -0.00229075 0.998107 0.0614513 8.50892 0.0153345 -0.0614092 0.997995 287.997
0.999899 0.0026385 -0.0139475 -29.6639 -0.00181931 0.99829 0.0584231 8.54521 0.0140778 -0.0583919 0.998194 289.001
0.99979 -0.00929549 -0.018266 -29.6727 0.0102916 0.998421 0.0552188 8.58387 0.0177239 -0.0553952 0.998307 289.981
0.999878 -0.00251018 -0.0154376 -29.726 0.00334029 0.998536 0.0539834 8.63713 0.0152795 -0.0540283 0.998422 291.024
0.999905 0.0062646 -0.0122969 -29.7357 -0.00557553 0.998455 0.0552913 8.66901 0.0126243 -0.0552175 0.998395 291.889
0.999872 -0.000370225 -0.0159789 -29.7535 0.00130073 0.9983 0.0582624 8.71642 0.0159301 -0.0582758 0.998173 292.942
0.999924 0.00483866 -0.0113718 -29.7698 -0.00415029 0.998202 0.0597964 8.7527 0.0116407 -0.0597447 0.998146 293.903
0.999919 0.00331271 -0.0123123 -29.7487 -0.00255934 0.998152 0.0607078 8.79815 0.0124907 -0.0606713 0.99808 294.886
0.999928 0.00110825 -0.0119462 -29.8214 -0.00033195 0.997899 0.0647903 8.87257 0.0119929 -0.0647817 0.997827 296.112
0.999932 0.00340094 -0.0111618 -29.8119 -0.0026242 0.997621 0.0688805 8.91884 0.0113695 -0.0688466 0.997562 297.08
0.999932 0.00703831 -0.00928067 -29.8804 -0.00637451 0.997547 0.0697109 8.96462 0.00974855 -0.069647 0.997524 298.23
0.999915 0.00755548 -0.0106445 -29.8656 -0.0068622 0.997944 0.0637257 9.03834 0.0111041 -0.0636472 0.997911 299.34
0.999961 0.00425038 -0.00779973 -29.8862 -0.00377629 0.998202 0.0598229 9.08138 0.00803997 -0.0597911 0.998179 300.388
0.999939 0.00470923 -0.0100133 -29.8932 -0.00412726 0.998345 0.0573662 9.13657 0.0102669 -0.0573214 0.998303 301.434
0.999969 0.00496384 -0.00616568 -29.9121 -0.00460991 0.998412 0.0561483 9.17978 0.0064346 -0.0561181 0.998403 302.379
0.999955 0.00736463 -0.0060486 -29.9538 -0.00701721 0.99843 0.0555795 9.22229 0.00644842 -0.0555345 0.998436 303.51
0.999975 0.00677047 -0.0018468 -29.9696 -0.00665778 0.998442 0.0553967 9.25492 0.00221898 -0.055383 0.998463 304.123
0.999896 -0.00880356 -0.0114065 -29.996 0.00945999 0.998223 0.058834 9.31299 0.0108682 -0.0589358 0.998203 305.361
0.999994 -0.00034102 -0.00337807 -30.0257 0.000544918 0.998165 0.0605433 9.35728 0.00335123 -0.0605448 0.99816 306.266
0.999985 -0.000180233 -0.0054244 -30.0302 0.000505633 0.998195 0.0600468 9.41889 0.00540379 -0.0600486 0.998181 307.371
0.999861 0.0161959 0.00393428 -30.1371 -0.0164002 0.998117 0.0591077 9.46422 -0.00296957 -0.059164 0.998244 308.509
0.999973 0.00707425 -0.00181796 -30.1866 -0.0069523 0.998171 0.0600605 9.5457 0.00223951 -0.0600463 0.998193 309.805
0.999874 0.0152024 0.00455281 -30.1984 -0.0154444 0.998143 0.0589159 9.58075 -0.00364869 -0.0589788 0.998253 310.937
1 -0.000740486 0.000165305 -30.218 0.000729291 0.998215 0.0597265 9.65653 -0.000209236 -0.0597264 0.998215 312.055
0.999996 -0.00223277 0.00176427 -30.2194 0.00212424 0.998238 0.0592922 9.69097 -0.00189355 -0.0592882 0.998239 313.102
0.999996 -0.00105875 0.00249751 -30.1763 0.000906408 0.998184 0.0602299 9.76041 -0.00255674 -0.0602274 0.998181 314.217
0.999989 -0.00329066 0.00331546 -30.1994 0.00308814 0.998233 0.059341 9.814 -0.00350487 -0.0593301 0.998232 315.339
0.999987 -0.00170555 0.00486035 -30.2157 0.0014418 0.998553 0.0537625 9.88972 -0.00494501 -0.0537548 0.998542 316.462
0.999977 0.00596143 0.00308377 -30.2166 -0.00611329 0.998637 0.0518361 9.92159 -0.00277055 -0.0518538 0.998651 317.495
0.999992 -0.00016087 0.00405397 -30.2252 -5.40104e-005 0.998597 0.0529492 9.9799 -0.0040568 -0.052949 0.998589 318.599
0.999996 -0.0015857 0.00234382 -30.1995 0.00144484 0.998261 0.0589285 10.0175 -0.00243319 -0.0589249 0.998259 319.56
0.999988 0.00215491 0.00443037 -30.2203 -0.00242329 0.998104 0.0614942 10.0663 -0.00428946 -0.0615042 0.998098 320.634
0.999989 0.0020799 0.00428434 -30.1944 -0.00234835 0.99797 0.0636388 10.1155 -0.00414328 -0.0636481 0.997964 321.701
0.999984 0.000647128 0.00566677 -30.1981 -0.00101549 0.997869 0.0652438 10.1772 -0.00561247 -0.0652485 0.997853 322.857
0.999986 -0.00375507 0.00359278 -30.1835 0.00351011 0.997819 0.0659132 10.2315 -0.00383245 -0.0658997 0.997819 323.953
0.999961 -0.0010748 0.00881042 -30.2307 0.000522784 0.99805 0.0624195 10.3005 -0.00886032 -0.0624125 0.998011 325.132
0.999987 -0.00300923 0.00401981 -30.2299 0.00275951 0.998149 0.0607461 10.3619 -0.00419518 -0.0607342 0.998145 326.369
0.999953 0.00249107 0.00933929 -30.2764 -0.00302438 0.998339 0.0575319 10.4435 -0.00918047 -0.0575574 0.9983 327.48
0.999977 0.000931521 0.00677632 -30.3166 -0.001335 0.99821 0.0597846 10.496 -0.0067085 -0.0597922 0.998188 328.627
0.999974 -0.00584184 0.00430018 -30.2961 0.00556605 0.998087 0.0615696 10.5466 -0.00465163 -0.061544 0.998094 329.638
0.999959 -0.00205802 0.00881764 -30.2942 0.00148449 0.997913 0.0645631 10.5926 -0.00893211 -0.0645474 0.997875 330.682
0.999957 -0.00781043 0.00498808 -30.2774 0.0074646 0.997795 0.0659431 10.6575 -0.00549212 -0.0659031 0.997811 331.854
0.999954 -0.00487796 0.00823053 -30.2812 0.00434818 0.997991 0.0632017 10.7061 -0.0085223 -0.0631631 0.997967 333.002
0.999845 0.000276434 0.0176072 -30.4331 -0.00128581 0.998354 0.0573422 10.7629 -0.0175624 -0.0573559 0.998199 334.387
