0.999994 -0.00266876 -0.00221869 -0.0135351 0.00266449 0.999995 -0.00192875 -0.0104086 0.00222383 0.00192283 0.999996 0.676429
0.999961 -0.00179 -0.00869473 -0.0100888 0.00176264 0.999993 -0.00315285 -0.0155504 0.00870031 0.0031374 0.999957 1.3312
0.999941 -0.00324714 -0.0103478 -0.0523879 0.00319123 0.99998 -0.00541442 -0.0118057 0.0103652 0.00538108 0.999932 2.01908
0.999868 -0.000957109 -0.0162437 -0.0447323 0.000861579 0.999982 -0.00588705 -0.0190152 0.0162491 0.00587227 0.999851 2.69196
0.999818 0.00247251 -0.0189269 -0.0565785 -0.00258424 0.999979 -0.00588117 -0.0284947 0.0189119 0.00592901 0.999804 3.52555
0.999686 0.00412972 -0.0247097 -0.078755 -0.00429916 0.999968 -0.00680816 -0.0406071 0.0246808 0.00691225 0.999671 4.16874
0.999597 0.00328658 -0.028191 -0.127528 -0.00350556 0.999964 -0.00772194 -0.0451392 0.0281646 0.00781765 0.999573 4.95284
0.999404 -0.00018664 -0.0345059 -0.149847 -2.02728e-005 0.999982 -0.005996 -0.0518191 0.0345064 0.00599313 0.999387 5.78612
0.999255 0.00278738 -0.038495 -0.186366 -0.00291873 0.99999 -0.00335636 -0.0643941 0.0384853 0.00346622 0.999253 6.59103
0.999156 0.000894936 -0.0410732 -0.218569 -0.000932357 0.999999 -0.000891934 -0.0694008 0.0410724 0.000929476 0.999156 7.2572
0.999034 -3.61614e-005 -0.0439406 -0.260319 -1.77866e-005 0.999999 -0.00122736 -0.0775777 0.0439406 0.00122695 0.999033 8.11569
0.998879 -0.00386794 -0.0471849 -0.315763 0.00378857 0.999991 -0.00177143 -0.0864732 0.0471913 0.00159069 0.998885 8.91275
0.998838 -0.00164847 -0.0481755 -0.351096 0.00153786 0.999996 -0.0023331 -0.0914928 0.0481792 0.0022563 0.998836 9.72075
0.99874 -0.00344991 -0.0500577 -0.391758 0.0034065 0.999994 -0.00095248 -0.105184 0.0500606 0.000780759 0.998746 10.5471
0.998702 -0.000641431 -0.0509223 -0.431379 0.000565416 0.999999 -0.00150717 -0.116316 0.0509232 0.00147642 0.998701 11.3866
0.998551 0.00526735 -0.0535566 -0.462551 -0.00548004 0.999978 -0.00382512 -0.126043 0.0535352 0.00411307 0.998557 12.222
0.998647 0.00229679 -0.0519538 -0.543374 -0.00267999 0.99997 -0.00730716 -0.131044 0.0519354 0.00743651 0.998623 12.9995
0.998383 0.00701665 -0.0564132 -0.572496 -0.00741828 0.999949 -0.00691325 -0.15178 0.0563618 0.00732056 0.998384 13.8356
0.998368 0.00587725 -0.0567998 -0.630348 -0.0063091 0.999953 -0.00742663 -0.156776 0.0567535 0.00777287 0.998358 14.6712
0.998176 0.00374268 -0.0602527 -0.662346 -0.00413396 0.999971 -0.00637063 -0.175608 0.0602271 0.00660809 0.998163 15.5822
0.998258 0.00159159 -0.0589811 -0.724624 -0.00186354 0.999988 -0.00455608 -0.183895 0.0589731 0.00465806 0.998249 16.4223
0.998184 -0.00127837 -0.0602221 -0.803616 0.00101175 0.99999 -0.00445753 -0.19341 0.0602272 0.00438851 0.998175 17.3173
0.99815 0.00381835 -0.0606783 -0.86836 -0.00408909 0.999982 -0.00433845 -0.227657 0.0606606 0.00457854 0.998148 18.2149
0.997911 0.00129464 -0.0645854 -0.879564 -0.00164143 0.999985 -0.00531659 -0.242842 0.0645775 0.0054115 0.997898 19.0152
0.996937 -0.0216035 -0.0751713 -0.718019 0.0210867 0.999748 -0.00766173 -0.26513 0.0753179 0.00605314 0.997141 19.7676
0.998096 0.0018034 -0.0616509 -0.991124 -0.00184705 0.999998 -0.000651158 -0.267704 0.0616496 0.000763791 0.998098 20.874
0.998019 0.00280614 -0.0628461 -1.02132 -0.00261229 0.999992 0.0031664 -0.277345 0.0628545 -0.00299596 0.998018 21.7324
0.997661 0.00263025 -0.0683085 -0.999328 -0.00231432 0.999986 0.00470374 -0.298687 0.0683199 -0.00453465 0.997653 22.4737
0.99815 0.000191463 -0.0607946 -1.13615 0.000195451 0.99998 0.00635828 -0.284784 0.0607946 -0.0063584 0.99813 23.6513
0.998154 -0.000120483 -0.0607278 -1.17479 0.000327666 0.999994 0.00340172 -0.30599 0.0607271 -0.00341534 0.998149 24.5426
0.998096 0.00186 -0.0616442 -1.23353 -0.00195213 0.999997 -0.00143442 -0.313288 0.0616413 0.00155202 0.998097 25.4548
0.998303 -0.00107639 -0.0582253 -1.29938 0.000810798 0.999989 -0.00458486 -0.314392 0.0582296 0.00452987 0.998293 26.5436
0.99838 -0.00109955 -0.0568807 -1.37224 0.000884648 0.999992 -0.00380319 -0.328528 0.0568844 0.00374671 0.998374 27.4945
0.998293 -0.0046085 -0.058219 -1.41368 0.00464053 0.999989 0.00041494 -0.334279 0.0582165 -0.000684398 0.998304 28.3765
0.998161 -0.0108806 -0.059638 -1.46256 0.0111222 0.999931 0.00372108 -0.342291 0.0595934 -0.00437754 0.998213 29.3595
0.998083 -0.0157622 -0.0598561 -1.53221 0.015951 0.999869 0.00267811 -0.343128 0.0598061 -0.00362774 0.998203 30.3879
0.998186 -0.0109809 -0.0591988 -1.6165 0.0109623 0.99994 -0.000638643 -0.362156 0.0592022 -1.14723e-005 0.998246 31.3513
0.998024 -0.00641202 -0.0625011 -1.65613 0.0061296 0.99997 -0.00470935 -0.371269 0.0625295 0.00431694 0.998034 32.2972
0.997825 -0.00153087 -0.0658989 -1.70931 0.00116685 0.999984 -0.00556215 -0.376093 0.0659063 0.00547316 0.997811 33.1675
0.99785 -0.000856577 -0.0655333 -1.76418 0.000594114 0.999992 -0.00402442 -0.395682 0.0655362 0.00397683 0.997842 34.0463
0.997847 0.00626107 -0.0652776 -1.85324 -0.00632351 0.99998 -0.000750029 -0.409561 0.0652716 0.0011612 0.997867 34.9655
0.997631 0.000153185 -0.0687908 -1.8994 -0.000161428 1 -0.000114266 -0.413173 0.0687908 0.0001251 0.997631 35.8661
0.997671 0.00690025 -0.0678629 -1.98765 -0.00667383 0.999971 0.00356252 -0.431046 0.0678856 -0.00310131 0.997688 36.7876
0.997645 -3.17688e-005 -0.0685858 -2.04295 0.000428101 0.999983 0.00576395 -0.434918 0.0685844 -0.00577974 0.997629 37.7382
0.997474 0.00271332 -0.0709802 -2.12752 -0.00215816 0.999966 0.00789682 -0.433649 0.0709992 -0.00772368 0.997446 38.7646
0.997561 -0.00232134 -0.0697684 -2.11834 0.00277459 0.999976 0.00640026 -0.424321 0.0697519 -0.00657823 0.997543 38.5442
0.997562 0.00435854 -0.069655 -2.25222 -0.00396879 0.999976 0.00573283 -0.444259 0.0696783 -0.00544241 0.997555 40.4907
0.997467 0.00346011 -0.0710412 -2.29404 -0.00323477 0.999989 0.00328674 -0.441813 0.0710519 -0.00304862 0.997468 41.462
0.997501 0.00505874 -0.0704721 -2.34801 -0.00481579 0.999982 0.00361702 -0.461343 0.0704891 -0.0032686 0.997507 42.032
0.997362 -0.0018093 -0.0725663 -2.44503 0.00215752 0.999987 0.00472046 -0.465171 0.0725567 -0.00486457 0.997352 43.409
0.997395 -0.00112302 -0.0721301 -2.51191 0.00152508 0.999984 0.00551919 -0.469304 0.0721227 -0.00561482 0.99738 44.3243
0.997108 0.00090439 -0.0759908 -2.56479 -0.000720246 0.999997 0.00245062 -0.489506 0.0759928 -0.0023888 0.997106 45.2915
0.997275 0.00459838 -0.0736285 -2.68659 -0.00473609 0.999987 -0.00169589 -0.494251 0.0736197 0.00203998 0.997284 46.3706
0.997204 0.00463566 -0.0745837 -2.75952 -0.00488561 0.999983 -0.00316916 -0.512515 0.0745677 0.00352469 0.99721 47.3566
0.997082 -9.1862e-005 -0.076332 -2.82853 0.000118099 1 0.000339204 -0.522569 0.0763319 -0.000347229 0.997082 48.2858
0.997114 -0.00323987 -0.0758489 -2.89401 0.00347561 0.99999 0.00297624 -0.524464 0.0758385 -0.00323127 0.997115 49.219
0.997078 -0.00614933 -0.0761479 -2.95646 0.00641092 0.999974 0.00319122 -0.544608 0.0761263 -0.00367007 0.997091 50.1687
0.997078 -0.00624335 -0.0761339 -3.07577 0.00647095 0.999975 0.00274309 -0.550284 0.0761149 -0.00322774 0.997094 51.1999
0.997184 -0.00639974 -0.0747146 -3.15321 0.00649644 0.999978 0.00105129 -0.560102 0.0747062 -0.00153371 0.997204 52.2906
0.997262 -0.00617135 -0.0736964 -3.28002 0.0063411 0.999978 0.0020696 -0.556328 0.073682 -0.00253125 0.997279 53.1921
0.996966 -0.0034491 -0.0777667 -3.31155 0.00393609 0.999974 0.00610977 -0.574868 0.0777435 -0.00639733 0.996953 54.1634
0.996947 -0.00527898 -0.0779001 -3.39347 0.00614001 0.999923 0.0108177 -0.583683 0.0778369 -0.0112629 0.996902 55.1483
0.997014 -0.00179434 -0.0771963 -3.48985 0.00282976 0.999907 0.0133055 -0.599192 0.0771653 -0.0134842 0.996927 56.0123
0.996818 -0.00153747 -0.0797011 -3.5524 0.0022437 0.999959 0.00877213 -0.594884 0.0796844 -0.00892304 0.99678 57.1171
0.996681 0.00575247 -0.0812049 -3.66015 -0.00563076 0.999983 0.00172769 -0.602831 0.0812134 -0.00126471 0.996696 58.1459
0.996666 0.00498097 -0.081435 -3.70598 -0.00519993 0.999983 -0.00247695 -0.627245 0.0814213 0.00289214 0.996676 59.025
0.996483 0.0106143 -0.0831257 -3.654 -0.0107516 0.999941 -0.0012046 -0.611077 0.083108 0.0020941 0.996538 58.0121
0.996385 0.00906726 -0.0844639 -3.8413 -0.00911188 0.999958 -0.000142717 -0.627865 0.0844591 0.000911826 0.996427 60.326
0.996188 0.00558418 -0.0870546 -3.88607 -0.00537681 0.999982 0.00261636 -0.662068 0.0870677 -0.00213831 0.9962 61.0475
0.996314 0.00563574 -0.0855935 -3.96321 -0.00540193 0.999981 0.00296309 -0.661712 0.0856086 -0.00248979 0.996326 61.3062
0.996244 0.00496754 -0.0864486 -4.09213 -0.00472097 0.999984 0.00305642 -0.675622 0.0864625 -0.00263682 0.996252 62.6636
0.995902 0.00181423 -0.0904241 -4.15064 -0.00150223 0.999993 0.0035183 -0.682516 0.0904299 -0.00336804 0.995897 63.4522
0.99588 0.00169785 -0.0906668 -4.23306 -0.00124089 0.999986 0.00509615 -0.701379 0.0906742 -0.00496265 0.995868 64.1345
0.99578 -0.00152129 -0.0917582 -4.32549 0.00210391 0.999978 0.00625315 -0.719117 0.0917467 -0.00641982 0.995762 65.1584
0.995703 0.00122429 -0.0926001 -4.43137 -0.000516465 0.99997 0.00766751 -0.713417 0.0926067 -0.00758674 0.995674 66.0296
0.99554 0.00206731 -0.0943128 -4.50572 -0.000909072 0.999924 0.0123221 -0.716334 0.0943311 -0.0121814 0.995466 66.852
0.995548 0.00637515 -0.094044 -4.59754 -0.0050745 0.999888 0.0140629 -0.72626 0.0941231 -0.013523 0.995469 67.6882
0.995426 0.00984932 -0.0950264 -4.68941 -0.00889756 0.999906 0.0104343 -0.73321 0.0951203 -0.00954109 0.99542 68.5201
0.995235 0.007788 -0.0971925 -4.78742 -0.00747437 0.999966 0.00359058 -0.745541 0.0972171 -0.00284702 0.995259 69.3336
0.995076 0.00377914 -0.0990463 -4.84778 -0.00403291 0.999989 -0.00236208 -0.757473 0.0990363 0.0027499 0.99508 70.1388
0.995107 0.00252599 -0.0987742 -4.97495 -0.00290536 0.999989 -0.00369712 -0.764139 0.0987637 0.003966 0.995103 71.0694
0.995187 0.00578362 -0.0978271 -5.02426 -0.00581847 0.999983 -7.09794e-005 -0.76366 0.097825 0.000639842 0.995203 71.5695
0.994275 -0.000852474 -0.106851 -5.03816 0.00101894 0.999998 0.00150337 -0.789501 0.106849 -0.00160364 0.994274 72.2904
0.994705 -0.000829657 -0.102773 -5.168 0.000780998 1 -0.000513705 -0.818476 0.102773 0.00043072 0.994705 73.0619
0.99497 -0.00540241 -0.100031 -5.21364 0.00477614 0.999967 -0.00649922 -0.829092 0.100063 0.00598876 0.994963 73.7752
0.994923 -0.0129096 -0.0998126 -5.26784 0.0116881 0.99985 -0.0128137 -0.82843 0.099963 0.0115821 0.994924 74.2435
0.994911 -0.0109561 -0.100159 -5.32079 0.0097401 0.999873 -0.0126222 -0.846685 0.100284 0.0115824 0.994891 74.9272
0.995589 -0.00454779 -0.093712 -5.39773 0.00376329 0.999956 -0.00854643 -0.866767 0.0937468 0.00815606 0.995563 75.5204
0.996091 -0.00682677 -0.0880732 -5.46873 0.00636295 0.999964 -0.00554599 -0.878634 0.088108 0.0049639 0.996099 76.0764
0.996464 -0.00354667 -0.0839461 -5.44677 0.00339873 0.999992 -0.00190513 -0.888954 0.0839522 0.00161308 0.996468 76.4707
0.99712 -0.0062485 -0.0755836 -5.48456 0.00631114 0.99998 0.000589959 -0.890182 0.0755784 -0.00106528 0.997139 76.8397
0.997794 -0.00405757 -0.0662681 -5.5228 0.00418303 0.99999 0.00175446 -0.914735 0.0662603 -0.00202779 0.9978 77.5212
0.998765 -7.73299e-005 -0.0496836 -5.56068 0.000165159 0.999998 0.00176366 -0.916638 0.0496834 -0.00176968 0.998763 77.9633
0.999499 0.0048445 -0.0312875 -5.57852 -0.00475883 0.999985 0.00281196 -0.921613 0.0313006 -0.00266166 0.999506 78.5144
0.999926 0.00664193 -0.0102328 -5.55371 -0.00661318 0.999974 0.00284036 -0.926715 0.0102514 -0.00277248 0.999944 78.9541
0.999822 0.0103944 0.015744 -5.51447 -0.0104445 0.999941 0.003104 -0.940327 -0.0157108 -0.00326788 0.999871 79.5619
0.998907 0.00344057 0.0466124 -5.50748 -0.00372494 0.999975 0.00601534 -0.941118 -0.0465905 -0.0061824 0.998895 79.5137
0.997023 -0.00489708 0.0769531 -5.42173 0.00425753 0.999955 0.0084728 -0.951916 -0.0769912 -0.00811994 0.996999 80.4282
0.992879 -0.00790605 0.118865 -5.3739 0.00686618 0.999935 0.00915539 -0.943522 -0.11893 -0.00827405 0.992868 80.8601
0.987639 -0.00964594 0.15645 -5.19817 0.00810279 0.999912 0.0104983 -0.957117 -0.156537 -0.00910089 0.98763 81.4043
0.980892 -0.0049993 0.19449 -5.03886 0.00314202 0.999946 0.00985681 -0.967309 -0.194529 -0.00905737 0.980855 81.8777
0.968329 -0.00865977 0.249528 -4.92657 0.00502965 0.999872 0.0151818 -0.96019 -0.249628 -0.013446 0.968248 82.115
0.956302 0.000655531 0.292381 -4.64369 -0.00248989 0.999979 0.0059018 -0.967863 -0.292371 -0.0063719 0.956284 82.7601
0.934619 -0.00888811 0.355539 -4.51673 0.00713105 0.999955 0.0062522 -0.984934 -0.355578 -0.00330807 0.934641 83.126
0.910915 -0.00746968 0.412526 -4.24308 0.00543982 0.999967 0.0060947 -1.02476 -0.412557 -0.0033077 0.910926 83.6086
0.877951 -0.00147332 0.478749 -3.93673 0.00131933 0.999999 0.000657991 -0.980754 -0.47875 5.39428e-005 0.877952 84.0477
0.850492 -0.00528921 0.525962 -3.76288 0.00662349 0.999978 -0.000654296 -0.979097 -0.525947 0.00404018 0.850508 84.2271
0.811685 0.00195552 0.584092 -3.16369 0.013405 0.999669 -0.0219752 -0.813573 -0.583941 0.0256667 0.81139 84.9308
0.77014 -0.00600738 0.637847 -2.9903 -0.0045355 0.999879 0.0148933 -1.06204 -0.637859 -0.0143628 0.770019 85.0921
0.73225 -0.00662885 0.681004 -2.62287 0.00487423 0.999978 0.00449271 -0.97587 -0.681019 2.95832e-005 0.732266 85.3578
0.696785 -0.00370407 0.717271 -2.36282 -0.00156493 0.999976 0.00668423 -0.979864 -0.717279 -0.00577995 0.696763 85.4208
0.63482 0.00445417 0.772647 -1.87593 -0.000732083 0.999986 -0.00516324 -0.959816 -0.772659 0.00271209 0.634815 85.9826
0.595355 0.0171537 0.803279 -1.54038 -0.000707634 0.999783 -0.0208255 -0.877985 -0.803462 0.0118302 0.595238 86.0588
0.551428 -0.00670642 0.834195 -1.26021 0.0034804 0.999977 0.00573856 -0.967665 -0.834215 -0.000261069 0.551439 86.1757
0.497737 -0.000140812 0.867328 -0.817732 0.00020472 1 4.48674e-005 -0.96076 -0.867328 0.000155228 0.497737 86.4664
0.446903 0.0195912 0.894368 -0.433811 -0.00323812 0.999789 -0.0202824 -0.955393 -0.894577 0.00616819 0.446872 86.6565
0.415649 -0.00322595 0.909519 -0.102313 0.00318902 0.999993 0.00208947 -0.980095 -0.90952 0.00203199 0.415656 86.6844
0.377539 -0.017895 0.925821 0.312502 0.0106633 0.999831 0.0149772 -0.973456 -0.925932 0.00421786 0.377666 86.7722
0.338453 -0.0221552 0.940723 0.620322 0.01299 0.999738 0.0188716 -0.964559 -0.940894 0.00583281 0.338652 86.9021
0.304293 -0.0131281 0.952488 1.26728 0.0141104 0.999857 0.00927312 -0.992512 -0.952474 0.0106182 0.304435 87.0565
0.277307 -0.00326928 0.960776 1.77343 0.00178055 0.999994 0.00288882 -1.01736 -0.96078 0.000909624 0.277312 87.1229
0.248821 0.00544242 0.968534 2.21682 -0.00731545 0.999966 -0.00373967 -1.00607 -0.968522 -0.00615476 0.248853 87.2931
0.227243 -0.0028094 0.973834 2.95931 -0.00284957 0.99999 0.0035498 -1.0213 -0.973834 -0.00358167 0.227233 87.3782
0.201697 0.00165511 0.979447 3.50086 -0.000834087 0.999998 -0.00151808 -1.02518 -0.979448 -0.000510752 0.201698 87.1721
0.177334 -0.00760916 0.984121 3.63336 0.012112 0.999911 0.00554872 -1.02933 -0.984076 0.0109357 0.17741 87.454
0.160661 -0.0120787 0.986936 4.01551 0.0224699 0.999711 0.00857726 -1.04228 -0.986754 0.0207983 0.160886 87.4519
0.14114 -0.00634801 0.989969 4.61583 0.0242023 0.999703 0.00295988 -1.04572 -0.989694 0.0235418 0.141252 87.5557
0.127943 -0.00810945 0.991748 5.13575 0.0153024 0.999864 0.00620168 -1.05139 -0.991663 0.0143827 0.12805 87.5699
0.114292 -0.00427824 0.993438 6.09785 0.00850414 0.999958 0.00332794 -1.00113 -0.993411 0.00806798 0.114324 87.5385
0.0986121 -0.00443447 0.995116 5.94118 -0.0089006 0.999946 0.00533801 -1.04646 -0.995086 -0.00938352 0.0985673 87.6684
0.0890001 -0.00967224 0.995985 6.42417 -0.0171181 0.99979 0.0112388 -1.03939 -0.995885 -0.0180496 0.0888158 87.6584
0.0758673 -0.00722701 0.997092 7.01495 -0.0131085 0.99988 0.00824463 -1.06728 -0.997032 -0.0136958 0.0757635 87.7408
0.0705253 -0.0148019 0.9974 7.56612 -0.00639174 0.999863 0.0152904 -1.03307 -0.99749 -0.00745348 0.070421 87.6805
0.0648869 -0.0140737 0.997793 8.33914 -0.00394917 0.999889 0.0143601 -1.03656 -0.997885 -0.00487224 0.0648241 87.7148
0.0581544 -0.0147179 0.998199 8.61354 -0.00200077 0.999888 0.0148594 -1.06235 -0.998306 -0.00286131 0.0581184 87.7943
0.0498638 -0.0161735 0.998625 9.22201 -0.00487391 0.999853 0.0164367 -1.02356 -0.998744 -0.00568681 0.0497777 87.857
0.0499538 -0.0224658 0.998499 10.384 -0.0111103 0.999673 0.023048 -1.00453 -0.99869 -0.012245 0.0496879 87.8487
0.0445478 -0.0168619 0.998865 10.5526 -0.0122207 0.999774 0.0174223 -1.03803 -0.998933 -0.0129829 0.0443316 87.8707
0.0433035 -0.0200081 0.998862 11.3076 -0.0123162 0.999713 0.0205591 -1.01917 -0.998986 -0.0131925 0.0430446 87.8735
0.0389309 -0.0235418 0.998965 12.0393 -0.0158458 0.999582 0.0241739 -0.964827 -0.999116 -0.0167705 0.0385416 87.9394
0.0400191 -0.0285087 0.998792 12.8982 -0.0199333 0.999371 0.0293239 -0.973474 -0.999 -0.0210828 0.0394257 87.9585
0.0392925 -0.0279219 0.998838 13.3275 -0.0211308 0.999363 0.0287678 -1.04174 -0.999004 -0.0222366 0.0386775 88.0225
0.0445977 -0.0359847 0.998357 14.423 -0.0186801 0.999146 0.0368476 -0.906228 -0.99883 -0.0202928 0.0438874 87.9926
0.0480572 -0.035905 0.998199 15.0683 -0.0281398 0.998908 0.0372853 -0.948286 -0.998448 -0.0298809 0.0469943 88.0501
0.0484491 -0.0306165 0.998356 15.6846 -0.0276667 0.999105 0.0319821 -0.938279 -0.998442 -0.0291707 0.0475587 88.099
0.0567259 -0.0381984 0.997659 16.3924 -0.0355423 0.998557 0.0402536 -0.875896 -0.997757 -0.0377425 0.0552864 88.1013
0.0591505 -0.0363474 0.997587 17.3421 -0.0386138 0.998506 0.0386704 -0.877203 -0.997502 -0.040808 0.0576586 88.1837
0.0624751 -0.0315408 0.997548 17.9815 -0.0389108 0.998664 0.034013 -0.858405 -0.997288 -0.0409404 0.0611643 88.2284
0.0686135 -0.0334913 0.997081 18.7859 -0.0424008 0.998435 0.0364546 -0.815718 -0.996742 -0.0447783 0.0670861 88.2901
0.0705266 -0.0281255 0.997113 19.6043 -0.0415559 0.998652 0.0311082 -0.788502 -0.996644 -0.0436299 0.0692627 88.3634
0.0733354 -0.0273567 0.996932 20.4989 -0.0302707 0.999102 0.029643 -0.777929 -0.996848 -0.0323518 0.0724415 88.4666
0.0758667 -0.0222852 0.996869 21.3302 -0.0237703 0.999426 0.0241514 -0.754727 -0.996835 -0.0255281 0.0752935 88.5025
0.0739355 -0.0166044 0.997125 22.4894 -0.0191892 0.999653 0.0180694 -0.746142 -0.997078 -0.02047 0.0735912 88.6437
0.0766483 -0.0190468 0.996876 23.1998 -0.0211954 0.99956 0.0207277 -0.740312 -0.996833 -0.0227179 0.0762109 88.6345
0.0746083 -0.0157641 0.997088 24.0353 -0.0225423 0.999593 0.0174904 -0.711408 -0.996958 -0.0237816 0.0742226 88.7614
0.0755057 -0.0176773 0.996989 24.9586 -0.0226173 0.999555 0.0194357 -0.716986 -0.996889 -0.0240167 0.0750723 88.7997
0.0789427 -0.0169444 0.996735 25.7582 -0.0229669 0.999559 0.0188114 -0.702228 -0.996615 -0.0243769 0.0785187 88.8607
0.0735023 -0.0103421 0.997241 26.6632 -0.0169608 0.999789 0.0116186 -0.701334 -0.997151 -0.017768 0.0733113 88.9703
0.0782747 -0.0119964 0.99686 27.5443 -0.0192574 0.999723 0.013543 -0.692177 -0.996746 -0.020257 0.078022 89.0177
0.0769257 -0.00820501 0.997003 28.3849 -0.0134154 0.999867 0.00926367 -0.696435 -0.996947 -0.0140878 0.0768054 89.088
0.0734918 -0.00475981 0.997284 29.2911 -0.0124244 0.999907 0.0056879 -0.697485 -0.997218 -0.0128086 0.0734258 89.1549
0.0692645 -0.00239153 0.997595 30.0603 -0.0132666 0.999906 0.00331818 -0.704354 -0.99751 -0.0134645 0.0692263 89.2284
0.0651979 0.000293943 0.997872 30.9281 -0.0147767 0.999891 0.000670925 -0.718485 -0.997763 -0.014789 0.0651951 89.2819
0.0593965 0.000675029 0.998234 31.764 -0.0122666 0.999925 5.37118e-005 -0.72254 -0.998159 -0.0122482 0.0594003 89.3233
0.0503336 0.000667363 0.998732 32.6495 -0.00688131 0.999976 -0.000321394 -0.728562 -0.998709 -0.0068564 0.050337 89.3949
0.0540914 -0.0350464 0.997921 32.2107 -0.00207313 0.999378 0.0352099 -0.805082 -0.998534 -0.00397337 0.0539851 89.1453
0.0331585 0.00106798 0.99945 34.0349 0.00234286 0.999997 -0.00114629 -0.770922 -0.999447 0.00237958 0.0331559 89.3769
0.021125 0.00173662 0.999775 35.0618 0.00244288 0.999995 -0.00178862 -0.766941 -0.999774 0.00248011 0.0211206 89.4082
0.0124648 -0.00203847 0.99992 35.841 -0.00480248 0.999986 0.00209847 -0.78066 -0.999911 -0.00482826 0.0124549 89.4274
0.00213794 -0.00234285 0.999995 36.8309 -0.0056244 0.999981 0.00235485 -0.789185 -0.999982 -0.00562941 0.00212472 89.4135
-0.0104372 -0.00509479 0.999933 37.7457 -0.00318772 0.999982 0.00506177 -0.795437 -0.99994 -0.00313468 -0.0104532 89.4322
-0.0207444 -0.004518 0.999775 38.5892 -0.00279465 0.999986 0.00446097 -0.816158 -0.999781 -0.00270148 -0.0207568 89.3962
-0.0305357 -0.00173165 0.999532 39.5234 -0.00147041 0.999997 0.00168753 -0.821607 -0.999533 -0.00141819 -0.0305381 89.372
-0.0413224 -0.00437509 0.999136 40.3165 -0.00219215 0.999988 0.00428816 -0.8397 -0.999143 -0.00201306 -0.0413315 89.3308
-0.0508592 -0.00520083 0.998692 41.4363 -0.00200606 0.999985 0.0051054 -0.86293 -0.998704 -0.00174378 -0.0508689 89.2739
-0.0609978 -0.00528475 0.998124 42.0942 -0.0012298 0.999986 0.00521945 -0.857484 -0.998137 -0.000909114 -0.0610035 89.2499
-0.0687096 -0.00609326 0.997618 43.068 -0.00266306 0.999979 0.00592426 -0.862832 -0.997633 -0.00224966 -0.0687244 89.1494
-0.0780683 -0.00692222 0.996924 43.9239 -0.00471596 0.999967 0.00657405 -0.879819 -0.996937 -0.00418823 -0.0780984 89.0946
-0.0869268 -0.00976172 0.996167 44.7812 -0.00703286 0.999933 0.00918493 -0.874381 -0.99619 -0.00620748 -0.0869896 89.0418
-0.0905438 -0.0119904 0.99582 45.5621 -0.0111965 0.999877 0.0110213 -0.88647 -0.99583 -0.0101517 -0.0906668 88.9496
-0.094561 -0.0152878 0.995402 46.3978 -0.0131055 0.999815 0.0141106 -0.894223 -0.995433 -0.0117109 -0.0947438 88.8627
-0.0975121 -0.016258 0.995102 47.2383 -0.0150337 0.999777 0.0148612 -0.904146 -0.995121 -0.0135109 -0.0977347 88.783
-0.0991308 -0.0175235 0.99492 48.0564 -0.016442 0.999737 0.0159701 -0.898316 -0.994939 -0.0147754 -0.0993929 88.7082
-0.0997952 -0.0171417 0.99486 48.7926 -0.0179161 0.99972 0.0154282 -0.900545 -0.994847 -0.0162844 -0.100074 88.6357
-0.100035 -0.0183325 0.994815 49.5895 -0.0166997 0.99972 0.0167437 -0.908137 -0.994844 -0.0149382 -0.100313 88.5589
-0.110422 -0.0162446 0.993752 50.3413 -0.00896966 0.999842 0.0153475 -0.848121 -0.993844 -0.00721892 -0.11055 88.6173
-0.0912422 -0.0195733 0.995636 51.0167 -0.0143927 0.999728 0.0183348 -0.888508 -0.995725 -0.012657 -0.0914991 88.4519
-0.0835467 -0.0192871 0.996317 51.6868 -0.0153722 0.999719 0.0180639 -0.886099 -0.996385 -0.0138064 -0.0838197 88.4151
-0.0722838 -0.0187778 0.997207 52.4197 -0.0152485 0.999727 0.0177199 -0.886472 -0.997268 -0.0139251 -0.0725504 88.3679
-0.0676364 -0.0139494 0.997613 53.0266 -0.0158938 0.99979 0.0129023 -0.875561 -0.997583 -0.0149832 -0.067844 88.4059
-0.0428678 -0.0195092 0.99889 53.5897 -0.018572 0.999652 0.018727 -0.887568 -0.998908 -0.0177486 -0.0432152 88.3381
-0.0223016 -0.0185254 0.99958 54.1843 -0.0143597 0.999731 0.0182078 -0.869903 -0.999648 -0.0139476 -0.0225616 88.344
0.00175968 -0.0114569 0.999933 54.7599 -0.0122656 0.999859 0.0114776 -0.909483 -0.999923 -0.012285 0.00161891 88.3768
0.0301151 -0.0127135 0.999466 55.3876 -0.00986364 0.999867 0.0130159 -0.903923 -0.999498 -0.0102503 0.0299857 88.4314
0.0761695 0.0176298 0.996939 55.559 -0.0282761 0.99948 -0.0155143 -1.04338 -0.996694 -0.0270078 0.0766284 88.2385
0.10063 -0.010897 0.994864 56.3735 -0.0148489 0.999812 0.0124532 -0.895108 -0.994813 -0.0160258 0.100449 88.5413
0.14122 -0.0141292 0.989877 56.896 -0.0168072 0.99972 0.0166675 -0.861542 -0.989836 -0.0189908 0.140943 88.6632
0.185783 -0.00681175 0.982567 57.409 -0.021425 0.99971 0.0109816 -0.898498 -0.982357 -0.0230917 0.185584 88.7749
0.245094 0.0105705 0.969442 57.689 -0.0157651 0.999852 -0.0069163 -0.988676 -0.969371 -0.0135882 0.245225 88.7881
0.291872 0.0124308 0.956377 58.3003 -0.031512 0.999498 -0.00337427 -0.928193 -0.955938 -0.0291525 0.292117 89.0251
0.340817 0.000643991 0.940129 58.7811 -0.0139505 0.999893 0.00437242 -0.93012 -0.940026 -0.0146054 0.340789 89.2491
0.40366 -0.00920318 0.914863 59.2631 0.00136061 0.999954 0.00945884 -0.935207 -0.914908 -0.00257338 0.403654 89.473
0.461594 -0.016406 0.886939 59.7827 0.0106302 0.999859 0.0129624 -0.92053 -0.887027 0.00344502 0.461704 89.7569
0.517833 -0.012228 0.855394 60.1974 0.00739537 0.999924 0.00981713 -0.931443 -0.85545 0.00124232 0.517884 90.0923
0.582725 -0.0324439 0.812022 60.6094 0.0223675 0.999465 0.0238817 -0.867584 -0.812362 0.0042464 0.583138 90.3436
0.633481 -0.00250806 0.773754 60.9137 -0.00125596 0.99999 0.00426965 -0.890917 -0.773757 -0.00367655 0.633471 90.6954
0.686708 -0.00651999 0.726904 61.2063 -0.00473892 0.999898 0.0134455 -0.874993 -0.726918 -0.0126779 0.686607 90.9921
0.729496 -0.000290119 0.683985 61.5069 -0.00770907 0.999933 0.00864615 -0.864559 -0.683942 -0.0115802 0.729445 91.4135
0.779295 -0.00592956 0.626629 61.7183 -0.00356144 0.999897 0.0138908 -0.877479 -0.626647 -0.0130567 0.779194 91.7184
0.818087 -0.0064313 0.575058 61.896 -0.00726037 0.999742 0.0215096 -0.878867 -0.575048 -0.0217718 0.81783 92.0582
0.855331 -0.00229299 0.518077 62.0823 -0.0145271 0.999491 0.0284076 -0.868513 -0.517878 -0.031824 0.854862 92.4201
0.882242 -0.00501384 0.47077 62.1809 -0.0138645 0.999233 0.0366248 -0.884012 -0.470592 -0.0388389 0.881496 92.7867
0.910174 -0.00658284 0.414173 62.366 -0.0123339 0.999 0.0429828 -0.908082 -0.414042 -0.0442302 0.909183 93.2121
0.928086 0.00353667 0.37235 62.4898 -0.0183425 0.999175 0.0362283 -0.886136 -0.371915 -0.0404528 0.927385 93.6693
0.941194 0.0189439 0.337335 62.5431 -0.0302399 0.999143 0.0282627 -0.856087 -0.336511 -0.0368016 0.94096 94.1097
0.958922 -0.0269686 0.282384 62.6917 0.0138451 0.998734 0.0483672 -0.92682 -0.28333 -0.0424707 0.958081 94.0869
0.963985 0.0100606 0.265766 62.8049 -0.0194513 0.999275 0.0327258 -0.856664 -0.265244 -0.0367167 0.963482 94.9757
0.969151 -0.00272844 0.246453 62.8954 -0.00491063 0.999526 0.0303762 -0.850362 -0.246419 -0.0306493 0.968679 95.4345
0.973174 -0.00559778 0.230002 63.0291 -0.0017144 0.9995 0.0315797 -0.83282 -0.230064 -0.0311268 0.972678 95.9153
0.978143 -0.0052942 0.207866 63.12 -0.00316507 0.999181 0.0403421 -0.837676 -0.207909 -0.0401183 0.977325 96.3315
0.978791 -0.00109672 0.204857 63.3363 -0.00569343 0.999454 0.0325534 -0.791331 -0.204781 -0.0330293 0.97825 97.6042
0.979899 0.00710337 0.199368 63.3697 -0.0130926 0.999501 0.0287389 -0.779111 -0.199065 -0.0307715 0.979503 97.8843
0.980304 0.0175227 0.196717 63.4638 -0.0227663 0.999442 0.0244259 -0.771183 -0.19618 -0.0284233 0.980156 98.4558
0.981134 0.015235 0.192727 63.5716 -0.0206196 0.99945 0.0259641 -0.767636 -0.192225 -0.0294482 0.980909 99.0003
0.980145 0.00874655 0.19809 63.7682 -0.0128914 0.999724 0.0196439 -0.754986 -0.197864 -0.0218075 0.979987 99.9486
0.97935 -0.00269432 0.202154 63.8315 -2.15175e-005 0.99991 0.0134311 -0.753403 -0.202172 -0.0131581 0.979262 100.283
0.97831 -0.00309295 0.207125 63.9672 0.00124767 0.999958 0.00903903 -0.744741 -0.207144 -0.00858454 0.978273 100.894
0.977801 -0.00372573 0.209504 64.0979 0.00154616 0.999943 0.0105663 -0.725225 -0.209531 -0.0100078 0.977751 101.542
0.976347 0.00305475 0.216187 64.2309 -0.00591071 0.999904 0.0125653 -0.728218 -0.216128 -0.0135459 0.976271 102.185
0.975295 0.00453998 0.220858 64.3306 -0.00860949 0.99981 0.0174668 -0.729364 -0.220737 -0.0189368 0.97515 102.643
0.974435 0.00245786 0.224657 64.4737 -0.00791946 0.999695 0.023413 -0.721018 -0.224531 -0.0245936 0.974157 103.217
0.973879 0.000792789 0.227068 64.6662 -0.00724715 0.999593 0.0275925 -0.689195 -0.226954 -0.0285173 0.973488 103.885
0.973276 -0.00865539 0.229477 64.8183 0.00169635 0.999533 0.0305057 -0.678512 -0.229633 -0.0293011 0.972836 104.584
0.972801 -0.015323 0.231135 64.99 0.00901707 0.999558 0.0283141 -0.679607 -0.231467 -0.0254599 0.97251 105.329
0.97313 -0.014273 0.229814 65.1867 0.00952619 0.999718 0.0217514 -0.65907 -0.23006 -0.0189777 0.972991 106.073
0.973232 -0.0148845 0.229344 65.3675 0.0115506 0.999807 0.0158724 -0.659381 -0.229536 -0.0127984 0.973216 106.831
0.973901 -0.00340285 0.226949 65.5113 0.000794668 0.999933 0.0115828 -0.631513 -0.226973 -0.0111001 0.973838 107.459
0.974646 -0.00373202 0.223721 65.6821 0.000120996 0.99987 0.0161523 -0.631188 -0.223752 -0.0157157 0.974519 108.193
0.974471 -0.00122211 0.22451 65.7831 -0.0040124 0.999731 0.0228575 -0.628817 -0.224478 -0.0231748 0.974204 108.869
0.975376 -0.000793618 0.220545 65.9602 -0.00578081 0.999558 0.0291628 -0.625706 -0.220471 -0.0297197 0.974941 109.573
0.976145 0.00237108 0.217105 66.1064 -0.00817791 0.999632 0.0258521 -0.594436 -0.216964 -0.0270109 0.975806 110.207
0.976332 0.00530948 0.216213 66.3058 -0.0101492 0.999722 0.0212801 -0.578027 -0.21604 -0.0229708 0.976114 111.211
0.977084 0.00392194 0.21282 66.46 -0.00766574 0.99983 0.0167691 -0.577126 -0.212718 -0.0180162 0.976947 111.995
0.978028 -0.00474928 0.20842 66.6241 0.00201114 0.999909 0.0133476 -0.554052 -0.208464 -0.0126351 0.977948 112.716
0.978754 -0.00505738 0.204975 66.8585 0.00206407 0.999888 0.0148145 -0.54482 -0.205027 -0.0140766 0.978655 113.826
0.979592 -0.00892294 0.200797 66.9561 0.00534756 0.999817 0.0183413 -0.548187 -0.200924 -0.0168932 0.979461 114.333
0.979978 -0.00749595 0.198965 67.1166 0.00344165 0.999779 0.020715 -0.53604 -0.199076 -0.0196154 0.979788 115.107
0.980115 -0.00973632 0.19819 67.2878 0.00527621 0.999721 0.0230199 -0.521101 -0.198359 -0.0215165 0.979893 115.932
0.980257 -0.00940827 0.197501 67.4383 0.00436323 0.999653 0.025964 -0.517644 -0.197677 -0.0245897 0.979959 116.668
0.980456 -0.0094601 0.19651 67.6087 0.00420954 0.999623 0.0271196 -0.507935 -0.196692 -0.0257623 0.980127 117.466
0.980231 0.00080439 0.197857 67.7568 -0.00554161 0.999711 0.0233901 -0.484307 -0.197781 -0.0240242 0.979952 118.336
0.979815 0.00998182 0.199659 67.901 -0.0140832 0.999718 0.019132 -0.466196 -0.199412 -0.0215576 0.979679 119.199
0.980076 0.0151633 0.198043 68.0805 -0.0189763 0.999669 0.0173696 -0.460237 -0.197715 -0.0207817 0.980039 120.088
0.979091 0.0171571 0.202696 68.246 -0.0207073 0.999667 0.0154068 -0.451781 -0.202364 -0.019282 0.979121 120.945
0.979095 0.0120044 0.20305 68.436 -0.0157435 0.999735 0.0168095 -0.433278 -0.202794 -0.0196548 0.979024 121.785
0.978171 0.00736164 0.207669 68.6017 -0.0110086 0.999805 0.016411 -0.435455 -0.207508 -0.0183389 0.978061 122.635
0.977683 -0.000381744 0.210086 68.8103 -0.002643 0.999897 0.0141167 -0.429394 -0.210069 -0.0143569 0.977581 123.656
0.977977 -0.012311 0.208351 69.0099 0.00918838 0.999831 0.0159483 -0.413325 -0.208512 -0.0136827 0.977924 124.395
0.977591 -0.0161461 0.209895 69.1871 0.0127728 0.999767 0.0174169 -0.420066 -0.210127 -0.0143456 0.977569 125.334
0.976971 -0.0132195 0.212964 69.3291 0.00996432 0.999817 0.0163513 -0.410329 -0.213141 -0.0138527 0.976923 126.123
0.976672 -0.00268867 0.214719 69.5505 -0.000897691 0.999862 0.0166033 -0.389653 -0.214734 -0.0164088 0.976535 127.047
0.976752 0.00189124 0.214363 69.7271 -0.00720075 0.999686 0.0239907 -0.392123 -0.21425 -0.0249765 0.976459 127.89
0.975724 0.0102607 0.218762 69.8925 -0.0160455 0.999567 0.0246832 -0.38605 -0.218413 -0.0275942 0.975466 128.746
0.975624 0.00626982 0.219359 70.1058 -0.0106207 0.999769 0.0186607 -0.374688 -0.219191 -0.0205356 0.975466 129.764
0.975839 -0.00768423 0.218354 70.1349 0.00608112 0.999949 0.00801283 -0.383667 -0.218405 -0.0064914 0.975837 129.804
0.975488 -0.0131032 0.219663 70.4829 0.0139274 0.999901 -0.00220423 -0.369391 -0.219612 0.00520954 0.975573 131.466
0.975692 -0.0128145 0.218772 70.6361 0.0114375 0.999906 0.0075597 -0.370076 -0.218848 -0.00487374 0.975747 132.19
0.97669 -0.00876018 0.214478 70.7527 0.00247348 0.99956 0.0295625 -0.370355 -0.214642 -0.0283429 0.976281 132.535
0.976478 -0.00251163 0.215602 70.946 -0.00673529 0.999089 0.0421434 -0.348312 -0.215511 -0.0426043 0.975571 133.597
0.976439 0.00233995 0.215782 71.1123 -0.0105658 0.99926 0.0369752 -0.357701 -0.215536 -0.038384 0.975741 134.4
0.976682 0.00438834 0.214648 71.3317 -0.00882671 0.999767 0.0197233 -0.318936 -0.214511 -0.021158 0.976492 135.574
0.977043 -0.000300092 0.213041 71.5284 -0.00255453 0.999911 0.013124 -0.314043 -0.213026 -0.013367 0.976955 136.511
0.977601 -0.00702076 0.210352 71.7055 0.00462541 0.999919 0.0118772 -0.293782 -0.210418 -0.0106382 0.977554 137.257
0.977664 -0.00447947 0.210124 71.8784 0.00152667 0.999898 0.0142127 -0.300549 -0.210167 -0.0135745 0.977571 138.252
0.97825 -0.00585158 0.207349 72.1001 0.00386989 0.999943 0.0099616 -0.261861 -0.207395 -0.00894252 0.978216 139.33
0.979375 -0.00131102 0.202046 72.2526 -0.000693049 0.999951 0.00984784 -0.280179 -0.202049 -0.00978475 0.979327 139.98
0.97936 0.00449466 0.202072 72.4378 -0.00635383 0.999943 0.00855281 -0.294644 -0.202022 -0.00966021 0.979333 141.089
0.979724 0.0138776 0.199869 72.5949 -0.0152707 0.999869 0.00542996 -0.276003 -0.199768 -0.00837199 0.979808 141.953
0.980573 0.0106802 0.195865 72.7583 -0.0125405 0.999887 0.00826017 -0.290563 -0.195754 -0.0105559 0.980596 142.708
0.980492 0.00606045 0.196464 72.9102 -0.0088323 0.999873 0.0132356 -0.290089 -0.196359 -0.0147127 0.980422 143.564
0.980855 -0.00209541 0.194727 73.1007 -0.000450181 0.999915 0.0130274 -0.297238 -0.194738 -0.0128657 0.980771 144.54
0.981082 -0.00279562 0.193574 73.2596 0.000700415 0.99994 0.0108914 -0.281936 -0.193593 -0.0105498 0.981025 145.431
0.981936 -0.0108805 0.188899 73.393 0.00968156 0.999927 0.00726858 -0.281316 -0.188964 -0.00530844 0.98197 146.079
0.983253 -0.0111919 0.181903 73.5977 0.010079 0.999924 0.00704179 -0.292345 -0.181968 -0.00509047 0.983291 147.065
0.984293 -0.00995189 0.176261 73.7125 0.00806737 0.999902 0.0114051 -0.287209 -0.176357 -0.00980399 0.984277 147.796
0.985498 -0.00565863 0.169592 73.831 0.00211572 0.999776 0.0210642 -0.299374 -0.169673 -0.0204 0.985289 148.477
0.986152 -0.00705847 0.165695 73.9447 0.00202054 0.999531 0.0305537 -0.289907 -0.165833 -0.0297958 0.985704 149.245
0.986989 0.00132695 0.16078 74.0898 -0.00659133 0.999459 0.0322138 -0.285223 -0.16065 -0.0328544 0.986464 150.128
0.98752 0.00673305 0.157351 74.1989 -0.0109222 0.999608 0.0257738 -0.273835 -0.157115 -0.0271708 0.987206 150.82
0.98852 0.00686277 0.150934 74.3621 -0.00947919 0.999817 0.0166222 -0.258142 -0.150792 -0.0178621 0.988404 152.07
0.98975 -0.00625339 0.142671 74.4925 0.00466736 0.999924 0.0114486 -0.24143 -0.142732 -0.0106654 0.989704 152.843
0.990445 -0.00636579 0.137762 74.5772 0.0048154 0.999921 0.0115845 -0.245364 -0.137825 -0.0108105 0.990398 153.596
0.991604 -0.000526086 0.12931 74.6807 -0.00138348 0.999891 0.0146771 -0.243689 -0.129304 -0.0147327 0.991496 154.438
0.992668 0.00861366 0.120562 74.7576 -0.0101645 0.999873 0.0122544 -0.243021 -0.120441 -0.01339 0.99263 155.158
0.993671 0.0125483 0.111631 74.8334 -0.013279 0.999895 0.00580447 -0.246532 -0.111546 -0.00725009 0.993733 155.905
0.994535 0.0110393 0.103817 74.9179 -0.0114757 0.999928 0.00360717 -0.245992 -0.10377 -0.00477883 0.99459 156.763
0.995535 -0.00263733 0.0943572 74.9985 0.00201961 0.999976 0.00664145 -0.253757 -0.0943724 -0.00642123 0.995516 157.613
0.996162 0.0030575 0.0874731 75.0496 -0.00414594 0.999916 0.0122641 -0.256985 -0.0874282 -0.0125797 0.996091 158.342
0.996798 0.00849177 0.0795082 75.0889 -0.0098713 0.999807 0.0169738 -0.253437 -0.0793487 -0.0177043 0.99669 159.058
0.997469 0.00450818 0.0709666 75.1444 -0.00599488 0.999767 0.0207502 -0.251123 -0.0708565 -0.0211231 0.997263 159.93
0.997829 0.00417389 0.0657185 75.1858 -0.00563893 0.999739 0.022123 -0.245656 -0.065609 -0.0224455 0.997593 160.753
0.998132 0.000448845 0.0610972 75.2508 -0.00167465 0.999798 0.0200135 -0.244124 -0.0610759 -0.0200784 0.997931 161.68
0.998354 0.0056376 0.0570668 75.2975 -0.00647597 0.999874 0.0145168 -0.24146 -0.0569777 -0.0148625 0.998265 162.761
0.998546 0.00749403 0.0533899 75.3116 -0.00788555 0.999944 0.00712637 -0.235614 -0.0533334 -0.00753701 0.998548 163.541
0.998615 0.0105974 0.0515279 75.3265 -0.0108754 0.999928 0.00511643 -0.240443 -0.05147 -0.00566973 0.998658 164.469
0.998875 0.0028515 0.0473438 75.3624 -0.00334992 0.99994 0.0104518 -0.232164 -0.0473111 -0.0105986 0.998824 165.184
0.998986 0.00544921 0.0446931 75.4017 -0.00638677 0.999762 0.0208617 -0.23479 -0.0445688 -0.021126 0.998783 166.053
0.999109 0.00835094 0.0413585 75.4276 -0.00950831 0.999566 0.0278666 -0.232121 -0.0411079 -0.028235 0.998756 166.857
0.999334 -0.000426771 0.0364911 75.3419 -0.000483709 0.999689 0.0249383 -0.277031 -0.0364904 -0.0249393 0.999023 167.636
0.9994 -0.0159545 0.0307302 75.4408 0.0155199 0.999777 0.0143289 -0.238225 -0.0309519 -0.0138434 0.999425 168.584
0.999496 -0.0158273 0.0275085 75.4561 0.0155774 0.999836 0.00927799 -0.238675 -0.0276508 -0.0088448 0.999579 169.498
0.999814 0.000926524 0.019242 75.4692 -0.0011283 0.999944 0.0104783 -0.231614 -0.0192312 -0.010498 0.99976 170.346
0.999927 0.000692191 0.0120496 75.4698 -0.000891467 0.999863 0.0165405 -0.231321 -0.0120365 -0.01655 0.999791 171.199
0.999985 -0.00264472 0.00480055 75.4732 0.00254892 0.9998 0.0198541 -0.224285 -0.0048521 -0.0198415 0.999791 172.325
0.999855 -0.0169693 -0.00168431 75.4653 0.0170059 0.999547 0.0248268 -0.214766 0.00126226 -0.0248519 0.99969 173.069
0.999837 -0.0162096 -0.00789619 75.4803 0.0163915 0.999588 0.0235522 -0.204423 0.00751117 -0.0236778 0.999691 174.149
0.999773 -0.0157258 -0.0143733 75.4562 0.0159574 0.999742 0.0161459 -0.206674 0.0141156 -0.0163716 0.999766 175.06
0.996118 -0.0845261 -0.0245974 75.4371 0.0849148 0.996272 0.0152117 -0.167761 0.0232199 -0.0172413 0.999582 174.782
0.999359 -0.0217456 -0.0284236 75.429 0.0218076 0.99976 0.0018728 -0.185696 0.0283761 -0.00249145 0.999594 176.644
0.999313 -0.00637649 -0.0365181 75.4078 0.00688273 0.999882 0.013754 -0.178598 0.036426 -0.0139959 0.999238 176.918
0.999132 0.00404062 -0.0414624 75.3464 -0.0029083 0.999622 0.0273336 -0.163888 0.0415571 -0.0271893 0.998766 177.649
0.998818 0.0199467 -0.0443143 75.3021 -0.0185638 0.999334 0.0314022 -0.168117 0.0449111 -0.0305424 0.998524 178.713
0.998689 0.0147567 -0.0490145 75.2742 -0.0132668 0.999444 0.0305847 -0.157181 0.0494386 -0.0298944 0.99833 179.143
0.998669 0.00691009 -0.0511175 75.197 -0.00589205 0.999782 0.0200395 -0.136975 0.0512448 -0.0197116 0.998492 180.372
0.998523 0.0128655 -0.0527868 75.114 -0.0123604 0.999875 0.009883 -0.127448 0.0529073 -0.00921593 0.998557 181.489
0.998402 0.00959033 -0.05569 75.0637 -0.00920582 0.999932 0.00715704 -0.125256 0.0557549 -0.00663293 0.998422 182.215
0.998305 0.00515139 -0.0579754 75.0219 -0.00447504 0.99992 0.0117898 -0.122305 0.0580315 -0.0115104 0.998248 183.144
0.998307 -0.0066488 -0.0577831 74.989 0.00781664 0.999769 0.0200083 -0.119122 0.0576367 -0.0204261 0.998129 183.721
0.998334 -0.00526184 -0.057464 74.9156 0.00675461 0.999644 0.0258142 -0.110214 0.0573077 -0.0261594 0.998014 184.714
0.998243 0.0012488 -0.0592469 74.863 0.000253943 0.999679 0.0253498 -0.107369 0.0592596 -0.0253203 0.997921 185.604
0.998166 0.000442678 -0.0605325 74.8015 0.000481977 0.999883 0.0152599 -0.0975401 0.0605322 -0.0152611 0.99805 186.479
0.997908 -0.0117387 -0.0635831 74.7625 0.0119776 0.999923 0.00337775 -0.0990372 0.0635385 -0.00413225 0.997971 187.358
0.997681 -0.0199466 -0.0650803 74.7402 0.0198919 0.999801 -0.00148736 -0.101584 0.065097 0.000189336 0.997879 188.162
0.997658 -0.016848 -0.0662984 74.6532 0.0171116 0.999848 0.00340915 -0.101253 0.0662308 -0.00453563 0.997794 189.282
0.997705 -0.00239623 -0.0676689 74.6023 0.00338232 0.99989 0.0144615 -0.108387 0.0676268 -0.0146572 0.997603 189.826
0.997473 0.00763911 -0.0706281 74.5466 -0.00635415 0.999811 0.0184002 -0.116485 0.0707553 -0.017905 0.997333 190.649
0.997477 0.00973803 -0.0703184 74.4632 -0.0087292 0.999855 0.0146397 -0.108455 0.0704507 -0.013989 0.997417 192.154
0.997533 0.00141598 -0.0701778 74.4003 -0.000823194 0.999964 0.00847508 -0.108615 0.0701872 -0.00839641 0.997498 192.744
0.99749 0.00891412 -0.0702492 74.3181 -0.0083248 0.999928 0.00867722 -0.106014 0.0703215 -0.00807063 0.997492 193.777
0.99746 0.0112349 -0.0703416 74.2444 -0.0104504 0.999879 0.01151 -0.10564 0.0704624 -0.0107457 0.997457 194.641
0.997401 0.00698542 -0.0717109 74.1853 -0.00587318 0.999859 0.0157092 -0.114607 0.0718105 -0.0152472 0.997302 195.44
0.997416 0.00785062 -0.0714101 74.1158 -0.00656384 0.999812 0.0182363 -0.11168 0.0715399 -0.0177205 0.99728 196.291
0.997398 0.00825143 -0.0716147 74.0444 -0.00696714 0.999811 0.0181645 -0.108202 0.0717511 -0.0176183 0.997267 197.126
0.981992 0.0342783 -0.185787 72.9155 -0.0416553 0.998485 -0.0359487 0.196051 0.184274 0.0430403 0.981932 196.035
0.997293 -0.000280927 -0.0735233 73.6433 0.000957352 0.999958 0.00916507 -0.0428184 0.0735176 -0.00921065 0.997251 198.329
0.997207 0.00202087 -0.0746608 73.475 -0.00132348 0.999955 0.00938909 -0.0255146 0.0746764 -0.00926405 0.997165 199.214
0.991031 0.0037146 -0.133577 72.9995 -0.00445985 0.999976 -0.00528042 0.0414139 0.133554 0.00582879 0.991024 199.278
0.995796 -0.00224923 -0.0915737 73.2532 0.004187 0.999771 0.0209742 -0.0286615 0.0915055 -0.0212694 0.995577 200.628
0.995286 -0.00714282 -0.0967176 73.0945 0.00922889 0.999734 0.0211385 -0.0250091 0.0965408 -0.0219315 0.995087 201.657
0.995344 -0.00559348 -0.0962214 72.989 0.00686768 0.999893 0.0129163 -0.0357142 0.0961389 -0.013517 0.995276 202.539
0.994693 -0.00247134 -0.102859 72.9327 0.00316187 0.999974 0.0065508 -0.0293592 0.10284 -0.00684127 0.994674 203.231
0.995188 0.0023044 -0.0979526 72.8363 -0.00216365 0.999996 0.0015431 -0.0419923 0.0979558 -0.00132374 0.99519 204.074
0.995221 -0.00104378 -0.0976404 72.7473 0.000872608 0.999998 -0.00179579 -0.059748 0.0976421 0.00170201 0.99522 204.944
0.995297 -0.00642596 -0.0966601 72.6814 0.00570669 0.999954 -0.00771588 -0.0637525 0.0967052 0.00712798 0.995288 205.689
0.995773 -0.00809086 -0.0914936 72.6462 0.00730266 0.999933 -0.0089463 -0.0762471 0.0915599 0.00824034 0.995765 206.174
0.996265 -0.00578365 -0.0861528 72.5632 0.0054902 0.999978 -0.00364264 -0.0903044 0.086172 0.00315604 0.996275 207.006
0.996804 2.03701e-005 -0.0798923 72.5043 0.000449355 0.999983 0.00586149 -0.102341 0.0798911 -0.00587866 0.996786 207.675
0.997145 0.00945203 -0.0749136 72.4633 -0.00867935 0.999906 0.0106331 -0.106786 0.075007 -0.00995256 0.997133 208.189
0.997575 0.0104708 -0.068809 72.4082 -0.00984496 0.999907 0.00942748 -0.121405 0.0689014 -0.0087272 0.997585 208.924
0.998083 0.0130734 -0.0604877 72.4311 -0.0129773 0.999914 0.00198033 -0.120587 0.0605084 -0.00119156 0.998167 208.87
0.998523 0.000604123 -0.0543331 72.3495 -0.000996611 0.999974 -0.00719694 -0.138207 0.0543273 0.00724046 0.998497 210.164
0.998869 0.00309446 -0.0474466 72.3081 -0.00368114 0.999918 -0.0122827 -0.1426 0.0474047 0.0124435 0.998798 210.986
0.99922 0.00241868 -0.0394037 72.2843 -0.00283764 0.99994 -0.0105802 -0.157622 0.0393757 0.0106838 0.999167 211.579
0.999456 -0.000537309 -0.0329802 72.288 0.000365248 0.999986 -0.0052229 -0.166343 0.0329825 0.00520801 0.999442 211.847
0.999578 -0.00961077 -0.0273987 72.2734 0.00962346 0.999954 0.000331338 -0.17767 0.0273942 -0.000594869 0.999625 212.456
0.999652 -0.0151038 -0.0216084 72.2607 0.0151434 0.999884 0.00167266 -0.193313 0.0215806 -0.00199931 0.999765 213.233
0.999695 -0.0167093 -0.0181613 72.262 0.0167644 0.999855 0.00288413 -0.191441 0.0181105 -0.00318771 0.999831 213.384
0.999751 -0.0135177 -0.0177736 72.2451 0.0136025 0.999897 0.00465991 -0.204653 0.0177088 -0.00490051 0.999831 214.397
0.999826 -0.00836702 -0.0166948 72.2242 0.00847928 0.999942 0.00666529 -0.210866 0.016638 -0.00680569 0.999838 214.983
0.999824 0.00478156 -0.0181394 72.2067 -0.00461985 0.999949 0.00894609 -0.213954 0.0181813 -0.00886072 0.999795 215.741
0.999805 0.00583705 -0.0188687 72.2117 -0.00563981 0.999929 0.0104896 -0.208691 0.0189286 -0.0103812 0.999767 216.31
0.999803 0.0120622 -0.0157574 72.1548 -0.0119612 0.999907 0.00648959 -0.223649 0.0158342 -0.00629983 0.999855 216.999
0.999731 0.0132006 -0.0190841 72.1367 -0.0132466 0.99991 -0.00228794 -0.229006 0.0190521 0.00254012 0.999815 217.862
0.999702 0.013401 -0.0204202 72.1113 -0.0136259 0.999848 -0.0109116 -0.237993 0.0202708 0.0111866 0.999732 218.616
0.999582 0.0105054 -0.0269504 72.1618 -0.0109024 0.999834 -0.0146275 -0.260947 0.0267922 0.0149152 0.99953 219.088
0.999631 -0.00172027 -0.0270948 72.0823 0.00145957 0.999952 -0.00963875 -0.249448 0.0271101 0.00959565 0.999586 219.854
0.999483 0.00204047 -0.0320728 72.0508 -0.00196727 0.999995 0.00231378 -0.256853 0.0320773 -0.00224949 0.999483 220.419
0.999042 -0.0256391 -0.0354724 71.9144 0.0261893 0.999542 0.0151333 -0.227844 0.0350681 -0.0160478 0.999256 220.764
0.999156 -0.00661947 -0.0405381 72.0139 0.00768206 0.999629 0.0261126 -0.269715 0.0403502 -0.026402 0.998837 221.436
0.999005 -0.00392307 -0.0444144 72.0101 0.00500263 0.999694 0.0242215 -0.26691 0.0443058 -0.0244196 0.99872 221.866
0.998957 -0.00173914 -0.0456196 71.9213 0.00256003 0.999836 0.017942 -0.259387 0.0455809 -0.0180401 0.998798 222.927
0.998744 0.00199226 -0.0500556 71.8926 -0.00154016 0.999958 0.0090689 -0.254857 0.0500715 -0.00898042 0.998705 223.651
0.998608 -0.00499817 -0.0525162 71.8683 0.00521634 0.999978 0.00401811 -0.247819 0.052495 -0.00428646 0.998612 224.457
0.998445 -0.0167612 -0.0531612 71.8287 0.0172281 0.999817 0.00833696 -0.240348 0.0530117 -0.00923986 0.998551 225.174
0.998166 -0.0253711 -0.0549542 71.7816 0.0260709 0.999587 0.0120549 -0.240157 0.0546257 -0.0134655 0.998416 226.019
0.998101 -0.0249421 -0.0563195 71.7665 0.0258004 0.999561 0.0145641 -0.251348 0.0559315 -0.0159896 0.998307 226.674
0.998095 -0.02217 -0.0575693 71.7326 0.0228737 0.999671 0.0115935 -0.25552 0.0572933 -0.0128883 0.998274 227.454
0.99835 -0.00869024 -0.0567684 71.6645 0.00904924 0.999941 0.00606982 -0.255632 0.0567123 -0.00657351 0.998369 228.222
0.998196 -0.0148806 -0.0581663 71.6469 0.0151563 0.999876 0.00430176 -0.271774 0.058095 -0.00517559 0.998298 229.002
0.998051 -0.0142899 -0.0607464 71.6058 0.0147258 0.999869 0.00673273 -0.261495 0.0606422 -0.00761414 0.998131 229.695
0.998225 -0.00933479 -0.0588141 71.5326 0.0100381 0.999881 0.0116741 -0.262675 0.0586982 -0.0122438 0.998201 230.488
0.998165 -0.00032357 -0.060559 71.4883 0.00123214 0.999887 0.0149663 -0.281407 0.0605473 -0.0150135 0.998052 231.21
0.998059 -0.00252914 -0.0622181 71.4612 0.00324493 0.99993 0.0114062 -0.281867 0.0621849 -0.011586 0.997997 231.935
0.998163 -0.00261082 -0.0605321 71.4068 0.00287577 0.999987 0.00429037 -0.275738 0.0605201 -0.00445657 0.998157 232.604
0.998097 -0.00351129 -0.0615638 71.3751 0.00320332 0.999982 -0.00510049 -0.290249 0.0615806 0.00489357 0.99809 233.388
0.998085 -0.00242249 -0.0618033 71.3401 0.00177887 0.999944 -0.010467 -0.301344 0.0618252 0.010337 0.998033 234.143
0.998162 0.00533508 -0.060369 71.2906 -0.00588024 0.999943 -0.00885637 -0.308382 0.0603183 0.00919507 0.998137 234.645
0.99881 -0.000209344 -0.0487664 71.1133 -0.000102829 0.99998 -0.00639879 -0.254306 0.0487667 0.0063962 0.99879 235.301
0.998118 0.000652449 -0.0613215 71.2212 -0.000340862 0.999987 0.00509152 -0.318343 0.061324 -0.00506104 0.998105 235.796
0.998128 -0.0025887 -0.0611015 71.1777 0.00319221 0.999947 0.00978158 -0.33147 0.061073 -0.00995832 0.998084 236.296
0.998064 -0.00122384 -0.0621858 71.1436 0.00202936 0.999915 0.0128918 -0.333564 0.0621647 -0.0129931 0.997981 236.872
0.997904 -0.00688914 -0.0643372 71.0791 0.00793938 0.999839 0.0160827 -0.334435 0.0642161 -0.0165598 0.997799 237.484
0.997861 -0.0110491 -0.0644352 71.0055 0.0118986 0.999847 0.0128146 -0.323071 0.0642838 -0.0135539 0.99784 238.211
0.996932 -0.014569 -0.0769087 70.9924 0.015565 0.999802 0.0123671 -0.347819 0.0767134 -0.0135262 0.996961 238.938
0.995998 -0.0138011 -0.0883086 70.9636 0.0146196 0.999856 0.00862875 -0.351042 0.0881767 -0.00988525 0.996056 239.26
0.994628 -0.0147556 -0.102457 70.9015 0.0153424 0.99987 0.0049415 -0.355896 0.102371 -0.0064869 0.994725 239.84
0.992697 -0.0142483 -0.119789 70.7693 0.0146454 0.99989 0.00243561 -0.3423 0.119741 -0.00417219 0.992796 240.557
0.98978 -0.0131984 -0.141989 70.72 0.0137684 0.999901 0.00303291 -0.355497 0.141935 -0.00495687 0.989864 240.999
0.985899 -0.00299013 -0.167312 70.6064 0.00430535 0.999963 0.00749867 -0.364957 0.167283 -0.00811327 0.985875 241.613
0.980825 -0.000717545 -0.194888 70.4215 0.00282987 0.99994 0.0105605 -0.365872 0.194869 -0.0109095 0.980769 242.321
0.974233 -0.00175759 -0.225536 70.2814 0.00431412 0.999932 0.010843 -0.376025 0.225502 -0.0115366 0.974174 242.741
0.964852 0.00136063 -0.262791 70.1455 0.000852514 0.999965 0.00830747 -0.377022 0.262793 -0.00823952 0.964817 243.272
0.953425 0.00565102 -0.301578 69.927 -0.00384242 0.999971 0.00659001 -0.383399 0.301606 -0.00512429 0.953419 243.823
0.941339 0.00420043 -0.337435 69.395 -0.00267199 0.999984 0.00499388 -0.414399 0.337451 -0.00379931 0.941336 244.891
0.920678 0.0149007 -0.390038 69.5357 -0.012959 0.999887 0.0076094 -0.3897 0.390107 -0.00195133 0.920767 244.638
0.897797 0.0330659 -0.439166 69.6966 -0.0303122 0.999452 0.0132833 -0.417806 0.439365 0.0013864 0.898308 244.763
0.877313 0.0282608 -0.479085 69.282 -0.0223654 0.999588 0.0180086 -0.405496 0.479397 -0.00508426 0.877584 245.174
0.848381 0.0535923 -0.526667 68.8789 -0.0447815 0.998562 0.0294749 -0.39831 0.527489 -0.00142097 0.84956 245.629
0.816088 0.039136 -0.576602 68.8722 -0.0254331 0.99917 0.0318206 -0.399857 0.577368 -0.0113036 0.816406 245.725
0.782897 0.0392509 -0.620913 68.5235 -0.0183905 0.999032 0.0399655 -0.391007 0.62188 -0.01987 0.78286 246
0.744261 0.0235986 -0.667472 68.2758 0.00907279 0.998926 0.0454338 -0.374063 0.667827 -0.0398704 0.743248 246.256
0.706125 0.0385903 -0.707035 67.9529 0.00731836 0.998063 0.0617837 -0.370014 0.708049 -0.0488013 0.704475 246.518
0.666867 0.0393073 -0.744139 67.5652 0.0207914 0.997238 0.0713089 -0.342652 0.744887 -0.0630252 0.664208 246.776
0.703925 0.0462861 -0.708765 67.6297 0.0125066 0.996912 0.0775247 -0.424281 0.710165 -0.0634358 0.701172 247.347
0.579143 0.0511666 -0.813619 66.7994 0.0299314 0.996021 0.0839428 -0.312118 0.814677 -0.0729676 0.575307 247.389
0.53367 0.0586966 -0.843654 66.1539 0.0309021 0.995569 0.0888137 -0.26874 0.845128 -0.0734679 0.529491 247.698
0.526415 0.0482135 -0.848859 65.7189 0.0366438 0.996177 0.0793052 -0.201319 0.849437 -0.0728529 0.522636 248.268
0.446221 0.0513209 -0.89345 65.3546 0.0409118 0.996141 0.0776524 -0.200997 0.893987 -0.0712028 0.442399 248.108
0.386118 0.0447902 -0.921361 64.2004 0.0463857 0.996614 0.0678875 -0.14489 0.921282 -0.0689506 0.382733 248.573
0.353436 0.0455439 -0.93435 64.1312 0.0387321 0.997245 0.0632608 -0.118514 0.934657 -0.058548 0.350698 248.668
0.28989 0.0537687 -0.955549 63.3942 0.0369743 0.997046 0.0673208 -0.0904532 0.956346 -0.0548464 0.287045 248.794
0.21029 -0.114679 -0.97089 62.4225 0.118613 0.988753 -0.0910982 -0.410296 0.970417 -0.0960028 0.221527 249.05
0.199023 0.0578577 -0.978285 62.1389 0.0498287 0.996367 0.0690643 -0.227793 0.978727 -0.0624921 0.195417 249.026
0.156107 0.0601904 -0.985904 60.9609 0.0496449 0.996402 0.068692 -0.154698 0.986492 -0.0596685 0.152558 249.124
0.102498 -0.00967393 -0.994686 60.1044 -0.00899652 0.999903 -0.0106517 -0.344918 0.994693 0.0100405 0.102401 249.213
0.075498 0.0379926 -0.996422 59.6381 0.0325178 0.998649 0.0405413 -0.239035 0.996616 -0.0354623 0.0741606 249.224
0.0466289 0.0404774 -0.998092 58.7669 0.0298715 0.998675 0.0418966 -0.205001 0.998466 -0.0317681 0.045358 249.213
0.0167364 0.0172339 -0.999711 58.0211 0.00439764 0.999841 0.0173097 -0.272608 0.99985 -0.00468607 0.0166579 249.195
-0.00402442 0.0336414 -0.999426 57.5465 0.0186694 0.999262 0.0335608 -0.208178 0.999818 -0.0185237 -0.00464952 249.171
-0.0217739 0.0371562 -0.999072 56.9895 0.0168469 0.999181 0.0367931 -0.193389 0.999621 -0.0160301 -0.0223821 249.134
-0.0359145 0.0419312 -0.998475 55.9597 0.0248688 0.998847 0.0410523 -0.182141 0.999045 -0.0233565 -0.0369159 249.087
-0.0473204 0.0356348 -0.998244 55.6208 0.018433 0.999224 0.034796 -0.204383 0.99871 -0.016754 -0.0479406 249.052
-0.0529103 0.0392218 -0.997829 55.0894 0.0252584 0.998961 0.037927 -0.158369 0.99828 -0.0231968 -0.053846 249.011
-0.0556093 0.0439652 -0.997484 54.4308 0.0320258 0.998595 0.0422287 -0.139391 0.997939 -0.0295969 -0.0569392 248.975
-0.0572875 0.0448487 -0.99735 53.7018 0.0314828 0.998575 0.0430954 -0.102691 0.997861 -0.0289306 -0.0586178 248.924
-0.0587397 0.0403888 -0.997456 53.1213 0.0384725 0.998531 0.0381667 -0.111183 0.997532 -0.0361328 -0.0602072 248.88
-0.0539632 0.0443193 -0.997559 52.4087 0.0415698 0.998248 0.0421012 -0.0646677 0.997677 -0.0391964 -0.055711 248.789
-0.0578563 0.0414295 -0.997465 51.6895 0.0441839 0.998266 0.0388999 -0.0297703 0.997347 -0.0418213 -0.0595865 248.773
-0.0566052 0.0397766 -0.997604 50.9717 0.0419026 0.99842 0.0374316 -0.0101528 0.997517 -0.0396833 -0.0581825 248.736
-0.0564608 0.0353814 -0.997778 50.333 0.0368042 0.998766 0.0333339 -0.0231733 0.997726 -0.0348404 -0.0576933 248.694
-0.0559215 0.0360947 -0.997783 49.2936 0.036628 0.998748 0.0340768 0.0463156 0.997763 -0.0346411 -0.0571736 248.678
-0.0510365 0.0435047 -0.997749 48.5306 0.0321208 0.998605 0.041899 0.135587 0.99818 -0.0299101 -0.0523627 248.577
-0.0513929 0.0361698 -0.998023 47.7767 0.0347003 0.998805 0.0344113 0.083479 0.998075 -0.0328632 -0.0525866 248.524
-0.0524781 0.0338705 -0.998048 46.9518 0.0369084 0.998808 0.0319556 0.145532 0.99794 -0.0351594 -0.0536657 248.531
-0.0487007 0.0349406 -0.998202 46.1701 0.0419056 0.998579 0.0329093 0.181858 0.997934 -0.0402276 -0.0500957 248.458
-0.0449964 0.0337693 -0.998416 45.3772 0.0418954 0.998613 0.0318878 0.205581 0.998108 -0.0403942 -0.0463488 248.426
-0.0444159 0.0320315 -0.998499 44.4825 0.0358032 0.998895 0.0304516 0.221527 0.998371 -0.0343969 -0.0455137 248.376
-0.0449624 0.0284787 -0.998583 43.6833 0.0384901 0.998901 0.0267547 0.245033 0.998247 -0.0372326 -0.0460091 248.348
-0.0442016 0.0267871 -0.998663 43.0333 0.0387165 0.998935 0.0250808 0.266273 0.998272 -0.0375561 -0.0451917 248.328
-0.0416094 0.0294229 -0.998701 41.9974 0.0420925 0.99873 0.02767 0.281264 0.998247 -0.0408865 -0.042795 248.266
-0.0423106 0.0258694 -0.99877 41.0876 0.038256 0.998974 0.0242541 0.30822 0.998372 -0.0371827 -0.0432568 248.225
-0.0466581 0.0201327 -0.998708 40.2978 0.0301675 0.999369 0.0187366 0.284982 0.998455 -0.0292543 -0.047236 248.178
-0.0425349 0.0284389 -0.99869 39.3364 0.0200076 0.999419 0.0276075 0.305742 0.998895 -0.0188072 -0.0430791 248.118
-0.0477224 0.0237325 -0.998579 38.3083 0.0166925 0.999597 0.022959 0.339627 0.998721 -0.0155731 -0.0480993 248.1
-0.0495442 0.0171917 -0.998624 37.5698 0.0233952 0.999597 0.0160478 0.318459 0.998498 -0.0225679 -0.0499264 248.034
-0.0524673 0.0179296 -0.998462 36.62 0.0331959 0.999318 0.0162006 0.343382 0.998071 -0.0322949 -0.0530267 247.995
-0.0553151 0.0157357 -0.998345 35.6876 0.0367683 0.99923 0.0137124 0.36291 0.997792 -0.0359489 -0.0558511 247.926
-0.05877 0.0140145 -0.998173 34.1408 0.0202745 0.999712 0.0128424 0.363709 0.998066 -0.0194827 -0.0590372 247.817
-0.0644676 0.011954 -0.997848 32.7959 0.0129486 0.999854 0.0111414 0.359959 0.997836 -0.0122025 -0.064613 247.781
-0.0544672 0.0196934 -0.998321 31.7409 0.00673862 0.99979 0.0193547 0.379034 0.998493 -0.00567311 -0.0545885 247.578
-0.0671837 0.0139057 -0.997644 30.556 0.00689593 0.999885 0.0134726 0.369456 0.997717 -0.00597454 -0.0672719 247.578
-0.0603026 0.0197311 -0.997985 29.4102 0.0181168 0.999662 0.0186695 0.383188 0.998016 -0.0169545 -0.0606397 247.482
-0.0679958 0.0225191 -0.997431 27.8448 0.0178749 0.999612 0.0213498 0.38918 0.997525 -0.0163773 -0.0683719 247.476
-0.0680595 0.0267061 -0.997324 26.2159 0.0203774 0.99947 0.025373 0.389259 0.997473 -0.018596 -0.0685677 247.328
-0.0685618 0.0274047 -0.99727 24.6518 0.0242563 0.999373 0.0257949 0.407026 0.997352 -0.0224215 -0.0691835 247.207
-0.067991 0.0297138 -0.997243 23.6606 0.0243498 0.999308 0.0281152 0.404116 0.997389 -0.0223711 -0.0686675 247.148
-0.063849 0.032492 -0.99743 22.4795 0.0244966 0.99922 0.0309822 0.396956 0.997659 -0.0224555 -0.0645951 246.985
-0.0611422 0.0298215 -0.997683 20.9276 0.0302237 0.999151 0.0280131 0.412374 0.997671 -0.0284409 -0.0619916 246.866
-0.063682 0.0283624 -0.997567 20.1227 0.02816 0.999249 0.0266125 0.448264 0.997573 -0.0263968 -0.0644328 246.878
-0.0578562 0.0227962 -0.998065 18.746 0.0313287 0.999288 0.0210081 0.456874 0.997833 -0.0300526 -0.0585292 246.753
-0.0543235 0.0281336 -0.998127 17.7247 0.034565 0.999057 0.0262786 0.4515 0.997925 -0.0330727 -0.0552447 246.722
-0.0562755 0.0130346 -0.99833 15.8475 0.0250902 0.999617 0.0116371 0.468045 0.9981 -0.0243935 -0.056581 246.635
-0.0523834 0.0192036 -0.998442 15.3988 0.0209772 0.999616 0.0181256 0.465029 0.998407 -0.0199951 -0.0527661 246.606
-0.0515143 0.0179529 -0.998511 14.551 0.0200602 0.999655 0.0169386 0.47215 0.998471 -0.0191578 -0.0518566 246.57
-0.0526788 0.0127424 -0.99853 13.2869 0.0132122 0.99984 0.0120621 0.471509 0.998524 -0.0125573 -0.0528387 246.53
-0.0510369 0.0109045 -0.998637 12.658 0.0201251 0.999749 0.00988806 0.469769 0.998494 -0.019593 -0.0512435 246.471
-0.0528619 0.0130406 -0.998517 11.6707 0.0240313 0.999642 0.0117831 0.484581 0.998313 -0.0233727 -0.0531563 246.449
-0.0557179 0.0112641 -0.998383 10.7101 0.0220234 0.999707 0.0100499 0.475679 0.998204 -0.0214278 -0.0559496 246.387
-0.0589321 0.0115023 -0.998196 9.78895 0.012345 0.999866 0.0107927 0.473395 0.998186 -0.0116867 -0.0590662 246.327
-0.059332 0.0139239 -0.998141 8.85906 0.00660667 0.999886 0.0135556 0.462577 0.998216 -0.00579012 -0.0594172 246.229
-0.0635385 0.0174238 -0.997827 8.07348 0.00554926 0.999838 0.0171055 0.461289 0.997964 -0.00445035 -0.0636249 246.18
-0.0686104 0.0135571 -0.997551 7.07188 0.00405035 0.999903 0.0133105 0.459934 0.997635 -0.00312719 -0.0686587 246.114
-0.072146 0.0175994 -0.997239 5.96668 0.015962 0.999737 0.0164887 0.459299 0.997266 -0.0147283 -0.072408 246.035
-0.076563 0.0242503 -0.99677 4.93707 0.0188266 0.999561 0.0228722 0.47327 0.996887 -0.0170146 -0.076986 245.933
-0.0808182 0.0241352 -0.996437 4.11212 0.0213587 0.999519 0.0224775 0.472855 0.9965 -0.019466 -0.0812949 245.85
-0.0845145 0.0298256 -0.995976 3.16434 0.0290151 0.999202 0.0274601 0.484733 0.996 -0.0265775 -0.0853124 245.755
-0.0885776 0.0339563 -0.99549 2.21161 0.0304405 0.999044 0.031369 0.499001 0.995604 -0.0275247 -0.0895266 245.662
-0.0904929 0.0387713 -0.995142 1.38003 0.0312926 0.998859 0.0360705 0.508654 0.995405 -0.0278764 -0.091603 245.559
-0.0914016 0.0466632 -0.99472 0.5351 0.0358173 0.998409 0.0435452 0.53018 0.99517 -0.0316481 -0.0929276 245.478
-0.0917679 0.0501551 -0.994517 -0.250845 0.0455054 0.997899 0.0461267 0.552671 0.99474 -0.0410229 -0.0938574 245.384
-0.0905141 0.0553832 -0.994354 -1.28854 0.0406444 0.997826 0.0518768 0.556104 0.995065 -0.0357194 -0.0925684 245.217
-0.0914296 0.0579617 -0.994123 -1.95464 0.0524445 0.997199 0.0533177 0.59546 0.99443 -0.0472614 -0.0942133 245.174
-0.0908432 0.0609421 -0.993999 -2.78637 0.0562621 0.996846 0.0559748 0.613249 0.994275 -0.0508396 -0.0939854 245.072
-0.0915769 0.0613457 -0.993907 -3.53129 0.0536266 0.996956 0.0565929 0.642208 0.994353 -0.0481172 -0.0945879 244.993
-0.0894472 0.0659164 -0.993808 -4.26174 0.0580596 0.996456 0.0608664 0.675251 0.994298 -0.0522558 -0.0929572 244.922
-0.085953 0.0707484 -0.993784 -5.0675 0.0623894 0.9959 0.0655029 0.679514 0.994344 -0.0563715 -0.0900145 244.844
-0.0862508 0.0686395 -0.993906 -5.76271 0.0658123 0.995837 0.0630617 0.738048 0.994097 -0.0599721 -0.0904091 244.791
-0.0819607 0.069227 -0.994228 -6.81341 0.0693634 0.995562 0.0636018 0.779599 0.994219 -0.0637502 -0.0863988 244.688
-0.0780427 0.0721849 -0.994333 -7.52145 0.0700728 0.995306 0.0667557 0.816275 0.994484 -0.0644659 -0.0827346 244.639
-0.0748156 0.0710019 -0.994666 -8.33401 0.0688419 0.99545 0.0658797 0.845505 0.994818 -0.0635459 -0.0793631 244.549
-0.0735301 0.069016 -0.994902 -9.34369 0.0682319 0.995613 0.0640225 0.904767 0.994956 -0.0631764 -0.0779166 244.474
-0.0705345 0.0653326 -0.995368 -10.3037 0.0679643 0.995849 0.0605481 0.938959 0.995191 -0.0633787 -0.0746819 244.381
-0.0668617 0.067622 -0.995468 -11.0288 0.0697725 0.995575 0.062943 1.00607 0.99532 -0.0652478 -0.071284 244.37
-0.063853 0.0665213 -0.99574 -12.264 0.070493 0.995584 0.0619904 1.03123 0.995466 -0.0662344 -0.0682603 244.276
-0.0588173 0.0686719 -0.995904 -12.5188 0.0706522 0.995416 0.0644656 1.05633 0.995765 -0.0665711 -0.0633995 244.246
-0.0546852 0.0659432 -0.996324 -13.2155 0.0690187 0.99568 0.0621124 1.07852 0.996115 -0.0653683 -0.0590003 244.202
-0.0508472 0.0643842 -0.996629 -14.0614 0.0673143 0.995871 0.060901 1.13026 0.996435 -0.0639907 -0.0549712 244.191
-0.045469 0.0650433 -0.996846 -14.5037 0.0681 0.995758 0.0618661 1.14123 0.996642 -0.0650723 -0.0497056 244.142
-0.0418823 0.0623551 -0.997175 -15.142 0.0680023 0.995914 0.0594201 1.18001 0.996806 -0.0653215 -0.0459514 244.13
-0.0371307 0.0624129 -0.997359 -15.6183 0.0715013 0.995656 0.0596444 1.19842 0.996749 -0.0690979 -0.041432 244.109
-0.0325154 0.0605883 -0.997633 -16.1744 0.0711546 0.995768 0.058156 1.21972 0.996935 -0.0690952 -0.0366889 244.092
-0.0273916 0.0629445 -0.997641 -16.5194 0.0698352 0.995698 0.0609045 1.23634 0.997182 -0.0680022 -0.0316695 244.084
-0.0219412 0.0610668 -0.997892 -16.9941 0.0700186 0.995776 0.0593977 1.25488 0.997304 -0.0685678 -0.0261244 244.069
-0.0168042 0.0581014 -0.998169 -17.4731 0.0667494 0.996148 0.05686 1.28053 0.997628 -0.0656717 -0.0206177 244.074
-0.0106825 0.0566 -0.99834 -17.8897 0.0652622 0.996308 0.0557865 1.30024 0.997811 -0.0645579 -0.0143369 244.07
-0.00475741 0.0540623 -0.998526 -18.3074 0.0609372 0.996697 0.0536729 1.31747 0.99813 -0.060592 -0.0080361 244.075
0.000743039 0.0533592 -0.998575 -18.6254 0.0601699 0.996764 0.0533072 1.32781 0.998188 -0.0601238 -0.00246999 244.077
0.00609755 0.0516104 -0.998649 -19.0153 0.0576484 0.996988 0.0518766 1.34107 0.998318 -0.0578868 0.00310393 244.085
0.0101303 0.0486652 -0.998764 -19.3465 0.0538816 0.997337 0.0491422 1.34789 0.998496 -0.0543129 0.00748121 244.087
0.0154184 0.0503815 -0.998611 -19.6386 0.0535194 0.997256 0.0511395 1.36347 0.998448 -0.0542335 0.0126797 244.089
0.0187833 0.0476816 -0.998686 -19.9291 0.0524958 0.997437 0.0486094 1.37425 0.998444 -0.0533399 0.016232 244.112
0.0228691 0.0478565 -0.998592 -20.1427 0.0502933 0.997534 0.0489575 1.38133 0.998473 -0.0513422 0.0204058 244.11
0.026105 0.0449437 -0.998648 -20.3281 0.0435381 0.99799 0.0460522 1.38139 0.998711 -0.0446814 0.0240958 244.116
0.0289009 0.0437271 -0.998625 -20.5264 0.0398344 0.998199 0.0448612 1.38232 0.998788 -0.0410761 0.027107 244.125
0.0307687 0.0423616 -0.998628 -20.6919 0.0400422 0.998247 0.0435792 1.3872 0.998724 -0.0413281 0.0290185 244.138
0.031941 0.0423524 -0.998592 -20.7975 0.0399182 0.998251 0.0436147 1.39297 0.998692 -0.0412551 0.0301945 244.135
0.0334813 0.0439243 -0.998474 -20.8754 0.0396656 0.998188 0.0452419 1.3964 0.998652 -0.0411198 0.0316784 244.139
0.0341922 0.0427272 -0.998502 -21.0079 0.0400292 0.998225 0.0440861 1.41649 0.998613 -0.0414766 0.0324212 244.143
0.0347361 0.04207 -0.998511 -21.0332 0.0399517 0.998256 0.0434491 1.40014 0.998598 -0.0414014 0.0329948 244.132
0.034834 0.041395 -0.998535 -21.092 0.0379414 0.998367 0.0427116 1.40253 0.998673 -0.0393736 0.0332065 244.144
0.0366001 0.0425146 -0.998425 -21.1382 0.0365414 0.99837 0.0438518 1.41674 0.998662 -0.0380889 0.0349869 244.139
0.0361419 0.0437479 -0.998389 -21.1564 0.0385083 0.998238 0.0451354 1.40447 0.998604 -0.0400775 0.0343936 244.136
0.0169766 0.0996464 -0.994878 -22.4266 0.0352436 0.994344 0.100194 1.54537 0.999235 -0.036764 0.0133687 244.117
0.0572949 -0.040469 -0.997537 -22.4552 0.0600759 0.997507 -0.0370173 1.57324 0.996548 -0.057807 0.0595833 244.04
0.0572949 -0.040469 -0.997537 -22.4839 0.0600759 0.997507 -0.0370173 1.60112 0.996548 -0.057807 0.0595833 243.963
0.0572949 -0.040469 -0.997537 -22.5126 0.0600759 0.997507 -0.0370173 1.62899 0.996548 -0.057807 0.0595833 243.887
0.0363784 0.0203913 -0.99913 -22.5367 0.0243532 0.999477 0.0212851 1.6273 0.999041 -0.0251063 0.0358627 244.054
0.0363784 0.0203913 -0.99913 -22.5608 0.0243532 0.999477 0.0212851 1.62561 0.999041 -0.0251063 0.0358627 244.221
0.0363784 0.0203913 -0.99913 -22.5849 0.0243532 0.999477 0.0212851 1.62391 0.999041 -0.0251063 0.0358627 244.389
0.0363784 0.0203913 -0.99913 -22.609 0.0243532 0.999477 0.0212851 1.62222 0.999041 -0.0251063 0.0358627 244.556
0.0363784 0.0203913 -0.99913 -22.6331 0.0243532 0.999477 0.0212851 1.62053 0.999041 -0.0251063 0.0358627 244.723
0.0363784 0.0203913 -0.99913 -22.6572 0.0243532 0.999477 0.0212851 1.61883 0.999041 -0.0251063 0.0358627 244.891
0.0363784 0.0203913 -0.99913 -22.6813 0.0243532 0.999477 0.0212851 1.61714 0.999041 -0.0251063 0.0358627 245.058
0.0363784 0.0203913 -0.99913 -22.7054 0.0243532 0.999477 0.0212851 1.61545 0.999041 -0.0251063 0.0358627 245.226
0.0453693 0.0794264 -0.995808 -22.4707 -0.0103287 0.996818 0.0790364 1.58451 0.998917 0.0066996 0.0460454 244.519
0.0453693 0.0794264 -0.995808 -22.236 -0.0103287 0.996818 0.0790364 1.55357 0.998917 0.0066996 0.0460454 243.812
0.0453693 0.0794264 -0.995808 -22.0013 -0.0103287 0.996818 0.0790364 1.52263 0.998917 0.0066996 0.0460454 243.106
0.0378363 0.046697 -0.998192 -22.1657 0.0363789 0.998181 0.0480754 1.47711 0.998622 -0.0381321 0.0360686 243.414
0.024924 0.101517 -0.994522 -22.5814 0.0895642 0.990603 0.103362 1.55672 0.995669 -0.0916498 0.0155975 244.103
0.0626086 -0.0349347 -0.997427 -22.6687 -0.0443425 0.998303 -0.0377488 1.64646 0.997053 0.0465918 0.0609533 244.231
0.038643 0.0218496 -0.999014 -22.604 0.0125787 0.999671 0.0223505 1.56319 0.999174 -0.01343 0.0383555 244.252
0.0569655 0.0747373 -0.995575 -22.4124 0.0662822 0.994711 0.0784651 1.53899 0.996173 -0.0704587 0.0517104 243.44
0.0443983 0.0794808 -0.995847 -22.6768 0.0716329 0.994011 0.0825279 1.54867 0.996442 -0.0749995 0.0384389 243.805
0.0394542 0.0985837 -0.994346 -22.9209 0.0925173 0.990486 0.101872 1.5995 0.994929 -0.0960135 0.0299581 244.092
0.070224 -0.00174999 -0.99753 -23.0117 -0.00817787 0.999964 -0.00232997 1.61123 0.997498 0.00832129 0.0702072 244.138
0.0706209 0.0473617 -0.996378 -23.0726 0.0442517 0.99774 0.0505629 1.58871 0.996521 -0.0476623 0.0683655 244.018
0.0844187 0.0782192 -0.993356 -23.12 0.0770764 0.993415 0.0847741 1.59654 0.993445 -0.0837208 0.0778339 243.747
0.0922115 0.068701 -0.993367 -23.3843 0.065205 0.995059 0.0748708 1.61604 0.993602 -0.0716765 0.0872763 243.987
0.107093 0.0623117 -0.992294 -23.5579 0.061751 0.995691 0.0691894 1.641 0.99233 -0.0686848 0.102784 244.138
0.133791 0.025739 -0.990675 -23.7415 0.0329175 0.998996 0.0304007 1.63411 0.990463 -0.0366779 0.13281 244.165
0.155416 0.0536653 -0.98639 -23.8121 0.0661076 0.99572 0.0645888 1.64142 0.985635 -0.075246 0.151203 244.064
0.178325 0.0639634 -0.981891 -24.0115 0.0786594 0.993765 0.0790226 1.66659 0.980823 -0.0913266 0.172182 244.039
0.200803 0.0497675 -0.978367 -24.2603 0.0726278 0.995204 0.0655303 1.6783 0.976936 -0.0842153 0.196226 244.232
0.233113 0.0412341 -0.971575 -24.4695 0.0640756 0.996278 0.0576564 1.6946 0.970336 -0.0756947 0.229603 244.339
0.267871 0.0272613 -0.963069 -24.7247 0.0487394 0.997936 0.0418048 1.69808 0.962221 -0.0581377 0.26599 244.407
0.303261 0.0344376 -0.952285 -24.9339 0.0631189 0.996426 0.0561345 1.72807 0.950815 -0.0771306 0.300004 244.444
0.338122 0.0284158 -0.940673 -25.1597 0.0722727 0.995808 0.0560594 1.74352 0.938323 -0.0869399 0.334651 244.557
