1 -8.22789e-007 -0.00085052 -0.0332714 -8.22789e-007 0.999998 -0.00193479 -0.0106501 0.00085052 0.00193479 0.999998 0.665833
0.99999 -8.02502e-006 -0.00448179 -0.0577842 -8.02502e-006 0.999994 -0.00358114 -0.0132529 0.00448179 0.00358114 0.999984 1.32847
0.999958 -1.96281e-005 -0.00914739 -0.0754812 -1.96281e-005 0.999991 -0.00429142 -0.0356758 0.00914739 0.00429142 0.999949 2.04124
0.999922 -3.03615e-005 -0.0124963 -0.105632 -3.03615e-005 0.999988 -0.00485904 -0.0390408 0.0124963 0.00485904 0.99991 2.69115
0.999848 -4.45628e-005 -0.0174248 -0.117908 -4.45628e-005 0.999987 -0.00511446 -0.0494756 0.0174248 0.00511446 0.999835 3.47579
0.999775 -6.72801e-005 -0.0212118 -0.163204 -6.72801e-005 0.99998 -0.00634286 -0.0554814 0.0212118 0.00634286 0.999755 4.19996
0.999656 -9.00587e-005 -0.0262119 -0.184448 -9.00587e-005 0.999976 -0.00687033 -0.0681062 0.0262119 0.00687033 0.999633 4.96319
0.99951 -8.29417e-005 -0.0312943 -0.212954 -8.29417e-005 0.999986 -0.00529941 -0.0729398 0.0312943 0.00529941 0.999496 5.72957
0.99936 -5.34081e-005 -0.0357673 -0.241965 -5.34081e-005 0.999996 -0.00298546 -0.0757362 0.0357673 0.00298546 0.999356 6.48184
0.999232 -9.0287e-006 -0.0391939 -0.305731 -9.0287e-006 1 -0.000460543 -0.0720234 0.0391939 0.000460543 0.999232 7.30186
0.999124 -2.10245e-005 -0.041858 -0.334692 -2.10245e-005 0.999999 -0.00100412 -0.0798288 0.041858 0.00100412 0.999123 8.0633
0.999055 -2.3588e-005 -0.0434718 -0.391163 -2.3588e-005 0.999999 -0.0010847 -0.0867859 0.0434718 0.0010847 0.999054 8.89527
0.99896 -3.97705e-005 -0.0455964 -0.423898 -3.97705e-005 0.999998 -0.00174355 -0.102455 0.0455964 0.00174355 0.998958 9.69255
0.998817 -1.68201e-005 -0.0486287 -0.443126 -1.68201e-005 1 -0.000691365 -0.113584 0.0486287 0.000691365 0.998817 10.502
0.998783 -2.15233e-005 -0.0493126 -0.520448 -2.15233e-005 1 -0.000872402 -0.117194 0.0493126 0.000872402 0.998783 11.3714
0.99871 -7.63393e-005 -0.0507777 -0.556128 -7.63393e-005 0.999995 -0.00300486 -0.131073 0.0507777 0.00300486 0.998705 12.1608
0.998704 -0.000144383 -0.0509039 -0.624569 -0.000144383 0.999984 -0.00566906 -0.140158 0.0509039 0.00566906 0.998687 12.9668
0.998646 -0.000185585 -0.0520179 -0.685273 -0.000185585 0.999975 -0.0071305 -0.154196 0.0520179 0.0071305 0.998621 13.7843
0.99852 -0.000179204 -0.0543879 -0.707787 -0.000179204 0.999978 -0.00658489 -0.170548 0.0543879 0.00658489 0.998498 14.6062
0.998502 -0.000148181 -0.054723 -0.755986 -0.000148181 0.999985 -0.00541157 -0.186185 0.054723 0.00541157 0.998487 15.3552
0.998417 -0.00010307 -0.0562456 -0.814752 -0.00010307 0.999993 -0.00366208 -0.191638 0.0562456 0.00366208 0.99841 16.2223
0.998301 -0.000108213 -0.0582731 -0.851205 -0.000108213 0.999993 -0.00371081 -0.209313 0.0582731 0.00371081 0.998294 17.0944
0.998189 -0.000136576 -0.060151 -0.891982 -0.000136576 0.99999 -0.00453696 -0.216279 0.060151 0.00453696 0.998179 17.9378
0.998166 -0.000156232 -0.060541 -0.941418 -0.000156232 0.999987 -0.00515643 -0.241701 0.060541 0.00515643 0.998152 18.681
0.998099 -0.000108709 -0.0616326 -0.98327 -0.000108709 0.999994 -0.00352427 -0.251612 0.0616326 0.00352427 0.998093 19.5619
0.998053 8.20947e-006 -0.0623641 -1.0022 8.20947e-006 1 0.000263019 -0.263744 0.0623641 -0.000263019 0.998053 20.4245
0.998112 0.000127984 -0.06142 -1.07285 0.000127984 0.999991 0.00416354 -0.278436 0.06142 -0.00416354 0.998103 21.2989
0.998233 0.000203435 -0.0594262 -1.10965 0.000203435 0.999977 0.00684051 -0.271715 0.0594262 -0.00684051 0.998209 22.0763
0.998362 0.000222449 -0.0572174 -1.20062 0.000222449 0.99997 0.00776907 -0.272587 0.0572174 -0.00776907 0.998332 23.0816
0.998325 0.000135062 -0.057863 -1.20142 0.000135062 0.999989 0.0046644 -0.274998 0.057863 -0.0046644 0.998314 23.9895
0.998445 1.06925e-005 -0.0557387 -1.29746 1.06925e-005 1 0.000383366 -0.296159 0.0557387 -0.000383366 0.998445 24.9735
0.998559 -7.83705e-005 -0.0536706 -1.36691 -7.83705e-005 0.999996 -0.00291831 -0.298173 0.0536706 0.00291831 0.998554 25.8988
0.998526 -4.76126e-005 -0.0542834 -1.36882 -4.76126e-005 0.999998 -0.00175293 -0.335183 0.0542834 0.00175293 0.998524 26.8428
0.998567 8.18504e-005 -0.0535124 -1.45353 8.18504e-005 0.999995 0.00305692 -0.330766 0.0535124 -0.00305692 0.998563 27.8006
0.998511 0.000170312 -0.0545493 -1.49263 0.000170312 0.999981 0.00623961 -0.335979 0.0545493 -0.00623961 0.998492 28.7136
0.998428 0.000151458 -0.0560446 -1.54047 0.000151458 0.999985 0.00540061 -0.341485 0.0560446 -0.00540061 0.998414 29.6592
0.998196 5.79402e-005 -0.0600374 -1.51848 5.79402e-005 0.999998 0.00192839 -0.320736 0.0600374 -0.00192839 0.998194 30.5486
0.998251 -6.2286e-005 -0.0591104 -1.64803 -6.2286e-005 0.999998 -0.0021056 -0.358299 0.0591104 0.0021056 0.998249 31.5168
0.998058 -8.94406e-005 -0.0622904 -1.67546 -8.94406e-005 0.999996 -0.00286894 -0.36843 0.0622904 0.00286894 0.998054 32.33
0.998042 -4.03806e-005 -0.0625396 -1.77935 -4.03806e-005 0.999999 -0.0012901 -0.372905 0.0625396 0.0012901 0.998042 33.2227
0.99805 5.55747e-005 -0.0624206 -1.84689 5.55747e-005 0.999998 0.00177891 -0.39217 0.0624206 -0.00177891 0.998048 34.1381
0.997938 9.31049e-005 -0.0641787 -1.89672 9.31049e-005 0.999996 0.00289843 -0.390521 0.0641787 -0.00289843 0.997934 35.032
0.997935 0.000186246 -0.0642351 -1.99527 0.000186246 0.999983 0.00579286 -0.397276 0.0642351 -0.00579286 0.997918 35.967
0.997949 0.000280635 -0.0640144 -2.04411 0.000280635 0.999962 0.0087587 -0.401371 0.0640144 -0.0087587 0.997911 36.8895
0.99789 0.000365827 -0.0649302 -2.11893 0.000365827 0.999937 0.0112561 -0.396058 0.0649302 -0.0112561 0.997826 37.8617
0.997992 0.000349412 -0.0633411 -2.20572 0.000349412 0.999939 0.0110213 -0.402185 0.0633411 -0.0110213 0.997931 38.8525
0.997892 0.000294006 -0.0648897 -2.23824 0.000294006 0.999959 0.00905197 -0.404915 0.0648897 -0.00905197 0.997851 39.7992
0.997894 0.000227597 -0.0648631 -2.30819 0.000227597 0.999975 0.00701028 -0.409959 0.0648631 -0.00701028 0.99787 40.7909
0.997818 0.000230558 -0.0660239 -2.3957 0.000230558 0.999976 0.00697637 -0.413923 0.0660239 -0.00697637 0.997794 41.8314
0.99768 0.000267103 -0.0680826 -2.44334 0.000267103 0.999969 0.00783722 -0.423136 0.0680826 -0.00783722 0.997649 42.8063
0.997551 0.000308715 -0.069942 -2.5044 0.000308715 0.999961 0.00881676 -0.420816 0.069942 -0.00881676 0.997512 43.7715
0.997542 0.000187325 -0.0700702 -2.59396 0.000187325 0.999986 0.00534016 -0.425282 0.0700702 -0.00534016 0.997528 44.758
0.997528 5.23151e-005 -0.0702723 -2.67867 5.23151e-005 0.999999 0.00148708 -0.44444 0.0702723 -0.00148708 0.997527 45.76
0.997515 1.01293e-005 -0.0704583 -2.76955 1.01293e-005 1 0.00028717 -0.458508 0.0704583 -0.00028717 0.997515 46.7108
0.997427 0.000132812 -0.0716894 -2.80583 0.000132812 0.999993 0.00370042 -0.478401 0.0716894 -0.00370042 0.99742 47.6314
0.997423 0.00023257 -0.071751 -2.88202 0.00023257 0.999979 0.00647428 -0.471918 0.071751 -0.00647428 0.997402 48.4947
0.997434 0.000259942 -0.0715923 -2.94403 0.000259942 0.999974 0.00725232 -0.48419 0.0715923 -0.00725232 0.997408 49.4019
0.997396 0.000207362 -0.0721205 -3.0072 0.000207362 0.999983 0.00574289 -0.491458 0.0721205 -0.00574289 0.997379 50.354
0.997383 0.000148388 -0.0722943 -3.08367 0.000148388 0.999992 0.00409972 -0.496648 0.0722943 -0.00409972 0.997375 51.2827
0.997317 0.000187499 -0.0732064 -3.13558 0.000187499 0.999987 0.00511558 -0.513748 0.0732064 -0.00511558 0.997304 52.2182
0.997257 0.000332778 -0.0740188 -3.20417 0.000332778 0.99996 0.0089792 -0.521683 0.0740188 -0.0089792 0.997216 53.1096
0.997235 0.000522309 -0.0743167 -3.28376 0.000522309 0.999901 0.0140362 -0.518605 0.0743167 -0.0140362 0.997136 54.0383
0.99711 0.000611905 -0.0759679 -3.32933 0.000611905 0.99987 0.0160852 -0.51412 0.0759679 -0.0160852 0.996981 54.9684
0.997049 0.000474632 -0.0767718 -3.42365 0.000474632 0.999924 0.012346 -0.512723 0.0767718 -0.012346 0.996972 55.9147
0.996949 0.000199836 -0.0780601 -3.51249 0.000199836 0.999987 0.0051122 -0.531343 0.0780601 -0.0051122 0.996936 56.8668
0.996876 1.09858e-005 -0.0789823 -3.59898 1.09858e-005 1 0.00027775 -0.55409 0.0789823 -0.00027775 0.996876 57.8294
0.996767 5.77682e-005 -0.0803405 -3.66689 5.77682e-005 0.999999 0.00143576 -0.572523 0.0803405 -0.00143576 0.996766 58.7141
0.996775 0.00016225 -0.0802504 -3.78316 0.00016225 0.999992 0.00403705 -0.574594 0.0802504 -0.00403705 0.996767 59.61
0.99667 0.000229545 -0.0815365 -3.85134 0.000229545 0.999984 0.00562108 -0.584324 0.0815365 -0.00562108 0.996655 60.4523
0.996558 0.000236397 -0.0829034 -3.92976 0.000236397 0.999984 0.00569309 -0.592676 0.0829034 -0.00569309 0.996541 61.3037
0.996465 0.000281017 -0.0840043 -4.02967 0.000281017 0.999978 0.00667864 -0.602173 0.0840043 -0.00667864 0.996443 62.1406
0.996317 0.000296842 -0.0857428 -4.0991 0.000296842 0.999976 0.00691117 -0.606438 0.0857428 -0.00691117 0.996293 63.0017
0.996207 0.000335511 -0.0870179 -4.18293 0.000335511 0.99997 0.00769657 -0.619963 0.0870179 -0.00769657 0.996177 63.8714
0.996128 0.000380832 -0.0879191 -4.25976 0.000380832 0.999963 0.00864629 -0.624102 0.0879191 -0.00864629 0.99609 64.6563
0.995911 0.000515407 -0.0903352 -4.33027 0.000515407 0.999935 0.0113873 -0.629249 0.0903352 -0.0113873 0.995846 65.4924
0.995953 0.000714521 -0.0898758 -4.4315 0.000714521 0.999874 0.015867 -0.631623 0.0898758 -0.015867 0.995827 66.3512
0.995721 0.000804629 -0.0924074 -4.51383 0.000804629 0.999849 0.0173762 -0.61717 0.0924074 -0.0173762 0.99557 67.1662
0.995695 0.000619885 -0.092692 -4.61944 0.000619885 0.999911 0.0133458 -0.61959 0.092692 -0.0133458 0.995605 67.9947
0.995537 0.000315036 -0.0943726 -4.67038 0.000315036 0.999978 0.00666146 -0.64799 0.0943726 -0.00666146 0.995515 68.7468
0.995527 7.79208e-006 -0.0944818 -4.78475 7.79208e-006 1 0.000164575 -0.655512 0.0944818 -0.000164575 0.995527 69.5778
0.994975 -8.02258e-005 -0.100121 -4.7556 -8.02258e-005 0.999999 -0.00159855 -0.637563 0.100121 0.00159855 0.994974 70.4077
0.995268 9.43651e-005 -0.0971663 -4.91604 9.43651e-005 0.999998 0.00193774 -0.661242 0.0971663 -0.00193774 0.995266 70.9447
0.994875 0.000214173 -0.101113 -4.93673 0.000214173 0.999991 0.00422545 -0.668192 0.101113 -0.00422545 0.994866 71.6922
0.994986 2.74883e-005 -0.10001 -5.05452 2.74883e-005 1 0.000548333 -0.672409 0.10001 -0.000548333 0.994986 72.3837
0.994941 -0.000263632 -0.100459 -5.07426 -0.000263632 0.999986 -0.00523522 -0.698148 0.100459 0.00523522 0.994927 73.0019
0.99495 -0.000523031 -0.100368 -5.11919 -0.000523031 0.999946 -0.0103956 -0.710499 0.100368 0.0103956 0.994896 73.6626
0.995306 -0.000512846 -0.0967811 -5.19404 -0.000512846 0.999944 -0.0105729 -0.722663 0.0967811 0.0105729 0.99525 74.2469
0.99562 -0.000338927 -0.0934897 -5.24177 -0.000338927 0.999974 -0.00723459 -0.737899 0.0934897 0.00723459 0.995594 74.8088
0.996113 -0.000198532 -0.0880808 -5.29483 -0.000198532 0.99999 -0.00449916 -0.737527 0.0880808 0.00449916 0.996103 75.3415
0.996645 -2.3945e-005 -0.0818462 -5.33566 -2.3945e-005 1 -0.00058414 -0.745897 0.0818462 0.00058414 0.996645 75.8284
0.997227 9.98684e-005 -0.0744199 -5.34349 9.98684e-005 0.999996 0.00268019 -0.75933 0.0744199 -0.00268019 0.997223 76.3545
0.998006 8.84696e-005 -0.0631115 -5.37525 8.84696e-005 0.999996 0.0028008 -0.757008 0.0631115 -0.0028008 0.998003 76.9141
0.998834 6.51658e-005 -0.0482776 -5.39483 6.51658e-005 0.999996 0.00269805 -0.76664 0.0482776 -0.00269805 0.99883 77.3959
0.999526 5.33514e-005 -0.0307826 -5.38753 5.33514e-005 0.999994 0.0034655 -0.773434 0.0307826 -0.0034655 0.99952 77.9044
0.999965 1.72242e-005 -0.00831305 -5.36469 1.72242e-005 0.999991 0.0041438 -0.775627 0.00831305 -0.0041438 0.999957 78.3825
0.999854 -4.81382e-005 0.0170663 -5.30676 -4.81382e-005 0.999984 0.00564086 -0.786715 -0.0170663 -0.00564086 0.999838 78.8549
0.998885 -0.000178511 0.0472137 -5.25722 -0.000178511 0.999971 0.00755751 -0.788452 -0.0472137 -0.00755751 0.998856 79.3104
0.996884 -0.000373636 0.0788826 -5.1487 -0.000373636 0.999955 0.00945824 -0.795686 -0.0788826 -0.00945824 0.996839 79.7929
0.992919 -0.00056827 0.118793 -5.08499 -0.00056827 0.999954 0.00953333 -0.783825 -0.118793 -0.00953333 0.992873 80.2011
0.987155 -0.000823674 0.159761 -4.94646 -0.000823674 0.999947 0.0102448 -0.792114 -0.159761 -0.0102448 0.987103 80.668
0.979174 -0.00111041 0.203021 -4.77191 -0.00111041 0.999941 0.0108247 -0.802114 -0.203021 -0.0108247 0.979115 81.0791
0.967306 -0.00117356 0.25361 -4.61666 -0.00117356 0.999958 0.00910338 -0.806815 -0.25361 -0.00910338 0.967264 81.4897
0.952207 -0.00102708 0.305452 -4.38994 -0.00102708 0.999978 0.00656423 -0.811508 -0.305452 -0.00656423 0.952185 81.9003
0.931686 -0.00115621 0.363262 -4.20031 -0.00115621 0.99998 0.0061482 -0.831056 -0.363262 -0.0061482 0.931667 82.2557
0.908519 -0.000683485 0.417843 -3.92966 -0.000683485 0.999995 0.00312185 -0.808708 -0.417843 -0.00312185 0.908514 82.587
0.879576 -0.000565068 0.475758 -3.63088 -0.000565068 0.999997 0.00223241 -0.811439 -0.475758 -0.00223241 0.879573 82.9351
0.845543 -0.00132927 0.533906 -3.36786 -0.00132927 0.999989 0.00459483 -0.853112 -0.533906 -0.00459483 0.845531 83.2114
0.808955 -0.00174494 0.587867 -3.02718 -0.00174494 0.999984 0.00536938 -0.878905 -0.587867 -0.00536938 0.808939 83.5024
0.770172 -0.00187841 0.637834 -2.70611 -0.00187841 0.999985 0.00521307 -0.847357 -0.637834 -0.00521307 0.770156 83.7216
0.727383 -0.00273738 0.686227 -2.38739 -0.00273738 0.999973 0.00689047 -0.857028 -0.686227 -0.00689047 0.727355 83.9419
0.682173 -0.00335219 0.731183 -2.04838 -0.00335219 0.999965 0.00771195 -0.868555 -0.731183 -0.00771195 0.682138 84.1428
0.635943 -0.00413878 0.771725 -1.6859 -0.00413878 0.999953 0.00877336 -0.86229 -0.771725 -0.00877336 0.635896 84.3155
0.594586 -0.00692482 0.804002 -1.24712 -0.00692482 0.999882 0.0137331 -0.865266 -0.804002 -0.0137331 0.594468 84.42
0.548293 -0.00644415 0.836262 -0.944219 -0.00644415 0.999908 0.0119303 -0.874348 -0.836262 -0.0119303 0.548201 84.5492
0.499075 -0.00449521 0.866547 -0.553975 -0.00449521 0.99996 0.00777623 -0.880353 -0.866547 -0.00777623 0.499035 84.712
0.456396 -0.00375564 0.889769 -0.117907 -0.00375564 0.999974 0.00614721 -0.885749 -0.889769 -0.00614721 0.45637 84.8116
0.414685 -0.00837373 0.909926 0.279351 -0.00837373 0.99988 0.0130177 -0.891715 -0.909926 -0.0130177 0.414566 84.888
0.375352 -0.0190143 0.926687 0.679892 -0.0190143 0.999421 0.0282084 -0.888311 -0.926687 -0.0282084 0.374773 84.9561
0.340729 -0.0223979 0.939895 0.99185 -0.0223979 0.999239 0.0319317 -0.88039 -0.939895 -0.0319317 0.339968 85.0106
0.307835 -0.0205239 0.951218 1.48223 -0.0205239 0.999391 0.0282053 -0.871086 -0.951218 -0.0282053 0.307227 85.0964
0.276315 -0.0120401 0.960992 1.90333 -0.0120401 0.9998 0.0159882 -0.875243 -0.960992 -0.0159882 0.276115 85.1909
0.247789 -0.00793874 0.968781 2.28604 -0.00793874 0.999916 0.0102244 -0.896866 -0.968781 -0.0102244 0.247705 85.2758
0.222879 -0.00880595 0.974806 2.75022 -0.00880595 0.9999 0.011046 -0.904154 -0.974806 -0.011046 0.22278 85.3167
0.199542 -0.0136665 0.979794 3.15637 -0.0136665 0.999767 0.0167284 -0.909041 -0.979794 -0.0167284 0.199308 85.3491
0.179741 -0.0182116 0.983545 3.54441 -0.0182116 0.999596 0.021837 -0.898133 -0.983545 -0.021837 0.179337 85.3809
0.160841 -0.0198549 0.986781 4.00136 -0.0198549 0.99953 0.0233477 -0.883862 -0.986781 -0.0233477 0.160371 85.4025
0.142767 -0.0172594 0.989606 4.39306 -0.0172594 0.999653 0.0199245 -0.884662 -0.989606 -0.0199245 0.14242 85.4538
0.127085 -0.0157814 0.991766 4.79941 -0.0157814 0.999715 0.0179301 -0.888057 -0.991766 -0.0179301 0.1268 85.4965
0.113221 -0.0168521 0.993427 5.22866 -0.0168521 0.99968 0.0188788 -0.877202 -0.993427 -0.0188788 0.1129 85.5113
0.0995487 -0.0187462 0.994856 5.67101 -0.0187462 0.99961 0.0207116 -0.867169 -0.994856 -0.0207116 0.0991584 85.5425
0.0882353 -0.0225407 0.995845 6.09655 -0.0225407 0.999443 0.0246193 -0.869461 -0.995845 -0.0246193 0.087678 85.5552
0.0784808 -0.0255554 0.996588 6.59237 -0.0255554 0.999291 0.0276372 -0.850883 -0.996588 -0.0276372 0.0777721 85.5649
0.0701934 -0.0269583 0.997169 7.13896 -0.0269583 0.999218 0.0289114 -0.848115 -0.997169 -0.0289114 0.0694117 85.596
0.0645076 -0.0290404 0.997495 7.65665 -0.0290404 0.999099 0.0309651 -0.841821 -0.997495 -0.0309651 0.0636061 85.612
0.0587042 -0.0295748 0.997837 8.18958 -0.0295748 0.999071 0.0313513 -0.816096 -0.997837 -0.0313513 0.057775 85.6547
0.0530756 -0.0298202 0.998145 8.77298 -0.0298202 0.999061 0.0314332 -0.813274 -0.998145 -0.0314332 0.0521365 85.6715
0.0468274 -0.0305562 0.998436 9.29431 -0.0305562 0.99902 0.0320072 -0.79888 -0.998436 -0.0320072 0.0458478 85.7339
0.0451775 -0.0331692 0.998428 9.94111 -0.0331692 0.998848 0.034684 -0.779188 -0.998428 -0.034684 0.0440252 85.7246
0.0423906 -0.034219 0.998515 10.5529 -0.034219 0.998777 0.0356807 -0.760601 -0.998515 -0.0356807 0.0411679 85.7379
0.0394171 -0.0384095 0.998484 11.1892 -0.0384095 0.998464 0.039925 -0.745506 -0.998484 -0.039925 0.0378813 85.7656
0.0409776 -0.0413294 0.998305 11.8819 -0.0413294 0.998219 0.0430223 -0.704185 -0.998305 -0.0430223 0.0391965 85.7501
0.0411563 -0.0439406 0.998186 12.5462 -0.0439406 0.997986 0.0457435 -0.692668 -0.998186 -0.0457435 0.0391427 85.7906
0.0438797 -0.0445377 0.998044 13.2141 -0.0445377 0.997925 0.0464905 -0.654286 -0.998044 -0.0464905 0.0418051 85.816
0.0483987 -0.0479974 0.997674 13.947 -0.0479974 0.997579 0.0503213 -0.645213 -0.997674 -0.0503213 0.0459777 85.8486
0.0524846 -0.0472371 0.997504 14.6559 -0.0472371 0.997645 0.0497292 -0.590548 -0.997504 -0.0497292 0.0501296 85.8851
0.0565563 -0.0482736 0.997232 15.3907 -0.0482736 0.99753 0.0510258 -0.562441 -0.997232 -0.0510258 0.0540863 85.9292
0.059831 -0.0483013 0.997039 16.1455 -0.0483013 0.997519 0.051223 -0.5257 -0.997039 -0.051223 0.0573495 85.9994
0.0639808 -0.0468423 0.996851 16.8859 -0.0468423 0.997656 0.0498866 -0.468628 -0.996851 -0.0498866 0.0616366 86.0625
0.068069 -0.0453206 0.996651 17.6837 -0.0453206 0.997796 0.048468 -0.443426 -0.996651 -0.048468 0.065865 86.1111
0.0713123 -0.0422254 0.99656 18.4678 -0.0422254 0.99808 0.0453114 -0.401572 -0.99656 -0.0453114 0.0693924 86.2054
0.0758078 -0.0410678 0.996276 19.3157 -0.0410678 0.998175 0.044271 -0.379084 -0.996276 -0.044271 0.0739829 86.2549
0.0754266 -0.0346068 0.996551 20.1375 -0.0346068 0.998705 0.037301 -0.351362 -0.996551 -0.037301 0.0741313 86.3691
0.0760523 -0.0322107 0.996583 20.9417 -0.0322107 0.998877 0.0347429 -0.332195 -0.996583 -0.0347429 0.0749294 86.4154
0.0756917 -0.0314946 0.996634 21.8215 -0.0314946 0.998927 0.033959 -0.31559 -0.996634 -0.033959 0.0746185 86.4965
0.0767821 -0.0296137 0.996608 22.6414 -0.0296137 0.99905 0.0319679 -0.290968 -0.996608 -0.0319679 0.0758321 86.5381
0.0753217 -0.0293319 0.996728 23.441 -0.0293319 0.99907 0.0316173 -0.27093 -0.996728 -0.0316173 0.0743913 86.6302
0.0761275 -0.0276632 0.996714 24.2717 -0.0276632 0.999172 0.0298443 -0.246753 -0.996714 -0.0298443 0.0752992 86.6873
0.0756156 -0.026154 0.996794 25.1511 -0.026154 0.99926 0.0282027 -0.234291 -0.996794 -0.0282027 0.0748756 86.7813
0.0758718 -0.0215427 0.996885 25.971 -0.0215427 0.999498 0.0232388 -0.229843 -0.996885 -0.0232388 0.0753696 86.8399
0.0752026 -0.0196796 0.996974 26.8334 -0.0196796 0.999581 0.0212155 -0.223071 -0.996974 -0.0212155 0.0747838 86.9045
0.0724252 -0.0181492 0.997209 27.6331 -0.0181492 0.999645 0.0195116 -0.223618 -0.997209 -0.0195116 0.0720701 86.9647
0.0688336 -0.0155648 0.997507 28.4357 -0.0155648 0.99974 0.0166737 -0.222767 -0.997507 -0.0166737 0.0685735 87.0044
0.0630723 -0.0125835 0.99793 29.3089 -0.0125835 0.999831 0.0134027 -0.211163 -0.99793 -0.0134027 0.0629033 87.0784
0.0572825 -0.0113819 0.998293 30.0983 -0.0113819 0.999863 0.0120529 -0.217145 -0.998293 -0.0120529 0.0571451 87.1043
0.0494937 -0.0108979 0.998715 30.9589 -0.0108979 0.999875 0.0114506 -0.208658 -0.998715 -0.0114506 0.0493688 87.1489
0.0410302 -0.0104821 0.999103 31.8329 -0.0104821 0.999885 0.0109207 -0.218965 -0.999103 -0.0109207 0.0409156 87.1676
0.0306254 -0.00997702 0.999481 32.6534 -0.00997702 0.999897 0.0102869 -0.220697 -0.999481 -0.0102869 0.0305227 87.1924
0.0206106 -0.0117518 0.999719 33.5537 -0.0117518 0.999859 0.0119957 -0.222779 -0.999719 -0.0119957 0.0204696 87.1871
0.00967418 -0.0100741 0.999902 34.4074 -0.0100741 0.999898 0.0101715 -0.228125 -0.999902 -0.0101715 0.0095717 87.1823
-0.0016919 -0.0108716 0.999939 35.287 -0.0108716 0.999882 0.0108526 -0.231123 -0.999939 -0.0108526 -0.00180989 87.169
-0.0127049 -0.0114372 0.999854 36.1917 -0.0114372 0.999871 0.011292 -0.227546 -0.999854 -0.011292 -0.0128341 87.1374
-0.0233929 -0.0123015 0.999651 37.0097 -0.0123015 0.999852 0.0120161 -0.2383 -0.999651 -0.0120161 -0.0235408 87.0949
-0.0340826 -0.0115078 0.999353 37.8679 -0.0115078 0.999872 0.0111213 -0.241198 -0.999353 -0.0111213 -0.0342106 87.0475
-0.044336 -0.0122655 0.998941 38.7656 -0.0122655 0.999856 0.0117324 -0.247823 -0.998941 -0.0117324 -0.0444801 86.9876
-0.053781 -0.0138255 0.998457 39.5687 -0.0138255 0.999819 0.0130996 -0.24467 -0.998457 -0.0130996 -0.0539624 86.9228
-0.063109 -0.0139651 0.997909 40.3445 -0.0139651 0.999817 0.0131086 -0.266184 -0.997909 -0.0131086 -0.0632924 86.8514
-0.0726596 -0.0153295 0.997239 41.2043 -0.0153295 0.999781 0.0142517 -0.258536 -0.997239 -0.0142517 -0.0728787 86.7776
-0.0814264 -0.0159023 0.996552 42.0083 -0.0159023 0.999766 0.0146542 -0.256888 -0.996552 -0.0146542 -0.0816603 86.6998
-0.0883619 -0.0171053 0.995942 42.8134 -0.0171053 0.999731 0.0156527 -0.275561 -0.995942 -0.0156527 -0.0886307 86.5927
-0.0942289 -0.0190378 0.995369 43.5781 -0.0190378 0.999669 0.0173178 -0.269151 -0.995369 -0.0173178 -0.0945601 86.5292
-0.0972747 -0.0233219 0.994984 44.374 -0.0233219 0.999504 0.0211478 -0.26604 -0.994984 -0.0211478 -0.0977704 86.4229
-0.100037 -0.0234157 0.994708 45.1059 -0.0234157 0.999502 0.0211736 -0.271794 -0.994708 -0.0211736 -0.100535 86.3475
-0.10152 -0.0254683 0.994507 45.913 -0.0254683 0.999411 0.022994 -0.2649 -0.994507 -0.022994 -0.102109 86.2577
-0.103112 -0.0252189 0.99435 46.6759 -0.0252189 0.999423 0.0227324 -0.259443 -0.99435 -0.0227324 -0.103689 86.1858
-0.10029 -0.0257164 0.994626 47.4095 -0.0257164 0.999399 0.0232468 -0.262503 -0.994626 -0.0232468 -0.100891 86.0829
-0.0963848 -0.0281485 0.994946 48.0933 -0.0281485 0.999277 0.0255442 -0.268829 -0.994946 -0.0255442 -0.0971075 85.9925
-0.0911626 -0.0292789 0.995406 48.8072 -0.0292789 0.999214 0.0267095 -0.272481 -0.995406 -0.0267095 -0.0919482 85.9427
-0.0833332 -0.027847 0.996133 49.4627 -0.027847 0.999284 0.0256055 -0.258419 -0.996133 -0.0256055 -0.084049 85.907
-0.0719791 -0.026882 0.997044 50.131 -0.026882 0.999326 0.0250029 -0.254012 -0.997044 -0.0250029 -0.0726532 85.8729
-0.0584754 -0.0261763 0.997946 50.7364 -0.0261763 0.999353 0.0246794 -0.256993 -0.997946 -0.0246794 -0.0591227 85.8699
-0.0411776 -0.0247888 0.998844 51.3092 -0.0247888 0.99941 0.0237809 -0.250279 -0.998844 -0.0237809 -0.0417678 85.8738
-0.0198362 -0.0228795 0.999541 51.872 -0.0228795 0.999487 0.0224242 -0.257392 -0.999541 -0.0224242 -0.0203495 85.893
0.00480671 -0.0214373 0.999759 52.4028 -0.0214373 0.999538 0.0215356 -0.251255 -0.999759 -0.0215356 0.00434493 85.9358
0.0331044 -0.018879 0.999274 52.9533 -0.018879 0.999631 0.0195112 -0.250571 -0.999274 -0.0195112 0.0327358 85.9968
0.0659381 -0.0178838 0.997663 53.4495 -0.0178838 0.999658 0.0191015 -0.251358 -0.997663 -0.0191015 0.0655957 86.0811
0.103411 -0.0177397 0.994481 53.9437 -0.0177397 0.999649 0.0196766 -0.242817 -0.994481 -0.0196766 0.10306 86.1917
0.145002 -0.015485 0.98931 54.4234 -0.015485 0.99972 0.0179175 -0.2336 -0.98931 -0.0179175 0.144722 86.327
0.189638 -0.0122059 0.981778 54.9202 -0.0122059 0.999816 0.0147878 -0.227046 -0.981778 -0.0147878 0.189454 86.5044
0.237588 -0.0129591 0.97128 55.3622 -0.0129591 0.99978 0.0165093 -0.225033 -0.97128 -0.0165093 0.237367 86.6717
0.288309 -0.00947912 0.957491 55.8526 -0.00947912 0.999874 0.012753 -0.211975 -0.957491 -0.012753 0.288182 86.9149
0.342831 -0.00652538 0.939375 56.2819 -0.00652538 0.999935 0.00932755 -0.203008 -0.939375 -0.00932755 0.342766 87.1673
0.406537 -0.00485799 0.913621 56.8002 -0.00485799 0.99996 0.00747876 -0.204578 -0.913621 -0.00747876 0.406497 87.3728
0.463649 -0.00489785 0.886005 57.2238 -0.00489785 0.999955 0.00809082 -0.214733 -0.886005 -0.00809082 0.463604 87.6683
0.522052 -0.00536756 0.852897 57.6943 -0.00536756 0.99994 0.00957839 -0.220984 -0.852897 -0.00957839 0.521992 88.0913
0.57806 -0.00208956 0.815992 58.0816 -0.00208956 0.99999 0.00404101 -0.214153 -0.815992 -0.00404101 0.578049 88.4436
0.631615 -0.00165776 0.775281 58.3798 -0.00165776 0.999993 0.00348881 -0.206624 -0.775281 -0.00348881 0.631607 88.845
0.685056 -0.00229566 0.728487 58.7017 -0.00229566 0.999983 0.00531001 -0.211283 -0.728487 -0.00531001 0.685039 89.1683
0.732914 -0.00246369 0.680317 58.9205 -0.00246369 0.999977 0.00627547 -0.211309 -0.680317 -0.00627547 0.732891 89.5058
0.778231 -0.00400815 0.627965 59.0854 -0.00400815 0.999928 0.0113496 -0.213374 -0.627965 -0.0113496 0.778159 89.8952
0.8178 -0.00472375 0.575484 59.2544 -0.00472375 0.999878 0.0149201 -0.20089 -0.575484 -0.0149201 0.817677 90.2787
0.85405 -0.00629669 0.520153 59.4084 -0.00629669 0.999728 0.0224408 -0.192018 -0.520153 -0.0224408 0.853778 90.6882
0.884702 -0.00703524 0.466104 59.5313 -0.00703524 0.999571 0.0284407 -0.188351 -0.466104 -0.0284407 0.884273 91.0995
0.908535 -0.00376467 0.417791 59.6279 -0.00376467 0.999845 0.0171962 -0.198183 -0.417791 -0.0171962 0.908381 91.5883
0.928916 -0.00547189 0.37025 59.7243 -0.00547189 0.999579 0.0285011 -0.184684 -0.37025 -0.0285011 0.928495 92.0132
0.943992 -0.00459912 0.329936 59.8232 -0.00459912 0.999622 0.0270929 -0.193344 -0.329936 -0.0270929 0.943614 92.456
0.955139 -0.00324249 0.29614 59.8645 -0.00324249 0.999766 0.0214046 -0.188667 -0.29614 -0.0214046 0.954905 92.9519
0.964291 -0.00300166 0.26483 59.9477 -0.00300166 0.999748 0.022261 -0.166338 -0.26483 -0.022261 0.964038 93.4453
0.970143 -0.00285016 0.242518 60.0367 -0.00285016 0.999728 0.0231506 -0.169249 -0.242518 -0.0231506 0.969871 93.9132
0.973958 -0.00269933 0.226712 60.1479 -0.00269933 0.99972 0.0234994 -0.171523 -0.226712 -0.0234994 0.973678 94.3838
0.976736 -0.0024068 0.214433 60.2114 -0.0024068 0.999751 0.0221842 -0.158196 -0.214433 -0.0221842 0.976487 94.9098
0.978765 -0.00216415 0.204975 60.2892 -0.00216415 0.999779 0.0208897 -0.149135 -0.204975 -0.0208897 0.978544 95.3798
0.980074 -0.0017996 0.198627 60.3838 -0.0017996 0.999837 0.0179385 -0.138337 -0.198627 -0.0179385 0.979911 95.932
0.980532 -0.00133538 0.196354 60.4676 -0.00133538 0.999908 0.0134688 -0.136138 -0.196354 -0.0134688 0.980441 96.5038
0.980626 -0.00104323 0.195887 60.5603 -0.00104323 0.999944 0.0105479 -0.142972 -0.195887 -0.0105479 0.98057 97.0207
0.980129 -0.000777777 0.19836 60.6718 -0.000777777 0.99997 0.00776403 -0.147823 -0.19836 -0.00776403 0.980098 97.6154
0.979373 -0.000222598 0.20206 60.8024 -0.000222598 0.999998 0.00218055 -0.146487 -0.20206 -0.00218055 0.979371 98.1557
0.978288 0.000274927 0.207248 60.9146 0.000274927 0.999997 -0.00262431 -0.148174 -0.207248 0.00262431 0.978285 98.6989
0.977466 0.00026468 0.211095 61.0144 0.00026468 0.999997 -0.00247943 -0.172509 -0.211095 0.00247943 0.977462 99.1939
0.976265 -7.81625e-005 0.216579 61.1345 -7.81625e-005 1 0.000713225 -0.16629 -0.216579 -0.000713225 0.976265 99.7461
0.975125 -0.000622316 0.221656 61.252 -0.000622316 0.999984 0.00554527 -0.16271 -0.221656 -0.00554527 0.975109 100.283
0.974317 -0.00137598 0.225177 61.3812 -0.00137598 0.999926 0.0120639 -0.162672 -0.225177 -0.0120639 0.974243 100.802
0.973476 -0.00197772 0.228778 61.52 -0.00197772 0.999853 0.0170588 -0.15562 -0.228778 -0.0170588 0.973329 101.389
0.972946 -0.00223068 0.23102 61.6705 -0.00223068 0.999816 0.0190486 -0.148157 -0.23102 -0.0190486 0.972762 102
0.972655 -0.00193937 0.232245 61.8823 -0.00193937 0.999862 0.0164716 -0.135931 -0.232245 -0.0164716 0.972518 102.825
0.972827 -0.00121938 0.231531 62.0186 -0.00121938 0.999945 0.0103898 -0.142428 -0.231531 -0.0103898 0.972772 103.418
0.973106 -0.000461933 0.230359 62.1885 -0.000461933 0.999992 0.0039566 -0.146621 -0.230359 -0.0039566 0.973098 104.122
0.973533 8.66702e-005 0.228548 62.3453 8.66702e-005 1 -0.000748403 -0.15141 -0.228548 0.000748403 0.973532 104.854
0.974157 -0.000456545 0.225872 62.4783 -0.000456545 0.999992 0.00399025 -0.157508 -0.225872 -0.00399025 0.974149 105.497
0.974511 -0.00131729 0.224337 62.6088 -0.00131729 0.999932 0.0115938 -0.149695 -0.224337 -0.0115938 0.974443 106.087
0.975101 -0.0018865 0.221754 62.7751 -0.0018865 0.999857 0.0168013 -0.143414 -0.221754 -0.0168013 0.974958 106.846
0.97561 -0.00177418 0.219506 62.9284 -0.00177418 0.999871 0.0159671 -0.137977 -0.219506 -0.0159671 0.975481 107.559
0.976003 -0.00109743 0.217755 63.0705 -0.00109743 0.99995 0.00995827 -0.125936 -0.217755 -0.00995827 0.975953 108.278
0.97686 -0.000544363 0.213877 63.228 -0.000544363 0.999987 0.0050315 -0.137849 -0.213877 -0.0050315 0.976848 109.07
0.977717 -0.000251096 0.209927 63.3998 -0.000251096 0.999997 0.00236557 -0.141926 -0.209927 -0.00236557 0.977714 109.849
0.978513 -0.00042651 0.206187 63.5355 -0.00042651 0.999992 0.00409265 -0.147496 -0.206187 -0.00409265 0.978504 110.54
0.979232 -0.000698611 0.20274 63.6904 -0.000698611 0.999976 0.00682007 -0.150377 -0.20274 -0.00682007 0.979209 111.33
0.979513 -0.000949041 0.201378 63.8264 -0.000949041 0.999956 0.00932874 -0.147542 -0.201378 -0.00932874 0.979469 112.03
0.980036 -0.00125769 0.198816 64.0012 -0.00125769 0.999921 0.012525 -0.142554 -0.198816 -0.012525 0.979957 112.773
0.980053 -0.00147065 0.19873 64.1587 -0.00147065 0.999892 0.0146521 -0.138767 -0.19873 -0.0146521 0.979945 113.593
0.980367 -0.00163374 0.197177 64.317 -0.00163374 0.999864 0.0164075 -0.139018 -0.197177 -0.0164075 0.980231 114.337
0.979949 -0.00126018 0.199245 64.464 -0.00126018 0.999921 0.0125223 -0.122288 -0.199245 -0.0125223 0.97987 115.181
0.979816 -0.000836685 0.199901 64.6037 -0.000836685 0.999965 0.00828638 -0.11625 -0.199901 -0.00828638 0.979781 115.993
0.979675 -0.000534769 0.200588 64.7546 -0.000534769 0.999986 0.00527779 -0.124107 -0.200588 -0.00527779 0.979661 116.757
0.979071 -0.000478397 0.203516 64.9183 -0.000478397 0.999989 0.00465209 -0.130046 -0.203516 -0.00465209 0.979061 117.588
0.978513 -0.000580228 0.206183 65.101 -0.000580228 0.999984 0.00556776 -0.122269 -0.206183 -0.00556776 0.978498 118.424
0.978105 -0.000543527 0.208113 65.2815 -0.000543527 0.999987 0.00516616 -0.128743 -0.208113 -0.00516616 0.978091 119.247
0.977483 -0.000283991 0.211014 65.4624 -0.000283991 0.999996 0.00266137 -0.136003 -0.211014 -0.00266137 0.977479 120.118
0.977485 -0.000565564 0.211005 65.6684 -0.000565564 0.999986 0.00530027 -0.138069 -0.211005 -0.00530027 0.977471 120.946
0.977124 -0.000518362 0.212667 65.8286 -0.000518362 0.999988 0.00481907 -0.141607 -0.212667 -0.00481907 0.977113 121.771
0.976247 -0.000329207 0.216659 65.9774 -0.000329207 0.999995 0.00300284 -0.143824 -0.216659 -0.00300284 0.976243 122.588
0.976211 -0.000654741 0.21682 66.1917 -0.000654741 0.999982 0.0059676 -0.148301 -0.21682 -0.0059676 0.976193 123.441
0.976005 -0.00123053 0.217746 66.3544 -0.00123053 0.999937 0.0111664 -0.146046 -0.217746 -0.0111664 0.975942 124.228
0.975737 -0.00154327 0.218942 66.5493 -0.00154327 0.999902 0.0139258 -0.1408 -0.218942 -0.0139258 0.975638 125.144
0.975264 -0.000880289 0.221043 66.7123 -0.000880289 0.999969 0.00786624 -0.132245 -0.221043 -0.00786624 0.975232 125.96
0.975334 0.000446372 0.220733 66.9087 0.000446372 0.999992 -0.00399457 -0.154014 -0.220733 0.00399457 0.975326 126.76
0.975258 0.0014237 0.221065 67.1114 0.0014237 0.999918 -0.0127205 -0.183225 -0.221065 0.0127205 0.975176 127.692
0.975418 0.000388724 0.220363 67.279 0.000388724 0.999994 -0.00348466 -0.212191 -0.220363 0.00348466 0.975412 128.478
0.975945 -0.00193006 0.218007 67.4589 -0.00193006 0.999845 0.0174921 -0.199245 -0.218007 -0.0174921 0.975791 129.176
0.975998 -0.00348033 0.217753 67.6065 -0.00348033 0.999495 0.0315742 -0.159261 -0.217753 -0.0315742 0.975493 129.983
0.976106 -0.00281386 0.217275 67.7884 -0.00281386 0.999669 0.0255876 -0.140747 -0.217275 -0.0255876 0.975775 130.836
0.97619 -0.000929456 0.216917 67.9447 -0.000929456 0.999964 0.00846753 -0.136767 -0.216917 -0.00846753 0.976153 131.711
0.976364 -0.000102669 0.216134 68.145 -0.000102669 1 0.000938823 -0.171066 -0.216134 -0.000938823 0.976363 132.589
0.976571 -2.94015e-005 0.215194 68.3255 -2.94015e-005 1 0.000270055 -0.152592 -0.215194 -0.000270055 0.976571 133.364
0.976995 -0.000219734 0.213264 68.4905 -0.000219734 0.999998 0.00203697 -0.191128 -0.213264 -0.00203697 0.976993 134.247
0.977582 1.42339e-006 0.210557 68.6464 1.42339e-006 1 -1.33687e-005 -0.170844 -0.210557 1.33687e-005 0.977582 135.028
0.978782 0.00015691 0.204906 68.8201 0.00015691 0.999999 -0.00151528 -0.184706 -0.204906 0.00151528 0.978781 135.82
0.979175 0.000280415 0.20302 68.9433 0.000280415 0.999996 -0.00273366 -0.214717 -0.20302 0.00273366 0.979171 136.639
0.979562 0.000518672 0.201143 69.0916 0.000518672 0.999987 -0.00510451 -0.211295 -0.201143 0.00510451 0.979549 137.45
0.979903 0.000209233 0.199473 69.2402 0.000209233 0.999998 -0.00207678 -0.234411 -0.199473 0.00207678 0.979901 138.189
0.980213 -0.00018359 0.197947 69.3984 -0.00018359 0.999998 0.00183659 -0.234244 -0.197947 -0.00183659 0.980211 139.02
0.980681 -0.000254547 0.195615 69.5734 -0.000254547 0.999997 0.00257739 -0.239305 -0.195615 -0.00257739 0.980677 139.863
0.981064 6.25452e-006 0.193686 69.7057 6.25452e-006 1 -6.39727e-005 -0.246163 -0.193686 6.39727e-005 0.981064 140.61
0.982019 0.000280508 0.188782 69.8875 0.000280508 0.999996 -0.00294504 -0.265256 -0.188782 0.00294504 0.982015 141.512
0.983241 0.000326509 0.182308 70.0287 0.000326509 0.999994 -0.00355192 -0.281783 -0.182308 0.00355192 0.983235 142.332
0.984425 -0.000202827 0.175807 70.1232 -0.000202827 0.999997 0.0022894 -0.298748 -0.175807 -0.0022894 0.984422 142.992
0.985413 -0.000889307 0.170179 70.2371 -0.000889307 0.999946 0.0103749 -0.299657 -0.170179 -0.0103749 0.985358 143.753
0.986047 -0.00163318 0.166459 70.3494 -0.00163318 0.999809 0.0194839 -0.280652 -0.166459 -0.0194839 0.985856 144.512
0.986877 -0.00168505 0.161462 70.4752 -0.00168505 0.999784 0.0207332 -0.262167 -0.161462 -0.0207332 0.986661 145.265
0.987445 -0.00123898 0.157957 70.5652 -0.00123898 0.999878 0.0155882 -0.258419 -0.157957 -0.0155882 0.987323 146.063
0.988588 -0.000425791 0.150643 70.6724 -0.000425791 0.999984 0.0056207 -0.268489 -0.150643 -0.0056207 0.988572 146.834
0.989542 -6.73454e-005 0.144246 70.7914 -6.73454e-005 1 0.000928876 -0.284947 -0.144246 -0.000928876 0.989541 147.657
0.99039 -0.00010001 0.138303 70.8738 -0.00010001 0.999999 0.0014393 -0.298232 -0.138303 -0.0014393 0.990389 148.467
0.991448 -0.000251206 0.130502 70.9571 -0.000251206 0.999993 0.00383336 -0.304321 -0.130502 -0.00383336 0.991441 149.247
0.992459 -8.17775e-005 0.122578 71.0212 -8.17775e-005 0.999999 0.00132927 -0.30251 -0.122578 -0.00132927 0.992458 149.961
0.993672 0.000283202 0.112317 71.0984 0.000283202 0.999987 -0.0050269 -0.308324 -0.112317 0.0050269 0.99366 150.748
0.994528 0.000379318 0.104471 71.1457 0.000379318 0.999974 -0.00724175 -0.333699 -0.104471 0.00724175 0.994502 151.517
0.995387 0.00022407 0.0959367 71.2109 0.00022407 0.999989 -0.00466041 -0.350477 -0.0959367 0.00466041 0.995377 152.298
0.996089 -7.48352e-005 0.0883574 71.2542 -7.48352e-005 0.999999 0.00169061 -0.355327 -0.0883574 -0.00169061 0.996087 153.045
0.996832 -0.000273959 0.0795351 71.298 -0.000273959 0.999976 0.00687802 -0.35132 -0.0795351 -0.00687802 0.996808 153.832
0.997357 -0.000364373 0.0726573 71.3225 -0.000364373 0.99995 0.0100164 -0.353589 -0.0726573 -0.0100164 0.997307 154.572
0.99782 -0.000386116 0.0659989 71.3646 -0.000386116 0.999932 0.0116875 -0.349497 -0.0659989 -0.0116875 0.997751 155.456
0.998073 -0.000308741 0.062048 71.4058 -0.000308741 0.999951 0.00994187 -0.355455 -0.062048 -0.00994187 0.998024 156.284
0.998344 -0.000118847 0.0575322 71.4372 -0.000118847 0.999991 0.00412804 -0.365557 -0.0575322 -0.00412804 0.998335 157.13
0.998531 8.68558e-005 0.0541854 71.4546 8.68558e-005 0.999995 -0.00320351 -0.378122 -0.0541854 0.00320351 0.998526 157.99
0.998658 0.000147082 0.0517878 71.4623 0.000147082 0.999984 -0.00567632 -0.399346 -0.0517878 0.00567632 0.998642 158.778
0.998857 -4.34489e-006 0.0477902 71.514 -4.34489e-006 1 0.000181728 -0.408341 -0.0477902 -0.000181728 0.998857 159.598
0.998961 -0.000235488 0.0455677 71.5323 -0.000235488 0.999947 0.0103301 -0.407601 -0.0455677 -0.0103301 0.998908 160.403
0.999106 -0.000365861 0.0422729 71.5458 -0.000365861 0.99985 0.0173005 -0.393592 -0.0422729 -0.0173005 0.998956 161.192
0.999084 -0.000292868 0.04279 71.4557 -0.000292868 0.999906 0.0136817 -0.447319 -0.04279 -0.0136817 0.99899 162.089
0.999422 -6.91046e-005 0.0339991 71.5775 -6.91046e-005 0.999992 0.00406389 -0.413189 -0.0339991 -0.00406389 0.999414 162.941
0.999626 1.38498e-005 0.0273564 71.5756 1.38498e-005 0.999999 -0.00101235 -0.443086 -0.0273564 0.00101235 0.999625 163.788
0.999789 -1.79309e-006 0.0205346 71.5763 -1.79309e-006 1 0.000174622 -0.46202 -0.0205346 -0.000174622 0.999789 164.681
0.999919 -3.95045e-005 0.0127664 71.5711 -3.95045e-005 0.999981 0.0061885 -0.460912 -0.0127664 -0.0061885 0.999899 165.467
0.999987 -2.3027e-005 0.00514274 71.5663 -2.3027e-005 0.99996 0.00895493 -0.448677 -0.00514274 -0.00895493 0.999947 166.281
1 4.32587e-006 -0.000642049 71.5536 4.32587e-006 0.999909 0.0134746 -0.448542 0.000642049 -0.0134746 0.999909 167.118
0.999977 4.31734e-005 -0.00676711 71.5378 4.31734e-005 0.999919 0.0127591 -0.442382 0.00676711 -0.0127591 0.999896 168.02
0.99991 4.02688e-005 -0.0134235 71.5282 4.02688e-005 0.999982 0.00599942 -0.453271 0.0134235 -0.00599942 0.999892 168.888
0.999794 -4.39923e-005 -0.0203125 71.493 -4.39923e-005 0.999991 -0.00433108 -0.472714 0.0203125 0.00433108 0.999784 169.748
0.999647 -0.000115861 -0.0265746 71.4669 -0.000115861 0.999962 -0.00871794 -0.49632 0.0265746 0.00871794 0.999609 170.577
0.999435 -2.12595e-005 -0.0336006 71.444 -2.12595e-005 0.999999 -0.00126507 -0.51773 0.0336006 0.00126507 0.999435 171.397
0.999253 0.000236521 -0.038635 71.3779 0.000236521 0.999925 0.0122389 -0.505561 0.038635 -0.0122389 0.999178 172.164
0.999078 0.000430055 -0.0429349 71.3276 0.000430055 0.999799 0.0200216 -0.488423 0.0429349 -0.0200216 0.998877 172.88
0.998893 0.000400284 -0.0470291 71.289 0.000400284 0.999855 0.0170122 -0.479201 0.0470291 -0.0170122 0.998749 173.645
0.998812 0.000149555 -0.0487381 71.2253 0.000149555 0.999981 0.0061334 -0.483539 0.0487381 -0.0061334 0.998793 174.564
0.998694 -6.67915e-005 -0.0510958 71.1553 -6.67915e-005 0.999997 -0.00261265 -0.50435 0.0510958 0.00261265 0.99869 175.368
0.998583 -0.000165216 -0.053221 71.0964 -0.000165216 0.999981 -0.00620421 -0.531506 0.053221 0.00620421 0.998563 176.283
0.998443 -5.30268e-005 -0.0557877 71.0557 -5.30268e-005 0.999998 -0.00189954 -0.543806 0.0557877 0.00189954 0.998441 177.122
0.998432 0.000196134 -0.0559819 71.0089 0.000196134 0.999975 0.00700149 -0.542693 0.0559819 -0.00700149 0.998407 177.91
0.99843 0.000348939 -0.0560167 70.951 0.000348939 0.999922 0.0124481 -0.530651 0.0560167 -0.0124481 0.998352 178.724
0.99835 0.000335531 -0.0574184 70.9026 0.000335531 0.999932 0.0116772 -0.529065 0.0574184 -0.0116772 0.998282 179.541
0.99825 6.55701e-005 -0.0591327 70.8386 6.55701e-005 0.999998 0.00221578 -0.536297 0.0591327 -0.00221578 0.998248 180.472
0.998103 -0.000302962 -0.0615672 70.7971 -0.000302962 0.999952 -0.00983209 -0.567542 0.0615672 0.00983209 0.998055 181.359
0.997917 -0.000467389 -0.0645101 70.7633 -0.000467389 0.999895 -0.0144746 -0.600286 0.0645101 0.0144746 0.997812 182.184
0.997868 -0.000332023 -0.0652684 70.6933 -0.000332023 0.999948 -0.010163 -0.621362 0.0652684 0.010163 0.997816 183.098
0.997793 4.1866e-005 -0.0664014 70.6339 4.1866e-005 0.999999 0.00125961 -0.628289 0.0664014 -0.00125961 0.997792 183.774
0.997661 0.000163847 -0.0683526 70.5838 0.000163847 0.999989 0.00478854 -0.629711 0.0683526 -0.00478854 0.99765 184.564
0.997677 3.13634e-005 -0.0681277 70.5191 3.13634e-005 1 0.000919654 -0.628846 0.0681277 -0.000919654 0.997676 185.41
0.997627 -0.000190427 -0.0688454 70.4532 -0.000190427 0.999985 -0.00552543 -0.646135 0.0688454 0.00552543 0.997612 186.309
0.997577 -0.000180519 -0.0695651 70.4088 -0.000180519 0.999987 -0.0051836 -0.68392 0.0695651 0.0051836 0.997564 187.181
0.997718 -5.23815e-005 -0.0675237 70.2451 -5.23815e-005 0.999999 -0.00154973 -0.717726 0.0675237 0.00154973 0.997716 188.093
0.997523 5.4941e-005 -0.07034 70.2322 5.4941e-005 0.999999 0.00156022 -0.718848 0.07034 -0.00156022 0.997522 188.868
0.997558 0.000171077 -0.0698467 70.1579 0.000171077 0.999988 0.00489262 -0.720141 0.0698467 -0.00489262 0.997546 189.798
0.997552 0.000151643 -0.0699221 70.0733 0.000151643 0.999991 0.00433216 -0.726344 0.0699221 -0.00433216 0.997543 190.646
0.997498 2.06276e-005 -0.070692 70.0217 2.06276e-005 1 0.000582859 -0.74304 0.070692 -0.000582859 0.997498 191.498
0.997433 -0.000166932 -0.0716063 69.959 -0.000166932 0.999989 -0.00465649 -0.765897 0.0716063 0.00465649 0.997422 192.321
0.997321 -0.00015925 -0.0731464 69.8864 -0.00015925 0.999991 -0.00434844 -0.77993 0.0731464 0.00434844 0.997312 193.177
0.997184 0.000211692 -0.0749945 69.8246 0.000211692 0.999984 0.00563755 -0.797476 0.0749945 -0.00563755 0.997168 193.897
0.997035 0.00054534 -0.0769481 69.7629 0.00054534 0.9999 0.0141525 -0.784293 0.0769481 -0.0141525 0.996935 194.66
0.997005 0.000603592 -0.077333 69.6984 0.000603592 0.999878 0.0155859 -0.778823 0.077333 -0.0155859 0.996883 195.527
0.997089 0.000344296 -0.0762432 69.6031 0.000344296 0.999959 0.00901818 -0.7902 0.0762432 -0.00901818 0.997048 196.348
0.997057 0.000151908 -0.0766676 69.5642 0.000151908 0.999992 0.00395693 -0.801328 0.0766676 -0.00395693 0.997049 197.06
0.99711 -7.25998e-005 -0.0759722 69.4911 -7.25998e-005 0.999998 -0.00190846 -0.8246 0.0759722 0.00190846 0.997108 197.894
0.997207 -0.000205842 -0.0746808 69.4562 -0.000205842 0.999985 -0.00550483 -0.848986 0.0746808 0.00550483 0.997192 198.622
0.997321 -0.000382303 -0.0731449 69.4193 -0.000382303 0.999945 -0.010439 -0.866128 0.0731449 0.010439 0.997267 199.218
0.997689 -0.000404826 -0.0679389 69.3699 -0.000404826 0.999929 -0.0119032 -0.878275 0.0679389 0.0119032 0.997618 199.901
0.998031 -0.000215114 -0.062721 69.3243 -0.000215114 0.999976 -0.00685256 -0.88859 0.062721 0.00685256 0.998008 200.525
0.99839 8.04934e-005 -0.0567174 69.3026 8.04934e-005 0.999996 0.00283611 -0.901538 0.0567174 -0.00283611 0.998386 201.1
0.998677 0.000194874 -0.051421 69.273 0.000194874 0.999971 0.00757441 -0.897968 0.051421 -0.00757441 0.998648 201.76
0.998986 0.000143029 -0.0450167 69.2459 0.000143029 0.99998 0.00635121 -0.902037 0.0450167 -0.00635121 0.998966 202.333
0.999282 -2.92964e-005 -0.0379004 69.2278 -2.92964e-005 0.999999 -0.00154541 -0.919456 0.0379004 0.00154541 0.99928 203.026
0.99953 -0.000157333 -0.0306642 69.2214 -0.000157333 0.999947 -0.010259 -0.942183 0.0306642 0.010259 0.999477 203.733
0.999726 -0.000179351 -0.0234112 69.2077 -0.000179351 0.999883 -0.0153189 -0.961464 0.0234112 0.0153189 0.999609 204.373
0.999877 -0.000109983 -0.0157125 69.2053 -0.000109983 0.999902 -0.0139978 -0.979238 0.0157125 0.0139978 0.999779 204.94
0.999946 -4.46036e-005 -0.0103459 69.214 -4.46036e-005 0.999963 -0.00862206 -0.990217 0.0103459 0.00862206 0.999909 205.521
0.999993 -4.79329e-006 -0.00383491 69.2244 -4.79329e-006 0.999997 -0.00249981 -0.998001 0.00383491 0.00249981 0.99999 206.065
0.999999 8.32211e-007 0.00162628 69.2446 8.32211e-007 0.999999 -0.00102345 -1.00814 -0.00162628 0.00102345 0.999998 206.673
0.999986 8.1666e-008 0.00526555 69.2503 8.1666e-008 1 -3.10188e-005 -1.01362 -0.00526555 3.10188e-005 0.999986 207.312
0.999974 -5.57137e-006 0.00719529 69.2455 -5.57137e-006 0.999999 0.0015486 -1.02313 -0.00719529 -0.0015486 0.999973 207.945
0.99998 -1.13395e-005 0.00637905 69.2528 -1.13395e-005 0.999994 0.0035552 -1.02512 -0.00637905 -0.0035552 0.999973 208.565
0.999985 -1.76712e-005 0.00547867 69.2526 -1.76712e-005 0.999979 0.00645078 -1.03372 -0.00547867 -0.00645078 0.999964 209.204
0.999982 -2.44044e-005 0.00596604 69.2499 -2.44044e-005 0.999967 0.0081809 -1.0357 -0.00596604 -0.0081809 0.999949 209.859
0.999985 -9.26343e-006 0.00550815 69.2398 -9.26343e-006 0.999994 0.0033635 -1.04068 -0.00550815 -0.0033635 0.999979 210.508
0.999987 1.38946e-005 0.0050029 69.2223 1.38946e-005 0.999985 -0.00555454 -1.05171 -0.0050029 0.00555454 0.999972 211.192
0.999995 2.1958e-005 0.00312089 69.2243 2.1958e-005 0.999901 -0.0140709 -1.07744 -0.00312089 0.0140709 0.999896 211.846
1 -4.31133e-006 -0.000463535 69.2261 -4.31133e-006 0.999827 -0.0186003 -1.09431 0.000463535 0.0186003 0.999827 212.434
0.999992 -2.59515e-005 -0.00403339 69.2111 -2.59515e-005 0.999917 -0.0128678 -1.10723 0.00403339 0.0128678 0.999909 213.061
0.999965 -2.72187e-006 -0.00834194 69.1915 -2.72187e-006 1 -0.000652563 -1.10701 0.00834194 0.000652563 0.999965 213.539
0.999919 8.6356e-005 -0.0127634 69.1852 8.6356e-005 0.999908 0.0135307 -1.10062 0.0127634 -0.0135307 0.999827 214.103
0.999852 0.000196988 -0.0171802 69.1723 0.000196988 0.999737 0.0229273 -1.09 0.0171802 -0.0229273 0.99959 214.813
0.999806 0.000206428 -0.0197101 69.1499 0.000206428 0.999781 0.0209422 -1.07689 0.0197101 -0.0209422 0.999586 215.487
0.999759 0.000167021 -0.0219648 69.1178 0.000167021 0.999884 0.0152053 -1.08292 0.0219648 -0.0152053 0.999643 216.21
0.999663 8.06949e-005 -0.0259529 69.0914 8.06949e-005 0.999981 0.00621746 -1.08888 0.0259529 -0.00621746 0.999644 216.97
0.999603 1.3631e-005 -0.0281624 69.0768 1.3631e-005 1 0.000967836 -1.09282 0.0281624 -0.000967836 0.999603 217.698
0.99957 8.14143e-005 -0.0293322 69.0601 8.14143e-005 0.999985 0.00554994 -1.09826 0.0293322 -0.00554994 0.999554 218.44
0.999541 0.000134542 -0.0303102 69.0352 0.000134542 0.999961 0.00887547 -1.08703 0.0303102 -0.00887547 0.999501 219.165
0.999474 0.000196111 -0.0324381 69.0221 0.000196111 0.999927 0.0120878 -1.09264 0.0324381 -0.0120878 0.999401 219.864
0.999405 0.000147815 -0.0345012 69.0195 0.000147815 0.999963 0.00856596 -1.09671 0.0345012 -0.00856596 0.999368 220.585
0.999431 6.36314e-005 -0.0337356 68.9666 6.36314e-005 0.999993 0.00377127 -1.10198 0.0337356 -0.00377127 0.999424 221.346
0.999375 4.05227e-005 -0.0353457 68.9596 4.05227e-005 0.999997 0.00229222 -1.11822 0.0353457 -0.00229222 0.999373 222.058
0.999337 9.06882e-005 -0.0364097 68.938 9.06882e-005 0.999988 0.00497986 -1.12008 0.0364097 -0.00497986 0.999325 222.751
0.999347 0.000171281 -0.0361456 68.8926 0.000171281 0.999955 0.00947397 -1.11749 0.0361456 -0.00947397 0.999302 223.481
0.999328 0.000226845 -0.0366538 68.862 0.000226845 0.999923 0.0123731 -1.1225 0.0366538 -0.0123731 0.999251 224.121
0.9993 0.000181996 -0.0374189 68.8471 0.000181996 0.999953 0.00972386 -1.12567 0.0374189 -0.00972386 0.999252 224.892
0.999329 4.5547e-005 -0.0366279 68.8059 4.5547e-005 0.999997 0.00248617 -1.1274 0.0366279 -0.00248617 0.999326 225.631
0.999314 -0.000129455 -0.0370234 68.7877 -0.000129455 0.999976 -0.00699065 -1.15502 0.0370234 0.00699065 0.99929 226.402
0.999304 -0.000229682 -0.0373135 68.7743 -0.000229682 0.999924 -0.0123062 -1.17925 0.0373135 0.0123062 0.999228 227.106
0.999338 -0.000192387 -0.0363926 68.7343 -0.000192387 0.999944 -0.010569 -1.19874 0.0363926 0.010569 0.999282 227.724
0.999233 -0.000107874 -0.039153 68.7638 -0.000107874 0.999985 -0.00550821 -1.18824 0.039153 0.00550821 0.999218 228.346
0.999283 5.53093e-005 -0.0378495 68.7102 5.53093e-005 0.999996 0.00292154 -1.20566 0.0378495 -0.00292154 0.999279 228.934
0.999223 0.00014159 -0.0394189 68.7035 0.00014159 0.999974 0.00718097 -1.2021 0.0394189 -0.00718097 0.999197 229.514
0.999162 0.000213921 -0.0409321 68.6911 0.000213921 0.999945 0.0104478 -1.20763 0.0409321 -0.0104478 0.999107 230.119
0.99913 0.000278205 -0.0416987 68.6217 0.000278205 0.999911 0.0133372 -1.21129 0.0416987 -0.0133372 0.999041 230.74
0.998791 0.000300342 -0.0491565 68.641 0.000300342 0.999925 0.012212 -1.20731 0.0491565 -0.012212 0.998716 231.421
0.998404 0.000298227 -0.0564738 68.592 0.000298227 0.999944 0.0105529 -1.21688 0.0564738 -0.0105529 0.998348 231.963
0.997742 0.000223348 -0.0671692 68.536 0.000223348 0.999978 0.00664273 -1.22667 0.0671692 -0.00664273 0.997719 232.548
0.996635 0.000133617 -0.0819614 68.479 0.000133617 0.999995 0.00325498 -1.24134 0.0819614 -0.00325498 0.99663 233.148
0.994926 5.0623e-005 -0.100605 68.391 5.0623e-005 0.999999 0.00100382 -1.23727 0.100605 -0.00100382 0.994926 233.635
0.992438 0.000131412 -0.122748 68.3146 0.000131412 0.999998 0.00213308 -1.24861 0.122748 -0.00213308 0.992436 234.108
0.989082 0.000400728 -0.147369 68.2098 0.000400728 0.999985 0.00540871 -1.25154 0.147369 -0.00540871 0.989067 234.575
0.984597 0.000759563 -0.174838 68.0867 0.000759563 0.999963 0.00862169 -1.24487 0.174838 -0.00862169 0.984559 234.998
0.978395 0.000957006 -0.206743 67.9637 0.000957006 0.999958 0.00915771 -1.25715 0.206743 -0.00915771 0.978352 235.418
0.970147 0.000852871 -0.242516 67.8034 0.000852871 0.999976 0.00692844 -1.25571 0.242516 -0.00692844 0.970123 235.859
0.959341 0.000744652 -0.282248 67.6395 0.000744652 0.999986 0.00516928 -1.26276 0.282248 -0.00516928 0.959328 236.219
0.945948 0.000651141 -0.324319 67.4181 0.000651141 0.999992 0.0039069 -1.2714 0.324319 -0.0039069 0.94594 236.652
0.929232 0.00113632 -0.369495 67.2465 0.00113632 0.999982 0.00593296 -1.26704 0.369495 -0.00593296 0.929214 236.946
0.909675 0.00197825 -0.415317 67.03 0.00197825 0.999957 0.009096 -1.26331 0.415317 -0.009096 0.909631 237.244
0.899991 0.00385651 -0.435891 66.5949 0.00385651 0.999851 0.0168087 -1.2776 0.435891 -0.0168087 0.899842 237.47
0.865585 0.00668564 -0.500718 66.4676 0.00668564 0.999667 0.024905 -1.26548 0.500718 -0.024905 0.865252 237.764
0.836785 0.00895982 -0.547458 66.2193 0.00895982 0.999508 0.0300532 -1.25684 0.547458 -0.0300532 0.836293 238.01
0.807362 0.0121546 -0.589931 65.8926 0.0121546 0.999233 0.0372221 -1.25103 0.589931 -0.0372221 0.806595 238.227
0.769593 0.015932 -0.638336 65.6321 0.015932 0.998898 0.044139 -1.23276 0.638336 -0.044139 0.768491 238.511
0.732219 0.0226763 -0.680691 65.3099 0.0226763 0.99808 0.0576425 -1.22306 0.680691 -0.0576425 0.730299 238.695
0.694186 0.0293321 -0.719197 64.9503 0.0293321 0.997187 0.0689819 -1.19226 0.719197 -0.0689819 0.691373 238.911
0.653408 0.0360103 -0.756149 64.5315 0.0360103 0.996259 0.0785625 -1.16866 0.756149 -0.0785625 0.649667 239.131
0.610097 0.0401531 -0.791308 64.121 0.0401531 0.995865 0.0814907 -1.13118 0.791308 -0.0814907 0.605962 239.325
0.563832 0.0438531 -0.824725 63.6824 0.0438531 0.995591 0.0829192 -1.09 0.824725 -0.0829192 0.559423 239.536
0.515573 0.04533 -0.855646 63.2253 0.04533 0.995758 0.0800666 -1.04976 0.855646 -0.0800666 0.511332 239.71
0.466008 0.0450508 -0.883633 62.7538 0.0450508 0.996199 0.0745486 -1.03775 0.883633 -0.0745486 0.462207 239.825
0.412659 0.0424896 -0.909894 62.2398 0.0424896 0.996926 0.0658239 -1.01498 0.909894 -0.0658239 0.409586 239.96
0.360126 0.0432165 -0.931902 61.7203 0.0432165 0.997081 0.0629398 -0.996285 0.931902 -0.0629398 0.357207 240.044
0.309624 0.0469945 -0.949697 61.2554 0.0469945 0.996801 0.0646467 -0.975004 0.949697 -0.0646467 0.306425 240.121
0.262082 0.0514942 -0.963671 60.7526 0.0514942 0.996407 0.067248 -0.944435 0.963671 -0.067248 0.258489 240.13
0.215701 0.0541893 -0.974955 60.2271 0.0541893 0.996256 0.0673621 -0.928118 0.974955 -0.0673621 0.211957 240.171
0.174002 0.0578375 -0.983045 59.754 0.0578375 0.99595 0.0688342 -0.911375 0.983045 -0.0688342 0.169953 240.153
0.133775 0.0593007 -0.989236 59.1485 0.0593007 0.99594 0.0677218 -0.891963 0.989236 -0.0677218 0.129715 240.153
0.099404 0.0624469 -0.993086 58.5741 0.0624469 0.99567 0.0688601 -0.856052 0.993086 -0.0688601 0.095074 240.124
0.0708778 0.0654742 -0.995334 58.114 0.0654742 0.995386 0.0701401 -0.842582 0.995334 -0.0701401 0.0662639 240.192
0.0461975 0.0683034 -0.996594 57.4709 0.0683034 0.995109 0.0713678 -0.812386 0.996594 -0.0713678 0.0413062 240.097
0.0242714 0.0718758 -0.997118 56.9673 0.0718758 0.994705 0.0734514 -0.780774 0.997118 -0.0734514 0.0189768 240.125
0.00689718 0.0766063 -0.997038 56.3652 0.0766063 0.994091 0.0769098 -0.750342 0.997038 -0.0769098 0.000987896 240.05
-0.00677225 0.0813757 -0.99666 55.8619 0.0813757 0.993423 0.0805584 -0.723063 0.99666 -0.0805584 -0.0133497 239.997
-0.0169637 0.0837006 -0.996347 55.333 0.0837006 0.993111 0.0820037 -0.691658 0.996347 -0.0820037 -0.0238526 239.987
-0.0227331 0.0844893 -0.996165 54.856 0.0844893 0.99302 0.0822945 -0.65676 0.996165 -0.0822945 -0.0297129 239.947
-0.0273588 0.0844939 -0.996048 54.3523 0.0844939 0.993051 0.0819188 -0.622035 0.996048 -0.0819188 -0.0343079 239.936
-0.0289325 0.084325 -0.996018 53.7625 0.084325 0.993089 0.0816276 -0.574417 0.996018 -0.0816276 -0.0358433 239.903
-0.0306473 0.0851848 -0.995894 53.1498 0.0851848 0.992959 0.0823124 -0.531378 0.995894 -0.0823124 -0.037688 239.883
-0.0313289 0.0840056 -0.995973 52.5356 0.0840056 0.993157 0.0811257 -0.480869 0.995973 -0.0811257 -0.0381715 239.858
-0.0297557 0.0848963 -0.995945 51.8594 0.0848963 0.993001 0.0821089 -0.425314 0.995945 -0.0821089 -0.0367548 239.824
-0.0302306 0.0804368 -0.996301 51.1573 0.0804368 0.99372 0.0777877 -0.372583 0.996301 -0.0777877 -0.0365109 239.807
-0.0300089 0.0784067 -0.99647 50.4599 0.0784067 0.994031 0.0758536 -0.320991 0.99647 -0.0758536 -0.0359774 239.797
-0.0274433 0.0783871 -0.996545 49.7538 0.0783871 0.99402 0.0760297 -0.270654 0.996545 -0.0760297 -0.0334237 239.755
-0.0256739 0.0789761 -0.996546 49.0557 0.0789761 0.993919 0.0767333 -0.22504 0.996546 -0.0767333 -0.031755 239.719
-0.0261696 0.0784336 -0.996576 48.351 0.0784336 0.994005 0.0761717 -0.169582 0.996576 -0.0761717 -0.0321645 239.738
-0.0245275 0.0772255 -0.996712 47.6173 0.0772255 0.994179 0.0751288 -0.106319 0.996712 -0.0751288 -0.0303485 239.696
-0.0231442 0.0743506 -0.996964 46.8519 0.0743506 0.994597 0.0724481 -0.0586172 0.996964 -0.0724481 -0.0285471 239.667
-0.0228986 0.0711461 -0.997203 46.112 0.0711461 0.995052 0.0693589 0.00705849 0.997203 -0.0693589 -0.027847 239.685
-0.0204852 0.070454 -0.997305 45.2611 0.070454 0.995136 0.0688536 0.0537399 0.997305 -0.0688536 -0.0253494 239.633
-0.0185867 0.0709801 -0.997305 44.4167 0.0709801 0.995054 0.069497 0.112822 0.997305 -0.069497 -0.023533 239.616
-0.0203429 0.067472 -0.997514 43.6261 0.067472 0.995538 0.0659624 0.173988 0.997514 -0.0659624 -0.0248046 239.622
-0.0191517 0.0663286 -0.997614 42.7583 0.0663286 0.995683 0.0649268 0.226818 0.997614 -0.0649268 -0.0234685 239.589
-0.0182049 0.0668942 -0.997594 41.8825 0.0668942 0.995605 0.0655401 0.294196 0.997594 -0.0655401 -0.0225997 239.561
-0.0188077 0.0650723 -0.997703 41.09 0.0650723 0.995844 0.0637244 0.310539 0.997703 -0.0637244 -0.0229639 239.524
-0.0189401 0.067079 -0.997568 40.1388 0.067079 0.995584 0.065672 0.358937 0.997568 -0.065672 -0.023356 239.498
-0.0215103 0.0634955 -0.99775 39.2071 0.0634955 0.996053 0.0620186 0.413825 0.99775 -0.0620186 -0.0254571 239.482
-0.024007 0.0618221 -0.997798 38.3866 0.0618221 0.996268 0.0602398 0.440111 0.997798 -0.0602398 -0.0277394 239.438
-0.0284324 0.0597281 -0.99781 37.4314 0.0597281 0.996531 0.0579496 0.508182 0.99781 -0.0579496 -0.0319012 239.406
-0.031803 0.0580825 -0.997805 36.5706 0.0580825 0.99673 0.0561687 0.56416 0.997805 -0.0561687 -0.0350726 239.36
-0.0328253 0.0593007 -0.9977 35.6173 0.0593007 0.996595 0.057284 0.612785 0.9977 -0.057284 -0.0362301 239.307
-0.0350506 0.0568422 -0.997768 34.6201 0.0568422 0.996878 0.0547948 0.648096 0.997768 -0.0547948 -0.0381722 239.242
-0.0407673 0.0592688 -0.997409 33.653 0.0592688 0.996625 0.0567996 0.679679 0.997409 -0.0567996 -0.0441425 239.242
-0.0401714 0.058982 -0.99745 32.5729 0.058982 0.996655 0.0565596 0.7282 0.99745 -0.0565596 -0.0435159 239.112
-0.0393901 0.0625038 -0.997267 31.5158 0.0625038 0.996241 0.0599708 0.762157 0.997267 -0.0599708 -0.0431488 239.053
-0.0429884 0.0689543 -0.996693 30.4234 0.0689543 0.995441 0.0658937 0.822317 0.996693 -0.0658937 -0.0475471 239.066
-0.0400442 0.0710004 -0.996672 29.2983 0.0710004 0.995153 0.0680396 0.867575 0.996672 -0.0680396 -0.0448911 238.915
-0.041186 0.0710665 -0.996621 28.2327 0.0710665 0.995149 0.0680247 0.915005 0.996621 -0.0680247 -0.0460367 238.847
-0.0416949 0.0733033 -0.996438 27.0945 0.0733033 0.994842 0.0701186 0.960016 0.996438 -0.0701186 -0.0468532 238.838
-0.0390035 0.0741782 -0.996482 25.9539 0.0741782 0.994704 0.0711424 1.04984 0.996482 -0.0711424 -0.0442993 238.754
-0.0374743 0.0717115 -0.996721 24.6273 0.0717115 0.995043 0.0688946 1.09905 0.996721 -0.0688946 -0.0424311 238.688
-0.0386066 0.066359 -0.997049 23.5135 0.066359 0.99576 0.0637038 1.18664 0.997049 -0.0637038 -0.0428464 238.658
-0.0326838 0.0682737 -0.997131 22.2422 0.0682737 0.995486 0.0659232 1.2474 0.997131 -0.0659232 -0.0371975 238.549
-0.0356249 0.0575426 -0.997707 21.0202 0.0575426 0.996803 0.0554358 1.30277 0.997707 -0.0554358 -0.0388221 238.568
-0.0326515 0.0564602 -0.997871 19.7937 0.0564602 0.996913 0.0545586 1.37754 0.997871 -0.0545586 -0.0357384 238.543
-0.0295735 0.0564937 -0.997965 18.5813 0.0564937 0.9969 0.0547593 1.44153 0.997965 -0.0547593 -0.0326734 238.45
-0.0298634 0.0527315 -0.998162 17.5618 0.0527315 0.9973 0.0511084 1.44549 0.998162 -0.0511084 -0.0325634 238.472
-0.0262327 0.0562518 -0.998072 16.3591 0.0562518 0.996917 0.0547082 1.49167 0.998072 -0.0547082 -0.0293161 238.408
-0.0262357 0.0515073 -0.998328 15.2835 0.0515073 0.997415 0.0501066 1.54467 0.998328 -0.0501066 -0.0288209 238.34
-0.0285489 0.051473 -0.998266 14.2172 0.051473 0.997424 0.0499575 1.607 0.998266 -0.0499575 -0.0311248 238.334
-0.0301543 0.0531786 -0.99813 13.2011 0.0531786 0.997255 0.0515254 1.65106 0.99813 -0.0515254 -0.0328995 238.302
-0.0338771 0.0533879 -0.997999 12.1309 0.0533879 0.997243 0.0515352 1.69428 0.997999 -0.0515352 -0.0366339 238.258
-0.0349951 0.0540717 -0.997924 11.0644 0.0540717 0.997175 0.052135 1.71701 0.997924 -0.052135 -0.03782 238.202
-0.0403071 0.0540417 -0.997725 10.2212 0.0540417 0.997193 0.0518297 1.72015 0.997725 -0.0518297 -0.0431144 238.174
-0.0439583 0.0553425 -0.997499 9.05825 0.0553425 0.997066 0.0528796 1.78745 0.997499 -0.0528796 -0.0468921 238.112
-0.0474814 0.0598166 -0.997079 8.19629 0.0598166 0.996584 0.0569384 1.7999 0.997079 -0.0569384 -0.0508973 238.027
-0.0530343 0.0594317 -0.996823 7.42278 0.0594317 0.996646 0.0562592 1.84132 0.996823 -0.0562592 -0.0563885 237.981
-0.0565064 0.0637041 -0.996368 6.33685 0.0637041 0.996159 0.060078 1.88411 0.996368 -0.060078 -0.0603475 237.887
-0.060227 0.0669773 -0.995935 5.50561 0.0669773 0.995769 0.0629158 1.91851 0.995935 -0.0629158 -0.0644581 237.82
-0.0641483 0.070649 -0.995436 4.63721 0.070649 0.99531 0.0660872 1.96668 0.995436 -0.0660872 -0.0688387 237.743
-0.0664499 0.0756661 -0.994917 3.67917 0.0756661 0.994631 0.0705907 2.01309 0.994917 -0.0705907 -0.0718185 237.662
-0.0651271 0.0848262 -0.994265 2.73849 0.0848262 0.993244 0.0791828 2.0661 0.994265 -0.0791828 -0.0718826 237.549
-0.0710867 0.0839595 -0.99393 1.77489 0.0839595 0.993419 0.0779115 2.21174 0.99393 -0.0779115 -0.077668 237.582
-0.0675288 0.0893918 -0.993705 0.896114 0.0893918 0.992515 0.08321 2.19963 0.993705 -0.08321 -0.0750142 237.409
-0.0700645 0.0923601 -0.993258 0.127943 0.0923601 0.992028 0.0857307 2.27599 0.993258 -0.0857307 -0.0780364 237.399
-0.0671363 0.0958767 -0.993127 -0.654984 0.0958767 0.991386 0.0892273 2.31134 0.993127 -0.0892273 -0.0757504 237.273
-0.0695977 0.0973309 -0.992816 -1.5061 0.0973309 0.991143 0.0903439 2.40159 0.992816 -0.0903439 -0.0784546 237.301
-0.0654531 0.102546 -0.992573 -2.16099 0.102546 0.99013 0.0955315 2.43192 0.992573 -0.0955315 -0.0753228 237.179
-0.067523 0.100678 -0.992625 -2.9565 0.100678 0.990505 0.0936145 2.49772 0.992625 -0.0936145 -0.0770179 237.17
-0.065578 0.0978919 -0.993034 -3.61531 0.0978919 0.991007 0.0912275 2.55094 0.993034 -0.0912275 -0.0745711 237.093
-0.0624055 0.10078 -0.99295 -4.36134 0.10078 0.99044 0.0941918 2.60545 0.99295 -0.0941918 -0.0719656 237.06
-0.0605238 0.0989628 -0.993249 -5.09185 0.0989628 0.990765 0.0926851 2.6609 0.993249 -0.0926851 -0.0697585 237.003
-0.0561022 0.100904 -0.993313 -5.8642 0.100904 0.990359 0.0949047 2.71079 0.993313 -0.0949047 -0.0657429 236.949
-0.0516878 0.0995064 -0.993694 -6.58165 0.0995064 0.990585 0.0940192 2.76866 0.993694 -0.0940192 -0.0611027 236.857
-0.0486689 0.0916387 -0.994602 -7.31247 0.0916387 0.991992 0.086914 2.85479 0.994602 -0.086914 -0.0566768 236.74
-0.0428546 0.10118 -0.993945 -8.06106 0.10118 0.990183 0.0964347 2.84278 0.993945 -0.0964347 -0.0526713 236.739
-0.0402108 0.100891 -0.994085 -8.93259 0.100891 0.990215 0.0964168 2.9486 0.994085 -0.0964168 -0.0499963 236.726
-0.0356127 0.102343 -0.994112 -9.66319 0.102343 0.989886 0.0982414 2.98829 0.994112 -0.0982414 -0.0457265 236.679
-0.0321237 0.0993065 -0.994538 -10.3801 0.0993065 0.990445 0.0956902 3.05921 0.994538 -0.0956902 -0.0416786 236.676
-0.0277653 0.0985766 -0.994742 -11.2753 0.0985766 0.990545 0.0954093 3.13531 0.994742 -0.0954093 -0.0372201 236.66
-0.0228701 0.0980913 -0.994915 -12.0063 0.0980913 0.990593 0.0954104 3.17391 0.994915 -0.0954104 -0.0322769 236.621
-0.0199593 0.0950928 -0.995268 -12.7043 0.0950928 0.991134 0.0927909 3.25655 0.995268 -0.0927909 -0.028825 236.643
-0.0168027 0.0945921 -0.995374 -13.474 0.0945921 0.9912 0.0925986 3.32207 0.995374 -0.0925986 -0.0256025 236.651
-0.0100538 0.0949412 -0.995432 -14.0157 0.0949412 0.991076 0.0935668 3.35348 0.995432 -0.0935668 -0.0189779 236.6
-0.00198564 0.0973418 -0.995249 -14.6526 0.0973418 0.990543 0.0966873 3.39958 0.995249 -0.0966873 -0.0114423 236.573
0.00326344 0.0945564 -0.995514 -15.2315 0.0945564 0.99103 0.0944404 3.45342 0.995514 -0.0944404 -0.00570674 236.534
0.00848476 0.0918911 -0.995733 -15.7909 0.0918911 0.991484 0.092282 3.49474 0.995733 -0.092282 -3.14642e-005 236.548
0.0163444 0.0930321 -0.995529 -16.3251 0.0930321 0.991201 0.0941551 3.53638 0.995529 -0.0941551 0.00754567 236.521
0.0197216 0.0873468 -0.995983 -16.9218 0.0873468 0.992217 0.0887461 3.59058 0.995983 -0.0887461 0.0119386 236.594
0.0261636 0.0887501 -0.99571 -17.3658 0.0887501 0.991912 0.0907435 3.60642 0.99571 -0.0907435 0.0180754 236.585
0.0317007 0.0858292 -0.995805 -17.8354 0.0858292 0.992392 0.0882673 3.64922 0.995805 -0.0882673 0.0240929 236.616
0.0360432 0.0851982 -0.995712 -18.2941 0.0851982 0.99247 0.0880048 3.67547 0.995712 -0.0880048 0.028513 236.649
0.0407674 0.0847775 -0.995566 -18.6845 0.0847775 0.992507 0.0879886 3.7088 0.995566 -0.0879886 0.0332747 236.662
0.0455949 0.0856596 -0.995281 -19.0752 0.0856596 0.992312 0.0893283 3.73363 0.995281 -0.0893283 0.0379068 236.667
0.0478544 0.0817122 -0.995506 -19.3858 0.0817122 0.992988 0.0854334 3.76665 0.995506 -0.0854334 0.0408419 236.716
0.0522183 0.0804791 -0.995388 -19.6681 0.0804791 0.993166 0.0845215 3.77129 0.995388 -0.0845215 0.0453846 236.71
0.0527097 0.077041 -0.995634 -19.8939 0.077041 0.993734 0.0809727 3.79044 0.995634 -0.0809727 0.0464441 236.756
0.057465 0.079438 -0.995182 -20.1173 0.079438 0.993305 0.0838751 3.79588 0.995182 -0.0838751 0.0507698 236.73
0.0583873 0.0800791 -0.995077 -20.3756 0.0800791 0.99319 0.084626 3.8035 0.995077 -0.084626 0.051577 236.755
0.061761 0.076937 -0.995121 -20.4859 0.076937 0.993691 0.0816014 3.84963 0.995121 -0.0816014 0.055452 236.707
0.0606231 0.0795588 -0.994985 -20.7106 0.0795588 0.993262 0.0842684 3.83562 0.994985 -0.0842684 0.053885 236.76
0.0634337 0.0829385 -0.994534 -20.8424 0.0829385 0.992655 0.0880718 3.8792 0.994534 -0.0880718 0.056089 236.756
0.0661671 0.07449 -0.995024 -20.8936 0.07449 0.994058 0.0793711 3.88688 0.995024 -0.0793711 0.0602251 236.693
0.070971 0.0856334 -0.993796 -21.1003 0.0856334 0.992107 0.0916033 3.90932 0.993796 -0.0916033 0.0630777 236.657
0.0579059 0.100654 -0.993235 -21.0804 0.100654 0.989246 0.106118 3.91393 0.993235 -0.106118 0.047152 236.7
0.0579059 0.100654 -0.993235 -21.0605 0.100654 0.989246 0.106118 3.91853 0.993235 -0.106118 0.047152 236.742
0.0579059 0.100654 -0.993235 -21.0406 0.100654 0.989246 0.106118 3.92314 0.993235 -0.106118 0.047152 236.785
0.0579059 0.100654 -0.993235 -21.0206 0.100654 0.989246 0.106118 3.92775 0.993235 -0.106118 0.047152 236.828
0.0624648 0.0555303 -0.996501 -21.0496 0.0555303 0.996711 0.0590228 3.93771 0.996501 -0.0590228 0.0591757 236.836
0.0624648 0.0555303 -0.996501 -21.0786 0.0555303 0.996711 0.0590228 3.94767 0.996501 -0.0590228 0.0591757 236.845
0.0624648 0.0555303 -0.996501 -21.1076 0.0555303 0.996711 0.0590228 3.95764 0.996501 -0.0590228 0.0591757 236.854
0.0624648 0.0555303 -0.996501 -21.1366 0.0555303 0.996711 0.0590228 3.9676 0.996501 -0.0590228 0.0591757 236.863
0.0624648 0.0555303 -0.996501 -21.1656 0.0555303 0.996711 0.0590228 3.97757 0.996501 -0.0590228 0.0591757 236.871
0.0624648 0.0555303 -0.996501 -21.1946 0.0555303 0.996711 0.0590228 3.98753 0.996501 -0.0590228 0.0591757 236.88
0.0624648 0.0555303 -0.996501 -21.2236 0.0555303 0.996711 0.0590228 3.9975 0.996501 -0.0590228 0.0591757 236.889
0.0624648 0.0555303 -0.996501 -21.2526 0.0555303 0.996711 0.0590228 4.00746 0.996501 -0.0590228 0.0591757 236.898
0.0624648 0.0555303 -0.996501 -21.2816 0.0555303 0.996711 0.0590228 4.01742 0.996501 -0.0590228 0.0591757 236.907
0.073137 0.0904592 -0.993211 -21.4363 0.0904592 0.991171 0.0969346 3.98863 0.993211 -0.0969346 0.0643084 236.761
0.073137 0.0904592 -0.993211 -21.5909 0.0904592 0.991171 0.0969346 3.95983 0.993211 -0.0969346 0.0643084 236.616
-0.599685 -0.191521 -0.77698 -21.4535 -0.191521 0.97707 -0.0930234 4.02215 0.77698 0.0930234 -0.622614 237.296
-0.599685 -0.191521 -0.77698 -21.316 -0.191521 0.97707 -0.0930234 4.08447 0.77698 0.0930234 -0.622614 237.976
-0.17641 0.0209 -0.984095 -21.4232 0.0209 0.999629 0.0174833 4.05784 0.984095 -0.0174833 -0.176781 237.573
-0.17641 0.0209 -0.984095 -21.5304 0.0209 0.999629 0.0174833 4.03122 0.984095 -0.0174833 -0.176781 237.171
-0.297615 0.00160523 -0.954685 -21.6405 0.00160523 0.999998 0.00118101 4.01575 0.954685 -0.00118101 -0.297617 237.238
-0.598944 -0.183045 -0.77959 -21.5149 -0.183045 0.979045 -0.0892464 4.05106 0.77959 0.0892464 -0.619899 237.829
-0.362076 -0.0349722 -0.931492 -21.6519 -0.0349722 0.999102 -0.0239166 4.03919 0.931492 0.0239166 -0.362974 237.587
-0.362076 -0.0349722 -0.931492 -21.7889 -0.0349722 0.999102 -0.0239166 4.02731 0.931492 0.0239166 -0.362974 237.345
-0.417178 -0.0569795 -0.907037 -21.8754 -0.0569795 0.997709 -0.0364686 4.01923 0.907037 0.0364686 -0.419469 237.374
-0.47263 -0.0935685 -0.876279 -21.9449 -0.0935685 0.994055 -0.0556774 4.01135 0.876279 0.0556774 -0.478575 237.431
-0.399608 -0.0568644 -0.914921 -22.1044 -0.0568644 0.99769 -0.0371722 4.01166 0.914921 0.0371722 -0.401918 237.296
-0.407951 -0.0630052 -0.910827 -22.229 -0.0630052 0.997181 -0.0407591 4.004 0.910827 0.0407591 -0.41077 237.267
-0.400376 -0.0647036 -0.914064 -22.3274 -0.0647036 0.99701 -0.0422338 3.99949 0.914064 0.0422338 -0.403366 237.239
-0.370068 -0.0628443 -0.926877 -22.5251 -0.0628443 0.997117 -0.0425154 3.98981 0.926877 0.0425154 -0.37295 237.175
-0.356709 -0.0677509 -0.931755 -22.6929 -0.0677509 0.996617 -0.0465297 3.98096 0.931755 0.0465297 -0.360093 237.133
-0.332807 -0.0644042 -0.940793 -22.8856 -0.0644042 0.996888 -0.0454612 3.96927 0.940793 0.0454612 -0.335919 237.083
-0.30555 -0.0645156 -0.949988 -23.121 -0.0645156 0.996812 -0.046945 3.95814 0.949988 0.046945 -0.308738 237.04
-0.278109 -0.0675948 -0.958168 -23.3504 -0.0675948 0.996425 -0.0506742 3.93546 0.958168 0.0506742 -0.281684 237.013
-0.243926 -0.0697834 -0.96728 -23.6033 -0.0697834 0.996085 -0.0542637 3.92509 0.96728 0.0542637 -0.247841 236.982
-0.207584 -0.0751121 -0.975329 -23.8511 -0.0751121 0.995328 -0.0606658 3.90358 0.975329 0.0606658 -0.212256 236.981
-0.16702 -0.0777021 -0.982887 -24.1334 -0.0777021 0.994826 -0.0654422 3.88235 0.982887 0.0654422 -0.172194 236.996
-0.121809 -0.07184 -0.98995 -24.4085 -0.07184 0.995399 -0.0633959 3.86413 0.98995 0.0633959 -0.12641 236.995
-0.0749584 -0.0649557 -0.995069 -24.7257 -0.0649557 0.996075 -0.0601283 3.84017 0.995069 0.0601283 -0.0788834 237.008
-0.0213769 -0.0565831 -0.998169 -25.0454 -0.0565831 0.996865 -0.0552974 3.80684 0.998169 0.0552974 -0.0245115 237.049
0.030473 -0.0561427 -0.997958 -25.3826 -0.0561427 0.996749 -0.0577891 3.77788 0.997958 0.0577891 0.0272219 237.146
0.0868315 -0.0571304 -0.994584 -25.7169 -0.0571304 0.996426 -0.0622239 3.73215 0.994584 0.0622239 0.0832572 237.266
0.142878 -0.0582174 -0.988027 -26.0579 -0.0582174 0.996046 -0.0671088 3.70836 0.988027 0.0671088 0.138924 237.41
0.203371 -0.0567346 -0.977457 -26.4406 -0.0567346 0.995959 -0.0696128 3.66927 0.977457 0.0696128 0.19933 237.531
0.262347 -0.0563791 -0.963325 -26.7731 -0.0563791 0.995691 -0.0736273 3.62937 0.963325 0.0736273 0.258038 237.818
0.327239 -0.0484419 -0.943699 -27.187 -0.0484419 0.996512 -0.0679507 3.6016 0.943699 0.0679507 0.323751 237.938
0.386893 -0.0471491 -0.920918 -27.5568 -0.0471491 0.996374 -0.0708204 3.57218 0.920918 0.0708204 0.383267 238.208
0.44448 -0.0488123 -0.894458 -27.7692 -0.0488123 0.995711 -0.078594 3.52302 0.894458 0.078594 0.440191 238.527
0.499912 -0.0451043 -0.864901 -28.1042 -0.0451043 0.995932 -0.0780077 3.50158 0.864901 0.0780077 0.495844 238.806
0.553889 -0.0438688 -0.831434 -28.4792 -0.0438688 0.995686 -0.08176 3.45947 0.831434 0.08176 0.549575 239.106
0.600071 -0.0430013 -0.79879 -28.7561 -0.0430013 0.995376 -0.0858879 3.4044 0.79879 0.0858879 0.595447 239.489
0.642852 -0.0414222 -0.76487 -29.0303 -0.0414222 0.995196 -0.08871 3.37381 0.76487 0.08871 0.638048 239.804
0.680733 -0.0401224 -0.731432 -29.3716 -0.0401224 0.994958 -0.0919193 3.32103 0.731432 0.0919193 0.67569 240.243
0.714502 -0.0382943 -0.698584 -29.6728 -0.0382943 0.994864 -0.0937022 3.2735 0.698584 0.0937022 0.709366 240.647
0.743699 -0.0358258 -0.667554 -29.9595 -0.0358258 0.994992 -0.0933109 3.20618 0.667554 0.0933109 0.738691 241.083
0.768421 -0.0339522 -0.639044 -30.2796 -0.0339522 0.995022 -0.0936911 3.15506 0.639044 0.0936911 0.763443 241.57
0.788663 -0.0316532 -0.61401 -30.5718 -0.0316532 0.995259 -0.091964 3.09936 0.61401 0.091964 0.783923 241.982
0.804858 -0.0310737 -0.592653 -30.8403 -0.0310737 0.995052 -0.094372 3.05278 0.592653 0.094372 0.79991 242.406
0.817457 -0.0304697 -0.575183 -31.1402 -0.0304697 0.994914 -0.0960086 3.0015 0.575183 0.0960086 0.812371 242.935
0.826822 -0.0295231 -0.561688 -31.4639 -0.0295231 0.994967 -0.0957555 2.93184 0.561688 0.0957555 0.821789 243.461
