0.666749 0.860443
0.663485 0.859327
0.672873 0.860438
1.34575 1.71987
0.766817 0.860435
0.733446 0.859398
0.771752 0.860538
0.800585 0.859446
0.779462 0.860306
0.815169 0.860598
0.834816 0.859134
0.822895 0.860432
0.828851 0.860357
0.80383 0.859593
0.836509 0.855871
0.81874 0.863667
0.826675 0.870724
0.8306 0.881615
0.838547 0.891922
0.830335 0.901721
0.855684 0.906165
0.808967 0.913045
0.828858 0.9151
0.845835 0.918507
0.838851 0.928696
0.819969 0.936147
0.870905 0.937333
0.905799 0.944008
0.892266 0.946881
1.78453 1.89631
0.919309 0.953304
0.90184 0.960035
0.887965 0.96987
0.908004 0.97703
0.902712 0.98083
0.922048 0.980618
0.90991 0.98057
0.887119 0.985831
0.863486 1.01335
0.927141 1.06045
0.86081 1.04463
0.891861 1.04654
0.911498 1.03506
0.92882 1.03788
0.963636 1.02578
1.00865 1.02486
0.977449 1.01252
1.9549 2.02042
0.951414 1.00366
0.975808 1.0017
0.946414 0.997628
0.980648 0.989036
0.966237 0.980541
0.894362 0.984487
0.90037 0.983564
0.915194 0.979146
0.934011 0.972598
0.89845 0.965427
0.898614 0.96585
0.887833 0.961009
0.914068 0.964335
0.891138 0.964033
0.93672 0.954338
0.924909 0.943635
0.90447 0.927331
0.875393 0.917557
0.856608 0.913813
0.864325 0.901613
0.83652 0.885961
0.843456 0.8718
0.801373 0.858085
0.82927 0.846155
0.823557 0.831775
0.811687 0.819611
0.791942 0.807556
0.808096 0.79703
0.836956 0.77941
0.810723 0.756639
0.76193 0.733996
1.52386 1.44999
0.643751 0.698293
0.695761 0.680013
1.39152 1.33984
0.658252 0.633923
0.602176 0.614207
1.20435 1.21096
0.54802 0.584415
0.544625 0.572595
0.585273 0.557021
0.577701 0.54408
0.535294 0.53198
0.500837 0.512643
1.00167 1.01466
0.50664 0.488097
0.472622 0.474636
0.477818 0.460279
0.452065 0.455031
0.473323 0.450175
0.476768 0.437722
0.444254 0.438707
0.443221 0.431875
0.435731 0.413149
0.416807 0.416642
0.41848 0.396948
0.414443 0.403219
0.393627 0.396863
0.397238 0.378589
0.393363 0.387287
0.393007 0.373576
0.399693 0.388171
0.396243 0.383546
0.404153 0.376037
0.384748 0.38034
0.395104 0.370996
0.381151 0.380273
0.382782 0.381136
0.388272 0.376479
0.41033 0.388415
0.365744 0.385601
0.402007 0.385694
0.427612 0.388588
0.413832 0.39366
0.402219 0.404176
0.401235 0.411357
0.409351 0.424157
0.415558 0.42958
0.419003 0.450381
0.335634 0.468415
0.402291 0.475496
0.460445 0.487851
0.470263 0.498241
0.474658 0.515111
0.52396 0.530639
0.535818 0.546272
0.546764 0.564167
0.538967 0.584268
0.576743 0.60335
0.600551 0.619558
0.614355 0.639864
0.66606 0.655036
0.682804 0.674021
0.667425 0.686448
0.692948 0.70755
0.70291 0.723469
0.716761 0.739352
0.750003 0.759447
0.737469 0.772064
0.756483 0.788173
0.788207 0.795557
0.780045 0.803535
0.835817 0.805544
0.840888 0.810686
0.814743 0.815819
0.798815 0.819963
0.809057 0.820471
0.826539 0.819144
0.841662 0.81943
0.805816 0.817425
0.836711 0.814136
0.727408 0.812707
0.784318 0.813563
0.78201 0.811837
0.840725 0.813764
0.782577 0.813123
0.827554 0.807984
0.815456 0.802581
0.850035 0.801904
0.864729 0.798207
0.768707 0.792803
0.839947 0.792489
0.855464 0.787391
0.830375 0.780355
0.760103 0.77649
0.814161 0.769752
0.819033 0.761919
0.775562 0.754943
0.762779 0.747479
0.79412 0.740537
0.766198 0.732933
1.5324 1.45698
0.760641 0.718227
0.730432 0.706226
0.728523 0.691049
0.696275 0.677793
0.745403 0.659837
1.49081 1.30323
0.63136 0.62435
0.610096 0.604979
0.62779 0.58506
0.575837 0.56443
0.577956 0.543785
0.546032 0.535779
0.507525 0.528141
0.520935 0.523929
0.494305 0.525191
0.467439 0.522084
0.463089 0.514085
0.509809 0.514144
0.512487 0.516492
0.520078 0.497358
0.470807 0.49922
0.536845 0.494067
1.07369 0.959679
0.507084 0.480109
1.01417 0.935505
0.451589 0.477478
0.462153 0.476187
0.421389 0.452398
0.371236 0.477471
0.427838 0.477967
0.414855 0.457111
0.41319 0.481237
0.468687 0.482268
0.483358 0.470054
0.483026 0.490862
0.50246 0.479343
0.478768 0.491638
0.447147 0.492446
0.503874 0.496072
0.51661 0.507325
0.48838 0.518222
0.533817 0.525679
0.5508 0.536052
0.555236 0.545847
0.565115 0.556528
0.552767 0.564612
0.570342 0.576569
0.487879 0.597683
0.975758 1.20655
1.00465 0.623413
1.01702 0.633519
0.656504 0.646718
0.646718 0.652814
0.67672 0.661845
1.35344 1.32791
0.675838 0.678772
0.656239 0.692947
0.653674 0.71359
0.678529 0.729826
0.738867 0.739581
0.788972 0.743286
0.777091 0.749051
0.764839 0.761263
0.672482 0.773771
0.71452 0.789459
0.74803 0.798006
0.761766 0.811835
0.77076 0.830601
0.807787 0.831246
0.705612 0.840398
0.849487 0.839122
1.69897 1.68305
0.804245 0.849174
0.804082 0.856414
0.828802 0.861521
0.801123 0.861588
0.88867 0.863902
1.77734 1.74389
0.884145 0.87327
0.845307 0.871465
0.80939 0.87418
0.831985 0.874962
0.88526 0.86968
0.951531 0.847171
1.90306 1.68423
0.777277 0.838856
0.74671 0.853528
0.810127 0.869928
0.889874 0.861658
0.93628 0.833018
0.897988 0.819709
0.827754 0.823568
0.755651 0.83005
0.714057 0.832794
0.904139 0.82208
0.78487 0.81758
0.857557 0.832301
1.71511 1.63486
0.769406 0.820274
0.840313 0.819807
0.885282 0.813758
0.84575 0.810229
0.769167 0.802836
0.73156 0.81069
0.617446 0.816075
0.741606 0.818596
0.709333 0.817482
0.827234 0.811314
0.851693 0.801997
0.807355 0.797535
0.762488 0.805563
0.733227 0.815917
0.751928 0.822251
0.772248 0.817923
0.754697 0.812674
0.72943 0.815999
0.740664 0.822865
0.759329 0.828436
0.804024 0.830955
0.810019 0.825311
0.821972 0.823887
0.788518 0.823977
0.797589 0.820437
0.800566 0.818878
0.730395 0.817708
0.784228 0.835394
0.822971 0.840348
0.80755 0.836158
0.903769 0.823922
0.769708 0.815547
0.758202 0.818431
0.828569 0.827988
0.820099 0.834859
0.844395 0.836486
0.813572 0.841076
0.86692 0.843149
0.835081 0.836859
0.809415 0.829223
0.746357 0.832521
0.704407 0.852914
0.788544 0.860685
0.829497 0.856177
0.925418 0.845217
0.890773 0.838392
0.857676 0.839513
0.818646 0.847708
0.799444 0.858573
0.823864 0.8631
0.858013 0.864678
0.872378 0.85668
0.870148 0.850094
0.225467 0.845765
0.762962 0.849192
0.74754 0.862271
1.49508 1.7266
0.8312 0.850859
0.847953 0.840056
0.915987 0.837586
0.860974 0.841091
0.838674 0.843309
0.842055 0.839802
0.812555 0.837273
0.847236 0.834227
0.773844 0.825749
0.715582 0.815207
0.74914 0.815906
0.775873 0.707393
0.812241 0.708296
0.810772 0.707895
0.781978 0.707995
0.756113 0.707896
0.716934 0.707595
0.649187 0.707195
0.670243 0.708899
1.34049 1.41629
0.593481 0.708298
0.584806 0.707797
0.663801 0.706996
0.673447 0.707999
0.391577 0.707197
0.610626 0.707999
0.57894 0.713071
0.534811 0.648652
0.612133 0.648194
0.620196 0.647595
0.604978 0.636351
0.610644 0.638632
0.601441 0.636187
0.619788 0.646303
0.634971 0.648821
0.643117 0.657539
0.644448 0.650787
0.633392 0.650684
0.587409 0.65398
0.569927 0.660987
0.586958 0.67628
0.587216 0.686275
0.64288 0.692328
0.696283 0.693748
0.710293 0.682136
0.728272 0.671631
0.686185 0.653723
0.683702 0.655184
0.692184 0.681338
0.713607 0.686771
0.723652 0.681392
0.690248 0.682211
0.695327 0.674911
0.680042 0.686079
0.667893 0.68633
0.700037 0.691144
0.753358 0.683953
0.733541 0.681751
0.748282 0.671771
0.706899 0.667391
0.623866 0.662295
0.631289 0.658817
0.54792 0.657519
1.09584 1.30744
0.675364 0.622851
0.596354 0.610058
0.667695 0.598005
1.33539 1.16877
0.591468 0.548091
0.507603 0.531714
0.539607 0.522211
0.537383 0.516787
0.497162 0.509193
0.397162 0.512166
0.334957 0.507987
0.456899 0.491173
0.451981 0.492345
0.414486 0.466201
0.410321 0.478481
0.398493 0.475985
0.39053 0.448566
0.374765 0.460331
0.358319 0.455854
0.377346 0.426485
0.370816 0.440948
0.380804 0.443016
0.405339 0.425224
0.418056 0.437247
0.430182 0.428368
0.445407 0.410283
0.538523 0.41656
0.530734 0.410824
0.449718 0.40178
0.460063 0.411356
0.470575 0.422355
0.454892 0.437348
0.481338 0.450719
0.497622 0.466004
0.433699 0.470195
0.567954 0.483328
1.13591 0.981047
0.58238 0.50166
0.464597 0.515126
0.524934 0.526468
0.467502 0.537288
0.360759 0.551612
0.479109 0.565604
0.551666 0.580211
0.600132 0.597816
0.580498 0.616172
0.624331 0.634391
0.655812 0.655517
0.6461 0.674101
0.687197 0.686016
0.699857 0.692912
0.655336 0.712581
0.684886 0.742117
0.750485 0.759569
1.50097 1.54756
0.798475 0.801529
0.820189 0.81216
0.797299 0.835487
0.810154 0.844782
0.867779 0.868532
0.868334 0.86687
0.890932 0.869979
0.936283 0.862266
0.862484 0.863496
0.903884 0.868555
0.847943 0.878697
0.901169 0.870299
0.9078 0.871785
1.02175 0.874234
1.10925 0.87709
1.20925 0.868955
2.41851 1.74163
1.03094 0.869858
1.13094 0.888671
1.23094 0.871862
1.33094 0.88269
1.375 0.874867
1.375 0.869574
2.75 1.7354
0.1375 0.863884
0.275 1.72528
1.06994 0.850814
1.16994 0.852602
0.881595 0.840451
0.902993 0.844472
1.80599 1.67868
0.804717 0.837562
0.881866 0.830264
1.76373 1.65732
1.01953 0.820186
0.867778 0.81206
1.73556 1.62244
0.765636 0.807088
0.857178 0.810714
1.71436 1.61412
0.844066 0.802306
0.873892 0.796965
0.959469 0.789824
0.938666 0.785089
0.925975 0.775524
0.787382 0.766318
0.811472 0.755426
0.634953 0.746905
1.26991 1.4781
0.74064 0.714346
0.666613 0.699058
0.689572 0.685004
0.753923 0.670839
1.50785 1.32906
0.758718 0.639255
0.758066 0.627532
0.75059 0.611184
0.78656 0.598841
1.57312 1.18262
1.29726 0.567551
1.04301 0.548431
0.719647 0.529124
1.43929 1.04425
0.1375 0.495762
0.684059 0.480431
1.36812 0.94359
0.1375 0.450387
0.472767 0.430143
0.945534 0.842914
0.1375 0.397853
0.409514 0.377936
0.819028 0.736727
0.343468 0.344715
0.345996 0.324837
0.691992 0.625966
0.330026 0.279734
0.230026 0.252681
0.266972 0.228171
0.159279 0.194683
0.318558 0.365319
0.144411 0.14803
0.288822 0.267843
0.1375 0.0940172
0.275 0.169799
0.1375 0.0681007
0.275 0.123838
0.4125 0.168494
0.1375 0.0301561
0.275 0.0494659
0.4125 0.0568567
0.55 0.0544346
0.6875 0.050182
0.825 0.050179
0.9625 0.0503765
1.1 0.0491921
1.2375 0.0464875
1.375 0.0478155
1.5125 0.0566143
1.65 0.0658606
1.7875 0.0793239
1.925 0.0975225
2.0625 0.119022
0.1375 0.0262916
0.275 0.0581832
0.4125 0.101746
0.55 0.160699
0.1375 0.0798604
0.275 0.1788
0.1375 0.119589
0.1375 0.139159
0.275 0.29734
0.1375 0.178289
0.1375 0.194816
0.275 0.404207
0.172807 0.224032
0.168049 0.241458
0.202089 0.253663
0.404179 0.513475
0.225945 0.266753
0.238443 0.282328
0.253617 0.293807
0.247863 0.296732
0.27774 0.318633
0.290167 0.318739
0.305716 0.339847
0.295617 0.348088
0.356244 0.338649
0.46578 0.36615
0.931561 0.742408
0.385944 0.351051
0.493177 0.392606
0.986355 0.759154
0.387847 0.424309
0.41116 0.442977
0.442754 0.413241
0.456869 0.474996
0.438584 0.485684
0.565952 0.465214
0.501473 0.509311
0.517912 0.506661
0.378248 0.553056
0.48409 0.571683
0.968181 1.14436
0.59183 0.612602
0.636628 0.608848
0.63412 0.631035
0.578807 0.652941
0.1375 0.667453
0.627869 0.681346
1.25574 1.38005
0.655165 0.714352
1.31033 1.44225
0.1375 0.746577
0.736706 0.765266
1.47341 1.54861
0.773387 0.795159
0.760529 0.809078
0.1375 0.822721
0.740926 0.831468
0.774935 0.850004
1.54987 1.71527
0.1375 0.884856
0.834802 0.894491
0.1375 0.906769
0.2375 0.91268
0.3375 0.919688
0.973004 0.932066
1.03784 0.94507
0.797258 0.964525
0.855314 0.974501
0.847029 0.988496
0.89706 1.00503
0.92707 1.00974
0.937755 1.00833
1.87551 2.02243
0.962469 1.0209
0.951662 1.03307
0.930245 1.03864
0.796879 1.0492
0.955848 1.05386
1.9117 2.10646
0.943146 1.04976
0.915971 1.05289
0.973566 1.05962
1.01991 1.06581
0.893377 1.06725
0.932885 1.06719
0.936279 1.06196
1.03628 1.05718
2.07256 2.10693
0.983258 1.04639
0.978036 1.0401
0.952479 1.04007
0.941285 1.03722
0.872692 1.03697
0.927689 1.0343
0.976414 1.02871
1.07641 1.02766
1.03505 1.02768
2.07009 2.05904
1.04096 1.02978
1.08086 1.02141
0.979521 1.02192
1.01831 1.02338
0.940916 1.02296
0.967504 1.02377
1.0426 1.02335
0.986643 1.03178
1.07523 1.03054
1.091 1.03259
1.08667 1.03647
1.07906 1.03914
1.08668 1.04622
1.06756 1.04925
2.13512 2.10372
1.1459 1.06147
2.29179 2.12562
0.98778 1.063
1.07528 1.07486
1.08004 1.08137
1.01621 1.08407
1.06848 1.08638
1.1 1.08469
1.07582 1.08352
1.11779 1.07859
1.11086 1.07412
1.12787 1.07133
1.15425 1.0701
1.04203 1.071
1.00841 1.07324
2.01682 2.1457
1.03602 1.06897
1.07808 1.05799
0.983567 1.05374
1.08357 1.05299
1.14984 1.0385
0.923966 1.03139
1.84793 2.05123
1.01383 1.01263
2.02767 2.01467
0.887927 0.993877
0.991649 0.986481
1.9833 1.9638
0.897784 0.963985
0.886097 0.952583
0.894203 0.942943
0.866146 0.930741
0.865708 0.918636
0.854764 0.898746
0.849996 0.883712
0.829962 0.871144
0.826793 0.852432
0.966598 0.83488
0.911499 0.81192
1.823 1.6012
1.375 0.775761
1.1842 0.745841
2.36841 1.46967
0.1375 0.697977
0.99089 0.669753
1.98178 1.31564
0.1375 0.626826
0.83704 0.606697
1.67408 1.1952
0.1375 0.564189
0.672303 0.542162
1.34461 1.05383
0.621607 0.491439
1.24321 0.964342
0.560707 0.461009
0.480792 0.449992
0.961584 0.889087
0.898219 0.445307
0.841047 0.445843
0.710937 0.428084
0.495625 0.443484
0.517529 0.444146
0.382018 0.409133
0.480573 0.435413
0.396566 0.438446
0.396974 0.392794
0.627588 0.434764
0.407316 0.445717
0.507316 0.405549
1.01463 0.873602
0.605317 0.476518
0.653879 0.432917
0.714875 0.493005
0.518131 0.455937
0.515728 0.501102
0.536556 0.509074
0.548807 0.477143
0.516904 0.51793
0.461318 0.520117
0.477671 0.511143
0.58429 0.545667
0.62722 0.559162
0.566109 0.56491
0.553703 0.572812
0.626364 0.583616
0.600381 0.602409
0.244077 0.612451
0.872807 0.619047
0.734751 0.619662
0.877286 0.622021
0.336128 0.633019
0.834896 0.652222
0.837617 0.671715
0.786064 0.685093
0.90731 0.691122
0.9478 0.70256
1.0478 0.713975
0.756471 0.726085
0.685114 0.740062
0.681563 0.7546
0.704157 0.775915
0.723872 0.79261
0.763904 0.803926
0.812171 0.821791
0.813328 0.833264
0.796402 0.85484
1.5928 1.73024
0.846377 0.88461
0.905416 0.894289
0.917376 0.89822
1.83475 1.79914
0.842612 0.906177
0.890281 0.912427
0.894638 0.917571
0.933282 0.923504
0.919551 0.925972
0.932492 0.920634
1.03249 0.919235
2.06498 1.83904
1.02771 0.915368
0.963695 0.916455
1.05204 0.908257
1.02482 0.91196
2.04964 1.82279
1.00176 0.910874
1.02606 0.91358
0.99183 0.905496
1.98366 1.81054
0.989196 0.897953
0.980689 0.897935
0.926162 0.895919
1.02616 0.897285
2.05232 1.79642
0.913031 0.897356
1.01303 0.88892
1.02167 0.887943
2.04335 1.77779
0.833843 0.889049
0.845036 0.888296
0.913315 0.883613
0.955611 0.883854
0.878881 0.875771
0.861679 0.875337
0.920696 0.873356
0.889662 0.869594
0.911056 0.86574
0.868775 0.868726
0.834464 0.866809
0.905092 0.865208
0.892696 0.863643
0.992696 0.857544
1.98539 1.70485
0.882347 0.827601
0.947074 0.809922
0.818951 0.793723
1.6379 1.56433
0.801108 0.751333
0.792929 0.729018
0.674794 0.707595
0.73393 0.684677
0.644102 0.657204
0.615222 0.632973
0.629032 0.614384
0.658125 0.594114
0.559027 0.597207
0.628434 0.594302
0.604034 0.593158
0.606956 0.588518
0.577627 0.58516
0.610543 0.580017
0.57948 0.578838
0.553101 0.579019
0.594277 0.578757
0.581921 0.585354
0.534376 0.59129
0.573656 0.596537
0.5269 0.605597
0.568132 0.611406
0.554674 0.615998
0.56442 0.623033
0.548847 0.631986
0.554998 0.64066
0.539839 0.654967
0.541597 0.669626
0.626401 0.678404
0.657276 0.704251
0.695551 0.715644
0.75611 0.722128
0.760695 0.726657
0.746156 0.731404
0.703634 0.757184
0.715349 0.793458
0.636255 0.815165
0.736255 0.818067
1.47251 1.6333
1.10428 0.824477
0.883246 0.845199
0.799376 0.872499
1.59875 1.76999
1.0016 0.905927
0.876326 0.903142
0.945447 0.912907
0.516612 0.928024
0.803086 0.953437
0.587565 0.974357
0.907778 0.978503
1.00069 0.976934
0.996544 0.976905
0.947415 0.984067
0.961915 0.992288
1.05938 0.995402
2.11876 1.99089
0.990051 0.999496
1.07533 1.00121
1.06333 0.999131
1.05697 0.988615
1.00347 0.986513
0.937699 0.989468
0.877735 0.994401
1.75547 1.98809
1.05768 0.982961
1.06976 0.97351
1.037 0.969078
1.00935 0.971356
0.956639 0.968551
0.952044 0.970762
0.959302 0.97199
0.963059 0.968251
1.0179 0.969188
1.1179 0.959132
1.02452 0.951116
0.830997 0.951724
0.966581 0.954907
0.991492 0.958932
0.985104 0.955321
1.02118 0.949314
1.01639 0.948317
1.02436 0.941971
1.01557 0.936188
0.995989 0.935305
1.01125 0.930458
2.0225 1.85511
0.930725 0.920277
0.911777 0.920316
0.886518 0.919641
0.946869 0.917859
0.940843 0.904096
0.955834 0.892266
0.947242 0.882662
0.938544 0.868481
0.916368 0.854329
0.891613 0.846036
0.908976 0.829526
0.882428 0.800736
0.8223 0.77751
0.839567 0.759334
0.8071 0.749138
0.826327 0.736107
0.805819 0.702843
0.801 0.677175
0.733964 0.649848
0.716305 0.63353
0.702199 0.619863
1.4044 1.23152
0.639432 0.595134
0.662047 0.584045
0.660829 0.566308
0.623709 0.557343
0.638213 0.547491
0.622562 0.540471
0.601859 0.539437
0.563072 0.528873
0.542885 0.534388
0.509165 0.529798
0.502786 0.520966
0.501335 0.521352
0.494276 0.517332
0.475172 0.51581
0.489989 0.509372
0.468066 0.504232
0.461891 0.525616
0.479809 0.506207
0.452493 0.505576
0.492202 0.551129
0.497591 0.517303
0.519051 0.57454
0.516735 0.524906
0.540991 0.532511
0.542369 0.602671
0.568554 0.55292
0.575632 0.56651
0.584764 0.618262
0.592666 0.590577
0.627635 0.622639
0.645227 0.62163
0.654919 0.637138
0.696635 0.646507
0.69557 0.647525
0.68938 0.660936
0.653634 0.665696
0.579902 0.681411
0.449273 0.699583
0.391806 0.711398
0.684533 0.720934
0.680969 0.735652
0.7296 0.748367
0.713288 0.75991
0.741979 0.776612
0.740752 0.78964
0.808688 0.806024
0.798896 0.81789
0.802794 0.828807
0.869182 0.833106
0.858671 0.846014
0.85352 0.856811
0.890301 0.873598
0.876618 0.888867
0.822245 0.900659
0.876332 0.90964
0.847556 0.911959
0.934562 0.924059
0.85761 0.925779
0.882724 0.933819
0.831964 0.935122
0.916709 0.937999
0.914428 0.938155
0.875476 0.929328
0.927799 0.926953
0.917807 0.937239
0.950617 0.929805
0.933785 0.942682
0.923521 0.934349
0.91573 0.938075
0.953191 0.935926
0.951852 0.942006
0.891728 0.942442
0.943374 0.949638
1.88675 1.90107
0.84545 0.953391
0.895388 0.958283
0.927083 0.952997
0.910928 0.956726
0.920389 0.964391
0.96634 0.966596
0.950455 0.96103
0.97857 0.953472
0.960513 0.945862
0.955823 0.949154
1.06145 0.948545
2.1229 1.90212
0.991159 0.947905
0.98969 0.944178
0.984428 0.93847
0.967319 0.943728
0.889395 0.936417
0.961559 0.934034
0.944596 0.92798
0.976359 0.925601
0.904433 0.932025
0.946506 0.933402
0.957014 0.926584
0.912575 0.918441
0.868744 0.919904
0.889345 0.926055
0.914102 0.92409
0.921579 0.917757
0.938967 0.92421
0.957886 0.921146
0.935627 0.937418
0.978701 0.93725
0.989984 0.941132
0.994501 0.936775
0.907049 0.935486
0.884934 0.945032
0.877345 0.956796
0.913815 0.962979
0.937492 0.962578
0.862366 0.962756
0.93485 0.959111
0.924009 0.965358
0.954759 0.975953
0.955218 0.978473
0.958245 0.987581
1.04565 0.974053
0.962987 0.97571
1.06299 0.976396
1.11517 0.98262
1.0552 0.977441
1.01582 0.984997
1.11582 0.983714
2.23163 1.96295
1.13411 0.972145
1.06431 0.977652
1.02164 0.994328
1.10701 0.993899
1.07028 1.00147
1.0942 0.985681
1.06241 0.992369
1.10167 0.980741
0.883011 0.987861
0.930126 0.996389
0.725466 1.01699
0.825466 1.0164
0.925466 1.01097
1.02547 1.00046
1.12547 0.993078
1.04897 0.992141
1.04471 0.991314
1.04008 0.987814
1.00971 0.986288
1.00386 0.98499
1.0385 0.986769
1.03442 0.978393
0.996359 0.970138
1.03167 0.96487
2.06334 1.92372
1.00491 0.956851
0.96492 0.948045
0.96321 0.937798
0.999338 0.922597
1.00096 0.904779
0.999263 0.891005
0.927483 0.880676
0.958511 0.868354
0.927648 0.850703
0.880229 0.838435
0.801432 0.836634
0.852769 0.825825
0.811874 0.808133
0.828887 0.791748
0.79024 0.771317
0.76633 0.755916
0.754068 0.735116
0.742718 0.714066
0.712055 0.692852
0.699015 0.671641
0.684708 0.651629
0.646899 0.627759
0.635094 0.606649
0.605148 0.587622
0.578263 0.564121
0.546454 0.54326
0.511145 0.520704
1.02229 1.015
0.469919 0.469393
0.450789 0.458065
0.425749 0.448295
0.411433 0.441636
0.42593 0.452312
0.411194 0.432532
0.381828 0.451114
0.393111 0.420648
0.393666 0.41477
0.408725 0.442531
0.39183 0.409602
0.403673 0.427701
0.402941 0.464451
0.401807 0.42418
0.464218 0.432493
0.928435 0.921013
0.821885 0.4604
0.469186 0.467761
0.517102 0.519989
0.53239 0.500295
0.556274 0.520658
0.55125 0.588573
0.554797 0.560722
0.542315 0.598236
0.507989 0.586887
0.590687 0.60426
0.588095 0.657001
0.601976 0.648374
0.633435 0.665537
0.69587 0.691579
0.671611 0.687609
0.659925 0.704065
0.68477 0.701945
0.620596 0.718294
0.40636 0.726157
0.752031 0.734736
0.759719 0.738152
0.792319 0.745459
0.604554 0.748009
0.648344 0.762399
0.687134 0.77972
0.731655 0.792759
0.749482 0.811349
0.804649 0.811102
0.740575 0.81178
0.775489 0.818448
0.780443 0.83584
0.82292 0.839888
0.802422 0.843527
0.802421 0.853761
0.85423 0.873859
0.823254 0.882001
0.851876 0.893965
0.869636 0.89979
