0.999996 -2.71932e-006 0.00277309 -0.0826925 -2.71932e-006 0.999998 0.00196121 -0.0294382 -0.00277309 -0.00196121 0.999994 0.824758
0.999998 -2.08175e-006 0.00214932 -0.0584784 -2.08175e-006 0.999998 0.00193712 -0.0366239 -0.00214932 -0.00193712 0.999996 1.66861
0.999991 -6.24267e-006 0.00430335 -0.0941152 -6.24267e-006 0.999996 0.00290129 -0.0749824 -0.00430335 -0.00290129 0.999987 2.44899
0.999987 -5.46741e-006 0.00506034 -0.115556 -5.46741e-006 0.999998 0.00216087 -0.0896584 -0.00506034 -0.00216087 0.999985 3.25248
0.999982 -6.32128e-006 0.0060071 -0.108208 -6.32128e-006 0.999998 0.00210458 -0.103632 -0.0060071 -0.00210458 0.99998 4.00053
0.999986 -5.62275e-006 0.00527783 -0.081587 -5.62275e-006 0.999998 0.00213069 -0.0994288 -0.00527783 -0.00213069 0.999984 4.75556
0.999973 -2.30048e-005 0.00738835 -0.12726 -2.30048e-005 0.999981 0.00622717 -0.136747 -0.00738835 -0.00622717 0.999953 5.46942
0.999966 -4.06037e-005 0.00826757 -0.0941904 -4.06037e-005 0.999952 0.009822 -0.13189 -0.00826757 -0.009822 0.999918 6.14308
0.999947 -6.91617e-005 0.0102611 -0.0989959 -6.91617e-005 0.999909 0.0134794 -0.144835 -0.0102611 -0.0134794 0.999856 6.78543
0.999945 -8.20243e-005 0.0104856 -0.0517316 -8.20243e-005 0.999878 0.0156437 -0.138646 -0.0104856 -0.0156437 0.999823 7.40744
0.999939 -8.53267e-005 0.0110192 -0.0555517 -8.53267e-005 0.99988 0.0154855 -0.156389 -0.0110192 -0.0154855 0.999819 8.01955
0.999933 -7.49631e-005 0.0115355 -0.0347048 -7.49631e-005 0.999916 0.012996 -0.16578 -0.0115355 -0.012996 0.999849 8.5808
0.999935 -6.04419e-005 0.0114451 -0.0184739 -6.04419e-005 0.999944 0.0105614 -0.173249 -0.0114451 -0.0105614 0.999879 9.09233
0.999914 -5.90073e-005 0.0131134 0.00552738 -5.90073e-005 0.99996 0.00899895 -0.179918 -0.0131134 -0.00899895 0.999874 9.57694
0.999865 -5.40594e-005 0.0164245 0.0108489 -5.40594e-005 0.999978 0.00658227 -0.192132 -0.0164245 -0.00658227 0.999843 10.0441
0.999855 -4.82805e-005 0.0170331 0.0261961 -4.82805e-005 0.999984 0.00566857 -0.193484 -0.0170331 -0.00566857 0.999839 10.4847
0.99982 -3.514e-005 0.0189543 0.03853 -3.514e-005 0.999993 0.00370751 -0.212385 -0.0189543 -0.00370751 0.999813 10.916
0.999713 -3.38336e-005 0.0239769 0.0194637 -3.38336e-005 0.999996 0.00282177 -0.221928 -0.0239769 -0.00282177 0.999709 11.2881
0.999654 -5.51186e-005 0.0262904 0.0428494 -5.51186e-005 0.999991 0.00419231 -0.233273 -0.0262904 -0.00419231 0.999646 11.6362
0.999561 -6.82845e-005 0.0296238 0.0362719 -6.82845e-005 0.999989 0.00460908 -0.232449 -0.0296238 -0.00460908 0.99955 11.9679
0.999444 -7.74647e-005 0.0333526 0.0505637 -7.74647e-005 0.999989 0.00464388 -0.237977 -0.0333526 -0.00464388 0.999433 12.2747
0.999397 -0.000105312 0.034718 0.0769396 -0.000105312 0.999982 0.0060648 -0.248705 -0.034718 -0.0060648 0.999379 12.564
0.99942 -0.000104358 0.0340587 0.0966552 -0.000104358 0.999981 0.00612631 -0.237194 -0.0340587 -0.00612631 0.999401 12.7757
0.999191 -0.000123894 0.0402104 0.0817093 -0.000123894 0.999981 0.00615976 -0.253308 -0.0402104 -0.00615976 0.999172 12.998
0.99938 -6.99016e-005 0.0352153 0.158568 -6.99016e-005 0.999992 0.00396871 -0.256524 -0.0352153 -0.00396871 0.999372 13.2023
0.999105 -7.82018e-005 0.0423078 0.127621 -7.82018e-005 0.999993 0.00369514 -0.262241 -0.0423078 -0.00369514 0.999098 13.4142
0.998823 -6.83599e-005 0.0484938 0.071566 -6.83599e-005 0.999996 0.00281766 -0.27749 -0.0484938 -0.00281766 0.99882 13.6248
0.998946 1.11146e-005 0.0459114 0.115561 1.11146e-005 1 -0.00048392 -0.282812 -0.0459114 0.00048392 0.998945 13.816
0.998946 1.11146e-005 0.0459114 0.159557 1.11146e-005 1 -0.00048392 -0.288133 -0.0459114 0.00048392 0.998945 14.0072
0.998687 4.27787e-005 0.0512303 0.130984 4.27787e-005 0.999999 -0.00166896 -0.291758 -0.0512303 0.00166896 0.998685 14.2037
0.998769 5.65954e-005 0.049613 0.165604 5.65954e-005 0.999997 -0.00228007 -0.299741 -0.049613 0.00228007 0.998766 14.3924
0.998512 0.00012523 0.0545377 0.142685 0.00012523 0.999989 -0.004589 -0.291809 -0.0545377 0.004589 0.998501 14.5853
0.998425 0.000178187 0.0560941 0.155503 0.000178187 0.99998 -0.0063481 -0.302041 -0.0560941 0.0063481 0.998405 14.7756
0.998457 0.000242483 0.0555298 0.172852 0.000242483 0.999962 -0.00872651 -0.304437 -0.0555298 0.00872651 0.998419 14.9647
0.99856 0.000430563 0.0536388 0.171374 0.000430563 0.999871 -0.0160416 -0.299778 -0.0536388 0.0160416 0.998432 15.155
0.998395 0.000399344 0.0566309 0.183525 0.000399344 0.999901 -0.0140914 -0.314203 -0.0566309 0.0140914 0.998296 15.3443
0.998231 0.000470413 0.059447 0.14084 0.000470413 0.999875 -0.0158113 -0.331476 -0.059447 0.0158113 0.998106 15.5311
0.998854 0.00048301 0.0478586 0.197447 0.00048301 0.999796 -0.0201713 -0.313259 -0.0478586 0.0201713 0.99865 15.722
0.998931 0.00042127 0.0462343 0.2048 0.00042127 0.999834 -0.018212 -0.324765 -0.0462343 0.018212 0.998765 15.9113
0.999057 0.000421736 0.0434137 0.17585 0.000421736 0.999811 -0.0194177 -0.334918 -0.0434137 0.0194177 0.998868 16.0997
0.999494 0.000367121 0.0318016 0.227055 0.000367121 0.999734 -0.0230793 -0.27726 -0.0318016 0.0230793 0.999228 16.2884
0.999602 0.000293375 0.0282086 0.169089 0.000293375 0.999784 -0.0207941 -0.34107 -0.0282086 0.0207941 0.999386 16.474
0.999768 0.000237532 0.0215443 0.16022 0.000237532 0.999757 -0.0220453 -0.345655 -0.0215443 0.0220453 0.999525 16.6603
0.999956 0.000113478 0.00940175 0.164717 0.000113478 0.999709 -0.0241357 -0.332019 -0.00940175 0.0241357 0.999664 16.8487
0.999997 -3.23534e-005 -0.00257527 0.141042 -3.23534e-005 0.999684 -0.0251223 -0.349227 0.00257527 0.0251223 0.999681 17.0402
0.999826 -0.000254229 -0.0186459 0.120064 -0.000254229 0.999628 -0.0272618 -0.354418 0.0186459 0.0272618 0.999454 17.2391
0.999257 -0.000545574 -0.0385503 0.0819922 -0.000545574 0.9996 -0.0282883 -0.357034 0.0385503 0.0282883 0.998856 17.4346
0.998193 -0.000831525 -0.0600881 0.0375977 -0.000831525 0.999617 -0.0276466 -0.368222 0.0600881 0.0276466 0.99781 17.6434
0.996512 -0.00110576 -0.0834416 -0.00693303 -0.00110576 0.999649 -0.026453 -0.364651 0.0834416 0.026453 0.996162 17.856
0.99388 -0.00138695 -0.110455 -0.0742133 -0.00138695 0.999686 -0.0250326 -0.374374 0.110455 0.0250326 0.993566 18.0871
0.990086 -0.00163044 -0.140452 -0.148852 -0.00163044 0.999732 -0.0230989 -0.377417 0.140452 0.0230989 0.989818 18.3188
0.984895 -0.00173807 -0.173146 -0.244094 -0.00173807 0.9998 -0.0199227 -0.38577 0.173146 0.0199227 0.984695 18.5711
0.977709 -0.0017438 -0.209957 -0.362839 -0.0017438 0.999864 -0.0164248 -0.385143 0.209957 0.0164248 0.977573 18.8303
0.968312 -0.00142413 -0.249738 -0.467835 -0.00142413 0.999936 -0.0112239 -0.397897 0.249738 0.0112239 0.968248 19.092
0.956606 -0.000887126 -0.291383 -0.613096 -0.000887126 0.999982 -0.0059569 -0.4063 0.291383 0.0059569 0.956588 19.3674
0.942965 -0.000330763 -0.332893 -0.793853 -0.000330763 0.999998 -0.00193053 -0.404816 0.332893 0.00193053 0.942963 19.6421
0.926514 0.000703718 -0.37626 -0.96898 0.000703718 0.999993 0.00360314 -0.41362 0.37626 -0.00360314 0.926507 19.9161
0.907498 0.00214997 -0.420051 -1.17373 0.00214997 0.99995 0.009763 -0.408818 0.420051 -0.009763 0.907448 20.2079
0.886002 0.00380096 -0.463666 -1.39429 0.00380096 0.999873 0.0154597 -0.410691 0.463666 -0.0154597 0.885875 20.4824
0.861799 0.00560768 -0.507218 -1.62796 0.00560768 0.999772 0.0205811 -0.402189 0.507218 -0.0205811 0.861572 20.7243
0.834179 0.00704157 -0.551449 -1.88706 0.00704157 0.999701 0.0234172 -0.394784 0.551449 -0.0234172 0.83388 20.9938
0.804625 0.00871328 -0.59372 -2.18129 0.00871328 0.999611 0.0264785 -0.396914 0.59372 -0.0264785 0.804236 21.2332
0.770658 0.0103479 -0.637165 -2.47567 0.0103479 0.999533 0.0287489 -0.385575 0.637165 -0.0287489 0.770191 21.4903
0.734855 0.0126907 -0.678105 -2.80604 0.0126907 0.999393 0.0324564 -0.37468 0.678105 -0.0324564 0.734248 21.7191
0.696528 0.0141471 -0.71739 -3.14681 0.0141471 0.999341 0.0334428 -0.362629 0.71739 -0.0334428 0.695868 21.9429
0.65619 0.0151968 -0.754443 -3.5362 0.0151968 0.999328 0.0333472 -0.352982 0.754443 -0.0333472 0.655518 22.1753
0.613199 0.0155238 -0.789776 -3.95193 0.0155238 0.999377 0.0316966 -0.346402 0.789776 -0.0316966 0.612576 22.407
0.571323 0.0163519 -0.820563 -4.39948 0.0163519 0.999376 0.0313003 -0.327857 0.820563 -0.0313003 0.570699 22.5751
0.522042 0.0177022 -0.852736 -4.84966 0.0177022 0.999344 0.0315828 -0.319353 0.852736 -0.0315828 0.521386 22.799
0.474615 0.0196459 -0.879974 -5.33067 0.0196459 0.999265 0.0329052 -0.309502 0.879974 -0.0329052 0.473881 22.9349
0.422714 0.0198857 -0.906045 -5.86497 0.0198857 0.999315 0.0312104 -0.31097 0.906045 -0.0312104 0.422029 23.0781
0.369219 0.0198991 -0.929129 -6.40891 0.0198991 0.999372 0.029311 -0.300035 0.929129 -0.029311 0.368591 23.1977
0.316333 0.020627 -0.948424 -6.98367 0.020627 0.999378 0.0286151 -0.284517 0.948424 -0.0286151 0.315711 23.2832
0.263441 0.0249559 -0.964353 -7.57468 0.0249559 0.999154 0.0326739 -0.273024 0.964353 -0.0326739 0.262595 23.3427
0.212257 0.0273451 -0.976831 -8.18761 0.0273451 0.999051 0.0339089 -0.249269 0.976831 -0.0339089 0.211308 23.3787
0.163847 0.0260844 -0.986141 -8.85104 0.0260844 0.999186 0.0307634 -0.232506 0.986141 -0.0307634 0.163033 23.3973
0.119555 0.0275609 -0.992445 -9.5178 0.0275609 0.999137 0.0310669 -0.225774 0.992445 -0.0310669 0.118693 23.3933
0.08 0.0310026 -0.996313 -10.221 0.0310026 0.998955 0.0335742 -0.216344 0.996313 -0.0335742 0.0789553 23.3573
0.0450987 0.0357507 -0.998343 -10.9142 0.0357507 0.998662 0.0373771 -0.198977 0.998343 -0.0373771 0.0437602 23.31
0.0172659 0.0406151 -0.999026 -11.6385 0.0406151 0.998321 0.0412884 -0.185076 0.999026 -0.0412884 0.0155874 23.249
-0.00360129 0.043799 -0.999034 -12.3935 0.043799 0.998089 0.0435997 -0.159402 0.999034 -0.0435997 -0.00551276 23.1915
-0.0170307 0.0431106 -0.998925 -13.2051 0.0431106 0.998173 0.0423431 -0.118402 0.998925 -0.0423431 -0.0188581 23.1419
-0.0252285 0.0440037 -0.998713 -13.9899 0.0440037 0.998111 0.0428657 -0.0889397 0.998713 -0.0428657 -0.0271171 23.0975
-0.0288148 0.0438924 -0.998621 -14.8072 0.0438924 0.998127 0.0426042 -0.0587897 0.998621 -0.0426042 -0.0306874 23.054
-0.02909 0.0368674 -0.998897 -15.6234 0.0368674 0.998679 0.0357857 -0.0373941 0.998897 -0.0357857 -0.0304108 23.0282
-0.0263962 0.0240589 -0.999362 -16.5015 0.0240589 0.999436 0.0234252 -0.00599793 0.999362 -0.0234252 -0.0269601 23.0306
-0.0206941 0.0234588 -0.999511 -17.3695 0.0234588 0.999461 0.022972 0.00690765 0.999511 -0.022972 -0.0212332 23.0133
-0.0147199 0.0262514 -0.999547 -18.2726 0.0262514 0.999321 0.0258589 0.0240166 0.999547 -0.0258589 -0.015399 23.0057
-0.0125924 0.0215707 -0.999688 -19.1689 0.0215707 0.99954 0.0212958 0.0232261 0.999688 -0.0212958 -0.0130519 23.0134
-0.00997482 0.0238522 -0.999666 -20.1167 0.0238522 0.999437 0.0236087 0.0310567 0.999666 -0.0236087 -0.0105381 23.0091
-0.00822485 0.03182 -0.99946 -21.0553 0.03182 0.998996 0.0315434 0.0150991 0.99946 -0.0315434 -0.0092291 22.9847
-0.00926678 0.0362257 -0.999301 -22.0165 0.0362257 0.9987 0.035868 0.0191694 0.999301 -0.035868 -0.010567 22.9744
-0.0122873 0.0457337 -0.998878 -22.9986 0.0457337 0.997934 0.0451279 0.040108 0.998878 -0.0451279 -0.0143535 22.9319
-0.0162959 0.0519076 -0.998519 -24.0016 0.0519076 0.997349 0.0509996 0.0995382 0.998519 -0.0509996 -0.0189471 22.8896
-0.021363 0.0525283 -0.998391 -25.0336 0.0525283 0.997298 0.0513469 0.171311 0.998391 -0.0513469 -0.0240645 22.8468
-0.0232729 0.0544746 -0.998244 -26.0786 0.0544746 0.9971 0.0531421 0.236631 0.998244 -0.0531421 -0.0261729 22.8034
-0.0252342 0.0519325 -0.998332 -27.1283 0.0519325 0.997369 0.0505698 0.310101 0.998332 -0.0505698 -0.0278648 22.7723
-0.0265095 0.0519033 -0.9983 -28.1718 0.0519033 0.997376 0.0504769 0.368869 0.9983 -0.0504769 -0.0291339 22.7349
-0.0282849 0.0526885 -0.99821 -29.2197 0.0526885 0.9973 0.0511475 0.404967 0.99821 -0.0511475 -0.0309846 22.6947
-0.0300835 0.0544887 -0.998061 -30.3315 0.0544887 0.997118 0.0527948 0.424062 0.998061 -0.0527948 -0.0329658 22.6415
-0.0344332 0.0550096 -0.997892 -31.4818 0.0550096 0.997075 0.0530664 0.452272 0.997892 -0.0530664 -0.0373585 22.5896
-0.0400187 0.0552611 -0.99767 -32.5793 0.0552611 0.997064 0.0530109 0.477851 0.99767 -0.0530109 -0.042955 22.5302
-0.0459445 0.0575702 -0.997284 -33.705 0.0575702 0.996831 0.0548918 0.510358 0.997284 -0.0548918 -0.0491132 22.443
-0.0528738 0.056939 -0.996977 -34.811 0.056939 0.996921 0.0539161 0.553514 0.996977 -0.0539161 -0.0559531 22.3659
-0.0589698 0.0597566 -0.99647 -35.9585 0.0597566 0.996628 0.0562298 0.609632 0.99647 -0.0562298 -0.0623418 22.2755
-0.0646973 0.0630478 -0.995911 -37.078 0.0630478 0.996267 0.0589746 0.666752 0.995911 -0.0589746 -0.0684308 22.1771
-0.068797 0.0670052 -0.995378 -38.2178 0.0670052 0.995799 0.0624024 0.732202 0.995378 -0.0624024 -0.0729977 22.072
-0.0702412 0.0717856 -0.994944 -39.3336 0.0717856 0.995185 0.0667351 0.772674 0.994944 -0.0667351 -0.0750562 21.9509
-0.0718528 0.0751251 -0.994582 -40.4682 0.0751251 0.994735 0.0697092 0.846709 0.994582 -0.0697092 -0.0771182 21.8617
-0.0725418 0.077611 -0.994341 -41.5782 0.077611 0.994384 0.0719523 0.891716 0.994341 -0.0719523 -0.0781578 21.7538
-0.0737997 0.0785036 -0.994178 -42.6832 0.0785036 0.994261 0.0726826 0.959019 0.994178 -0.0726826 -0.0795389 21.6629
-0.0747187 0.0797837 -0.994008 -43.7906 0.0797837 0.994077 0.073792 1.01643 0.994008 -0.073792 -0.0806416 21.5644
-0.0745437 0.0833001 -0.993733 -44.8953 0.0833001 0.993542 0.0770355 1.07657 0.993733 -0.0770355 -0.0810012 21.4606
-0.0744639 0.0879436 -0.993338 -46.0044 0.0879436 0.992802 0.0813036 1.13837 0.993338 -0.0813036 -0.081662 21.3639
-0.0728261 0.0938712 -0.992917 -47.1141 0.0938712 0.991786 0.0868793 1.20144 0.992917 -0.0868793 -0.0810397 21.2531
-0.071629 0.0953766 -0.992861 -48.2315 0.0953766 0.991511 0.0883662 1.2719 0.992861 -0.0883662 -0.0801177 21.1561
-0.0711503 0.0947561 -0.992955 -49.3506 0.0947561 0.991618 0.0878387 1.34592 0.992955 -0.0878387 -0.0795327 21.0734
-0.0688324 0.095486 -0.993048 -50.4543 0.095486 0.99147 0.0887157 1.44866 0.993048 -0.0887157 -0.0773628 20.9736
-0.06837 0.0920132 -0.993408 -51.568 0.0920132 0.992075 0.0855571 1.54268 0.993408 -0.0855571 -0.0762947 20.8916
-0.065357 0.0927191 -0.993545 -52.701 0.0927191 0.991931 0.0864693 1.61936 0.993545 -0.0864693 -0.0734265 20.8108
-0.060013 0.0957392 -0.993596 -53.8275 0.0957392 0.991353 0.0897405 1.69755 0.993596 -0.0897405 -0.06866 20.7138
-0.0532713 0.100438 -0.993516 -54.9652 0.100438 0.990422 0.0947402 1.78265 0.993516 -0.0947402 -0.0628489 20.6298
-0.0469421 0.103054 -0.993567 -56.0808 0.103054 0.989856 0.0978003 1.86607 0.993567 -0.0978003 -0.0570861 20.5771
-0.0407958 0.103294 -0.993814 -57.2115 0.103294 0.989749 0.0986315 1.96016 0.993814 -0.0986315 -0.0510473 20.517
-0.0338832 0.103512 -0.994051 -58.3384 0.103512 0.989636 0.0995238 2.05478 0.994051 -0.0995238 -0.0442468 20.4518
-0.0307191 0.0990509 -0.994608 -59.4757 0.0990509 0.990481 0.0955806 2.14662 0.994608 -0.0955806 -0.0402377 20.438
-0.0255412 0.096985 -0.994958 -60.6171 0.096985 0.990828 0.0940928 2.24622 0.994958 -0.0940928 -0.0347131 20.3919
-0.0197682 0.0960012 -0.995185 -61.7599 0.0960012 0.990962 0.0936869 2.33847 0.995185 -0.0936869 -0.0288058 20.3611
-0.0147644 0.0959067 -0.995281 -62.9147 0.0959067 0.990936 0.0940653 2.43057 0.995281 -0.0940653 -0.0238287 20.3513
-0.0101705 0.0939926 -0.995521 -64.0558 0.0939926 0.991254 0.0926295 2.52672 0.995521 -0.0926295 -0.0189162 20.3385
-0.00453933 0.0939748 -0.995564 -65.1936 0.0939748 0.991209 0.0931352 2.61504 0.995564 -0.0931352 -0.0133307 20.3238
3.12306e-005 0.092818 -0.995683 -66.3372 0.092818 0.991385 0.0924202 2.68389 0.995683 -0.0924202 -0.00858421 20.3193
0.00346233 0.0911623 -0.99583 -67.4975 0.0911623 0.991661 0.0910976 2.76402 0.99583 -0.0910976 -0.00487711 20.3172
0.00591241 0.0903126 -0.995896 -68.689 0.0903126 0.991795 0.0904769 2.85554 0.995896 -0.0904769 -0.00229247 20.3301
0.00892604 0.0911517 -0.995797 -69.9 0.0911517 0.991617 0.0915861 2.95821 0.995797 -0.0915861 0.000542567 20.3216
0.00983173 0.0914259 -0.995763 -71.0978 0.0914259 0.991558 0.0919425 3.05719 0.995763 -0.0919425 0.00139004 20.3164
0.0109314 0.0936731 -0.995543 -72.2954 0.0936731 0.991128 0.0942863 3.14573 0.995543 -0.0942863 0.00205981 20.325
0.0117125 0.0929821 -0.995599 -73.4941 0.0929821 0.991252 0.09367 3.24166 0.995599 -0.09367 0.0029644 20.3226
0.0130676 0.0930632 -0.995574 -74.707 0.0930632 0.991225 0.0938782 3.33404 0.995574 -0.0938782 0.00429218 20.3209
0.0129072 0.0913348 -0.995737 -75.9439 0.0913348 0.991549 0.0921346 3.42646 0.995737 -0.0921346 0.00445607 20.3341
0.012686 0.0881471 -0.996027 -77.1333 0.0881471 0.99213 0.0889249 3.5321 0.996027 -0.0889249 0.00481622 20.3421
0.0132957 0.0861651 -0.996192 -78.3263 0.0861651 0.992476 0.0869936 3.61309 0.996192 -0.0869936 0.00577122 20.3281
0.0114537 0.0849956 -0.996315 -79.5187 0.0849956 0.992692 0.0856636 3.70234 0.996315 -0.0856636 0.00414576 20.3589
0.012428 0.0874856 -0.996088 -80.7192 0.0874856 0.99225 0.08824 3.78964 0.996088 -0.08824 0.00467792 20.3419
0.0153789 0.0887365 -0.995936 -81.8985 0.0887365 0.992003 0.0897563 3.91222 0.995936 -0.0897563 0.0073817 20.2919
0.0162395 0.0910884 -0.99571 -83.0768 0.0910884 0.991566 0.0921949 3.97856 0.99571 -0.0921949 0.00780543 20.2996
0.016476 0.0895996 -0.995842 -84.2642 0.0895996 0.991837 0.0907218 4.04458 0.995842 -0.0907218 0.00831339 20.298
0.0171076 0.0890968 -0.995876 -85.4844 0.0890968 0.991924 0.0902737 4.13651 0.995876 -0.0902737 0.00903116 20.3011
0.0150914 0.0865607 -0.996132 -86.6883 0.0865607 0.992392 0.0875471 4.23201 0.996132 -0.0875471 0.00748381 20.3299
0.016076 0.0853135 -0.996224 -87.8878 0.0853135 0.992603 0.0863801 4.30849 0.996224 -0.0863801 0.00867864 20.3052
0.0150273 0.0862453 -0.996161 -89.0847 0.0862453 0.992448 0.087225 4.40703 0.996161 -0.087225 0.00747552 20.342
0.0168781 0.0897582 -0.995821 -90.2802 0.0897582 0.991805 0.0909176 4.49362 0.995821 -0.0909176 0.00868325 20.3391
0.0163338 0.08834 -0.995956 -91.485 0.08834 0.992066 0.0894437 4.57985 0.995956 -0.0894437 0.00840028 20.3522
0.0159731 0.0867086 -0.996106 -92.6681 0.0867086 0.99236 0.087773 4.64545 0.996106 -0.087773 0.00833265 20.3661
0.0170459 0.0864862 -0.996107 -93.8408 0.0864862 0.99239 0.0876435 4.73396 0.996107 -0.0876435 0.00943628 20.3635
0.0159496 0.0838462 -0.996351 -95.0075 0.0838462 0.992856 0.0848943 4.82495 0.996351 -0.0848943 0.00880549 20.3791
0.0177015 0.080135 -0.996627 -96.1796 0.080135 0.993463 0.0813039 4.88774 0.996627 -0.0813039 0.0111642 20.3188
0.0165368 0.0815351 -0.996533 -97.3432 0.0815351 0.99324 0.0826187 4.9844 0.996533 -0.0826187 0.00977701 20.3644
0.0183016 0.0841812 -0.996282 -98.4999 0.0841812 0.992781 0.0854318 5.06232 0.996282 -0.0854318 0.011083 20.3563
0.0188811 0.0858323 -0.996131 -99.6604 0.0858323 0.992491 0.0871456 5.13811 0.996131 -0.0871456 0.0113722 20.3652
0.0204275 0.0886272 -0.995855 -100.831 0.0886272 0.991981 0.0901004 5.20573 0.995855 -0.0901004 0.0124089 20.3559
0.0210413 0.0897251 -0.995744 -101.999 0.0897251 0.991776 0.0912635 5.27796 0.995744 -0.0912635 0.0128177 20.3708
0.023146 0.0892178 -0.995743 -103.164 0.0892178 0.991852 0.090943 5.35431 0.995743 -0.090943 0.0149976 20.3465
0.0221231 0.0894266 -0.995748 -104.33 0.0894266 0.991822 0.0910608 5.45166 0.995748 -0.0910608 0.0139451 20.3836
0.0209874 0.0883002 -0.995873 -105.496 0.0883002 0.992036 0.0898208 5.52534 0.995873 -0.0898208 0.0130233 20.3996
0.0228254 0.0886239 -0.995804 -106.664 0.0886239 0.991962 0.0903134 5.64056 0.995804 -0.0903134 0.0147877 20.3884
0.0224341 0.0914791 -0.995554 -107.836 0.0914791 0.99144 0.0931625 5.73338 0.995554 -0.0931625 0.0138736 20.3954
0.0225754 0.0946262 -0.995257 -109.026 0.0946262 0.990839 0.0963525 5.81112 0.995257 -0.0963525 0.0134145 20.4052
0.0243256 0.0987187 -0.994818 -110.206 0.0987187 0.990012 0.100656 5.90416 0.994818 -0.100656 0.0143372 20.4005
0.0242401 0.0994844 -0.994744 -111.394 0.0994844 0.989857 0.10142 6.00213 0.994744 -0.10142 0.0140971 20.4166
0.0246807 0.0986724 -0.994814 -112.579 0.0986724 0.990017 0.100645 6.09167 0.994814 -0.100645 0.0146981 20.4147
0.0233551 0.0950176 -0.995202 -113.777 0.0950176 0.990756 0.096823 6.18083 0.995202 -0.096823 0.0141109 20.4269
0.0215248 0.0906628 -0.995649 -114.98 0.0906628 0.991599 0.0922541 6.27862 0.995649 -0.0922541 0.0131242 20.4435
0.0209265 0.0905069 -0.995676 -116.192 0.0905069 0.991633 0.0920417 6.38647 0.995676 -0.0920417 0.0125599 20.4558
0.0201879 0.0882545 -0.995893 -117.409 0.0882545 0.992051 0.089703 6.48821 0.995893 -0.089703 0.0122386 20.4408
0.0196341 0.0871956 -0.995998 -118.628 0.0871956 0.992245 0.0885859 6.58929 0.995998 -0.0885859 0.0118788 20.4358
0.0197919 0.087388 -0.995978 -119.852 0.087388 0.992209 0.0887939 6.69165 0.995978 -0.0887939 0.012001 20.4474
0.0189199 0.0871841 -0.996013 -121.081 0.0871841 0.992252 0.0885111 6.76048 0.996013 -0.0885111 0.0111723 20.4561
0.017369 0.0855671 -0.996181 -122.318 0.0855671 0.992549 0.0867471 6.83316 0.996181 -0.0867471 0.00991787 20.4747
0.0184929 0.0878792 -0.995959 -123.566 0.0878792 0.992132 0.0891732 6.93347 0.995959 -0.0891732 0.0106246 20.4486
0.0180817 0.0930347 -0.995499 -124.823 0.0930347 0.991185 0.0943214 7.02865 0.995499 -0.0943214 0.00926685 20.4593
0.0186078 0.0986864 -0.994945 -126.08 0.0986864 0.990076 0.100049 7.13657 0.994945 -0.100049 0.00868414 20.4643
0.0202207 0.106148 -0.994145 -127.336 0.106148 0.9885 0.107704 7.25251 0.994145 -0.107704 0.00872076 20.4575
0.0205746 0.109401 -0.993785 -128.593 0.109401 0.98778 0.111005 7.34065 0.993785 -0.111005 0.00835455 20.4787
0.020438 0.109973 -0.993724 -129.85 0.109973 0.987654 0.111563 7.45789 0.993724 -0.111563 0.00809161 20.4778
0.0216437 0.111878 -0.993486 -131.104 0.111878 0.987206 0.113608 7.57503 0.993486 -0.113608 0.00885001 20.4651
0.0189338 0.106207 -0.994164 -132.359 0.106207 0.988502 0.107625 7.70225 0.994164 -0.107625 0.00743617 20.4827
0.0204146 0.107759 -0.993967 -133.609 0.107759 0.988146 0.109341 7.81446 0.993967 -0.109341 0.00856059 20.4629
0.0190231 0.107243 -0.994051 -134.875 0.107243 0.988276 0.108672 7.93273 0.994051 -0.108672 0.00729897 20.4612
0.0176872 0.108654 -0.993922 -136.147 0.108654 0.987982 0.109938 8.06351 0.993922 -0.109938 0.00566893 20.4844
0.018346 0.107729 -0.994011 -137.406 0.107729 0.988178 0.109085 8.19701 0.994011 -0.109085 0.00652351 20.4699
0.0208314 0.110224 -0.993688 -138.679 0.110224 0.987592 0.111859 8.30859 0.993688 -0.111859 0.00842346 20.4694
0.0220601 0.110751 -0.993603 -139.932 0.110751 0.987458 0.112525 8.45844 0.993603 -0.112525 0.00951761 20.4588
0.0217085 0.106991 -0.994023 -141.195 0.106991 0.988299 0.108712 8.54748 0.994023 -0.108712 0.0100074 20.4783
0.0208568 0.1072 -0.994019 -142.448 0.1072 0.988263 0.108829 8.66859 0.994019 -0.108829 0.00912017 20.5234
0.0228859 0.109682 -0.993703 -143.706 0.109682 0.987688 0.111544 8.80751 0.993703 -0.111544 0.0105739 20.5215
0.0244087 0.110481 -0.993578 -144.955 0.110481 0.987489 0.112518 8.91938 0.993578 -0.112518 0.0118973 20.5247
0.0269047 0.11381 -0.993138 -146.201 0.11381 0.986689 0.116154 9.04209 0.993138 -0.116154 0.0135939 20.5365
0.0269173 0.112167 -0.993325 -147.439 0.112167 0.98707 0.114501 9.158 0.993325 -0.114501 0.0139877 20.5375
0.0272557 0.111179 -0.993427 -148.68 0.111179 0.987293 0.113543 9.26337 0.993427 -0.113543 0.0145486 20.5237
0.0278019 0.110295 -0.99351 -149.927 0.110295 0.987487 0.112713 9.38265 0.99351 -0.112713 0.015289 20.5538
0.0250682 0.107348 -0.993905 -151.164 0.107348 0.98818 0.109437 9.51109 0.993905 -0.109437 0.0132483 20.5837
0.0241405 0.106648 -0.994004 -152.402 0.106648 0.988345 0.10863 9.61637 0.994004 -0.10863 0.0124855 20.6115
0.0224965 0.104204 -0.994302 -153.637 0.104204 0.988892 0.105994 9.71524 0.994302 -0.105994 0.0113882 20.6323
0.0226283 0.103126 -0.994411 -154.875 0.103126 0.989119 0.104924 9.83146 0.994411 -0.104924 0.0117472 20.6209
0.0201946 0.0986423 -0.994918 -156.109 0.0986423 0.990069 0.100164 9.946 0.994918 -0.100164 0.0102637 20.6442
0.0215078 0.0964243 -0.995108 -157.34 0.0964243 0.990498 0.0980617 10.0638 0.995108 -0.0980617 0.0120058 20.5883
0.0195753 0.102277 -0.994563 -158.568 0.102277 0.989331 0.103752 10.1628 0.994563 -0.103752 0.00890586 20.671
0.0210631 0.101202 -0.994643 -159.803 0.101202 0.989538 0.102826 10.2597 0.994643 -0.102826 0.0106008 20.6305
0.0219986 0.106855 -0.994031 -161.032 0.106855 0.988325 0.108607 10.3796 0.994031 -0.108607 0.0103237 20.6308
0.0248908 0.111847 -0.993414 -162.259 0.111847 0.987171 0.113946 10.5112 0.993414 -0.113946 0.0120618 20.6389
0.0278009 0.115523 -0.992916 -163.477 0.115523 0.986273 0.117984 10.6095 0.992916 -0.117984 0.0140738 20.6407
0.0297857 0.114373 -0.992991 -164.689 0.114373 0.986517 0.117058 10.7156 0.992991 -0.117058 0.016303 20.6546
0.0302666 0.11609 -0.992777 -165.907 0.11609 0.986102 0.118849 10.8108 0.992777 -0.118849 0.0163691 20.6793
0.03062 0.111318 -0.993313 -167.122 0.111318 0.987217 0.114067 10.9302 0.993313 -0.114067 0.0178369 20.7115
0.0281986 0.102599 -0.994323 -168.333 0.102599 0.989168 0.104977 11.0517 0.994323 -0.104977 0.0173665 20.7678
0.0281518 0.099053 -0.994684 -169.536 0.099053 0.989904 0.10138 11.1395 0.994684 -0.10138 0.0180561 20.7715
0.0259069 0.0965369 -0.994992 -170.728 0.0965369 0.990433 0.0986081 11.2469 0.994992 -0.0986081 0.0163397 20.7849
0.0242707 0.09379 -0.995296 -171.932 0.09379 0.990985 0.0956708 11.3542 0.995296 -0.0956708 0.0152553 20.8248
0.0278987 0.0985813 -0.994738 -173.13 0.0985813 0.990003 0.100877 11.4864 0.994738 -0.100877 0.0179016 20.7995
0.0306666 0.0995207 -0.994563 -174.327 0.0995207 0.989782 0.102111 11.5776 0.994563 -0.102111 0.0204489 20.8285
0.0326388 0.101053 -0.994345 -175.529 0.101053 0.989444 0.103872 11.6615 0.994345 -0.103872 0.0220825 20.8308
0.0329147 0.0993334 -0.99451 -176.73 0.0993334 0.989797 0.10215 11.7586 0.99451 -0.10215 0.0227118 20.8616
0.0326774 0.0988139 -0.994569 -177.916 0.0988139 0.989906 0.101597 11.8706 0.994569 -0.101597 0.0225833 20.905
0.036449 0.0995975 -0.99436 -179.088 0.0995975 0.989705 0.102782 11.953 0.99436 -0.102782 0.0261541 20.8822
0.0370535 0.0997741 -0.99432 -180.234 0.0997741 0.989662 0.103025 12.0456 0.99432 -0.103025 0.0267155 20.9304
0.0379368 0.100101 -0.994254 -181.348 0.100101 0.989585 0.103451 12.1404 0.994254 -0.103451 0.0275214 20.9689
0.0391853 0.10129 -0.994085 -182.431 0.10129 0.989322 0.104798 12.2586 0.994085 -0.104798 0.0285071 20.9799
0.0396397 0.100774 -0.994119 -183.496 0.100774 0.989425 0.104316 12.319 0.994119 -0.104316 0.0290652 20.9899
0.0398301 0.101115 -0.994077 -184.533 0.101115 0.989352 0.104685 12.4035 0.994077 -0.104685 0.0291818 21.0129
0.0393407 0.0999381 -0.994216 -185.538 0.0999381 0.989603 0.103429 12.5024 0.994216 -0.103429 0.028944 21.0475
0.042073 0.0994509 -0.994153 -186.511 0.0994509 0.989675 0.103212 12.5621 0.994153 -0.103212 0.0317481 21.0384
0.0447012 0.103855 -0.993587 -187.458 0.103855 0.988709 0.108017 12.6388 0.993587 -0.108017 0.0334106 21.0794
0.041626 0.100117 -0.994105 -188.39 0.100117 0.989541 0.103849 12.7051 0.994105 -0.103849 0.0311673 21.1316
0.0403872 0.0969897 -0.994466 -189.323 0.0969897 0.990197 0.100512 12.7818 0.994466 -0.100512 0.0305843 21.0983
0.0349901 0.100137 -0.994358 -190.243 0.100137 0.989609 0.103183 12.842 0.994358 -0.103183 0.0245991 21.1578
0.0313031 0.101759 -0.994317 -191.162 0.101759 0.989311 0.10445 12.9025 0.994317 -0.10445 0.0206137 21.1454
0.0280307 0.105437 -0.994031 -192.084 0.105437 0.988562 0.10783 12.9826 0.994031 -0.10783 0.0165931 21.1696
0.025414 0.107744 -0.993854 -192.996 0.107744 0.988089 0.109874 13.0375 0.993854 -0.109874 0.0135026 21.171
0.024055 0.106478 -0.994024 -193.911 0.106478 0.988383 0.108451 13.1388 0.994024 -0.108451 0.012438 21.1537
0.0217084 0.104558 -0.994282 -194.82 0.104558 0.988825 0.106267 13.2138 0.994282 -0.106267 0.0105334 21.1657
0.0200367 0.102031 -0.994579 -195.724 0.102031 0.989377 0.103552 13.2951 0.994579 -0.103552 0.00941363 21.153
0.016947 0.103479 -0.994487 -196.625 0.103479 0.989107 0.104683 13.3792 0.994487 -0.104683 0.00605448 21.1999
0.0179106 0.105584 -0.994249 -197.528 0.105584 0.988649 0.106892 13.4474 0.994249 -0.106892 0.00655921 21.1812
0.0185794 0.108654 -0.993906 -198.427 0.108654 0.987971 0.110036 13.528 0.993906 -0.110036 0.00655015 21.1813
0.01986 0.112028 -0.993507 -199.333 0.112028 0.987195 0.113556 13.6056 0.993507 -0.113556 0.00705548 21.1899
0.0208223 0.110485 -0.99366 -200.238 0.110485 0.987534 0.112119 13.6816 0.99366 -0.112119 0.00835585 21.184
0.0222269 0.110802 -0.993594 -201.149 0.110802 0.987444 0.112595 13.764 0.993594 -0.112595 0.00967071 21.1875
0.0225889 0.110657 -0.993602 -202.064 0.110657 0.987472 0.11249 13.8532 0.993602 -0.11249 0.0100609 21.1963
0.0234335 0.106994 -0.993983 -202.989 0.106994 0.988278 0.108902 13.9365 0.993983 -0.108902 0.011711 21.1835
0.0231503 0.107211 -0.993967 -203.92 0.107211 0.988233 0.109089 14.0361 0.993967 -0.109089 0.0113837 21.1964
0.022685 0.101204 -0.994607 -204.849 0.101204 0.98952 0.102994 14.1299 0.994607 -0.102994 0.012205 21.2094
0.0234763 0.10012 -0.994698 -205.787 0.10012 0.989735 0.101983 14.203 0.994698 -0.101983 0.0132114 21.2124
0.0248246 0.103672 -0.994302 -206.736 0.103672 0.988978 0.105706 14.2855 0.994302 -0.105706 0.0138031 21.2202
0.0272768 0.105874 -0.994005 -207.7 0.105874 0.988476 0.108191 14.3704 0.994005 -0.108191 0.0157531 21.2142
0.0284365 0.103556 -0.994217 -208.659 0.103556 0.988962 0.10597 14.476 0.994217 -0.10597 0.0173988 21.2358
0.0304742 0.102005 -0.994317 -209.653 0.102005 0.989268 0.104613 14.574 0.994317 -0.104613 0.0197421 21.2557
0.0332629 0.104235 -0.993996 -210.646 0.104235 0.988761 0.107174 14.6667 0.993996 -0.107174 0.0220242 21.2332
0.0319348 0.0993085 -0.994544 -211.654 0.0993085 0.989812 0.102025 14.7659 0.994544 -0.102025 0.0217473 21.293
0.0336322 0.101692 -0.994247 -212.654 0.101692 0.989299 0.104625 14.8819 0.994247 -0.104625 0.0229311 21.3422
0.0353802 0.105684 -0.99377 -213.686 0.105684 0.988421 0.108877 14.9248 0.99377 -0.108877 0.0238015 21.3827
0.0365485 0.102761 -0.994034 -214.726 0.102761 0.98904 0.106023 15.0431 0.994034 -0.106023 0.0255881 21.4166
0.0436517 0.110479 -0.992919 -215.772 0.110479 0.987237 0.114704 15.1709 0.992919 -0.114704 0.0308889 21.4451
0.0458765 0.109083 -0.992973 -216.798 0.109083 0.987529 0.113525 15.2477 0.992973 -0.113525 0.0334052 21.4588
0.0490093 0.10861 -0.992876 -217.795 0.10861 0.987596 0.113393 15.3457 0.992876 -0.113393 0.0366053 21.5101
0.0521837 0.110025 -0.992558 -218.818 0.110025 0.987228 0.115219 15.4436 0.992558 -0.115219 0.0394117 21.5406
0.0497047 0.106128 -0.993109 -219.862 0.106128 0.988148 0.110909 15.5525 0.993109 -0.110909 0.0378525 21.6418
0.0544883 0.11163 -0.992255 -220.907 0.11163 0.986821 0.117149 15.6708 0.992255 -0.117149 0.0413088 21.6364
0.0544076 0.110761 -0.992357 -221.945 0.110761 0.987026 0.116239 15.7893 0.992357 -0.116239 0.0414337 21.7033
0.054564 0.109864 -0.992448 -222.989 0.109864 0.987233 0.115327 15.9002 0.992448 -0.115327 0.0417972 21.7594
0.0554616 0.106298 -0.992786 -224.047 0.106298 0.988037 0.111728 15.9965 0.992786 -0.111728 0.0434988 21.7617
0.0550341 0.105197 -0.992927 -225.111 0.105197 0.988289 0.110536 16.075 0.992927 -0.110536 0.0433232 21.8208
0.0519067 0.104959 -0.993121 -226.18 0.104959 0.98838 0.109944 16.2097 0.993121 -0.109944 0.0402872 21.9339
0.047432 0.101807 -0.993673 -227.271 0.101807 0.989119 0.1062 16.3236 0.993673 -0.1062 0.0365513 22.0479
0.0509339 0.107021 -0.992951 -228.387 0.107021 0.987932 0.11197 16.3958 0.992951 -0.11197 0.0388656 22.049
0.0474952 0.104028 -0.99344 -229.497 0.104028 0.988639 0.108498 16.5242 0.99344 -0.108498 0.0361339 22.0913
0.0463463 0.106508 -0.993231 -230.616 0.106508 0.988105 0.110928 16.6365 0.993231 -0.110928 0.0344511 22.1561
0.0482287 0.108192 -0.99296 -231.751 0.108192 0.987701 0.112874 16.725 0.99296 -0.112874 0.0359301 22.1459
0.0487754 0.109503 -0.992789 -232.887 0.109503 0.987394 0.114288 16.8575 0.992789 -0.114288 0.0361696 22.1472
0.0481257 0.11292 -0.992438 -234.029 0.11292 0.986604 0.117732 16.9658 0.992438 -0.117732 0.0347302 22.1989
0.0468732 0.110536 -0.992766 -235.175 0.110536 0.987181 0.115133 17.0673 0.992766 -0.115133 0.0340541 22.2227
0.0454586 0.105749 -0.993353 -236.327 0.105749 0.988284 0.110049 17.173 0.993353 -0.110049 0.0337431 22.2403
0.0425168 0.103569 -0.993713 -237.493 0.103569 0.988797 0.107487 17.2672 0.993713 -0.107487 0.0313141 22.3
0.0387911 0.097115 -0.994517 -238.667 0.097115 0.990188 0.10048 17.3738 0.994517 -0.10048 0.0289791 22.3274
0.0354117 0.0934767 -0.994992 -239.853 0.0934767 0.990941 0.096423 17.4911 0.994992 -0.096423 0.0263531 22.3612
0.0328971 0.0913225 -0.995278 -241.041 0.0913225 0.991377 0.0939831 17.5975 0.995278 -0.0939831 0.0242736 22.3658
0.072576 0.157142 -0.984906 -242.223 0.157142 0.973374 0.166882 17.7277 0.984906 -0.166882 0.0459499 22.2129
0.0406742 0.113653 -0.992688 -243.432 0.113653 0.986535 0.117605 17.8465 0.992688 -0.117605 0.0272095 22.3712
0.0425374 0.119914 -0.991873 -244.632 0.119914 0.984982 0.124223 17.9866 0.991873 -0.124223 0.0275193 22.3796
0.0469018 0.130387 -0.990353 -245.831 0.130387 0.982163 0.135484 18.1683 0.990353 -0.135484 0.0290644 22.3793
0.0392765 0.120935 -0.991883 -247.054 0.120935 0.984777 0.124857 18.2643 0.991883 -0.124857 0.0240534 22.4101
0.0385617 0.12432 -0.991493 -248.271 0.12432 0.983925 0.128207 18.4086 0.991493 -0.128207 0.0224863 22.4286
0.0372888 0.126087 -0.991318 -249.501 0.126087 0.983486 0.129834 18.5637 0.991318 -0.129834 0.0207751 22.4381
0.0342892 0.126325 -0.991396 -250.739 0.126325 0.983475 0.129685 18.6921 0.991396 -0.129685 0.0177647 22.4635
0.0321327 0.127176 -0.99136 -251.979 0.127176 0.983289 0.130263 18.8401 0.99136 -0.130263 0.0154219 22.4674
0.0301512 0.128748 -0.991219 -253.211 0.128748 0.982909 0.131585 18.9872 0.991219 -0.131585 0.0130599 22.4641
0.0302253 0.131394 -0.990869 -254.442 0.131394 0.982197 0.134252 19.1325 0.990869 -0.134252 0.0124228 22.4599
0.0304237 0.13443 -0.990456 -255.69 0.13443 0.981362 0.137325 19.2872 0.990456 -0.137325 0.0117853 22.4643
0.0289221 0.134841 -0.990445 -256.941 0.134841 0.981276 0.13753 19.4309 0.990445 -0.13753 0.0101985 22.5
0.0291402 0.134245 -0.99052 -258.185 0.134245 0.981437 0.136963 19.5764 0.99052 -0.136963 0.0105776 22.5091
0.0281465 0.13122 -0.990954 -259.423 0.13122 0.982283 0.133799 19.7266 0.990954 -0.133799 0.0104292 22.5268
0.026535 0.13024 -0.991127 -260.675 0.13024 0.982575 0.132603 19.8659 0.991127 -0.132603 0.00911018 22.547
0.0276709 0.129993 -0.991129 -261.931 0.129993 0.982621 0.132507 20.0163 0.991129 -0.132507 0.0102918 22.5384
0.026412 0.127734 -0.991457 -263.181 0.127734 0.983241 0.130078 20.1573 0.991457 -0.130078 0.00965342 22.5529
0.0268494 0.127967 -0.991415 -264.428 0.127967 0.983173 0.130369 20.3025 0.991415 -0.130369 0.010022 22.5634
0.0264725 0.125447 -0.991747 -265.67 0.125447 0.983835 0.127795 20.4394 0.991747 -0.127795 0.0103076 22.5684
0.0247286 0.121448 -0.99229 -266.924 0.121448 0.984876 0.123567 20.5848 0.99229 -0.123567 0.009605 22.5826
0.023231 0.118218 -0.992716 -268.171 0.118218 0.985692 0.120148 20.73 0.992716 -0.120148 0.00892319 22.6009
0.0229541 0.114743 -0.99313 -269.417 0.114743 0.986525 0.116632 20.8872 0.99313 -0.116632 0.00947886 22.5942
0.0240237 0.117633 -0.992766 -270.654 0.117633 0.985822 0.119657 20.9913 0.992766 -0.119657 0.00984542 22.5978
0.0260221 0.118395 -0.992626 -271.889 0.118395 0.985608 0.120662 21.1165 0.992626 -0.120662 0.0116303 22.5603
0.0260968 0.125668 -0.991729 -273.132 0.125668 0.983784 0.127968 21.2342 0.991729 -0.127968 0.00988129 22.61
0.0272051 0.130799 -0.991036 -274.377 0.130799 0.982413 0.133251 21.3786 0.991036 -0.133251 0.0096184 22.5953
0.028746 0.134056 -0.990557 -275.609 0.134056 0.981497 0.13672 21.5249 0.990557 -0.13672 0.0102432 22.5911
0.030008 0.133338 -0.990616 -276.831 0.133338 0.981671 0.136174 21.6763 0.990616 -0.136174 0.0116788 22.5911
0.0289214 0.130639 -0.991008 -278.051 0.130639 0.982425 0.13332 21.7844 0.991008 -0.13332 0.0113466 22.6204
0.0267082 0.123764 -0.991952 -279.274 0.123764 0.984262 0.126136 21.9093 0.991952 -0.126136 0.0109704 22.6284
0.0265821 0.121523 -0.992233 -280.504 0.121523 0.984829 0.123872 22.0632 0.992233 -0.123872 0.0114111 22.6603
0.027648 0.119924 -0.992398 -281.733 0.119924 0.985209 0.122396 22.1967 0.992398 -0.122396 0.0128574 22.6643
0.0291974 0.121757 -0.99213 -282.966 0.121757 0.984729 0.124432 22.337 0.99213 -0.124432 0.0139267 22.679
0.030414 0.121825 -0.992085 -284.193 0.121825 0.984693 0.124652 22.485 0.992085 -0.124652 0.015107 22.6729
0.0310822 0.119793 -0.992312 -285.418 0.119793 0.985189 0.122685 22.6287 0.992312 -0.122685 0.0162716 22.654
0.0313201 0.120941 -0.992165 -286.636 0.120941 0.9849 0.123873 22.7548 0.992165 -0.123873 0.0162204 22.7019
0.0307857 0.121245 -0.992145 -287.851 0.121245 0.984833 0.124114 22.8855 0.992145 -0.124114 0.0156184 22.722
0.0326141 0.121433 -0.992064 -289.066 0.121433 0.984757 0.12453 23.0128 0.992064 -0.12453 0.0173711 22.7149
0.0312567 0.121975 -0.992041 -290.283 0.121975 0.984642 0.124908 23.1345 0.992041 -0.124908 0.0158988 22.767
0.0318092 0.120953 -0.992148 -291.503 0.120953 0.98489 0.123946 23.2602 0.992148 -0.123946 0.0166989 22.8128
0.034078 0.126266 -0.991411 -292.72 0.126266 0.983494 0.129598 23.395 0.991411 -0.129598 0.0175724 22.7846
0.0328772 0.122122 -0.99197 -293.939 0.122122 0.984579 0.125259 23.526 0.99197 -0.125259 0.0174565 22.8022
0.0343412 0.12338 -0.991765 -295.156 0.12338 0.984236 0.126715 23.6575 0.991765 -0.126715 0.0185773 22.8209
0.033704 0.123238 -0.991805 -296.402 0.123238 0.984283 0.126491 23.7959 0.991805 -0.126491 0.0179867 22.848
0.0344105 0.122401 -0.991884 -297.588 0.122401 0.984484 0.125734 23.9121 0.991884 -0.125734 0.0188947 22.8627
0.0346146 0.126081 -0.991416 -298.815 0.126081 0.983534 0.12948 24.0269 0.991416 -0.12948 0.0181483 22.86
0.0371351 0.130137 -0.9908 -300.041 0.130137 0.982411 0.133913 24.1692 0.9908 -0.133913 0.0195463 22.8638
0.0370964 0.131248 -0.990655 -301.268 0.131248 0.98211 0.135031 24.315 0.990655 -0.135031 0.0192068 22.8552
0.0374198 0.13538 -0.990087 -302.492 0.13538 0.98096 0.139248 24.4569 0.990087 -0.139248 0.0183797 22.8901
0.0374234 0.136066 -0.989993 -303.728 0.136066 0.980766 0.139941 24.6051 0.989993 -0.139941 0.0181898 22.9118
0.0376202 0.135771 -0.990026 -304.964 0.135771 0.980846 0.139671 24.7591 0.990026 -0.139671 0.018466 22.9039
0.0356936 0.133122 -0.990457 -306.206 0.133122 0.981623 0.136732 24.8899 0.990457 -0.136732 0.0173163 22.9479
0.0340348 0.130712 -0.990836 -307.447 0.130712 0.982312 0.134078 25.038 0.990836 -0.134078 0.0163471 22.9626
0.0323077 0.12867 -0.991161 -308.689 0.12867 0.982891 0.13179 25.1913 0.991161 -0.13179 0.0151991 22.9805
0.0316601 0.127769 -0.991299 -309.929 0.127769 0.983141 0.130798 25.3398 0.991299 -0.130798 0.0148015 22.9836
0.0317253 0.128334 -0.991223 -311.162 0.128334 0.982991 0.131376 25.4736 0.991223 -0.131376 0.014716 22.9842
0.0316461 0.129879 -0.991025 -312.399 0.129879 0.98258 0.132919 25.6221 0.991025 -0.132919 0.0142264 23.0069
0.032287 0.129166 -0.991097 -313.634 0.129166 0.98276 0.132287 25.7572 0.991097 -0.132287 0.0150466 23.0099
0.0339629 0.126973 -0.991325 -314.887 0.126973 0.983311 0.130297 25.8954 0.991325 -0.130297 0.017274 23.0053
0.0320759 0.124193 -0.99174 -316.133 0.124193 0.984065 0.127249 26.0361 0.99174 -0.127249 0.0161409 23.0509
0.0317089 0.120425 -0.992216 -317.38 0.120425 0.985023 0.1234 26.1854 0.992216 -0.1234 0.0167319 23.0639
0.0313963 0.119515 -0.992336 -318.626 0.119515 0.985253 0.122443 26.3183 0.992336 -0.122443 0.0166494 23.0914
0.0297723 0.117577 -0.992617 -319.917 0.117577 0.985752 0.12029 26.4688 0.992617 -0.12029 0.0155239 23.1364
0.032088 0.117692 -0.992532 -321.126 0.117692 0.985689 0.120686 26.5827 0.992532 -0.120686 0.0177774 23.124
0.0326039 0.117807 -0.992501 -322.372 0.117807 0.985654 0.120865 26.7156 0.992501 -0.120865 0.0182576 23.1479
0.0344778 0.119952 -0.992181 -323.629 0.119952 0.985098 0.123264 26.8517 0.992181 -0.123264 0.0195754 23.1678
0.0369397 0.121031 -0.991961 -324.885 0.121031 0.98479 0.124663 26.9742 0.991961 -0.124663 0.0217294 23.1889
0.0388282 0.124179 -0.9915 -326.143 0.124179 0.983957 0.128097 27.1274 0.9915 -0.128097 0.0227849 23.223
0.0412409 0.125763 -0.991203 -327.399 0.125763 0.983503 0.130019 27.2615 0.991203 -0.130019 0.0247441 23.2479
0.0401575 0.126492 -0.991154 -328.677 0.126492 0.98333 0.130619 27.4159 0.991154 -0.130619 0.0234878 23.289
0.0422243 0.131297 -0.990444 -329.913 0.131297 0.982001 0.135775 27.5702 0.990444 -0.135775 0.0242255 23.2981
0.0414162 0.13321 -0.990222 -331.164 0.13321 0.981488 0.137607 27.7366 0.990222 -0.137607 0.0229046 23.3536
0.0444694 0.138844 -0.989315 -332.422 0.138844 0.979825 0.143753 27.873 0.989315 -0.143753 0.0242946 23.3181
0.0453124 0.144083 -0.988528 -333.675 0.144083 0.978255 0.14919 28.0144 0.988528 -0.14919 0.0235672 23.3678
0.0451287 0.141955 -0.988844 -334.915 0.141955 0.978896 0.147006 28.1718 0.988844 -0.147006 0.0240251 23.3811
0.0468726 0.144459 -0.9884 -336.151 0.144459 0.978105 0.149805 28.3204 0.9884 -0.149805 0.0249779 23.4301
0.0462376 0.144631 -0.988405 -337.399 0.144631 0.978068 0.149884 28.4435 0.988405 -0.149884 0.0243054 23.4534
0.0466875 0.141336 -0.98886 -338.64 0.141336 0.979046 0.146606 28.6223 0.98886 -0.146606 0.0257333 23.3755
0.0459794 0.143407 -0.988595 -339.874 0.143407 0.978443 0.148604 28.7961 0.988595 -0.148604 0.0244226 23.4788
0.0467583 0.142749 -0.988654 -341.106 0.142749 0.978623 0.148052 28.9493 0.988654 -0.148052 0.0253814 23.4513
0.0438325 0.139833 -0.989204 -342.332 0.139833 0.97955 0.144665 29.108 0.989204 -0.144665 0.0233829 23.5127
0.0446077 0.142779 -0.988749 -343.547 0.142779 0.978662 0.147764 29.288 0.988749 -0.147764 0.02327 23.5367
0.0444177 0.141856 -0.98889 -344.75 0.141856 0.978941 0.146801 29.4539 0.98889 -0.146801 0.0233592 23.5578
0.0466005 0.143481 -0.988555 -345.944 0.143481 0.978407 0.148772 29.5872 0.988555 -0.148772 0.0250075 23.5251
0.0472333 0.147366 -0.987954 -347.12 0.147366 0.977207 0.152808 29.7526 0.987954 -0.152808 0.02444 23.5828
0.0485269 0.144966 -0.988246 -348.284 0.144966 0.977913 0.150568 29.9184 0.988246 -0.150568 0.02644 23.5443
0.0496863 0.148713 -0.987631 -349.434 0.148713 0.976728 0.154553 30.0788 0.987631 -0.154553 0.0264143 23.5767
0.0474631 0.145583 -0.988207 -350.572 0.145583 0.97775 0.151034 30.2195 0.988207 -0.151034 0.0252127 23.5984
0.0469804 0.144966 -0.988321 -351.686 0.144966 0.977949 0.150336 30.396 0.988321 -0.150336 0.0249291 23.6277
0.0463147 0.146254 -0.988162 -352.785 0.146254 0.977571 0.151542 30.5495 0.988162 -0.151542 0.0238856 23.6474
0.0457623 0.147324 -0.988029 -353.869 0.147324 0.977255 0.152541 30.6889 0.988029 -0.152541 0.0230171 23.6831
0.0444681 0.146313 -0.988238 -354.932 0.146313 0.977596 0.151321 30.8423 0.988238 -0.151321 0.0220644 23.7291
0.0466958 0.147093 -0.98802 -355.983 0.147093 0.977304 0.15245 30.9447 0.98802 -0.15245 0.0239996 23.7147
0.0479692 0.148173 -0.987797 -357.023 0.148173 0.976939 0.15374 31.0497 0.987797 -0.15374 0.0249078 23.7507
0.0478583 0.14923 -0.987644 -358.058 0.14923 0.976611 0.154794 31.167 0.987644 -0.154794 0.0244694 23.7779
0.0477009 0.150512 -0.987457 -359.097 0.150512 0.976211 0.156069 31.2927 0.987457 -0.156069 0.0239122 23.7863
0.0467154 0.151123 -0.987411 -360.124 0.151123 0.976043 0.156533 31.4528 0.987411 -0.156533 0.0227581 23.8003
0.0442779 0.150473 -0.987622 -361.146 0.150473 0.976309 0.155496 31.6078 0.987622 -0.155496 0.0205868 23.8115
0.0456875 0.154279 -0.98697 -362.147 0.154279 0.975058 0.159559 31.7742 0.98697 -0.159559 0.0207458 23.8344
0.0451611 0.155849 -0.986748 -363.136 0.155849 0.974562 0.161057 31.906 0.986748 -0.161057 0.0197234 23.8542
0.0487362 0.159011 -0.986073 -364.103 0.159011 0.97342 0.16483 32.0387 0.986073 -0.16483 0.0221562 23.834
0.0553174 0.163003 -0.985074 -365.031 0.163003 0.971874 0.169972 32.1588 0.985074 -0.169972 0.0271917 23.8016
0.0566999 0.163323 -0.984942 -365.931 0.163323 0.971722 0.170533 32.2798 0.984942 -0.170533 0.0284222 23.8835
0.0617867 0.164127 -0.984502 -366.806 0.164127 0.971288 0.172225 32.421 0.984502 -0.172225 0.033075 23.9091
0.0666589 0.16118 -0.984671 -367.657 0.16118 0.972166 0.170044 32.5449 0.984671 -0.170044 0.0388244 23.9237
0.0750316 0.158932 -0.984434 -368.488 0.158932 0.972692 0.169149 32.6476 0.984434 -0.169149 0.0477233 23.9796
0.0878594 0.156518 -0.98376 -369.284 0.156518 0.973142 0.168807 32.7761 0.98376 -0.168807 0.0610019 24.0275
0.104012 0.153282 -0.982693 -370.052 0.153282 0.973777 0.168115 32.8872 0.982693 -0.168115 0.0777894 24.1238
0.12379 0.146237 -0.981474 -370.795 0.146237 0.975593 0.163805 32.991 0.981474 -0.163805 0.0993831 24.2274
0.146463 0.139327 -0.979355 -371.505 0.139327 0.977257 0.159865 33.1037 0.979355 -0.159865 0.12372 24.3447
0.172276 0.1323 -0.976124 -372.17 0.1323 0.978854 0.15602 33.2208 0.976124 -0.15602 0.151129 24.5052
0.200495 0.12467 -0.97173 -372.822 0.12467 0.98056 0.151526 33.3224 0.97173 -0.151526 0.181055 24.6737
0.230474 0.11704 -0.966014 -373.429 0.11704 0.982199 0.146924 33.4289 0.966014 -0.146924 0.212673 24.8739
0.262459 0.109602 -0.958699 -374.024 0.109602 0.983713 0.142467 33.5347 0.958699 -0.142467 0.246171 25.098
0.296358 0.101972 -0.949618 -374.59 0.101972 0.985222 0.137619 33.6303 0.949618 -0.137619 0.28158 25.3478
0.333999 0.0950505 -0.937769 -375.116 0.0950505 0.986435 0.133837 33.7117 0.937769 -0.133837 0.320434 25.5888
0.374388 0.0882432 -0.923064 -375.646 0.0882432 0.987553 0.130199 33.792 0.923064 -0.130199 0.361941 25.8758
0.416957 0.0820177 -0.905218 -376.123 0.0820177 0.988462 0.127339 33.8633 0.905218 -0.127339 0.40542 26.1709
0.460273 0.075524 -0.884559 -376.605 0.075524 0.989432 0.123776 33.9421 0.884559 -0.123776 0.449704 26.525
0.503673 0.0703388 -0.861026 -377.031 0.0703388 0.990032 0.122024 34.0118 0.861026 -0.122024 0.493705 26.8715
0.544812 0.0612944 -0.836315 -377.472 0.0612944 0.991746 0.112616 34.0824 0.836315 -0.112616 0.536558 27.2563
0.585946 0.0572511 -0.808325 -377.928 0.0572511 0.992084 0.111767 34.1392 0.808325 -0.111767 0.57803 27.6218
0.625334 0.0523978 -0.778596 -378.273 0.0523978 0.992672 0.108888 34.2051 0.778596 -0.108888 0.618006 28.0416
0.663022 0.0499864 -0.74693 -378.664 0.0499864 0.992585 0.110797 34.2673 0.74693 -0.110797 0.655607 28.4745
0.697308 0.0459564 -0.715296 -378.993 0.0459564 0.993023 0.1086 34.3428 0.715296 -0.1086 0.690331 28.9035
0.730705 0.0432872 -0.681319 -379.336 0.0432872 0.993042 0.109517 34.4042 0.681319 -0.109517 0.723747 29.3944
0.762474 0.0407104 -0.645737 -379.642 0.0407104 0.993023 0.110675 34.4634 0.645737 -0.110675 0.755496 29.8535
0.791576 0.0380237 -0.609886 -379.944 0.0380237 0.993063 0.111264 34.5231 0.609886 -0.111264 0.784639 30.3767
0.819216 0.0350352 -0.572414 -380.23 0.0350352 0.99321 0.110931 34.5847 0.572414 -0.110931 0.812426 30.9198
0.843827 0.0306741 -0.535737 -380.475 0.0306741 0.993975 0.105225 34.65 0.535737 -0.105225 0.837803 31.4493
0.866259 0.0269421 -0.498868 -380.73 0.0269421 0.994572 0.100497 34.7124 0.498868 -0.100497 0.860832 32.0202
0.886571 0.0232971 -0.462006 -380.962 0.0232971 0.995215 0.0948911 34.7709 0.462006 -0.0948911 0.881786 32.5814
0.90464 0.0206212 -0.425677 -381.191 0.0206212 0.995541 0.0920509 34.8215 0.425677 -0.0920509 0.900181 33.1879
0.920027 0.0183133 -0.391427 -381.359 0.0183133 0.995806 0.0896341 34.8748 0.391427 -0.0896341 0.915833 33.8288
0.934292 0.0163296 -0.356134 -381.574 0.0163296 0.995942 0.088506 34.9268 0.356134 -0.088506 0.930234 34.4438
0.947557 0.0153646 -0.319218 -381.754 0.0153646 0.995499 0.0935231 34.9951 0.319218 -0.0935231 0.943055 35.1177
0.958471 0.0138368 -0.284853 -381.899 0.0138368 0.99539 0.0949092 35.0312 0.284853 -0.0949092 0.953861 35.7888
0.967653 0.0119035 -0.252005 -382.034 0.0119035 0.99562 0.0927356 35.1127 0.252005 -0.0927356 0.963272 36.4944
0.975153 0.0101202 -0.221301 -382.124 0.0101202 0.995878 0.0901364 35.1746 0.221301 -0.0901364 0.971031 37.2254
0.980971 0.00870395 -0.19396 -382.294 0.00870395 0.996019 0.0887172 35.2368 0.19396 -0.0887172 0.97699 37.9476
0.985132 0.00768361 -0.171628 -382.362 0.00768361 0.996029 0.0886946 35.2893 0.171628 -0.0886946 0.981161 38.7206
0.988309 0.00698037 -0.152306 -382.457 0.00698037 0.995832 0.0909356 35.3562 0.152306 -0.0909356 0.984141 39.5015
0.991005 0.00626869 -0.133678 -382.569 0.00626869 0.995631 0.093161 35.4292 0.133678 -0.093161 0.986636 40.2957
0.993233 0.0055614 -0.116009 -382.629 0.0055614 0.99543 0.0953349 35.4914 0.116009 -0.0953349 0.988662 41.1186
0.995173 0.00475485 -0.0980212 -382.69 0.00475485 0.995316 0.0965555 35.5625 0.0980212 -0.0965555 0.990489 41.947
0.99675 0.00395459 -0.0804638 -382.746 0.00395459 0.995189 0.0978987 35.6388 0.0804638 -0.0978987 0.991938 42.8035
0.997914 0.00321006 -0.0644749 -382.77 0.00321006 0.99506 0.0992258 35.7162 0.0644749 -0.0992258 0.992974 43.6771
0.998631 0.0026096 -0.0522437 -382.794 0.0026096 0.995026 0.0995842 35.798 0.0522437 -0.0995842 0.993657 44.565
0.999031 0.00219442 -0.0439592 -382.813 0.00219442 0.995031 0.0995426 35.876 0.0439592 -0.0995426 0.994062 45.4691
0.999256 0.00190426 -0.0385138 -382.826 0.00190426 0.995124 0.0986094 35.9608 0.0385138 -0.0986094 0.994381 46.393
0.999524 0.00150616 -0.030819 -382.876 0.00150616 0.995236 0.0974863 36.0413 0.030819 -0.0974863 0.99476 47.325
0.99968 0.00122816 -0.0252593 -382.887 0.00122816 0.995284 0.0969991 36.1208 0.0252593 -0.0969991 0.994964 48.2841
0.999805 0.00096145 -0.0197139 -382.915 0.00096145 0.995255 0.0972992 36.2005 0.0197139 -0.0972992 0.99506 49.253
0.999872 0.000795027 -0.0160026 -382.929 0.000795027 0.995076 0.0991115 36.2945 0.0160026 -0.0991115 0.994948 50.2803
0.999899 0.000722059 -0.0141996 -382.921 0.000722059 0.994842 0.101434 36.3889 0.0141996 -0.101434 0.994741 51.3017
0.999908 0.000703718 -0.0135133 -382.933 0.000703718 0.994591 0.103866 36.4898 0.0135133 -0.103866 0.9945 52.3435
0.999922 0.000668914 -0.0124699 -382.943 0.000668914 0.994262 0.106972 36.579 0.0124699 -0.106972 0.994184 53.3821
0.99994 0.00058985 -0.0109653 -382.921 0.00058985 0.99423 0.107271 36.6992 0.0109653 -0.107271 0.994169 54.4263
0.999974 0.000387637 -0.00721724 -382.95 0.000387637 0.994247 0.107109 36.7921 0.00721724 -0.107109 0.994221 55.4702
0.999981 0.000327267 -0.00609636 -382.936 0.000327267 0.994253 0.107055 36.8841 0.00609636 -0.107055 0.994234 56.508
0.999984 0.000298324 -0.00559155 -382.913 0.000298324 0.994323 0.106402 36.9898 0.00559155 -0.106402 0.994308 57.5494
0.999998 9.53817e-005 -0.00179307 -382.942 9.53817e-005 0.994357 0.106089 37.0746 0.00179307 -0.106089 0.994355 58.5795
0.999999 -7.8583e-005 0.00147118 -382.952 -7.8583e-005 0.99431 0.106526 37.151 -0.00147118 -0.106526 0.994309 59.6197
0.999993 -0.000203284 0.0037652 -382.931 -0.000203284 0.994187 0.107666 37.2481 -0.0037652 -0.107666 0.99418 60.6488
0.999982 -0.000330956 0.00605723 -382.928 -0.000330956 0.994047 0.10895 37.3446 -0.00605723 -0.10895 0.994029 61.6711
0.99996 -0.000493507 0.00891361 -382.924 -0.000493507 0.993888 0.11039 37.43 -0.00891361 -0.11039 0.993848 62.6781
0.999929 -0.000659871 0.0119244 -382.857 -0.000659871 0.993894 0.110334 37.5425 -0.0119244 -0.110334 0.993823 63.6812
0.999921 -0.000687169 0.0125784 -382.88 -0.000687169 0.994049 0.108933 37.6205 -0.0125784 -0.108933 0.99397 64.691
0.999897 -0.000781595 0.0143564 -382.87 -0.000781595 0.99409 0.108557 37.7099 -0.0143564 -0.108557 0.993987 65.6909
0.99984 -0.000982432 0.0178359 -382.875 -0.000982432 0.993951 0.109822 37.7941 -0.0178359 -0.109822 0.993791 66.6893
0.999886 -0.000832809 0.0150566 -382.75 -0.000832809 0.9939 0.11028 37.9197 -0.0150566 -0.11028 0.993787 67.6699
0.99981 -0.00109492 0.0194397 -382.827 -0.00109492 0.993676 0.112281 37.9734 -0.0194397 -0.112281 0.993486 68.6651
0.999805 -0.00110493 0.0197076 -382.779 -0.00110493 0.993733 0.111771 38.074 -0.0197076 -0.111771 0.993539 69.6365
0.999783 -0.00116744 0.0208131 -382.735 -0.00116744 0.993728 0.111819 38.1739 -0.0208131 -0.111819 0.993511 70.6029
0.999709 -0.00135863 0.0240945 -382.769 -0.00135863 0.993662 0.112401 38.2541 -0.0240945 -0.112401 0.993371 71.561
0.999708 -0.00136083 0.0241426 -382.714 -0.00136083 0.993667 0.112359 38.3412 -0.0241426 -0.112359 0.993374 72.5053
0.99963 -0.00151592 0.0271639 -382.719 -0.00151592 0.993792 0.111246 38.4202 -0.0271639 -0.111246 0.993422 73.436
0.99953 -0.00170469 0.0306168 -382.76 -0.00170469 0.99382 0.110987 38.4687 -0.0306168 -0.110987 0.99335 74.3621
0.999543 -0.00164951 0.0301674 -382.659 -0.00164951 0.99404 0.109006 38.5552 -0.0301674 -0.109006 0.993583 75.2696
0.999391 -0.00189812 0.0348569 -382.668 -0.00189812 0.994089 0.108554 38.6412 -0.0348569 -0.108554 0.993479 76.1702
0.99945 -0.00181473 0.0331228 -382.48 -0.00181473 0.994016 0.109218 38.7323 -0.0331228 -0.109218 0.993466 77.0481
0.999286 -0.00209541 0.0377187 -382.487 -0.00209541 0.993849 0.110726 38.8028 -0.0377187 -0.110726 0.993135 77.9471
0.999044 -0.00243404 0.0436595 -382.466 -0.00243404 0.993806 0.111102 38.8773 -0.0436595 -0.111102 0.992849 78.8227
0.998835 -0.00267976 0.0481803 -382.394 -0.00267976 0.993836 0.110831 38.9602 -0.0481803 -0.110831 0.992671 79.6779
0.998418 -0.00315319 0.0561356 -382.354 -0.00315319 0.993714 0.1119 39.0272 -0.0561356 -0.1119 0.992133 80.5251
0.997802 -0.0037392 0.0661528 -382.294 -0.0037392 0.993638 0.112563 39.1097 -0.0661528 -0.112563 0.99144 81.3512
0.996882 -0.0044692 0.0787747 -382.236 -0.0044692 0.993593 0.112928 39.1839 -0.0787747 -0.112928 0.990476 82.1667
0.995733 -0.00520654 0.0921357 -382.135 -0.00520654 0.993647 0.112419 39.2592 -0.0921357 -0.112419 0.98938 82.9618
0.994072 -0.00612869 0.10855 -382.021 -0.00612869 0.993664 0.112227 39.324 -0.10855 -0.112227 0.987736 83.7406
0.991888 -0.00719278 0.126911 -381.91 -0.00719278 0.993622 0.11253 39.3934 -0.126911 -0.11253 0.98551 84.5034
0.989105 -0.00855753 0.146966 -381.767 -0.00855753 0.993279 0.11543 39.4725 -0.146966 -0.11543 0.982383 85.256
0.985541 -0.010296 0.169124 -381.592 -0.010296 0.992668 0.12043 39.5445 -0.169124 -0.12043 0.978209 85.9893
0.98131 -0.0119755 0.192061 -381.401 -0.0119755 0.992327 0.123061 39.6269 -0.192061 -0.123061 0.973637 86.7023
0.976037 -0.0137401 0.217171 -381.192 -0.0137401 0.992122 0.124523 39.6967 -0.217171 -0.124523 0.968158 87.4033
0.969529 -0.0154294 0.244492 -380.968 -0.0154294 0.992187 0.1238 39.7701 -0.244492 -0.1238 0.961716 88.0748
0.962308 -0.0173477 0.271408 -380.697 -0.0173477 0.992016 0.124915 39.8384 -0.271408 -0.124915 0.954324 88.7329
0.953466 -0.0197162 0.300855 -380.411 -0.0197162 0.991646 0.12747 39.8999 -0.300855 -0.12747 0.945112 89.3642
0.942517 -0.0224914 0.3334 -380.129 -0.0224914 0.9912 0.13045 39.9712 -0.3334 -0.13045 0.933717 90.0074
0.930967 -0.0253003 0.364226 -379.793 -0.0253003 0.990728 0.133487 40.0583 -0.364226 -0.133487 0.921695 90.6069
0.917117 -0.0280399 0.397631 -379.465 -0.0280399 0.990514 0.134521 40.1295 -0.397631 -0.134521 0.907631 91.1779
0.900815 -0.0308056 0.433108 -379.131 -0.0308056 0.990432 0.134518 40.2002 -0.433108 -0.134518 0.891247 91.7417
0.882649 -0.0336278 0.468828 -378.775 -0.0336278 0.990364 0.134346 40.2666 -0.468828 -0.134346 0.873013 92.265
0.86051 -0.0354788 0.508197 -378.398 -0.0354788 0.990976 0.129258 40.3261 -0.508197 -0.129258 0.851486 92.7837
0.838066 -0.0370714 0.544308 -377.991 -0.0370714 0.991513 0.124608 40.3893 -0.544308 -0.124608 0.829579 93.2654
0.809129 -0.0397661 0.586284 -377.599 -0.0397661 0.991715 0.122146 40.4372 -0.586284 -0.122146 0.800844 93.731
0.778338 -0.0436979 0.626323 -377.117 -0.0436979 0.991386 0.123472 40.492 -0.626323 -0.123472 0.769724 94.1341
0.74423 -0.047504 0.666232 -376.675 -0.047504 0.991177 0.123739 40.5519 -0.666232 -0.123739 0.735407 94.5321
0.71055 -0.0515202 0.701759 -376.157 -0.0515202 0.99083 0.124908 40.6185 -0.701759 -0.124908 0.701379 94.8463
0.672507 -0.0549077 0.738051 -375.665 -0.0549077 0.990794 0.123742 40.6577 -0.738051 -0.123742 0.663302 95.1834
0.636101 -0.0585379 0.769382 -375.19 -0.0585379 0.990583 0.123765 40.7251 -0.769382 -0.123765 0.626685 95.5216
0.594682 -0.0602654 0.801699 -374.674 -0.0602654 0.991039 0.119202 40.7721 -0.801699 -0.119202 0.585721 95.7918
0.553992 -0.0621559 0.830199 -374.163 -0.0621559 0.991338 0.115697 40.832 -0.830199 -0.115697 0.545329 96.042
0.514424 -0.0650445 0.855065 -373.629 -0.0650445 0.991287 0.114539 40.8676 -0.855065 -0.114539 0.505711 96.2749
0.474828 -0.066892 0.877533 -373.08 -0.066892 0.99148 0.111773 40.9192 -0.877533 -0.111773 0.466308 96.4861
0.436359 -0.0684691 0.897164 -372.516 -0.0684691 0.991683 0.108984 40.9653 -0.897164 -0.108984 0.428041 96.6947
0.400068 -0.0706466 0.913759 -371.928 -0.0706466 0.991681 0.107602 41.0152 -0.913759 -0.107602 0.391749 96.8727
0.363444 -0.0713389 0.92888 -371.325 -0.0713389 0.992005 0.1041 41.0818 -0.92888 -0.1041 0.355449 97.0524
0.331138 -0.0778397 0.940366 -370.703 -0.0778397 0.990941 0.109436 41.1238 -0.940366 -0.109436 0.322079 97.1775
0.299274 -0.081437 0.950685 -370.082 -0.081437 0.990536 0.110487 41.1849 -0.950685 -0.110487 0.28981 97.3127
0.266788 -0.0824877 0.960219 -369.442 -0.0824877 0.99072 0.108026 41.2414 -0.960219 -0.108026 0.257508 97.4514
0.235726 -0.079937 0.968526 -368.791 -0.079937 0.991639 0.1013 41.2926 -0.968526 -0.1013 0.227365 97.5537
0.206367 -0.0798841 0.975208 -368.123 -0.0798841 0.991959 0.0981608 41.3547 -0.975208 -0.0981608 0.198326 97.6482
0.179531 -0.0844244 0.980123 -367.435 -0.0844244 0.991313 0.100853 41.4061 -0.980123 -0.100853 0.170844 97.7226
0.15522 -0.0888554 0.983876 -366.738 -0.0888554 0.990654 0.103486 41.4709 -0.983876 -0.103486 0.145874 97.7789
0.13572 -0.0924955 0.98642 -366.018 -0.0924955 0.990101 0.105567 41.5298 -0.98642 -0.105567 0.125821 97.7671
0.117825 -0.0953215 0.988449 -365.299 -0.0953215 0.9897 0.106805 41.5898 -0.988449 -0.106805 0.107525 97.8576
0.104387 -0.0986402 0.989633 -364.569 -0.0986402 0.989136 0.108995 41.6521 -0.989633 -0.108995 0.0935229 97.8848
0.0920881 -0.099057 0.990812 -363.821 -0.099057 0.989192 0.108102 41.7226 -0.990812 -0.108102 0.0812806 97.9123
0.0802801 -0.0993014 0.991814 -363.061 -0.0993014 0.989279 0.107085 41.7895 -0.991814 -0.107085 0.0695587 97.9635
0.0704208 -0.101582 0.992332 -362.289 -0.101582 0.988899 0.10844 41.8752 -0.992332 -0.10844 0.0593201 97.9969
0.0606729 -0.102809 0.992849 -361.51 -0.102809 0.988748 0.108667 41.9421 -0.992849 -0.108667 0.0494205 98.0184
0.0511627 -0.104726 0.993184 -360.728 -0.104726 0.988441 0.10962 42.0161 -0.993184 -0.10962 0.0396038 98.038
0.0416673 -0.104674 0.993633 -359.931 -0.104674 0.988567 0.10853 42.0971 -0.993633 -0.10853 0.0302342 98.0502
0.0326171 -0.104443 0.993996 -359.123 -0.104443 0.988724 0.107316 42.1673 -0.993996 -0.107316 0.021341 98.0618
0.025 -0.108041 0.993832 -358.3 -0.108041 0.988028 0.110128 42.2421 -0.993832 -0.110128 0.0130278 98.0593
0.0177192 -0.110392 0.99373 -357.471 -0.110392 0.987594 0.111679 42.3206 -0.99373 -0.111679 0.00531285 98.0533
0.0106547 -0.111843 0.993669 -356.632 -0.111843 0.987356 0.112332 42.4101 -0.993669 -0.112332 -0.00198891 98.0412
0.00378461 -0.111909 0.993711 -355.781 -0.111909 0.987429 0.111628 42.4815 -0.993711 -0.111628 -0.00878668 98.0154
-0.00230434 -0.114505 0.99342 -354.922 -0.114505 0.986919 0.11349 42.5675 -0.99342 -0.11349 -0.0153856 98.0027
-0.00964547 -0.114704 0.993353 -354.055 -0.114704 0.986969 0.112853 42.6492 -0.993353 -0.112853 -0.0226768 97.9736
-0.0150118 -0.118877 0.992795 -353.192 -0.118877 0.986077 0.116275 42.7367 -0.992795 -0.116275 -0.0289346 97.9263
-0.0206067 -0.121692 0.992354 -352.322 -0.121692 0.98549 0.118324 42.8236 -0.992354 -0.118324 -0.0351167 97.9008
-0.0236881 -0.123685 0.992039 -351.452 -0.123685 0.985056 0.119861 42.9178 -0.992039 -0.119861 -0.0386321 97.8329
-0.0237992 -0.131112 0.991082 -350.57 -0.131112 0.983209 0.126922 43.001 -0.991082 -0.126922 -0.04059 97.7893
-0.025157 -0.133335 0.990752 -349.683 -0.133335 0.982658 0.12886 43.0881 -0.990752 -0.12886 -0.0424988 97.7587
-0.0254982 -0.135311 0.990475 -348.801 -0.135311 0.982146 0.13069 43.1907 -0.990475 -0.13069 -0.0433521 97.7098
-0.0343166 -0.133317 0.990479 -347.912 -0.133317 0.982816 0.127667 43.2745 -0.990479 -0.127667 -0.0515004 97.8011
-0.0277811 -0.137735 0.990079 -347.021 -0.137735 0.981542 0.132682 43.378 -0.990079 -0.132682 -0.0462391 97.6801
-0.0267089 -0.139632 0.989843 -346.121 -0.139632 0.98101 0.134618 43.4748 -0.989843 -0.134618 -0.0456988 97.6476
-0.0266333 -0.139566 0.989855 -345.219 -0.139566 0.981027 0.134566 43.5757 -0.989855 -0.134566 -0.0456066 97.6296
-0.0210845 -0.144162 0.989329 -344.328 -0.144162 0.979646 0.139679 43.6838 -0.989329 -0.139679 -0.0414382 97.5732
-0.0175134 -0.145801 0.989159 -343.443 -0.145801 0.979108 0.141738 43.8009 -0.989159 -0.141738 -0.0384054 97.5459
-0.0148216 -0.146027 0.98917 -342.551 -0.146027 0.978987 0.142336 43.9061 -0.98917 -0.142336 -0.0358341 97.5356
-0.010695 -0.146737 0.989118 -341.661 -0.146737 0.978696 0.143605 44.0072 -0.989118 -0.143605 -0.031999 97.5185
-0.00468611 -0.147912 0.988989 -340.774 -0.147912 0.978224 0.145601 44.1355 -0.988989 -0.145601 -0.026462 97.4982
0.000820217 -0.146316 0.989238 -339.895 -0.146316 0.978574 0.14486 44.2442 -0.989238 -0.14486 -0.0206057 97.4993
0.00723005 -0.145505 0.989331 -339.01 -0.145505 0.978674 0.145001 44.3631 -0.989331 -0.145001 -0.0140958 97.5057
0.0137852 -0.144815 0.989363 -338.129 -0.144815 0.978736 0.145277 44.4823 -0.989363 -0.145277 -0.00747932 97.5112
0.0184181 -0.142627 0.989605 -337.246 -0.142627 0.979276 0.143792 44.6013 -0.989605 -0.143792 -0.00230592 97.5481
0.0238738 -0.14059 0.98978 -336.372 -0.14059 0.979751 0.142557 44.7162 -0.98978 -0.142557 0.00362478 97.5633
0.0280183 -0.138816 0.989922 -335.496 -0.138816 0.980175 0.141378 44.827 -0.989922 -0.141378 0.00819305 97.5911
0.0303549 -0.136743 0.990141 -334.622 -0.136743 0.980716 0.139633 44.9411 -0.990141 -0.139633 0.0110709 97.6183
0.0314667 -0.134467 0.990418 -333.746 -0.134467 0.981331 0.137506 45.0509 -0.990418 -0.137506 0.0127979 97.6476
0.0338509 -0.134749 0.990301 -332.868 -0.134749 0.981207 0.138118 45.1458 -0.990301 -0.138118 0.0150574 97.6626
0.0349012 -0.133941 0.990375 -332.003 -0.133941 0.981411 0.137449 45.265 -0.990375 -0.137449 0.0163123 97.6992
0.0347496 -0.132077 0.99063 -331.139 -0.132077 0.981928 0.135549 45.3656 -0.99063 -0.135549 0.0166774 97.7336
0.0347473 -0.129737 0.990939 -330.275 -0.129737 0.982563 0.133189 45.4647 -0.990939 -0.133189 0.0173098 97.7504
0.0346664 -0.130359 0.990861 -329.407 -0.130359 0.982396 0.133806 45.5722 -0.990861 -0.133806 0.0170627 97.7805
0.0332636 -0.126784 0.991373 -328.542 -0.126784 0.983373 0.130015 45.6763 -0.991373 -0.130015 0.0166364 97.7997
0.0323348 -0.12588 0.991518 -327.68 -0.12588 0.983625 0.128983 45.7831 -0.991518 -0.128983 0.0159596 97.8146
0.0292741 -0.124129 0.991834 -326.826 -0.124129 0.984127 0.126829 45.8851 -0.991834 -0.126829 0.0134014 97.845
0.0243667 -0.122388 0.992183 -325.961 -0.122388 0.984647 0.124464 45.9654 -0.992183 -0.124464 0.00901378 97.8735
0.0213644 -0.123404 0.992127 -325.098 -0.123404 0.984439 0.125105 46.0677 -0.992127 -0.125105 0.0058035 97.8677
0.0176119 -0.124516 0.992061 -324.23 -0.124516 0.984218 0.125742 46.1666 -0.992061 -0.125742 0.00182965 97.8836
0.0127992 -0.122328 0.992407 -323.368 -0.122328 0.984842 0.122973 46.2376 -0.992407 -0.122973 -0.00235893 97.8727
0.0115742 -0.125583 0.992016 -322.517 -0.125583 0.984044 0.126039 46.3374 -0.992016 -0.126039 -0.0043816 97.8718
0.00873942 -0.125801 0.992017 -321.654 -0.125801 0.984035 0.125897 46.4248 -0.992017 -0.125897 -0.00722598 97.8705
0.00802881 -0.126465 0.991939 -320.792 -0.126465 0.983877 0.126461 46.5205 -0.991939 -0.126461 -0.00809413 97.8517
0.00640825 -0.126344 0.991966 -319.924 -0.126344 0.983934 0.126137 46.6137 -0.991966 -0.126137 -0.00965755 97.8436
0.00566979 -0.127999 0.991758 -319.07 -0.127999 0.983523 0.127668 46.7107 -0.991758 -0.127668 -0.0108074 97.852
0.00672945 -0.129189 0.991597 -318.209 -0.129189 0.983197 0.128972 46.7993 -0.991597 -0.128972 -0.0100735 97.8411
0.00936533 -0.130871 0.991355 -317.358 -0.130871 0.982711 0.130966 46.8938 -0.991355 -0.130966 -0.00792373 97.8222
0.0103131 -0.131378 0.991279 -316.503 -0.131378 0.98256 0.131589 47.0034 -0.991279 -0.131589 -0.00712679 97.8496
0.0155036 -0.133535 0.990923 -315.658 -0.133535 0.981888 0.134407 47.0932 -0.990923 -0.134407 -0.0026089 97.837
0.0200527 -0.134239 0.990746 -314.81 -0.134239 0.981611 0.135718 47.1881 -0.990746 -0.135718 0.00166383 97.8377
0.0229856 -0.133459 0.990788 -313.966 -0.133459 0.98177 0.13534 47.2914 -0.990788 -0.13534 0.00475541 97.8729
0.0267361 -0.132479 0.990825 -313.116 -0.132479 0.981967 0.134869 47.3997 -0.990825 -0.134869 0.00870334 97.8816
0.0303706 -0.134361 0.990467 -312.267 -0.134361 0.981382 0.137249 47.5036 -0.990467 -0.137249 0.0117522 97.9202
0.0311007 -0.131557 0.990821 -311.422 -0.131557 0.982137 0.134534 47.6102 -0.990821 -0.134534 0.0132379 97.9401
0.032215 -0.129784 0.991019 -310.58 -0.129784 0.982595 0.1329 47.7216 -0.991019 -0.1329 0.0148103 97.9692
0.0353584 -0.131402 0.990698 -309.741 -0.131402 0.982101 0.134952 47.8221 -0.990698 -0.134952 0.017459 97.9886
0.0373501 -0.1304 0.990758 -308.896 -0.1304 0.982336 0.134208 47.922 -0.990758 -0.134208 0.0196861 98.0021
0.0351012 -0.127103 0.991268 -308.057 -0.127103 0.983257 0.130577 48.0211 -0.991268 -0.130577 0.0183583 98.0485
0.04194 -0.1234 0.99147 -307.231 -0.1234 0.984106 0.127704 48.1638 -0.99147 -0.127704 0.0260458 97.9561
0.0328194 -0.124741 0.991646 -306.394 -0.124741 0.983912 0.127896 48.2193 -0.991646 -0.127896 0.0167311 98.1082
0.0351405 -0.124327 0.991619 -305.563 -0.124327 0.98398 0.127775 48.3242 -0.991619 -0.127775 0.0191204 98.0974
0.0362281 -0.12569 0.991408 -304.73 -0.12569 0.983608 0.129294 48.4104 -0.991408 -0.129294 0.0198363 98.0939
0.0345548 -0.125297 0.991517 -303.892 -0.125297 0.983739 0.12868 48.5 -0.991517 -0.12868 0.0182937 98.147
0.0330022 -0.122218 0.991954 -303.068 -0.122218 0.984553 0.125372 48.6006 -0.991954 -0.125372 0.0175552 98.183
0.0342137 -0.12077 0.992091 -302.237 -0.12077 0.984898 0.124059 48.7022 -0.992091 -0.124059 0.0191117 98.2023
0.0377651 -0.129753 0.990827 -301.408 -0.129753 0.982504 0.133608 48.7724 -0.990827 -0.133608 0.0202686 98.2726
0.032599 -0.122771 0.991899 -300.583 -0.122771 0.984419 0.12588 48.8695 -0.991899 -0.12588 0.0170182 98.2935
0.0377594 -0.127144 0.991165 -299.755 -0.127144 0.9832 0.130966 48.9503 -0.991165 -0.130966 0.0209594 98.248
0.0361156 -0.12254 0.991806 -298.931 -0.12254 0.984421 0.12609 49.0605 -0.991806 -0.12609 0.0205369 98.3451
0.0413228 -0.125394 0.991246 -298.095 -0.125394 0.983598 0.129654 49.1195 -0.991246 -0.129654 0.0249213 98.3366
0.0434042 -0.123649 0.991376 -297.266 -0.123649 0.984017 0.128145 49.2318 -0.991376 -0.128145 0.0274213 98.3847
0.0453392 -0.122849 0.991389 -296.428 -0.122849 0.984191 0.127575 49.3283 -0.991389 -0.127575 0.0295306 98.4338
0.046754 -0.11896 0.991798 -295.591 -0.11896 0.985154 0.123771 49.4184 -0.991798 -0.123771 0.0319085 98.4787
0.0496808 -0.11814 0.991753 -294.747 -0.11814 0.985313 0.123291 49.5089 -0.991753 -0.123291 0.0349941 98.5073
0.0504731 -0.116203 0.991942 -293.896 -0.116203 0.985779 0.121394 49.6066 -0.991942 -0.121394 0.0362522 98.5625
0.0533607 -0.117951 0.991585 -293.036 -0.117951 0.985303 0.123552 49.6877 -0.991585 -0.123552 0.038664 98.6085
0.0536583 -0.114434 0.991981 -292.174 -0.114434 0.986162 0.119952 49.7925 -0.991981 -0.119952 0.0398207 98.6675
0.0539938 -0.112463 0.992188 -291.311 -0.112463 0.98663 0.117953 49.8754 -0.992188 -0.117953 0.040624 98.7228
0.0539647 -0.108768 0.992601 -290.447 -0.108768 0.987495 0.114122 49.9729 -0.992601 -0.114122 0.0414593 98.7855
0.0585743 -0.125877 0.990315 -289.563 -0.125877 0.983169 0.132414 50.0503 -0.990315 -0.132414 0.0417435 98.7979
0.0537143 -0.112156 0.992238 -288.674 -0.112156 0.986707 0.117603 50.157 -0.992238 -0.117603 0.0404212 98.876
0.0519699 -0.112887 0.992248 -287.772 -0.112887 0.986558 0.118152 50.251 -0.992248 -0.118152 0.038528 98.9031
0.0488319 -0.118081 0.991803 -286.877 -0.118081 0.985341 0.123125 50.3744 -0.991803 -0.123125 0.0341731 98.9443
0.0444113 -0.113876 0.992502 -285.973 -0.113876 0.986429 0.118275 50.4583 -0.992502 -0.118275 0.0308408 98.9936
0.0429145 -0.115911 0.992332 -285.063 -0.115911 0.985962 0.120179 50.5463 -0.992332 -0.120179 0.0288768 98.9979
0.0359325 -0.113715 0.992863 -284.149 -0.113715 0.986587 0.117111 50.6381 -0.992863 -0.117111 0.0225195 99.0301
0.0283456 -0.112334 0.993266 -283.226 -0.112334 0.987013 0.114833 50.7368 -0.993266 -0.114833 0.0153585 99.0516
0.0221826 -0.115265 0.993087 -282.302 -0.115265 0.986413 0.117065 50.8361 -0.993087 -0.117065 0.00859515 99.0439
0.0149717 -0.114781 0.993278 -281.371 -0.114781 0.986625 0.115743 50.9223 -0.993278 -0.115743 0.00159668 99.0376
0.00940648 -0.11881 0.992873 -280.433 -0.11881 0.98575 0.119083 51.0234 -0.992873 -0.119083 -0.00484327 99.0222
0.00493533 -0.121935 0.992526 -279.487 -0.121935 0.985058 0.121623 51.1202 -0.992526 -0.121623 -0.0100064 98.986
-0.000303616 -0.122296 0.992494 -278.535 -0.122296 0.985048 0.121341 51.2112 -0.992494 -0.121341 -0.0152553 98.9787
-0.00269182 -0.124567 0.992208 -277.593 -0.124567 0.984525 0.123264 51.3187 -0.992208 -0.123264 -0.018167 98.954
-0.00413465 -0.125881 0.992037 -276.648 -0.125881 0.984219 0.124364 51.4259 -0.992037 -0.124364 -0.0199154 98.9373
-0.00674788 -0.125544 0.992065 -275.699 -0.125544 0.984344 0.123713 51.5256 -0.992065 -0.123713 -0.0224035 98.9313
-0.00962573 -0.124123 0.99222 -274.759 -0.124123 0.98474 0.121983 51.6245 -0.99222 -0.121983 -0.0248853 98.9252
-0.0140143 -0.12031 0.992637 -273.827 -0.12031 0.985726 0.117774 51.7542 -0.992637 -0.117774 -0.0282887 98.9422
-0.0139466 -0.124594 0.99211 -272.891 -0.124594 0.98469 0.12191 51.8271 -0.99211 -0.12191 -0.0292567 98.9029
-0.0146744 -0.126015 0.99192 -271.964 -0.126015 0.98435 0.123189 51.9164 -0.99192 -0.123189 -0.0303246 98.8654
-0.0164697 -0.126453 0.991836 -271.045 -0.126453 0.984269 0.123389 52.0419 -0.991836 -0.123389 -0.0322011 98.8605
-0.034013 -0.0871377 0.995615 -270.148 -0.0871377 0.992657 0.0839019 51.9507 -0.995615 -0.0839019 -0.0413562 99.0501
-0.0274697 -0.115069 0.992978 -269.235 -0.115069 0.987113 0.111206 52.1461 -0.992978 -0.111206 -0.0403565 98.8769
-0.0316085 -0.110218 0.993405 -268.346 -0.110218 0.988224 0.106137 52.219 -0.993405 -0.106137 -0.0433844 98.8198
-0.041221 -0.0994781 0.994186 -267.449 -0.0994781 0.990496 0.0949843 52.1955 -0.994186 -0.0949843 -0.0507251 98.8684
-0.0403624 -0.111559 0.992938 -266.552 -0.111559 0.988037 0.106474 52.3464 -0.992938 -0.106474 -0.052325 98.7621
-0.0447201 -0.110778 0.992839 -265.658 -0.110778 0.988254 0.105276 52.3899 -0.992839 -0.105276 -0.0564665 98.7364
-0.0465909 -0.11312 0.992488 -264.772 -0.11312 0.987773 0.107273 52.4424 -0.992488 -0.107273 -0.0588175 98.6768
-0.0657085 -0.0974938 0.993065 -263.899 -0.0974938 0.991081 0.0908481 52.5901 -0.993065 -0.0908481 -0.0746275 98.8161
-0.0519781 -0.114052 0.992114 -263.005 -0.114052 0.987635 0.107562 52.6227 -0.992114 -0.107562 -0.0643433 98.6245
-0.0534145 -0.112269 0.992241 -262.127 -0.112269 0.988035 0.105749 52.7124 -0.992241 -0.105749 -0.0653797 98.5861
-0.0536517 -0.11017 0.992464 -261.258 -0.11017 0.988481 0.103772 52.7935 -0.992464 -0.103772 -0.065171 98.5649
-0.0490267 -0.112925 0.992393 -260.394 -0.112925 0.987844 0.106828 52.8611 -0.992393 -0.106828 -0.0611828 98.5236
-0.0428553 -0.114549 0.992493 -259.523 -0.114549 0.987418 0.109018 52.9377 -0.992493 -0.109018 -0.0554377 98.4773
-0.0369453 -0.11438 0.99275 -258.657 -0.11438 0.987383 0.109505 53.0141 -0.99275 -0.109505 -0.0495619 98.4433
-0.0298988 -0.114539 0.992969 -257.791 -0.114539 0.987262 0.110432 53.1036 -0.992969 -0.110432 -0.0426371 98.4318
-0.0226793 -0.113864 0.993238 -256.923 -0.113864 0.987323 0.110586 53.19 -0.993238 -0.110586 -0.0353567 98.4181
-0.0155365 -0.112896 0.993485 -256.056 -0.112896 0.98745 0.110444 53.2883 -0.993485 -0.110444 -0.028087 98.399
-0.00853909 -0.112349 0.993632 -255.183 -0.112349 0.987485 0.110688 53.3722 -0.993632 -0.110688 -0.0210545 98.4035
1.74337e-005 -0.112545 0.993647 -254.31 -0.112545 0.987333 0.111832 53.4658 -0.993647 -0.111832 -0.0126491 98.4107
0.00716132 -0.10995 0.993911 -253.432 -0.10995 0.987824 0.110069 53.5573 -0.993911 -0.110069 -0.00501484 98.4555
0.0173042 -0.110722 0.993701 -252.55 -0.110722 0.987525 0.111962 53.6343 -0.993701 -0.111962 0.00482904 98.4617
0.0237512 -0.107244 0.993949 -251.665 -0.107244 0.988219 0.109188 53.7128 -0.993949 -0.109188 0.0119701 98.5038
0.0302593 -0.104104 0.994106 -250.782 -0.104104 0.988824 0.106719 53.8122 -0.994106 -0.106719 0.0190835 98.574
0.0385358 -0.101429 0.994096 -249.896 -0.101429 0.9893 0.104872 53.8955 -0.994096 -0.104872 0.0278356 98.6047
0.0444501 -0.0965095 0.994339 -249.011 -0.0965095 0.990253 0.100427 53.9892 -0.994339 -0.100427 0.0347028 98.6834
0.0493015 -0.092045 0.994534 -248.123 -0.092045 0.991088 0.096289 54.0688 -0.994534 -0.096289 0.0403899 98.7476
0.0518752 -0.0889434 0.994685 -247.232 -0.0889434 0.991656 0.0933111 54.1462 -0.994685 -0.0933111 0.0435314 98.8091
0.0529573 -0.0861922 0.99487 -246.332 -0.0861922 0.992155 0.0905451 54.2144 -0.99487 -0.0905451 0.0451128 98.8681
0.0547079 -0.0848346 0.994892 -245.428 -0.0848346 0.992387 0.0892859 54.2817 -0.994892 -0.0892859 0.0470945 98.9144
0.0562016 -0.082796 0.994981 -244.521 -0.082796 0.992737 0.087286 54.3569 -0.994981 -0.087286 0.0489382 98.9609
0.0555986 -0.0819202 0.995087 -243.619 -0.0819202 0.992894 0.0863168 54.4319 -0.995087 -0.0863168 0.0484926 99.0416
0.057404 -0.0793361 0.995194 -242.712 -0.0793361 0.993322 0.0837632 54.4677 -0.995194 -0.0837632 0.0507264 99.0926
0.056254 -0.0752772 0.995575 -241.802 -0.0752772 0.993996 0.0794112 54.5386 -0.995575 -0.0794112 0.0502496 99.1334
0.0521562 -0.0716007 0.996069 -240.891 -0.0716007 0.994591 0.0752437 54.6023 -0.996069 -0.0752437 0.0467474 99.1961
0.0480288 -0.0734059 0.996145 -239.98 -0.0734059 0.99434 0.0768121 54.6485 -0.996145 -0.0768121 0.0423686 99.2333
0.0412362 -0.0694611 0.996732 -239.076 -0.0694611 0.994968 0.0722118 54.7012 -0.996732 -0.0722118 0.0362038 99.2772
0.0340696 -0.0695027 0.997 -238.169 -0.0695027 0.994999 0.0717383 54.748 -0.997 -0.0717383 0.0290685 99.2966
0.0264391 -0.0686683 0.997289 -237.261 -0.0686683 0.995157 0.0703419 54.7883 -0.997289 -0.0703419 0.0215957 99.3171
0.0186976 -0.0687546 0.997458 -236.358 -0.0687546 0.995183 0.0698866 54.8373 -0.997458 -0.0698866 0.0138803 99.3258
0.0109334 -0.0696178 0.997514 -235.46 -0.0696178 0.9951 0.0702124 54.875 -0.997514 -0.0702124 0.00603315 99.3185
0.0011949 -0.068438 0.997655 -234.57 -0.068438 0.995311 0.0683592 54.9063 -0.997655 -0.0683592 -0.00349447 99.3149
-0.00893142 -0.0693817 0.99755 -233.685 -0.0693817 0.995229 0.068599 54.9469 -0.99755 -0.068599 -0.0137026 99.2903
-0.0187554 -0.0709798 0.997301 -232.801 -0.0709798 0.995055 0.069485 54.9892 -0.997301 -0.069485 -0.0237008 99.248
-0.0296488 -0.0728402 0.996903 -231.914 -0.0728402 0.994847 0.0705236 55.0381 -0.996903 -0.0705236 -0.0348017 99.212
-0.0395019 -0.074987 0.996402 -231.036 -0.074987 0.994591 0.0718778 55.0967 -0.996402 -0.0718778 -0.0449113 99.1454
-0.0494265 -0.0788282 0.995662 -230.163 -0.0788282 0.994079 0.0747897 55.1343 -0.995662 -0.0747897 -0.0553477 99.0858
-0.0592502 -0.081574 0.994905 -229.293 -0.081574 0.993718 0.0766187 55.1862 -0.994905 -0.0766187 -0.0655323 99.0196
-0.0680095 -0.0859331 0.993977 -228.43 -0.0859331 0.993086 0.0799764 55.2296 -0.993977 -0.0799764 -0.0749238 98.9349
-0.0752824 -0.0914933 0.992956 -227.573 -0.0914933 0.992215 0.0844883 55.2759 -0.992956 -0.0844883 -0.0830674 98.8533
-0.0808269 -0.0960415 0.99209 -226.718 -0.0960415 0.991466 0.0881564 55.3283 -0.99209 -0.0881564 -0.0893611 98.7682
-0.0822909 -0.102654 0.991307 -225.873 -0.102654 0.990263 0.0940244 55.3825 -0.991307 -0.0940244 -0.0920275 98.656
-0.0849263 -0.105404 0.990796 -225.032 -0.105404 0.98976 0.0962594 55.4451 -0.990796 -0.0962594 -0.0951667 98.5831
-0.0878158 -0.10841 0.99022 -224.208 -0.10841 0.989196 0.0986835 55.5067 -0.99022 -0.0986835 -0.0986197 98.5083
-0.0883443 -0.111215 0.989862 -223.398 -0.111215 0.988635 0.101151 55.5785 -0.989862 -0.101151 -0.099709 98.4253
-0.0883444 -0.11459 0.989477 -222.609 -0.11459 0.987935 0.104181 55.6273 -0.989477 -0.104181 -0.10041 98.3504
-0.0878583 -0.118089 0.989109 -221.837 -0.118089 0.987181 0.10737 55.7277 -0.989109 -0.10737 -0.100677 98.3046
-0.0872235 -0.117893 0.989188 -221.081 -0.117893 0.987216 0.107262 55.7743 -0.989188 -0.107262 -0.100007 98.2323
-0.0884751 -0.118813 0.988967 -220.344 -0.118813 0.987031 0.107951 55.8225 -0.988967 -0.107951 -0.101444 98.1976
-0.0852258 -0.122205 0.988839 -219.633 -0.122205 0.986239 0.111351 55.9071 -0.988839 -0.111351 -0.0989869 98.1049
-0.0846907 -0.122724 0.988821 -218.944 -0.122724 0.986115 0.111877 55.9586 -0.988821 -0.111877 -0.0985759 98.0419
-0.0842422 -0.124504 0.988636 -218.278 -0.124504 0.985703 0.113525 56.0191 -0.988636 -0.113525 -0.098539 97.9885
-0.0830982 -0.124379 0.988749 -217.64 -0.124379 0.985717 0.113544 56.0925 -0.988749 -0.113544 -0.0973814 97.9106
-0.0824749 -0.12542 0.98867 -217.024 -0.12542 0.985468 0.114551 56.1301 -0.98867 -0.114551 -0.0970065 97.8702
-0.0811746 -0.124694 0.988869 -216.433 -0.124694 0.985619 0.114048 56.1941 -0.988869 -0.114048 -0.0955557 97.8209
-0.0791719 -0.125325 0.988952 -215.856 -0.125325 0.985446 0.114848 56.261 -0.988952 -0.114848 -0.0937259 97.761
-0.0769423 -0.129817 0.988548 -215.299 -0.129817 0.984351 0.119162 56.2923 -0.988548 -0.119162 -0.0925908 97.7274
-0.0723771 -0.129447 0.988941 -214.768 -0.129447 0.984374 0.119376 56.3474 -0.988941 -0.119376 -0.0880028 97.6794
-0.0666978 -0.129434 0.989342 -214.247 -0.129434 0.984294 0.120047 56.397 -0.989342 -0.120047 -0.0824034 97.6446
-0.0601246 -0.130807 0.989583 -213.752 -0.130807 0.98386 0.122103 56.4439 -0.989583 -0.122103 -0.0762646 97.6183
-0.0514217 -0.129385 0.99026 -213.283 -0.129385 0.984078 0.121858 56.505 -0.99026 -0.121858 -0.0673434 97.5877
-0.0392337 -0.132133 0.990455 -212.832 -0.132133 0.9832 0.125931 56.5523 -0.990455 -0.125931 -0.0560338 97.5854
-0.0223858 -0.133548 0.990789 -212.393 -0.133548 0.982555 0.129421 56.5977 -0.990789 -0.129421 -0.0398305 97.5822
-0.00228878 -0.130594 0.991433 -211.958 -0.130594 0.982984 0.12918 56.6373 -0.991433 -0.12918 -0.0193047 97.6048
0.0221779 -0.12387 0.992051 -211.54 -0.12387 0.984308 0.125673 56.6863 -0.992051 -0.125673 0.00648603 97.652
0.0530804 -0.118761 0.991503 -211.131 -0.118761 0.985105 0.124352 56.7399 -0.991503 -0.124352 0.0381857 97.7081
0.0865508 -0.111758 0.989959 -210.723 -0.111758 0.986327 0.121119 56.7987 -0.989959 -0.121119 0.0728775 97.7985
0.122971 -0.105145 0.986825 -210.323 -0.105145 0.987394 0.118308 56.8583 -0.986825 -0.118308 0.110365 97.8974
0.160461 -0.098185 0.982147 -209.928 -0.098185 0.988517 0.114863 56.911 -0.982147 -0.114863 0.148978 98.0228
0.197847 -0.0899204 0.9761 -209.548 -0.0899204 0.98992 0.10942 56.967 -0.9761 -0.10942 0.187767 98.1737
0.236443 -0.0837446 0.96803 -209.177 -0.0837446 0.990815 0.10617 57.0156 -0.96803 -0.10617 0.227258 98.333
0.276335 -0.0764885 0.958013 -208.82 -0.0764885 0.991915 0.101258 57.0626 -0.958013 -0.101258 0.26825 98.5032
0.31564 -0.069151 0.946356 -208.478 -0.069151 0.993013 0.0956243 57.102 -0.946356 -0.0956243 0.308652 98.6986
0.354648 -0.0628076 0.932888 -208.151 -0.0628076 0.993887 0.0907914 57.1391 -0.932888 -0.0907914 0.348535 98.9109
0.395255 -0.0602481 0.916593 -207.827 -0.0602481 0.993998 0.0913162 57.1726 -0.916593 -0.0913162 0.389253 99.1049
0.434276 -0.0573436 0.898953 -207.513 -0.0573436 0.994187 0.0911207 57.2161 -0.898953 -0.0911207 0.428463 99.3291
0.471401 -0.0536762 0.880284 -207.207 -0.0536762 0.994549 0.0893878 57.2495 -0.880284 -0.0893878 0.46595 99.5653
0.506575 -0.0460684 0.860965 -206.95 -0.0460684 0.995699 0.0803835 57.2777 -0.860965 -0.0803835 0.502273 99.84
0.544751 -0.0443855 0.837422 -206.655 -0.0443855 0.995673 0.0816464 57.3204 -0.837422 -0.0816464 0.540424 100.094
0.581572 -0.0409916 0.812461 -206.374 -0.0409916 0.995984 0.0795933 57.34 -0.812461 -0.0795933 0.577556 100.354
0.61908 -0.0398132 0.784318 -206.084 -0.0398132 0.995839 0.0819758 57.3749 -0.784318 -0.0819758 0.614918 100.647
0.656763 -0.0389665 0.75309 -205.813 -0.0389665 0.995576 0.0854957 57.403 -0.75309 -0.0854957 0.652339 100.975
0.692236 -0.0359594 0.720775 -205.569 -0.0359594 0.995798 0.0842159 57.4396 -0.720775 -0.0842159 0.688034 101.307
0.727384 -0.0314579 0.685509 -205.325 -0.0314579 0.99637 0.0791028 57.4967 -0.685509 -0.0791028 0.723754 101.69
0.761463 -0.0274788 0.647626 -205.076 -0.0274788 0.996835 0.0746047 57.5542 -0.647626 -0.0746047 0.758298 102.082
0.792661 -0.0256131 0.609124 -204.844 -0.0256131 0.996836 0.0752465 57.5868 -0.609124 -0.0752465 0.789497 102.493
0.821527 -0.0248142 0.569629 -204.662 -0.0248142 0.99655 0.0791992 57.648 -0.569629 -0.0791992 0.818077 102.968
0.847943 -0.0240142 0.529544 -204.443 -0.0240142 0.996207 0.0836301 57.6735 -0.529544 -0.0836301 0.84415 103.415
0.872052 -0.0234675 0.48885 -204.178 -0.0234675 0.995696 0.089662 57.7091 -0.48885 -0.089662 0.867748 103.907
0.891942 -0.0215017 0.451638 -204.003 -0.0215017 0.995722 0.0898684 57.7703 -0.451638 -0.0898684 0.887664 104.45
0.909898 -0.0200067 0.414349 -203.811 -0.0200067 0.995558 0.0920044 57.8222 -0.414349 -0.0920044 0.905456 104.982
0.925528 -0.0189276 0.378207 -203.631 -0.0189276 0.995189 0.0961237 57.8783 -0.378207 -0.0961237 0.920717 105.566
0.938866 -0.0186441 0.343777 -203.493 -0.0186441 0.994314 0.104843 57.9419 -0.343777 -0.104843 0.93318 106.162
0.951103 -0.0170786 0.308401 -203.335 -0.0170786 0.994035 0.107718 58.0074 -0.308401 -0.107718 0.945138 106.789
0.961817 -0.0148881 0.273287 -203.204 -0.0148881 0.994195 0.106559 58.0642 -0.273287 -0.106559 0.956012 107.443
0.970836 -0.0126389 0.239413 -203.116 -0.0126389 0.994523 0.103754 58.127 -0.239413 -0.103754 0.965358 108.103
0.978308 -0.0103549 0.206896 -203.032 -0.0103549 0.995057 0.0987644 58.1911 -0.206896 -0.0987644 0.973365 108.798
0.984191 -0.00864718 0.176898 -202.974 -0.00864718 0.99527 0.0967608 58.257 -0.176898 -0.0967608 0.979461 109.503
0.988799 -0.00755198 0.14906 -202.923 -0.00755198 0.994908 0.100502 58.3262 -0.14906 -0.100502 0.983707 110.25
0.992333 -0.00668353 0.123415 -202.869 -0.00668353 0.994174 0.107579 58.4053 -0.123415 -0.107579 0.986507 111.019
0.994786 -0.00577181 0.101822 -202.838 -0.00577181 0.993611 0.112713 58.4958 -0.101822 -0.112713 0.988397 111.792
0.996557 -0.00480155 0.0827741 -202.822 -0.00480155 0.993304 0.115427 58.5861 -0.0827741 -0.115427 0.989861 112.588
0.997837 -0.00376324 0.0656305 -202.813 -0.00376324 0.993453 0.11418 58.6787 -0.0656305 -0.11418 0.99129 113.393
0.998746 -0.00275851 0.0499786 -202.783 -0.00275851 0.99393 0.109984 58.7557 -0.0499786 -0.109984 0.992676 114.217
0.999342 -0.00196321 0.0362159 -202.787 -0.00196321 0.994142 0.108064 58.8462 -0.0362159 -0.108064 0.993484 115.063
0.999661 -0.00141415 0.0259949 -202.797 -0.00141415 0.9941 0.108463 58.9271 -0.0259949 -0.108463 0.993761 115.928
0.999839 -0.00103547 0.0179178 -202.813 -0.00103547 0.993343 0.115186 59.025 -0.0179178 -0.115186 0.993182 116.819
0.999905 -0.000833414 0.0137376 -202.815 -0.000833414 0.992666 0.120883 59.1365 -0.0137376 -0.120883 0.992572 117.728
0.999907 -0.000839767 0.0136118 -202.842 -0.000839767 0.992417 0.122914 59.2484 -0.0136118 -0.122914 0.992324 118.645
0.999866 -0.000966118 0.0163505 -202.832 -0.000966118 0.993042 0.117757 59.3512 -0.0163505 -0.117757 0.992908 119.566
0.999816 -0.00107684 0.0191739 -202.809 -0.00107684 0.993712 0.11196 59.4396 -0.0191739 -0.11196 0.993528 120.494
0.999728 -0.00128557 0.0232841 -202.791 -0.00128557 0.993923 0.110074 59.5186 -0.0232841 -0.110074 0.993651 121.435
0.999628 -0.00152788 0.0272139 -202.755 -0.00152788 0.993717 0.111913 59.6016 -0.0272139 -0.111913 0.993345 122.382
0.999485 -0.00178814 0.0320452 -202.743 -0.00178814 0.993793 0.111226 59.7089 -0.0320452 -0.111226 0.993278 123.333
0.999303 -0.00203425 0.037285 -202.674 -0.00203425 0.994066 0.108757 59.7961 -0.037285 -0.108757 0.993369 124.288
0.999067 -0.00236331 0.0431151 -202.638 -0.00236331 0.994012 0.109249 59.8801 -0.0431151 -0.109249 0.993079 125.253
0.998778 -0.002874 0.0493477 -202.574 -0.002874 0.993243 0.116015 59.9861 -0.0493477 -0.116015 0.992021 126.227
0.998499 -0.00348299 0.0546548 -202.515 -0.00348299 0.991917 0.126843 60.0942 -0.0546548 -0.126843 0.990416 127.205
0.998261 -0.00383249 0.0588233 -202.458 -0.00383249 0.991554 0.129641 60.2209 -0.0588233 -0.129641 0.989815 128.175
0.998118 -0.00380934 0.0612113 -202.397 -0.00380934 0.992291 0.123868 60.3303 -0.0612113 -0.123868 0.990409 129.132
0.997898 -0.00370692 0.0647029 -202.345 -0.00370692 0.993464 0.114088 60.4111 -0.0647029 -0.114088 0.991361 130.086
0.997728 -0.00374569 0.0672594 -202.264 -0.00374569 0.993823 0.11091 60.5086 -0.0672594 -0.11091 0.991552 131.041
0.997468 -0.00409432 0.0709991 -202.216 -0.00409432 0.993379 0.114807 60.5852 -0.0709991 -0.114807 0.990847 131.986
0.997408 -0.00428516 0.0718253 -202.069 -0.00428516 0.992916 0.118744 60.632 -0.0718253 -0.118744 0.990324 132.879
0.997279 -0.00430577 0.0735968 -202.05 -0.00430577 0.993187 0.116452 60.7846 -0.0735968 -0.116452 0.990466 133.805
0.9974 -0.00407125 0.0719484 -201.982 -0.00407125 0.993625 0.112664 60.8602 -0.0719484 -0.112664 0.991025 134.712
0.997546 -0.00392623 0.0699012 -201.905 -0.00392623 0.993718 0.111846 60.9241 -0.0699012 -0.111846 0.991264 135.632
0.997737 -0.00375727 0.0671341 -201.865 -0.00375727 0.993762 0.111458 61.0266 -0.0671341 -0.111458 0.991499 136.554
0.997888 -0.0037861 0.0648511 -201.839 -0.0037861 0.993214 0.116243 61.1177 -0.0648511 -0.116243 0.991101 137.482
0.998158 -0.00360337 0.0605532 -201.78 -0.00360337 0.992949 0.118486 61.2035 -0.0605532 -0.118486 0.991108 138.401
0.998371 -0.0033532 0.0569498 -201.722 -0.0033532 0.993096 0.117257 61.2966 -0.0569498 -0.117257 0.991467 139.317
0.998581 -0.00307598 0.0531716 -201.672 -0.00307598 0.993334 0.115232 61.3859 -0.0531716 -0.115232 0.991914 140.226
0.998682 -0.00304049 0.0512427 -201.655 -0.00304049 0.992988 0.118176 61.4699 -0.0512427 -0.118176 0.99167 141.131
0.998795 -0.00297996 0.0489779 -201.631 -0.00297996 0.992628 0.121164 61.5628 -0.0489779 -0.121164 0.991423 142.029
0.998982 -0.00272223 0.0450366 -201.588 -0.00272223 0.992723 0.120388 61.6574 -0.0450366 -0.120388 0.991705 142.906
0.999072 -0.00253026 0.0429938 -201.595 -0.00253026 0.9931 0.117243 61.7149 -0.0429938 -0.117243 0.992172 143.766
0.999269 -0.00215869 0.0381553 -201.482 -0.00215869 0.993621 0.112751 61.8008 -0.0381553 -0.112751 0.99289 144.603
0.999276 -0.00217157 0.0379705 -201.497 -0.00217157 0.993482 0.113968 61.8987 -0.0379705 -0.113968 0.992759 145.428
0.999275 -0.00224234 0.0379981 -201.593 -0.00224234 0.993062 0.117572 61.943 -0.0379981 -0.117572 0.992337 146.237
0.999501 -0.00185022 0.0315187 -201.473 -0.00185022 0.993133 0.116972 62.0406 -0.0315187 -0.116972 0.992635 147.015
0.999634 -0.00158866 0.0270226 -201.467 -0.00158866 0.993113 0.117154 62.0989 -0.0270226 -0.117154 0.992746 147.773
0.999737 -0.00136542 0.0228923 -201.496 -0.00136542 0.992911 0.118852 62.1726 -0.0228923 -0.118852 0.992648 148.509
0.999855 -0.00101935 0.0169908 -201.467 -0.00101935 0.992828 0.11955 62.2395 -0.0169908 -0.11955 0.992683 149.221
0.999948 -0.000620858 0.0101955 -201.477 -0.000620858 0.992611 0.121338 62.3149 -0.0101955 -0.121338 0.992559 149.906
0.999992 -0.000240165 0.00388197 -201.496 -0.000240165 0.992374 0.123261 62.3753 -0.00388197 -0.123261 0.992367 150.566
0.999988 0.000302128 -0.0049013 -201.504 0.000302128 0.992429 0.122817 62.4425 0.0049013 -0.122817 0.992417 151.196
0.999879 0.000961935 -0.0154941 -201.553 0.000961935 0.992321 0.123684 62.5013 0.0154941 -0.123684 0.992201 151.802
0.999576 0.00179989 -0.0290536 -201.576 0.00179989 0.992355 0.123402 62.5594 0.0290536 -0.123402 0.991931 152.379
0.998958 0.00278398 -0.0455489 -201.633 0.00278398 0.99256 0.121723 62.6162 0.0455489 -0.121723 0.991518 152.936
0.997939 0.00386303 -0.0640474 -201.71 0.00386303 0.992758 0.120069 62.6611 0.0640474 -0.120069 0.990697 153.476
0.996352 0.00500649 -0.0851934 -201.781 0.00500649 0.993129 0.116914 62.7105 0.0851934 -0.116914 0.989481 153.996
0.993996 0.00633556 -0.109231 -201.895 0.00633556 0.993314 0.115267 62.7525 0.109231 -0.115267 0.987311 154.519
0.990603 0.00794541 -0.136537 -202.021 0.00794541 0.993282 0.115447 62.8133 0.136537 -0.115447 0.983885 155.039
0.986037 0.00980964 -0.166237 -202.144 0.00980964 0.993108 0.116789 62.8624 0.166237 -0.116789 0.979145 155.538
0.980263 0.0118985 -0.19734 -202.297 0.0118985 0.992827 0.118966 62.9139 0.19734 -0.118966 0.97309 156.044
0.973002 0.0143813 -0.230346 -202.487 0.0143813 0.992339 0.122703 62.9604 0.230346 -0.122703 0.965342 156.51
0.963208 0.0171484 -0.268208 -202.68 0.0171484 0.992007 0.125011 63.0265 0.268208 -0.125011 0.955216 156.992
0.951411 0.0199958 -0.307273 -202.923 0.0199958 0.991771 0.126453 63.0815 0.307273 -0.126453 0.943182 157.457
0.937219 0.0234648 -0.34795 -203.15 0.0234648 0.99123 0.13005 63.1346 0.34795 -0.13005 0.928449 157.886
0.921924 0.0276091 -0.386386 -203.421 0.0276091 0.990237 0.136633 63.1831 0.386386 -0.136633 0.912161 158.329
0.904976 0.0314344 -0.424299 -203.711 0.0314344 0.989601 0.140361 63.2476 0.424299 -0.140361 0.894578 158.757
0.886085 0.0348754 -0.462209 -203.993 0.0348754 0.989323 0.141506 63.305 0.462209 -0.141506 0.875408 159.141
0.86514 0.0379932 -0.50009 -204.308 0.0379932 0.989296 0.140886 63.3665 0.50009 -0.140886 0.854436 159.553
0.842489 0.0414308 -0.537119 -204.649 0.0414308 0.989102 0.14128 63.4272 0.537119 -0.14128 0.831591 159.952
0.817687 0.0460244 -0.57382 -204.995 0.0460244 0.988381 0.144859 63.4873 0.57382 -0.144859 0.806068 160.314
0.791738 0.0508056 -0.608745 -205.397 0.0508056 0.987606 0.148503 63.5607 0.608745 -0.148503 0.779344 160.681
0.761913 0.0549056 -0.645348 -205.786 0.0549056 0.987338 0.148825 63.6247 0.645348 -0.148825 0.749251 161.025
0.729861 0.05887 -0.681056 -206.229 0.05887 0.987171 0.148419 63.6861 0.681056 -0.148419 0.717032 161.379
0.694852 0.0611397 -0.716549 -206.692 0.0611397 0.98775 0.143568 63.7692 0.716549 -0.143568 0.682602 161.717
0.657087 0.0637067 -0.751118 -207.146 0.0637067 0.988165 0.139543 63.8333 0.751118 -0.139543 0.645251 162.007
0.61729 0.0658321 -0.783976 -207.668 0.0658321 0.988676 0.134856 63.8867 0.783976 -0.134856 0.605966 162.299
0.575498 0.0692209 -0.814869 -208.232 0.0692209 0.988713 0.132875 63.944 0.814869 -0.132875 0.56421 162.532
0.531681 0.073174 -0.843778 -208.746 0.073174 0.988567 0.131839 64.0134 0.843778 -0.131839 0.520248 162.8
0.487682 0.0795522 -0.869389 -209.356 0.0795522 0.987647 0.134998 64.0748 0.869389 -0.134998 0.475329 163.016
0.444535 0.0888001 -0.891349 -209.945 0.0888001 0.985804 0.142497 64.1448 0.891349 -0.142497 0.430339 163.189
0.397844 0.0919728 -0.912831 -210.559 0.0919728 0.985952 0.139425 64.2272 0.912831 -0.139425 0.383797 163.43
0.355284 0.107628 -0.928541 -211.181 0.107628 0.982033 0.15501 64.3399 0.928541 -0.15501 0.337317 163.633
0.315752 0.107693 -0.94271 -211.862 0.107693 0.98305 0.148372 64.3897 0.94271 -0.148372 0.298803 163.69
0.278603 0.115514 -0.953434 -212.537 0.115514 0.981503 0.152669 64.479 0.953434 -0.152669 0.260106 163.792
0.24378 0.122258 -0.962094 -213.217 0.122258 0.980235 0.155541 64.5626 0.962094 -0.155541 0.224015 163.887
0.213248 0.125906 -0.968851 -213.934 0.125906 0.979851 0.155047 64.64 0.968851 -0.155047 0.193099 163.946
0.186564 0.128988 -0.973938 -214.654 0.128988 0.979546 0.154439 64.7395 0.973938 -0.154439 0.166111 164.02
0.165698 0.132835 -0.977189 -215.391 0.132835 0.97885 0.155585 64.8404 0.977189 -0.155585 0.144548 164.062
0.149137 0.135577 -0.979478 -216.138 0.135577 0.978397 0.156071 64.9441 0.979478 -0.156071 0.127534 164.121
0.136775 0.135874 -0.981239 -216.894 0.135874 0.978613 0.15445 65.0539 0.981239 -0.15445 0.115388 164.179
0.128708 0.138289 -0.981993 -217.664 0.138289 0.978051 0.155859 65.1642 0.981993 -0.155859 0.106759 164.236
0.122621 0.138448 -0.982749 -218.444 0.138448 0.978153 0.155075 65.2727 0.982749 -0.155075 0.100774 164.304
0.11959 0.138332 -0.983139 -219.234 0.138332 0.978265 0.154473 65.3837 0.983139 -0.154473 0.0978548 164.368
0.11912 0.139037 -0.983097 -220.037 0.139037 0.978055 0.155171 65.492 0.983097 -0.155171 0.0971743 164.431
0.118553 0.13781 -0.983338 -220.846 0.13781 0.978454 0.153741 65.622 0.983338 -0.153741 0.0970065 164.516
0.118574 0.136169 -0.983564 -221.673 0.136169 0.978964 0.151948 65.7384 0.983564 -0.151948 0.0975374 164.593
0.119517 0.134732 -0.983648 -222.51 0.134732 0.979383 0.150518 65.8524 0.983648 -0.150518 0.0989001 164.673
0.119613 0.132545 -0.983933 -223.357 0.132545 0.980045 0.148134 65.9726 0.983933 -0.148134 0.0996582 164.756
0.119639 0.131151 -0.984117 -224.22 0.131151 0.980462 0.146608 66.0927 0.984117 -0.146608 0.100101 164.84
0.118617 0.128651 -0.98457 -225.091 0.128651 0.981221 0.143713 66.2172 0.98457 -0.143713 0.0998386 164.94
0.118796 0.127131 -0.984746 -225.982 0.127131 0.981659 0.142069 66.3377 0.984746 -0.142069 0.100455 165.028
0.11839 0.12508 -0.985058 -226.881 0.12508 0.982254 0.139757 66.4584 0.985058 -0.139757 0.100644 165.123
0.119556 0.123392 -0.98513 -227.801 0.123392 0.982707 0.138064 66.5668 0.98513 -0.138064 0.102263 165.184
0.119619 0.122423 -0.985243 -228.726 0.122423 0.982976 0.137004 66.6938 0.985243 -0.137004 0.102595 165.294
0.120062 0.121663 -0.985283 -229.67 0.121663 0.983178 0.136229 66.8059 0.985283 -0.136229 0.10324 165.374
0.118082 0.118397 -0.98592 -230.628 0.118397 0.984105 0.13236 66.9339 0.98592 -0.13236 0.102187 165.485
0.116805 0.11795 -0.986126 -231.603 0.11795 0.984248 0.131696 67.0523 0.986126 -0.131696 0.101053 165.576
0.114456 0.115003 -0.986749 -232.587 0.115003 0.985065 0.128147 67.1673 0.986749 -0.128147 0.099521 165.676
0.111188 0.113643 -0.98728 -233.587 0.113643 0.98547 0.126233 67.2897 0.98728 -0.126233 0.0966574 165.772
0.107344 0.111954 -0.987899 -234.604 0.111954 0.985959 0.123899 67.4032 0.987899 -0.123899 0.0933028 165.85
