0.666749 0.860443
1.32971 0.859327
2.00164 0.860438
2.67404 1.71987
3.44062 0.860435
4.17391 0.859398
4.94564 0.860538
5.74623 0.859446
6.52562 0.860306
7.34066 0.860598
8.17544 0.859134
8.99776 0.860432
9.82647 0.860357
10.6297 0.859593
11.4652 0.855871
12.2836 0.863667
13.1101 0.870724
13.9402 0.881615
14.7787 0.891922
15.6089 0.901721
16.4645 0.906165
17.2733 0.913045
18.1021 0.9151
18.9479 0.918507
19.7867 0.928696
20.6066 0.936147
21.4771 0.937333
22.3823 0.944008
23.2745 0.946881
24.1667 1.89631
25.0849 0.953304
25.9867 0.960035
26.8746 0.96987
27.7826 0.97703
28.6853 0.98083
29.6072 0.980618
30.517 0.98057
31.4042 0.985831
32.2676 1.01335
33.1939 1.06045
34.0547 1.04463
34.9463 1.04654
35.8576 1.03506
36.7863 1.03788
37.7499 1.02578
38.7565 1.02486
39.7339 1.01252
40.7112 2.02042
41.6626 1.00366
42.638 1.0017
43.5844 0.997628
44.5645 0.989036
45.5298 0.980541
46.424 0.984487
47.3244 0.983564
48.2394 0.979146
49.1733 0.972598
50.0717 0.965427
50.9701 0.96585
51.8572 0.961009
52.7703 0.964335
53.6614 0.964033
54.5981 0.954338
55.5226 0.943635
56.4269 0.927331
57.3021 0.917557
58.1585 0.913813
59.0225 0.901613
59.859 0.885961
60.702 0.8718
61.5026 0.858085
62.3318 0.846155
63.155 0.831775
63.966 0.819611
64.7577 0.807556
65.5642 0.79703
66.4 0.77941
67.2048 0.756639
67.9666 0.733996
68.7284 1.44999
69.3706 0.698293
70.0656 0.680013
70.7607 1.33984
71.4184 0.633923
72.0205 0.614207
72.6226 1.21096
73.1706 0.584415
73.7151 0.572595
74.2992 0.557021
74.8758 0.54408
75.411 0.53198
75.9118 0.512643
76.4126 1.01466
76.9189 0.488097
77.3901 0.474636
77.8638 0.460279
78.3106 0.455031
78.7732 0.450175
79.2368 0.437722
79.6685 0.438707
80.0912 0.431875
80.4883 0.413149
80.8631 0.416642
81.2278 0.396948
81.567 0.403219
81.8698 0.396863
82.1672 0.378589
82.4477 0.387287
82.7125 0.373576
82.9558 0.388171
83.1762 0.383546
83.3867 0.376037
83.5649 0.38034
83.7332 0.370996
83.8815 0.380273
84.0078 0.381136
84.1244 0.376479
84.2209 0.388415
84.3203 0.385601
84.4113 0.385694
84.5268 0.388588
84.6142 0.39366
84.6829 0.404176
84.7527 0.411357
84.8041 0.424157
84.8623 0.42958
84.9319 0.450381
84.9833 0.468415
85.0366 0.475496
85.0852 0.487851
85.1415 0.498241
85.1893 0.515111
85.2569 0.530639
85.3393 0.546272
85.413 0.564167
85.4717 0.584268
85.5649 0.60335
85.6469 0.619558
85.7341 0.639864
85.8117 0.655036
85.8887 0.674021
85.9923 0.686448
86.1133 0.70755
86.2232 0.723469
86.34 0.739352
86.5002 0.759447
86.6779 0.772064
86.8556 0.788173
87.0533 0.795557
87.2622 0.803535
87.4865 0.805544
87.7302 0.810686
87.9699 0.815819
88.2427 0.819963
88.4785 0.820471
88.7442 0.819144
89.039 0.81943
89.3125 0.817425
89.6012 0.814136
89.8863 0.812707
90.1465 0.813563
90.4322 0.811837
90.7499 0.813764
91.0295 0.813123
91.3173 0.807984
91.5869 0.802581
91.8986 0.801904
92.2098 0.798207
92.464 0.792803
92.7458 0.792489
93.0369 0.787391
93.3114 0.780355
93.5665 0.77649
93.8314 0.769752
94.1084 0.761919
94.3543 0.754943
94.6055 0.747479
94.8776 0.740537
95.1233 0.732933
95.3746 1.45698
95.5907 0.718227
95.8335 0.706226
96.0914 0.691049
96.3466 0.677793
96.5884 0.659837
96.8355 1.30323
97.0569 0.62435
97.2942 0.604979
97.5573 0.58506
97.8194 0.56443
98.0867 0.543785
98.3618 0.535779
98.6203 0.528141
98.905 0.523929
99.1985 0.525191
99.4897 0.522084
99.7991 0.514085
100.161 0.514144
100.549 0.516492
100.955 0.497358
101.359 0.49922
101.71 0.494067
102.063 0.959679
102.505 0.480109
102.948 0.935505
103.389 0.477478
103.845 0.476187
104.266 0.452398
104.637 0.477471
105.063 0.477967
105.474 0.457111
105.877 0.481237
106.334 0.482268
106.798 0.470054
107.253 0.490862
107.723 0.479343
108.168 0.491638
108.584 0.492446
109.053 0.496072
109.526 0.507325
109.978 0.518222
110.474 0.525679
110.977 0.536052
111.491 0.545847
112.02 0.556528
112.543 0.564612
113.068 0.576569
113.524 0.597683
113.981 1.20655
114.92 0.623413
115.885 0.633519
116.506 0.646718
117.127 0.652814
117.77 0.661845
118.413 1.32791
119.06 0.678772
119.677 0.692947
120.296 0.71359
120.94 0.729826
121.644 0.739581
122.399 0.743286
123.133 0.749051
123.86 0.761263
124.496 0.773771
125.176 0.789459
125.882 0.798006
126.598 0.811835
127.333 0.830601
128.098 0.831246
128.777 0.840398
129.576 0.839122
130.376 1.68305
131.131 0.849174
131.895 0.856414
132.677 0.861521
133.451 0.861588
134.3 0.863902
135.149 1.74389
135.992 0.87327
136.798 0.871465
137.571 0.87418
138.37 0.874962
139.219 0.86968
140.133 0.847171
141.048 1.68423
141.794 0.838856
142.512 0.853528
143.289 0.869928
144.143 0.861658
145.039 0.833018
145.897 0.819709
146.683 0.823568
147.405 0.83005
148.079 0.832794
148.936 0.82208
149.696 0.81758
150.518 0.832301
151.34 1.63486
152.068 0.820274
152.878 0.819807
153.736 0.813758
154.553 0.810229
155.291 0.802836
155.997 0.81069
156.584 0.816075
157.29 0.818596
157.964 0.817482
158.755 0.811314
159.565 0.801997
160.334 0.797535
161.056 0.805563
161.746 0.815917
162.458 0.822251
163.18 0.817923
163.894 0.812674
164.582 0.815999
165.279 0.822865
165.993 0.828436
166.742 0.830955
167.497 0.825311
168.267 0.823887
169 0.823977
169.746 0.820437
170.488 0.818878
171.167 0.817708
171.897 0.835394
172.661 0.840348
173.411 0.836158
174.246 0.823922
174.96 0.815547
175.667 0.818431
176.43 0.827988
177.185 0.834859
177.967 0.836486
178.72 0.841076
179.508 0.843149
180.274 0.836859
181.014 0.829223
181.695 0.832521
182.344 0.852914
183.054 0.860685
183.799 0.856177
184.641 0.845217
185.443 0.838392
186.207 0.839513
186.943 0.847708
187.671 0.858573
188.421 0.8631
189.201 0.864678
189.997 0.85668
190.786 0.850094
190.992 0.845765
191.706 0.849192
192.381 0.862271
193.057 1.7266
193.811 0.850859
194.57 0.840056
195.408 0.837586
196.185 0.841091
196.94 0.843309
197.7 0.839802
198.436 0.837273
199.207 0.834227
199.919 0.825749
200.573 0.815207
201.256 0.815906
201.964 0.707393
202.706 0.708296
203.446 0.707895
204.165 0.707995
204.85 0.707896
205.503 0.707595
206.1 0.707195
206.715 0.708899
207.33 1.41629
207.872 0.708298
208.414 0.707797
209.031 0.706996
209.654 0.707999
210.016 0.707197
210.589 0.707999
211.129 0.713071
211.627 0.648652
212.209 0.648194
212.796 0.647595
213.371 0.636351
213.948 0.638632
214.514 0.636187
215.105 0.646303
215.711 0.648821
216.32 0.657539
216.927 0.650787
217.525 0.650684
218.081 0.65398
218.624 0.660987
219.177 0.67628
219.728 0.686275
220.336 0.692328
220.998 0.693748
221.667 0.682136
222.351 0.671631
222.994 0.653723
223.641 0.655184
224.293 0.681338
224.97 0.686771
225.655 0.681392
226.309 0.682211
226.963 0.674911
227.605 0.686079
228.233 0.68633
228.89 0.691144
229.594 0.683953
230.288 0.681751
230.993 0.671771
231.662 0.667391
232.25 0.662295
232.855 0.658817
233.374 0.657519
233.893 1.30744
234.539 0.622851
235.118 0.610058
235.754 0.598005
236.39 1.16877
236.949 0.548091
237.424 0.531714
237.927 0.522211
238.414 0.516787
238.866 0.509193
239.223 0.512166
239.515 0.507987
239.909 0.491173
240.282 0.492345
240.62 0.466201
240.932 0.478481
241.229 0.475985
241.499 0.448566
241.74 0.460331
241.953 0.455854
242.154 0.426485
242.343 0.440948
242.509 0.443016
242.661 0.425224
242.792 0.437247
242.906 0.428368
243.018 0.410283
243.117 0.41656
243.196 0.410824
243.24 0.40178
243.28 0.411356
243.294 0.422355
243.267 0.437348
243.225 0.450719
243.169 0.466004
243.064 0.470195
242.964 0.483328
242.865 0.981047
242.731 0.50166
242.622 0.515126
242.486 0.526468
242.356 0.537288
242.239 0.551612
242.097 0.565604
241.94 0.580211
241.814 0.597816
241.677 0.616172
241.53 0.634391
241.399 0.655517
241.219 0.674101
241.056 0.686016
240.884 0.692912
240.682 0.712581
240.502 0.742117
240.314 0.759569
240.128 1.54756
239.923 0.801529
239.731 0.81216
239.544 0.835487
239.314 0.844782
239.136 0.868532
238.951 0.86687
238.767 0.869979
238.597 0.862266
238.405 0.863496
238.232 0.868555
238.05 0.878697
237.88 0.870299
237.723 0.871785
237.499 0.874234
237.211 0.87709
236.893 0.868955
236.581 1.74163
236.318 0.869858
236.115 0.888671
235.884 0.871862
235.679 0.88269
235.531 0.874867
235.333 0.869574
235.142 1.7354
235.121 0.863884
235.101 1.72528
234.975 0.850814
234.838 0.852602
234.685 0.840451
234.591 0.844472
234.499 1.67868
234.353 0.837562
234.267 0.830264
234.183 1.65732
234.209 0.820186
234.135 0.81206
234.064 1.62244
233.914 0.807088
233.844 0.810714
233.778 1.61412
233.671 0.802306
233.582 0.796965
233.501 0.789824
233.404 0.785089
233.322 0.775524
233.243 0.766318
233.107 0.755426
233.016 0.746905
232.927 1.4781
232.873 0.714346
232.802 0.699058
232.79 0.685004
232.787 0.670839
232.786 1.32906
232.749 0.639255
232.706 0.627532
232.667 0.611184
232.636 0.598841
232.607 1.18262
232.61 0.567551
232.675 0.548431
232.683 0.529124
232.693 1.04425
232.686 0.495762
232.695 0.480431
232.705 0.94359
232.718 0.450387
232.743 0.430143
232.768 0.842914
232.761 0.397853
232.806 0.377936
232.851 0.736727
232.892 0.344715
232.936 0.324837
232.98 0.625966
233.019 0.279734
233.038 0.252681
233.073 0.228171
233.094 0.194683
233.117 0.365319
233.133 0.14803
233.149 0.267843
233.158 0.0940172
233.166 0.169799
233.143 0.0681007
233.12 0.123838
233.097 0.168494
233.097 0.0301561
233.098 0.0494659
233.098 0.0568567
233.099 0.0544346
233.099 0.050182
233.1 0.050179
233.101 0.0503765
233.101 0.0491921
233.102 0.0464875
233.103 0.0478155
233.104 0.0566143
233.105 0.0658606
233.107 0.0793239
233.108 0.0975225
233.109 0.119022
233.153 0.0262916
233.197 0.0581832
233.24 0.101746
233.284 0.160699
233.306 0.0798604
233.328 0.1788
233.356 0.119589
233.385 0.139159
233.415 0.29734
233.462 0.178289
233.499 0.194816
233.536 0.404207
233.584 0.224032
233.647 0.241458
233.721 0.253663
233.796 0.513475
233.893 0.266753
233.988 0.282328
234.104 0.293807
234.24 0.296732
234.406 0.318633
234.574 0.318739
234.773 0.339847
234.983 0.348088
235.232 0.338649
235.589 0.36615
235.946 0.742408
236.254 0.351051
236.685 0.392606
237.116 0.759154
237.469 0.424309
237.853 0.442977
238.278 0.413241
238.721 0.474996
239.152 0.485684
239.713 0.465214
240.211 0.509311
240.726 0.506661
241.104 0.553056
241.588 0.571683
242.071 1.14436
242.661 0.612602
243.298 0.608848
243.931 0.631035
244.507 0.652941
244.642 0.667453
245.265 0.681346
245.889 1.38005
246.539 0.714352
247.189 1.44225
247.326 0.746577
248.059 0.765266
248.792 1.54861
249.563 0.795159
250.322 0.809078
250.459 0.822721
251.198 0.831468
251.97 0.850004
252.742 1.71527
252.879 0.884856
253.71 0.894491
253.847 0.906769
254.082 0.91268
254.417 0.919688
255.389 0.932066
256.424 0.94507
257.217 0.964525
258.068 0.974501
258.912 0.988496
259.804 1.00503
260.715 1.00974
261.644 1.00833
262.572 2.02243
263.529 1.0209
264.477 1.03307
265.405 1.03864
266.192 1.0492
267.143 1.05386
268.095 2.10646
269.034 1.04976
269.946 1.05289
270.92 1.05962
271.939 1.06581
272.83 1.06725
273.761 1.06719
274.692 1.06196
275.726 1.05718
276.761 2.10693
277.743 1.04639
278.716 1.0401
279.667 1.04007
280.608 1.03722
281.48 1.03697
282.407 1.0343
283.381 1.02871
284.447 1.02766
285.479 1.02768
286.511 2.05904
287.552 1.02978
288.629 1.02141
289.606 1.02192
290.623 1.02338
291.56 1.02296
292.524 1.02377
293.566 1.02335
294.553 1.03178
295.627 1.03054
296.715 1.03259
297.795 1.03647
298.871 1.03914
299.95 1.04622
301.012 1.04925
302.074 2.10372
303.218 1.06147
304.361 2.12562
305.343 1.063
306.414 1.07486
307.493 1.08137
308.504 1.08407
309.57 1.08638
310.666 1.08469
311.737 1.08352
312.85 1.07859
313.958 1.07412
315.083 1.07133
316.234 1.0701
317.275 1.071
318.279 1.07324
319.284 2.1457
320.315 1.06897
321.39 1.05799
322.37 1.05374
323.448 1.05299
324.578 1.0385
325.5 1.03139
326.421 2.05123
327.434 1.01263
328.447 2.01467
329.331 0.993877
330.322 0.986481
331.313 1.9638
332.21 0.963985
333.096 0.952583
333.989 0.942943
334.855 0.930741
335.719 0.918636
336.573 0.898746
337.423 0.883712
338.252 0.871144
339.078 0.852432
340.037 0.83488
340.945 0.81192
341.852 1.6012
343.206 0.775761
344.388 0.745841
345.569 1.46967
345.707 0.697977
346.697 0.669753
347.687 1.31564
347.824 0.626826
348.659 0.606697
349.494 1.1952
349.631 0.564189
350.303 0.542162
350.975 1.05383
351.596 0.491439
352.217 0.964342
352.775 0.461009
353.256 0.449992
353.737 0.889087
354.632 0.445307
355.467 0.445843
356.173 0.428084
356.664 0.443484
357.169 0.444146
357.531 0.409133
357.976 0.435413
358.339 0.438446
358.701 0.392794
359.258 0.434764
359.596 0.445717
360.001 0.405549
360.406 0.873602
360.871 0.476518
361.347 0.432917
361.838 0.493005
362.169 0.455937
362.482 0.501102
362.779 0.509074
363.033 0.477143
363.248 0.51793
363.422 0.520117
363.583 0.511143
363.741 0.545667
363.858 0.559162
363.914 0.56491
363.95 0.572812
364.003 0.583616
364.034 0.602409
364.052 0.612451
364.069 0.619047
364.086 0.619662
364.108 0.622021
364.126 0.633019
364.187 0.652222
364.236 0.671715
364.256 0.685093
364.303 0.691122
364.379 0.70256
364.446 0.713975
364.493 0.726085
364.536 0.740062
364.618 0.7546
364.674 0.775915
364.716 0.79261
364.783 0.803926
364.887 0.821791
365.03 0.833264
365.12 0.85484
365.213 1.73024
365.316 0.88461
365.45 0.894289
365.614 0.89822
365.78 1.79914
365.911 0.906177
366.031 0.912427
366.156 0.917571
366.299 0.923504
366.428 0.925972
366.552 0.920634
366.693 0.919235
366.836 1.83904
366.991 0.915368
367.135 0.916455
367.348 0.908257
367.491 0.91196
367.636 1.82279
367.809 0.910874
367.959 0.91358
368.116 0.905496
368.276 1.81054
368.387 0.897953
368.505 0.897935
368.55 0.895919
368.708 0.897285
368.869 1.79642
369.035 0.897356
369.354 0.88892
369.547 0.887943
369.742 1.77779
369.863 0.889049
370.005 0.888296
370.186 0.883613
370.396 0.883854
370.608 0.875771
370.845 0.875337
371.078 0.873356
371.287 0.869594
371.497 0.86574
371.728 0.868726
371.931 0.866809
372.17 0.865208
372.38 0.863643
372.64 0.857544
372.901 1.70485
373.141 0.827601
373.438 0.809922
373.627 0.793723
373.816 1.56433
374.041 0.751333
374.263 0.729018
374.449 0.707595
374.656 0.684677
374.82 0.657204
374.989 0.632973
375.156 0.614384
375.345 0.594114
375.47 0.597207
375.635 0.594302
375.766 0.593158
375.915 0.588518
376.062 0.58516
376.198 0.580017
376.352 0.578838
376.465 0.579019
376.583 0.578757
376.723 0.585354
376.841 0.59129
376.974 0.596537
377.093 0.605597
377.225 0.611406
377.348 0.615998
377.479 0.623033
377.589 0.631986
377.71 0.64066
377.836 0.654967
377.948 0.669626
378.091 0.678404
378.228 0.704251
378.379 0.715644
378.555 0.722128
378.731 0.726657
378.906 0.731404
379.092 0.757184
379.274 0.793458
379.4 0.815165
379.603 0.818067
379.808 1.6333
380.143 0.824477
380.386 0.845199
380.607 0.872499
380.83 1.76999
381.097 0.905927
381.352 0.903142
381.661 0.912907
381.843 0.928024
382.136 0.953437
382.342 0.974357
382.671 0.978503
383.057 0.976934
383.422 0.976905
383.758 0.984067
384.146 0.992288
384.543 0.995402
384.942 1.99089
385.295 0.999496
385.713 1.00121
386.131 0.999131
386.536 0.988615
386.923 0.986513
387.242 0.989468
387.571 0.994401
387.901 1.98809
388.304 0.982961
388.697 0.97351
389.077 0.969078
389.451 0.971356
389.799 0.968551
390.134 0.970762
390.493 0.97199
390.857 0.968251
391.231 0.969188
391.665 0.959132
392.013 0.951116
392.324 0.951724
392.685 0.954907
393.073 0.958932
393.45 0.955321
393.842 0.949314
394.229 0.948317
394.628 0.941971
395.02 0.936188
395.458 0.935305
395.843 0.930458
396.229 1.85511
396.603 0.920277
396.968 0.920316
397.323 0.919641
397.719 0.917859
398.093 0.904096
398.501 0.892266
398.89 0.882662
399.274 0.868481
399.645 0.854329
400.022 0.846036
400.402 0.829526
400.787 0.800736
401.13 0.77751
401.491 0.759334
401.847 0.749138
402.246 0.736107
402.598 0.702843
402.955 0.677175
403.269 0.649848
403.543 0.63353
403.836 0.619863
404.129 1.23152
404.398 0.595134
404.673 0.584045
404.945 0.566308
405.183 0.557343
405.418 0.547491
405.627 0.540471
405.811 0.539437
405.965 0.528873
406.08 0.534388
406.202 0.529798
406.278 0.520966
406.33 0.521352
406.348 0.517332
406.344 0.51581
406.303 0.509372
406.235 0.504232
406.139 0.525616
406.013 0.506207
405.865 0.505576
405.672 0.551129
405.45 0.517303
405.187 0.57454
404.903 0.524906
404.575 0.532511
404.231 0.602671
403.841 0.55292
403.428 0.56651
402.998 0.618262
402.549 0.590577
402.072 0.622639
401.576 0.62163
401.065 0.637138
400.52 0.646507
399.968 0.647525
399.418 0.660936
398.889 0.665696
398.418 0.681411
398.053 0.699583
397.727 0.711398
397.147 0.720934
396.577 0.735652
395.969 0.748367
395.364 0.75991
394.736 0.776612
394.118 0.78964
393.43 0.806024
392.752 0.81789
392.074 0.828807
391.336 0.833106
390.593 0.846014
389.858 0.856811
389.099 0.873598
388.35 0.888867
387.671 0.900659
386.925 0.90964
386.202 0.911959
385.399 0.924059
384.659 0.925779
383.903 0.933819
383.199 0.935122
382.418 0.937999
381.636 0.938155
380.886 0.929328
380.109 0.926953
379.334 0.937239
378.532 0.929805
377.741 0.942682
376.966 0.934349
376.204 0.938075
375.409 0.935926
374.616 0.942006
373.872 0.942442
373.089 0.949638
372.307 1.90107
371.615 0.953391
370.87 0.958283
370.092 0.952997
369.339 0.956726
368.593 0.964391
367.796 0.966596
367.028 0.96103
366.236 0.953472
365.456 0.945862
364.677 0.949154
363.806 0.948545
362.936 1.90212
362.128 0.947905
361.323 0.944178
360.526 0.93847
359.74 0.943728
359.032 0.936417
358.259 0.934034
357.502 0.92798
356.705 0.925601
355.972 0.932025
355.219 0.933402
354.457 0.926584
353.756 0.918441
353.079 0.919904
352.373 0.926055
351.644 0.92409
350.919 0.917757
350.169 0.92421
349.416 0.921146
348.679 0.937418
347.897 0.93725
347.098 0.941132
346.304 0.936775
345.568 0.935486
344.856 0.945032
344.157 0.956796
343.425 0.962979
342.691 0.962578
341.997 0.962756
341.254 0.959111
340.521 0.965358
339.767 0.975953
339.005 0.978473
338.284 0.987581
337.473 0.974053
336.739 0.97571
335.954 0.976396
335.135 0.98262
334.363 0.977441
333.58 0.984997
332.727 0.983714
331.877 1.96295
331.017 0.972145
330.197 0.977652
329.423 0.994328
328.605 0.993899
327.81 1.00147
326.985 0.985681
326.181 0.992369
325.347 0.980741
324.654 0.987861
323.953 0.996389
323.411 1.01699
322.791 1.0164
322.078 1.01097
321.285 1.00046
320.413 0.993078
319.591 0.992141
318.791 0.991314
318.007 0.987814
317.237 0.986288
316.474 0.98499
315.69 0.986769
314.915 0.978393
314.14 0.970138
313.375 0.96487
312.611 1.92372
311.87 0.956851
311.162 0.948045
310.461 0.937798
309.708 0.922597
308.961 0.904779
308.222 0.891005
307.549 0.880676
306.865 0.868354
306.204 0.850703
305.564 0.838435
304.984 0.836634
304.389 0.825825
303.827 0.808133
303.236 0.791748
302.695 0.771317
302.162 0.755916
301.644 0.735116
301.129 0.714066
300.639 0.692852
300.169 0.671641
299.698 0.651629
299.249 0.627759
298.804 0.606649
298.401 0.587622
298.016 0.564121
297.636 0.54326
297.296 0.520704
296.957 1.015
296.642 0.469393
296.336 0.458065
296.046 0.448295
295.762 0.441636
295.467 0.452312
295.181 0.432532
294.901 0.451114
294.605 0.420648
294.294 0.41477
293.965 0.442531
293.642 0.409602
293.298 0.427701
292.95 0.464451
292.613 0.42418
292.203 0.432493
291.794 0.921013
291.058 0.4604
290.638 0.467761
290.183 0.519989
289.728 0.500295
289.255 0.520658
288.804 0.588573
288.354 0.560722
287.922 0.598236
287.539 0.586887
287.108 0.60426
286.694 0.657001
286.279 0.648374
285.855 0.665537
285.405 0.691579
284.984 0.687609
284.584 0.704065
284.171 0.701945
283.801 0.718294
283.551 0.726157
283.096 0.734736
282.664 0.738152
282.188 0.745459
281.85 0.748009
281.479 0.762399
281.086 0.77972
280.671 0.792759
280.235 0.811349
279.796 0.811102
279.384 0.81178
278.947 0.818448
278.513 0.83584
278.057 0.839888
277.61 0.843527
277.189 0.853761
276.747 0.873859
276.302 0.882001
275.862 0.893965
275.425 0.89979
274.955 0.895021
274.494 0.891769
274.036 1.79087
273.588 0.903479
273.154 0.90457
272.72 0.906346
272.299 0.906692
271.861 0.90531
271.409 0.903586
271 0.900021
270.639 0.896688
270.253 0.902356
269.869 1.80554
269.455 0.902963
269.03 0.89288
268.619 0.89213
268.206 0.894042
267.786 0.889615
267.37 0.879277
267.021 0.871509
266.636 0.8596
266.297 0.851357
265.913 0.841688
265.553 0.83
265.175 0.825189
264.796 0.804131
264.428 0.787381
264.073 0.765134
263.713 0.74893
263.359 0.721157
263.025 0.701344
262.703 0.680865
262.397 0.654017
262.093 0.631375
261.794 0.622784
261.523 0.612267
261.264 0.606528
260.969 0.605263
260.694 0.601074
260.443 0.601133
260.164 0.600605
259.888 0.60376
259.598 0.599562
259.302 0.589863
259.032 0.59342
258.749 0.591101
258.449 0.578931
258.165 0.574548
257.935 0.572341
257.721 0.565096
257.522 0.573251
257.333 0.573458
257.17 0.569654
257.016 0.564775
256.892 0.564682
256.774 0.563549
256.685 0.563748
256.62 0.562781
256.58 0.55725
256.561 0.551399
256.569 0.547729
256.604 0.54666
256.676 0.545459
256.791 0.541574
256.942 0.531727
257.105 0.544521
257.279 0.544479
257.479 0.536076
257.703 0.550001
257.936 0.544649
258.217 0.524124
258.519 0.535771
258.854 0.517231
259.144 0.536013
259.513 0.535237
259.896 0.519048
260.285 0.53142
260.688 0.546844
261.104 0.538087
261.543 0.536995
261.979 0.537063
262.412 0.528662
262.835 0.524558
263.257 1.03384
263.678 0.521916
264.118 0.513378
264.521 0.507923
264.903 0.503887
265.25 0.495277
265.581 0.493403
265.907 0.488418
266.232 0.477481
266.526 0.471532
266.779 0.432221
267.018 0.420001
267.234 0.383332
267.429 0.395732
267.612 0.396972
267.775 0.373871
267.867 0.390536
267.941 0.375017
268.016 0.744018
268.043 0.348998
268.074 0.339929
268.085 0.343706
268.083 0.344963
268.085 0.355772
268.071 0.36124
268.032 0.369388
267.977 0.3819
267.906 0.391889
267.813 0.406693
267.731 0.41444
267.649 0.429104
267.568 0.442031
267.48 0.458345
267.374 0.473561
267.276 0.492754
267.165 0.509475
267.037 0.527648
266.908 0.544315
266.778 0.567902
266.638 0.58171
266.503 0.625403
266.369 1.25661
266.218 0.650647
266.071 0.668661
265.919 0.680696
265.799 0.697334
265.673 0.708082
265.535 0.741281
265.373 0.743275
265.221 0.754325
265.031 0.770999
264.837 0.792112
264.65 0.80091
264.508 0.802765
264.332 0.80112
264.09 0.811215
263.863 0.819976
263.617 0.825185
263.404 0.835585
263.21 0.836633
263.016 0.846302
262.826 0.850797
262.601 0.865364
262.407 0.871446
262.209 0.877199
262.052 0.880124
261.859 0.885994
261.681 0.897032
261.516 0.892681
261.34 0.902854
261.182 0.891933
261.034 0.894707
260.903 0.889845
260.759 0.898539
260.625 0.89753
260.5 0.901043
260.348 0.883811
260.222 0.871737
260.098 0.86174
259.991 0.850483
259.886 0.853477
259.801 0.854324
259.691 0.850555
259.574 0.844184
259.459 0.838404
259.349 0.831946
259.242 0.838366
259.142 0.835459
259.095 0.8303
259.044 0.823726
258.945 0.814767
258.859 0.811353
258.776 1.62329
258.695 0.810815
258.629 0.802977
258.575 0.789911
258.526 0.778866
258.468 0.763948
258.442 0.747615
258.419 0.730028
258.383 0.713173
258.377 0.700018
258.384 0.696103
258.368 0.693282
258.363 0.690886
258.337 0.690071
258.279 0.687772
258.219 0.680576
258.195 0.673341
258.16 0.661544
258.121 0.645568
258.083 0.625619
258.075 0.608066
258.051 0.594474
258.023 0.574136
258.008 0.552881
257.958 0.534279
257.915 0.510881
257.868 0.491237
257.817 0.476531
257.766 0.459569
257.724 0.44633
257.684 0.428895
257.659 0.412015
257.621 0.396422
257.593 0.37974
257.542 0.366628
257.489 0.352269
257.43 0.334442
257.374 0.316626
257.334 0.305239
257.281 0.282639
257.249 0.265452
257.209 0.237913
257.169 0.456
257.115 0.196561
257.064 0.173409
257.02 0.164571
256.965 0.166003
256.896 0.171321
256.826 0.170063
256.774 0.163724
256.723 0.326487
256.663 0.163155
256.602 0.325696
256.556 0.162314
256.505 0.165665
256.45 0.179973
256.355 0.205058
256.04 0.225738
255.936 0.249151
255.802 0.278166
255.662 0.292576
255.496 0.303449
255.311 0.331897
255.103 0.333679
254.896 0.706397
254.668 0.367721
254.354 0.377942
254.017 0.419399
253.724 0.405276
253.411 0.412353
253.098 0.8781
252.771 0.444514
252.42 0.500753
252.089 0.478185
251.736 0.506543
251.368 0.553946
250.969 0.554436
250.557 0.578964
250.129 0.61359
249.675 0.625895
249.202 0.650342
248.71 0.674197
248.217 0.691088
247.727 0.711441
247.215 0.729918
246.655 0.755945
246.079 0.776216
245.489 0.794875
244.892 0.812723
244.263 0.83134
243.633 0.853223
242.978 0.873815
242.277 0.890946
241.588 0.907912
240.883 0.92712
240.133 0.941791
239.408 0.962664
238.712 0.976343
238.073 0.995064
237.364 1.00698
236.571 1.02314
235.831 1.03513
235.063 1.05065
234.286 1.06134
233.463 1.07487
232.691 1.08893
231.909 1.09921
231.053 1.10639
230.264 1.11309
229.43 1.11775
228.669 1.12777
227.817 1.13265
227.043 1.13808
226.266 1.14546
225.442 1.14738
224.629 1.14882
223.831 1.15584
223.022 1.1619
222.18 1.16328
221.4 1.17245
220.55 1.17631
219.703 1.1775
218.81 1.18136
