0.999924 0 0.0123484 0.00504158 0 1 0 0 -0.0123484 0 0.999924 0.288944
0.999818 0 0.0190977 0.0187214 0 1 0 0 -0.0190977 0 0.999818 0.581903
0.999788 0 0.0205927 0.0397189 0 1 0 0 -0.0205927 0 0.999788 0.880052
0.999836 0 0.0181009 0.0593082 0 1 0 0 -0.0181009 0 0.999836 1.1854
0.999964 0 0.00844317 0.0729661 0 1 0 0 -0.00844317 0 0.999964 1.50057
1 0 -0.000938847 0.0204244 0 1 0 0 0.000938847 0 1 1.82359
0.999857 0 -0.0169187 -0.00597873 0 1 0 0 0.0169187 0 0.999857 2.16032
0.999361 0 -0.0357483 -0.0487028 0 1 0 0 0.0357483 0 0.999361 2.51358
0.998474 0 -0.0552178 -0.104475 0 1 0 0 0.0552178 0 0.998474 2.86962
0.997317 0 -0.0732 -0.193533 0 1 0 0 0.0732 0 0.997317 3.23263
0.995193 0 -0.0979319 -0.204609 0 1 0 0 0.0979319 0 0.995193 3.62127
0.993181 0 -0.116587 -0.292654 0 1 0 0 0.116587 0 0.993181 4.00667
0.990738 0 -0.135788 -0.36675 0 1 0 0 0.135788 0 0.990738 4.40205
0.987925 0 -0.154935 -0.403045 0 1 0 0 0.154935 0 0.987925 4.81876
0.985746 0 -0.168241 -0.495899 0 1 0 0 0.168241 0 0.985746 5.2374
0.983583 0 -0.180456 -0.5999 0 1 0 0 0.180456 0 0.983583 5.66739
0.982043 0 -0.188659 -0.722733 0 1 0 0 0.188659 0 0.982043 6.10399
0.980253 0 -0.19775 -0.811178 0 1 0 0 0.19775 0 0.980253 6.56307
0.978397 0 -0.206737 -0.907955 0 1 0 0 0.206737 0 0.978397 7.03679
0.976088 0 -0.217376 -1.02373 0 1 0 0 0.217376 0 0.976088 7.52572
0.974761 0 -0.223252 -1.13145 0 1 0 0 0.223252 0 0.974761 8.01922
0.9731 0 -0.230385 -1.26729 0 1 0 0 0.230385 0 0.9731 8.52654
0.969924 0 -0.243407 -1.35371 0 1 0 0 0.243407 0 0.969924 9.05652
0.96893 0 -0.247335 -1.5931 0 1 0 0 0.247335 0 0.96893 9.56141
0.965389 0 -0.260813 -1.6721 0 1 0 0 0.260813 0 0.965389 10.1201
0.96388 0 -0.266338 -1.86878 0 1 0 0 0.266338 0 0.96388 10.6558
0.957736 0 -0.287649 -1.89695 0 1 0 0 0.287649 0 0.957736 11.2412
0.958843 0 -0.283938 -2.20765 0 1 0 0 0.283938 0 0.958843 11.775
0.955313 0 -0.295595 -2.38363 0 1 0 0 0.295595 0 0.955313 12.3484
0.951198 0 -0.308583 -2.47497 0 1 0 0 0.308583 0 0.951198 12.9632
0.951025 0 -0.309113 -2.77792 0 1 0 0 0.309113 0 0.951025 13.5335
0.950192 0 -0.311665 -3.02379 0 1 0 0 0.311665 0 0.950192 14.1265
0.948969 0 -0.31537 -3.22566 0 1 0 0 0.31537 0 0.948969 14.753
0.947599 0 -0.319463 -3.48203 0 1 0 0 0.319463 0 0.947599 15.3709
0.947053 0 -0.321076 -3.76272 0 1 0 0 0.321076 0 0.947053 15.9946
0.945014 0 -0.32703 -3.99535 0 1 0 0 0.32703 0 0.945014 16.6682
0.942691 0 -0.333667 -4.25961 0 1 0 0 0.333667 0 0.942691 17.3036
0.940131 0 -0.340815 -4.43911 0 1 0 0 0.340815 0 0.940131 18.0068
0.938955 0 -0.344039 -4.78306 0 1 0 0 0.344039 0 0.938955 18.6632
0.936502 0 -0.350661 -5.05484 0 1 0 0 0.350661 0 0.936502 19.358
0.933978 0 -0.35733 -5.30857 0 1 0 0 0.35733 0 0.933978 20.0775
0.933069 0 -0.359696 -5.68893 0 1 0 0 0.359696 0 0.933069 20.7542
0.930863 0 -0.365367 -6.00358 0 1 0 0 0.365367 0 0.930863 21.4732
0.926584 0 -0.376088 -6.32043 0 1 0 0 0.376088 0 0.926584 22.203
0.923297 0 -0.384086 -6.65598 0 1 0 0 0.384086 0 0.923297 22.9544
0.91889 0 -0.394515 -6.96996 0 1 0 0 0.394515 0 0.91889 23.6984
0.9164 0 -0.400265 -7.381 0 1 0 0 0.400265 0 0.9164 24.4211
0.911753 0 -0.41074 -7.71375 0 1 0 0 0.41074 0 0.911753 25.1838
0.908043 0 -0.418877 -8.10069 0 1 0 0 0.418877 0 0.908043 25.9333
0.904217 0 -0.427074 -8.54077 0 1 0 0 0.427074 0 0.904217 26.6637
0.89923 0 -0.437476 -8.86406 0 1 0 0 0.437476 0 0.89923 27.468
0.89524 0 -0.445583 -9.25898 0 1 0 0 0.445583 0 0.89524 28.2411
0.893451 0 -0.449161 -9.94262 0 1 0 0 0.449161 0 0.893451 28.8817
0.883943 0 -0.467594 -10.2809 0 1 0 0 0.467594 0 0.883943 29.7265
0.883943 0 -0.467594 -10.6192 0 1 0 0 0.467594 0 0.883943 30.5712
0.881242 0 -0.472666 -11.2126 0 1 0 0 0.472666 0 0.881242 31.291
0.878189 0 -0.478315 -11.6961 0 1 0 0 0.478315 0 0.878189 32.0848
0.874467 0 -0.485085 -12.1202 0 1 0 0 0.485085 0 0.874467 32.9249
0.871741 0 -0.489968 -12.6516 0 1 0 0 0.489968 0 0.871741 33.723
0.868596 0 -0.49552 -13.0815 0 1 0 0 0.49552 0 0.868596 34.593
0.866023 0 -0.500005 -13.5661 0 1 0 0 0.500005 0 0.866023 35.4288
0.864311 0 -0.502958 -13.9699 0 1 0 0 0.502958 0 0.864311 36.3445
0.863815 0 -0.503809 -14.5796 0 1 0 0 0.503809 0 0.863815 37.1997
0.864884 0 -0.501972 -15.2042 0 1 0 0 0.501972 0 0.864884 38.0163
0.865442 0 -0.50101 -15.6991 0 1 0 0 0.50101 0 0.865442 38.9395
0.864058 0 -0.503393 -16.2615 0 1 0 0 0.503393 0 0.864058 39.8323
0.864983 0 -0.501801 -16.8152 0 1 0 0 0.501801 0 0.864983 40.7388
0.862937 0 -0.505312 -17.3738 0 1 0 0 0.505312 0 0.862937 41.6523
0.859884 0 -0.51049 -17.9008 0 1 0 0 0.51049 0 0.859884 42.5852
0.856829 0 -0.5156 -18.4367 0 1 0 0 0.5156 0 0.856829 43.5085
0.853446 0 -0.521181 -19.0649 0 1 0 0 0.521181 0 0.853446 44.3765
0.846703 0 -0.532066 -19.578 0 1 0 0 0.532066 0 0.846703 45.3117
0.841458 0 -0.540323 -20.2071 0 1 0 0 0.540323 0 0.841458 46.1869
0.835747 0 -0.549114 -20.8515 0 1 0 0 0.549114 0 0.835747 47.0491
0.829864 0 -0.557965 -21.531 0 1 0 0 0.557965 0 0.829864 47.8824
0.823882 0 -0.566761 -22.0812 0 1 0 0 0.566761 0 0.823882 48.8149
0.82018 0 -0.572106 -22.7241 0 1 0 0 0.572106 0 0.82018 49.6646
0.816281 0 -0.577654 -23.3624 0 1 0 0 0.577654 0 0.816281 50.5117
0.813746 0 -0.58122 -24.0091 0 1 0 0 0.58122 0 0.813746 51.3516
0.809809 0 -0.586694 -24.6331 0 1 0 0 0.586694 0 0.809809 52.2171
0.806635 0 -0.59105 -25.2757 0 1 0 0 0.59105 0 0.806635 53.0736
0.80346 0 -0.595359 -25.9252 0 1 0 0 0.595359 0 0.80346 53.9328
0.800854 0 -0.59886 -26.6099 0 1 0 0 0.59886 0 0.800854 54.7629
0.797289 0 -0.603598 -27.2663 0 1 0 0 0.603598 0 0.797289 55.6152
0.794545 0 -0.607205 -27.9607 0 1 0 0 0.607205 0 0.794545 56.441
0.790059 0 -0.613031 -28.5783 0 1 0 0 0.613031 0 0.790059 57.321
0.785776 0 -0.618512 -29.2881 0 1 0 0 0.618512 0 0.785776 58.1436
0.781768 0 -0.62357 -29.9936 0 1 0 0 0.62357 0 0.781768 58.953
0.776214 0 -0.630469 -30.6668 0 1 0 0 0.630469 0 0.776214 59.7999
0.771165 0 -0.636635 -31.3802 0 1 0 0 0.636635 0 0.771165 60.618
0.765167 0 -0.643832 -32.1081 0 1 0 0 0.643832 0 0.765167 61.4301
0.760212 0 -0.649675 -32.8634 0 1 0 0 0.649675 0 0.760212 62.219
0.75484 0 -0.655909 -33.6081 0 1 0 0 0.655909 0 0.75484 63.0226
0.747573 0 -0.66418 -34.3278 0 1 0 0 0.66418 0 0.747573 63.8715
0.740876 0 -0.671642 -35.1075 0 1 0 0 0.671642 0 0.740876 64.6595
0.733353 0 -0.679848 -35.8371 0 1 0 0 0.679848 0 0.733353 65.478
0.727441 0 -0.68617 -36.6258 0 1 0 0 0.68617 0 0.727441 66.2651
0.721224 0 -0.692701 -37.3737 0 1 0 0 0.692701 0 0.721224 67.0928
0.714369 0 -0.69977 -38.1567 0 1 0 0 0.69977 0 0.714369 67.9027
0.708918 0 -0.705291 -39.0408 0 1 0 0 0.705291 0 0.708918 68.6156
0.704244 0 -0.709958 -39.8085 0 1 0 0 0.709958 0 0.704244 69.4611
0.699513 0 -0.71462 -40.6876 0 1 0 0 0.71462 0 0.699513 70.1907
0.693586 0 -0.720374 -41.4766 0 1 0 0 0.720374 0 0.693586 71.0213
0.690334 0 -0.72349 -42.3491 0 1 0 0 0.72349 0 0.690334 71.7643
0.686568 0 -0.727066 -43.2163 0 1 0 0 0.727066 0 0.686568 72.5213
0.684198 0 -0.729296 -44.1337 0 1 0 0 0.729296 0 0.684198 73.224
0.675634 0 -0.737237 -44.8979 0 1 0 0 0.737237 0 0.675634 74.1241
0.670942 0 -0.74151 -45.8158 0 1 0 0 0.74151 0 0.670942 74.8536
0.664356 0 -0.747417 -46.6226 0 1 0 0 0.747417 0 0.664356 75.7051
0.661033 0 -0.750357 -47.5251 0 1 0 0 0.750357 0 0.661033 76.4521
0.6555 0 -0.755195 -48.4402 0 1 0 0 0.755195 0 0.6555 77.2053
0.649004 0 -0.760785 -49.2678 0 1 0 0 0.760785 0 0.649004 78.0599
0.650366 0 -0.759621 -50.3783 0 1 0 0 0.759621 0 0.650366 78.5915
0.646694 0 -0.76275 -51.2638 0 1 0 0 0.76275 0 0.646694 79.3974
0.639572 0 -0.768731 -52.1318 0 1 0 0 0.768731 0 0.639572 80.2326
0.634034 0 -0.773305 -53.1197 0 1 0 0 0.773305 0 0.634034 80.9272
0.627577 0 -0.778555 -54.0752 0 1 0 0 0.778555 0 0.627577 81.6663
0.616567 0 -0.787303 -55.0068 0 1 0 0 0.787303 0 0.616567 82.4475
0.609238 0 -0.792988 -56.0194 0 1 0 0 0.792988 0 0.609238 83.139
0.600427 0 -0.799679 -57.0303 0 1 0 0 0.799679 0 0.600427 83.8293
0.591086 0 -0.806608 -58.0601 0 1 0 0 0.806608 0 0.591086 84.4937
0.5806 0 -0.814189 -59.0431 0 1 0 0 0.814189 0 0.5806 85.236
0.571721 0 -0.820448 -60.113 0 1 0 0 0.820448 0 0.571721 85.8554
0.561663 0 -0.827366 -61.1564 0 1 0 0 0.827366 0 0.561663 86.5222
0.551488 0 -0.834183 -62.2138 0 1 0 0 0.834183 0 0.551488 87.1721
0.540009 0 -0.841659 -63.2312 0 1 0 0 0.841659 0 0.540009 87.8949
0.530654 0 -0.847588 -64.3502 0 1 0 0 0.847588 0 0.530654 88.46
0.518898 0 -0.854836 -65.3474 0 1 0 0 0.854836 0 0.518898 89.2298
0.509741 0 -0.860328 -66.4789 0 1 0 0 0.860328 0 0.509741 89.7772
0.500908 0 -0.865501 -67.6113 0 1 0 0 0.865501 0 0.500908 90.3451
0.489251 0 -0.872143 -68.6177 0 1 0 0 0.872143 0 0.489251 91.1299
0.483567 0 -0.875308 -69.8311 0 1 0 0 0.875308 0 0.483567 91.5653
0.475067 0 -0.879949 -70.9237 0 1 0 0 0.879949 0 0.475067 92.2242
0.467726 0 -0.883874 -72.0734 0 1 0 0 0.883874 0 0.467726 92.7609
0.463173 0 -0.886268 -73.2821 0 1 0 0 0.886268 0 0.463173 93.194
0.455643 0 -0.890163 -74.3783 0 1 0 0 0.890163 0 0.455643 93.854
0.450165 0 -0.892945 -75.518 0 1 0 0 0.892945 0 0.450165 94.4288
0.446818 0 -0.894625 -76.6903 0 1 0 0 0.894625 0 0.446818 94.915
0.441898 0 -0.897066 -77.8285 0 1 0 0 0.897066 0 0.441898 95.4838
0.437715 0 -0.899114 -78.9999 0 1 0 0 0.899114 0 0.437715 96.075
0.434874 0 -0.900491 -80.1076 0 1 0 0 0.900491 0 0.434874 96.5831
0.429724 0 -0.90296 -81.2167 0 1 0 0 0.90296 0 0.429724 97.1702
0.429358 0 -0.903135 -82.3826 0 1 0 0 0.903135 0 0.429358 97.6308
0.427326 0 -0.904098 -83.5196 0 1 0 0 0.904098 0 0.427326 98.1443
0.423162 0 -0.906054 -84.5895 0 1 0 0 0.906054 0 0.423162 98.7706
0.42544 0 -0.904986 -85.7638 0 1 0 0 0.904986 0 0.42544 99.1156
0.409784 0 -0.912183 -86.6489 0 1 0 0 0.912183 0 0.409784 100.029
0.419613 0 -0.907703 -87.8955 0 1 0 0 0.907703 0 0.419613 100.232
0.420621 0 -0.907236 -89.0174 0 1 0 0 0.907236 0 0.420621 100.635
0.423927 0 -0.905697 -90.1193 0 1 0 0 0.905697 0 0.423927 101.041
0.419815 0 -0.90761 -91.146 0 1 0 0 0.90761 0 0.419815 101.6
0.42193 0 -0.906628 -92.2186 0 1 0 0 0.906628 0 0.42193 102.026
0.425468 0 -0.904974 -93.2508 0 1 0 0 0.904974 0 0.425468 102.506
0.427795 0 -0.903876 -94.2791 0 1 0 0 0.903876 0 0.427795 102.984
0.434158 0 -0.900837 -95.2991 0 1 0 0 0.900837 0 0.434158 103.465
0.438479 0 -0.898741 -96.2832 0 1 0 0 0.898741 0 0.438479 104.014
0.446244 0 -0.894911 -97.3101 0 1 0 0 0.894911 0 0.446244 104.467
0.447348 0 -0.89436 -98.2152 0 1 0 0 0.89436 0 0.447348 105.135
0.462976 0 -0.886371 -99.2941 0 1 0 0 0.886371 0 0.462976 105.482
0.4697 0 -0.882826 -100.235 0 1 0 0 0.882826 0 0.4697 106.074
0.479345 0 -0.877627 -101.209 0 1 0 0 0.877627 0 0.479345 106.587
0.492753 0 -0.870169 -102.195 0 1 0 0 0.870169 0 0.492753 107.069
0.502235 0 -0.864731 -103.091 0 1 0 0 0.864731 0 0.502235 107.706
0.512219 0 -0.858855 -104.018 0 1 0 0 0.858855 0 0.512219 108.29
0.528317 0 -0.849047 -104.965 0 1 0 0 0.849047 0 0.528317 108.841
0.538184 0 -0.842828 -105.865 0 1 0 0 0.842828 0 0.538184 109.465
0.550999 0 -0.834506 -106.778 0 1 0 0 0.834506 0 0.550999 110.053
0.563501 0 -0.826115 -107.69 0 1 0 0 0.826115 0 0.563501 110.636
0.567186 0 -0.82359 -108.44 0 1 0 0 0.82359 0 0.567186 111.413
0.579907 0 -0.814683 -109.325 0 1 0 0 0.814683 0 0.579907 111.995
0.592502 0 -0.805569 -110.199 0 1 0 0 0.805569 0 0.592502 112.578
0.596863 0 -0.802343 -110.932 0 1 0 0 0.802343 0 0.596863 113.335
0.611448 0 -0.791284 -111.805 0 1 0 0 0.791284 0 0.611448 113.899
0.622234 0 -0.782832 -112.636 0 1 0 0 0.782832 0 0.622234 114.491
0.629247 0 -0.777206 -113.345 0 1 0 0 0.777206 0 0.629247 115.232
0.638597 0 -0.769541 -114.093 0 1 0 0 0.769541 0 0.638597 115.899
0.647691 0 -0.761903 -114.849 0 1 0 0 0.761903 0 0.647691 116.547
0.657631 0 -0.75334 -115.596 0 1 0 0 0.75334 0 0.657631 117.194
0.665231 0 -0.746638 -116.266 0 1 0 0 0.746638 0 0.665231 117.911
0.673732 0 -0.738976 -116.995 0 1 0 0 0.738976 0 0.673732 118.554
0.681851 0 -0.731491 -117.699 0 1 0 0 0.731491 0 0.681851 119.209
0.688711 0 -0.725036 -118.364 0 1 0 0 0.725036 0 0.688711 119.892
0.696575 0 -0.717484 -119.048 0 1 0 0 0.717484 0 0.696575 120.543
0.703425 0 -0.710769 -119.667 0 1 0 0 0.710769 0 0.703425 121.223
0.710542 0 -0.703655 -120.28 0 1 0 0 0.703655 0 0.710542 121.9
0.718454 0 -0.695574 -120.915 0 1 0 0 0.695574 0 0.718454 122.525
0.726201 0 -0.687482 -121.517 0 1 0 0 0.687482 0 0.726201 123.175
0.735005 0 -0.678062 -122.09 0 1 0 0 0.678062 0 0.735005 123.838
0.744648 0 -0.667457 -122.67 0 1 0 0 0.667457 0 0.744648 124.494
0.754653 0 -0.656124 -123.227 0 1 0 0 0.656124 0 0.754653 125.162
0.764302 0 -0.644858 -123.742 0 1 0 0 0.644858 0 0.764302 125.829
0.774401 0 -0.632695 -124.269 0 1 0 0 0.632695 0 0.774401 126.491
0.784185 0 -0.620527 -124.77 0 1 0 0 0.620527 0 0.784185 127.168
0.794447 0 -0.607333 -125.263 0 1 0 0 0.607333 0 0.794447 127.854
0.804716 0 -0.593659 -125.74 0 1 0 0 0.593659 0 0.804716 128.544
0.814178 0 -0.580615 -126.214 0 1 0 0 0.580615 0 0.814178 129.238
0.823798 0 -0.566884 -126.694 0 1 0 0 0.566884 0 0.823798 129.928
0.831534 0 -0.555473 -127.115 0 1 0 0 0.555473 0 0.831534 130.654
0.838832 0 -0.54439 -127.55 0 1 0 0 0.54439 0 0.838832 131.367
0.845615 0 -0.533793 -127.983 0 1 0 0 0.533793 0 0.845615 132.085
0.852375 0 -0.522931 -128.417 0 1 0 0 0.522931 0 0.852375 132.819
0.859216 0 -0.511614 -128.83 0 1 0 0 0.511614 0 0.859216 133.535
0.865563 0 -0.500799 -129.241 0 1 0 0 0.500799 0 0.865563 134.273
0.871508 0 -0.490381 -129.645 0 1 0 0 0.490381 0 0.871508 135.019
0.876732 0 -0.480978 -130.04 0 1 0 0 0.480978 0 0.876732 135.778
0.881215 0 -0.472715 -130.434 0 1 0 0 0.472715 0 0.881215 136.539
0.88508 0 -0.46544 -130.847 0 1 0 0 0.46544 0 0.88508 137.306
0.888116 0 -0.459619 -131.241 0 1 0 0 0.459619 0 0.888116 138.097
0.891136 0 -0.453737 -131.627 0 1 0 0 0.453737 0 0.891136 138.907
0.894873 0 -0.446321 -132.036 0 1 0 0 0.446321 0 0.894873 139.707
0.897559 0 -0.440894 -132.399 0 1 0 0 0.440894 0 0.897559 140.544
0.901177 0 -0.433452 -132.812 0 1 0 0 0.433452 0 0.901177 141.373
0.904324 0 -0.426847 -133.19 0 1 0 0 0.426847 0 0.904324 142.232
0.907765 0 -0.419479 -133.572 0 1 0 0 0.419479 0 0.907765 143.102
0.911622 0 -0.411031 -133.972 0 1 0 0 0.411031 0 0.911622 143.977
0.915524 0 -0.402264 -134.373 0 1 0 0 0.402264 0 0.915524 144.862
0.919234 0 -0.393711 -134.726 0 1 0 0 0.393711 0 0.919234 145.782
0.923368 0 -0.383917 -135.105 0 1 0 0 0.383917 0 0.923368 146.702
0.92778 0 -0.373128 -135.477 0 1 0 0 0.373128 0 0.92778 147.657
0.933049 0 -0.359749 -135.815 0 1 0 0 0.359749 0 0.933049 148.598
0.939182 0 -0.343421 -136.16 0 1 0 0 0.343421 0 0.939182 149.572
0.945621 0 -0.325271 -136.471 0 1 0 0 0.325271 0 0.945621 150.571
0.952292 0 -0.305189 -136.759 0 1 0 0 0.305189 0 0.952292 151.591
0.958962 0 -0.283535 -137.064 0 1 0 0 0.283535 0 0.958962 152.608
0.964889 0 -0.262657 -137.279 0 1 0 0 0.262657 0 0.964889 153.665
0.970283 0 -0.241972 -137.453 0 1 0 0 0.241972 0 0.970283 154.746
0.975624 0 -0.219449 -137.718 0 1 0 0 0.219449 0 0.975624 155.812
0.980422 0 -0.196906 -137.891 0 1 0 0 0.196906 0 0.980422 156.917
0.984592 0 -0.174867 -138.048 0 1 0 0 0.174867 0 0.984592 158.037
0.988263 0 -0.152764 -138.155 0 1 0 0 0.152764 0 0.988263 159.169
0.991389 0 -0.13095 -138.288 0 1 0 0 0.13095 0 0.991389 160.314
0.994031 0 -0.109095 -138.444 0 1 0 0 0.109095 0 0.994031 161.467
0.99602 0 -0.0891315 -138.472 0 1 0 0 0.0891315 0 0.99602 162.651
0.997603 0 -0.0691935 -138.546 0 1 0 0 0.0691935 0 0.997603 163.847
0.998845 0 -0.0480457 -138.604 0 1 0 0 0.0480457 0 0.998845 165.048
0.999595 0 -0.0284632 -138.562 0 1 0 0 0.0284632 0 0.999595 166.279
0.999967 0 -0.0081075 -138.536 0 1 0 0 0.0081075 0 0.999967 167.501
0.999915 0 0.0130262 -138.512 0 1 0 0 -0.0130262 0 0.999915 168.741
0.999477 0 0.0323517 -138.412 0 1 0 0 -0.0323517 0 0.999477 169.985
0.998651 0 0.0519321 -138.279 0 1 0 0 -0.0519321 0 0.998651 171.232
0.997424 0 0.0717367 -138.173 0 1 0 0 -0.0717367 0 0.997424 172.5
0.995915 0 0.0902949 -138.028 0 1 0 0 -0.0902949 0 0.995915 173.776
0.994004 0 0.109342 -137.856 0 1 0 0 -0.109342 0 0.994004 175.053
0.991737 0 0.128288 -137.651 0 1 0 0 -0.128288 0 0.991737 176.335
0.989263 0 0.146145 -137.413 0 1 0 0 -0.146145 0 0.989263 177.626
0.986511 0 0.163693 -137.156 0 1 0 0 -0.163693 0 0.986511 178.924
0.983324 0 0.181865 -136.871 0 1 0 0 -0.181865 0 0.983324 180.232
0.980019 0 0.198906 -136.556 0 1 0 0 -0.198906 0 0.980019 181.539
0.976367 0 0.216121 -136.226 0 1 0 0 -0.216121 0 0.976367 182.865
0.972362 0 0.233477 -135.853 0 1 0 0 -0.233477 0 0.972362 184.192
0.968164 0 0.250315 -135.485 0 1 0 0 -0.250315 0 0.968164 185.519
0.963792 0 0.266656 -135.101 0 1 0 0 -0.266656 0 0.963792 186.853
0.958985 0 0.283456 -134.671 0 1 0 0 -0.283456 0 0.958985 188.185
0.953729 0 0.300666 -134.208 0 1 0 0 -0.300666 0 0.953729 189.515
0.947845 0 0.31873 -133.777 0 1 0 0 -0.31873 0 0.947845 190.87
0.941982 0 0.335664 -133.236 0 1 0 0 -0.335664 0 0.941982 192.189
0.935596 0 0.353073 -132.771 0 1 0 0 -0.353073 0 0.935596 193.552
0.928698 0 0.370837 -132.183 0 1 0 0 -0.370837 0 0.928698 194.877
0.920828 0 0.389969 -131.587 0 1 0 0 -0.389969 0 0.920828 196.195
0.911159 0 0.412054 -131.037 0 1 0 0 -0.412054 0 0.911159 197.559
0.900101 0 0.435681 -130.398 0 1 0 0 -0.435681 0 0.900101 198.882
0.887653 0 0.460513 -129.652 0 1 0 0 -0.460513 0 0.887653 200.171
0.873966 0 0.485987 -128.938 0 1 0 0 -0.485987 0 0.873966 201.474
0.859596 0 0.510973 -128.096 0 1 0 0 -0.510973 0 0.859596 202.705
0.845325 0 0.534253 -127.264 0 1 0 0 -0.534253 0 0.845325 203.958
0.829669 0 0.558255 -126.447 0 1 0 0 -0.558255 0 0.829669 205.216
0.814654 0 0.579947 -125.421 0 1 0 0 -0.579947 0 0.814654 206.335
0.799582 0 0.600557 -124.516 0 1 0 0 -0.600557 0 0.799582 207.537
0.783128 0 0.62186 -123.6 0 1 0 0 -0.62186 0 0.783128 208.743
0.767222 0 0.641382 -122.53 0 1 0 0 -0.641382 0 0.767222 209.828
0.752293 0 0.658829 -121.493 0 1 0 0 -0.658829 0 0.752293 210.95
0.737239 0 0.675632 -120.457 0 1 0 0 -0.675632 0 0.737239 212.069
0.722916 0 0.690936 -119.297 0 1 0 0 -0.690936 0 0.722916 213.065
0.708047 0 0.706166 -118.228 0 1 0 0 -0.706166 0 0.708047 214.163
0.693407 0 0.720546 -117.11 0 1 0 0 -0.720546 0 0.693407 215.22
0.67866 0 0.734452 -115.95 0 1 0 0 -0.734452 0 0.67866 216.229
0.662764 0 0.748828 -114.782 0 1 0 0 -0.748828 0 0.662764 217.241
0.648325 0 0.761363 -113.558 0 1 0 0 -0.761363 0 0.648325 218.178
0.62915 0 0.777284 -112.411 0 1 0 0 -0.777284 0 0.62915 219.208
0.612449 0 0.79051 -111.131 0 1 0 0 -0.79051 0 0.612449 220.044
0.599541 0 0.800344 -109.953 0 1 0 0 -0.800344 0 0.599541 221.001
0.579108 0 0.815251 -108.726 0 1 0 0 -0.815251 0 0.579108 221.861
0.56198 0 0.827151 -107.427 0 1 0 0 -0.827151 0 0.56198 222.587
0.543801 0 0.839214 -106.216 0 1 0 0 -0.839214 0 0.543801 223.442
0.52341 0 0.852081 -104.94 0 1 0 0 -0.852081 0 0.52341 224.171
0.502133 0 0.86479 -103.652 0 1 0 0 -0.86479 0 0.502133 224.853
0.480132 0 0.877196 -102.405 0 1 0 0 -0.877196 0 0.480132 225.57
0.460554 0 0.887632 -101.092 0 1 0 0 -0.887632 0 0.460554 226.132
0.438943 0 0.898515 -99.8155 0 1 0 0 -0.898515 0 0.438943 226.743
0.418828 0 0.908066 -98.5263 0 1 0 0 -0.908066 0 0.418828 227.277
0.397414 0 0.917639 -97.244 0 1 0 0 -0.917639 0 0.397414 227.81
0.376627 0 0.926365 -95.9438 0 1 0 0 -0.926365 0 0.376627 228.252
0.355109 0 0.934825 -94.6877 0 1 0 0 -0.934825 0 0.355109 228.77
0.336661 0 0.941626 -93.3755 0 1 0 0 -0.941626 0 0.336661 229.096
0.315848 0 0.94881 -92.1134 0 1 0 0 -0.94881 0 0.315848 229.525
0.296805 0 0.954938 -90.8594 0 1 0 0 -0.954938 0 0.296805 229.885
0.27835 0 0.96048 -89.5976 0 1 0 0 -0.96048 0 0.27835 230.189
0.259329 0 0.965789 -88.3448 0 1 0 0 -0.965789 0 0.259329 230.491
0.239655 0 0.970858 -87.1 0 1 0 0 -0.970858 0 0.239655 230.785
0.220206 0 0.975453 -85.8621 0 1 0 0 -0.975453 0 0.220206 231.044
0.201254 0 0.979539 -84.6287 0 1 0 0 -0.979539 0 0.201254 231.277
0.181904 0 0.983316 -83.4008 0 1 0 0 -0.983316 0 0.181904 231.493
0.164277 0 0.986414 -82.1697 0 1 0 0 -0.986414 0 0.164277 231.637
0.145403 0 0.989372 -80.9553 0 1 0 0 -0.989372 0 0.145403 231.801
0.127294 0 0.991865 -79.7484 0 1 0 0 -0.991865 0 0.127294 231.929
0.108768 0 0.994067 -78.5492 0 1 0 0 -0.994067 0 0.108768 232.03
0.0912382 0 0.995829 -77.359 0 1 0 0 -0.995829 0 0.0912382 232.125
0.0763797 0 0.997079 -76.1705 0 1 0 0 -0.997079 0 0.0763797 232.169
0.0623214 0 0.998056 -74.9788 0 1 0 0 -0.998056 0 0.0623214 232.225
0.0497115 0 0.998764 -73.8409 0 1 0 0 -0.998764 0 0.0497115 232.288
0.0392616 0 0.999229 -72.6998 0 1 0 0 -0.999229 0 0.0392616 232.294
0.0317226 0 0.999497 -71.5747 0 1 0 0 -0.999497 0 0.0317226 232.298
0.0246142 0 0.999697 -70.4585 0 1 0 0 -0.999697 0 0.0246142 232.327
0.0193064 0 0.999814 -69.358 0 1 0 0 -0.999814 0 0.0193064 232.341
0.0138928 0 0.999903 -68.2755 0 1 0 0 -0.999903 0 0.0138928 232.365
0.00905639 0 0.999959 -67.196 0 1 0 0 -0.999959 0 0.00905639 232.368
0.00574966 0 0.999983 -66.1152 0 1 0 0 -0.999983 0 0.00574966 232.372
0.00327167 0 0.999995 -65.0399 0 1 0 0 -0.999995 0 0.00327167 232.368
0.00159032 0 0.999999 -63.983 0 1 0 0 -0.999999 0 0.00159032 232.377
0.00132397 0 0.999999 -62.9392 0 1 0 0 -0.999999 0 0.00132397 232.387
0.00270246 0 0.999996 -61.9035 0 1 0 0 -0.999996 0 0.00270246 232.372
0.00394287 0 0.999992 -60.8768 0 1 0 0 -0.999992 0 0.00394287 232.393
0.00754899 0 0.999972 -59.852 0 1 0 0 -0.999972 0 0.00754899 232.386
0.0107276 0 0.999942 -58.8363 0 1 0 0 -0.999942 0 0.0107276 232.416
0.013994 0 0.999902 -57.8259 0 1 0 0 -0.999902 0 0.013994 232.46
0.0202186 0 0.999796 -56.8221 0 1 0 0 -0.999796 0 0.0202186 232.479
0.0251354 0 0.999684 -55.8157 0 1 0 0 -0.999684 0 0.0251354 232.547
0.0318205 0 0.999494 -54.8116 0 1 0 0 -0.999494 0 0.0318205 232.605
0.0390126 0 0.999239 -53.8234 0 1 0 0 -0.999239 0 0.0390126 232.647
0.0469969 0 0.998895 -52.8343 0 1 0 0 -0.998895 0 0.0469969 232.692
0.0530629 0 0.998591 -51.8467 0 1 0 0 -0.998591 0 0.0530629 232.78
0.0601241 0 0.998191 -50.8594 0 1 0 0 -0.998191 0 0.0601241 232.849
0.0670242 0 0.997751 -49.8765 0 1 0 0 -0.997751 0 0.0670242 232.945
0.0739208 0 0.997264 -48.8952 0 1 0 0 -0.997264 0 0.0739208 233.022
0.0808416 0 0.996727 -47.9236 0 1 0 0 -0.996727 0 0.0808416 233.114
0.087676 0 0.996149 -46.9564 0 1 0 0 -0.996149 0 0.087676 233.222
0.0941874 0 0.995554 -45.9903 0 1 0 0 -0.995554 0 0.0941874 233.332
0.100745 0 0.994912 -45.0257 0 1 0 0 -0.994912 0 0.100745 233.451
0.108614 0 0.994084 -44.0658 0 1 0 0 -0.994084 0 0.108614 233.575
0.11433 0 0.993443 -43.1074 0 1 0 0 -0.993443 0 0.11433 233.713
0.121236 0 0.992624 -42.1504 0 1 0 0 -0.992624 0 0.121236 233.847
0.127914 0 0.991785 -41.1933 0 1 0 0 -0.991785 0 0.127914 233.989
0.13431 0 0.990939 -40.2401 0 1 0 0 -0.990939 0 0.13431 234.123
0.140773 0 0.990042 -39.2958 0 1 0 0 -0.990042 0 0.140773 234.291
0.147113 0 0.98912 -38.3567 0 1 0 0 -0.98912 0 0.147113 234.477
0.15624 0 0.987719 -37.4153 0 1 0 0 -0.987719 0 0.15624 234.629
0.165012 0 0.986292 -36.4818 0 1 0 0 -0.986292 0 0.165012 234.807
0.174362 0 0.984682 -35.5569 0 1 0 0 -0.984682 0 0.174362 235.001
0.183127 0 0.983089 -34.6361 0 1 0 0 -0.983089 0 0.183127 235.201
0.187783 0 0.98221 -33.7131 0 1 0 0 -0.98221 0 0.187783 235.402
0.188954 0 0.981986 -32.8127 0 1 0 0 -0.981986 0 0.188954 235.698
0.192845 0 0.981229 -31.8641 0 1 0 0 -0.981229 0 0.192845 235.834
0.198571 0 0.980087 -30.916 0 1 0 0 -0.980087 0 0.198571 235.971
0.197545 0 0.980294 -29.9924 0 1 0 0 -0.980294 0 0.197545 236.262
0.202038 0 0.979378 -29.0369 0 1 0 0 -0.979378 0 0.202038 236.43
0.205243 0 0.978711 -28.0832 0 1 0 0 -0.978711 0 0.205243 236.63
0.208999 0 0.977916 -27.1307 0 1 0 0 -0.977916 0 0.208999 236.854
0.211593 0 0.977358 -26.1757 0 1 0 0 -0.977358 0 0.211593 237.084
0.215999 0 0.976394 -25.2114 0 1 0 0 -0.976394 0 0.215999 237.296
0.219898 0 0.975523 -24.2481 0 1 0 0 -0.975523 0 0.219898 237.512
0.22573 0 0.97419 -23.2846 0 1 0 0 -0.97419 0 0.22573 237.735
0.232587 0 0.972576 -22.323 0 1 0 0 -0.972576 0 0.232587 237.971
0.239982 0 0.970777 -21.3606 0 1 0 0 -0.970777 0 0.239982 238.211
0.245262 0 0.969457 -20.4082 0 1 0 0 -0.969457 0 0.245262 238.514
0.254541 0 0.967062 -19.4376 0 1 0 0 -0.967062 0 0.254541 238.756
0.264077 0 0.964502 -18.4927 0 1 0 0 -0.964502 0 0.264077 239.023
0.274274 0 0.961652 -17.5491 0 1 0 0 -0.961652 0 0.274274 239.324
0.285301 0 0.958438 -16.6029 0 1 0 0 -0.958438 0 0.285301 239.617
0.296171 0 0.955135 -15.663 0 1 0 0 -0.955135 0 0.296171 239.935
0.306517 0 0.951865 -14.7359 0 1 0 0 -0.951865 0 0.306517 240.278
0.317363 0 0.948304 -13.8037 0 1 0 0 -0.948304 0 0.317363 240.614
0.327314 0 0.944916 -12.8843 0 1 0 0 -0.944916 0 0.327314 240.981
0.337643 0 0.941274 -11.971 0 1 0 0 -0.941274 0 0.337643 241.353
0.347829 0 0.937558 -11.0501 0 1 0 0 -0.937558 0 0.347829 241.715
0.35697 0 0.934116 -10.1352 0 1 0 0 -0.934116 0 0.35697 242.085
0.36448 0 0.931211 -9.22947 0 1 0 0 -0.931211 0 0.36448 242.484
0.372466 0 0.928046 -8.31779 0 1 0 0 -0.928046 0 0.372466 242.863
0.380845 0 0.924639 -7.41217 0 1 0 0 -0.924639 0 0.380845 243.252
0.388004 0 0.921658 -6.52406 0 1 0 0 -0.921658 0 0.388004 243.671
0.395856 0 0.918313 -5.63042 0 1 0 0 -0.918313 0 0.395856 244.074
0.404097 0 0.914716 -4.74571 0 1 0 0 -0.914716 0 0.404097 244.487
0.411943 0 0.91121 -3.87005 0 1 0 0 -0.91121 0 0.411943 244.909
0.42064 0 0.907227 -2.99687 0 1 0 0 -0.907227 0 0.42064 245.327
0.429254 0 0.903184 -2.14314 0 1 0 0 -0.903184 0 0.429254 245.767
0.437517 0 0.89921 -1.28242 0 1 0 0 -0.89921 0 0.437517 246.2
0.445395 0 0.895334 -0.435767 0 1 0 0 -0.895334 0 0.445395 246.665
0.454777 0 0.890605 0.40044 0 1 0 0 -0.890605 0 0.454777 247.102
0.462659 0 0.886537 1.22405 0 1 0 0 -0.886537 0 0.462659 247.573
0.471104 0 0.882078 2.05191 0 1 0 0 -0.882078 0 0.471104 248.027
0.478491 0 0.878093 2.86377 0 1 0 0 -0.878093 0 0.478491 248.519
0.487264 0 0.873255 3.67866 0 1 0 0 -0.873255 0 0.487264 248.984
0.495833 0 0.868418 4.48988 0 1 0 0 -0.868418 0 0.495833 249.456
0.504084 0 0.863654 5.27522 0 1 0 0 -0.863654 0 0.504084 249.961
0.512257 0 0.858832 6.07621 0 1 0 0 -0.858832 0 0.512257 250.445
0.519836 0 0.854266 6.86815 0 1 0 0 -0.854266 0 0.519836 250.948
0.526267 0 0.850319 7.65724 0 1 0 0 -0.850319 0 0.526267 251.461
0.531106 0 0.847305 8.44845 0 1 0 0 -0.847305 0 0.531106 251.969
0.535664 0 0.844431 9.24201 0 1 0 0 -0.844431 0 0.535664 252.482
0.538005 0 0.842942 10.0265 0 1 0 0 -0.842942 0 0.538005 253.021
0.541264 0 0.840853 10.8395 0 1 0 0 -0.840853 0 0.541264 253.53
0.543199 0 0.839604 11.6296 0 1 0 0 -0.839604 0 0.543199 254.066
0.543648 0 0.839313 12.4153 0 1 0 0 -0.839313 0 0.543648 254.609
0.546428 0 0.837506 13.2165 0 1 0 0 -0.837506 0 0.546428 255.125
0.545392 0 0.838181 13.9889 0 1 0 0 -0.838181 0 0.545392 255.69
0.549261 0 0.835651 14.8168 0 1 0 0 -0.835651 0 0.549261 256.185
0.549102 0 0.835755 15.59 0 1 0 0 -0.835755 0 0.549102 256.758
0.553946 0 0.832553 16.4591 0 1 0 0 -0.832553 0 0.553946 257.182
0.553525 0 0.832833 17.2162 0 1 0 0 -0.832833 0 0.553525 257.793
0.559169 0 0.829053 18.1222 0 1 0 0 -0.829053 0 0.559169 258.151
0.554035 0 0.832494 18.7985 0 1 0 0 -0.832494 0 0.554035 258.89
0.558384 0 0.829582 19.6885 0 1 0 0 -0.829582 0 0.558384 259.295
0.560899 0 0.827884 20.5194 0 1 0 0 -0.827884 0 0.560899 259.801
0.558162 0 0.829732 21.2679 0 1 0 0 -0.829732 0 0.558162 260.444
0.559918 0 0.828548 22.1076 0 1 0 0 -0.828548 0 0.559918 260.962
0.559943 0 0.828531 22.9188 0 1 0 0 -0.828531 0 0.559943 261.525
0.564359 0 0.825529 23.7854 0 1 0 0 -0.825529 0 0.564359 261.995
0.562867 0 0.826547 24.5608 0 1 0 0 -0.826547 0 0.562867 262.614
0.565927 0 0.824455 25.3911 0 1 0 0 -0.824455 0 0.565927 263.142
0.568519 0 0.82267 26.2103 0 1 0 0 -0.82267 0 0.568519 263.688
0.570148 0 0.821542 27.0124 0 1 0 0 -0.821542 0 0.570148 264.26
0.57249 0 0.819911 27.812 0 1 0 0 -0.819911 0 0.57249 264.825
0.574164 0 0.81874 28.5908 0 1 0 0 -0.81874 0 0.574164 265.418
0.577655 0 0.816281 29.3897 0 1 0 0 -0.816281 0 0.577655 265.985
0.58211 0 0.81311 30.1911 0 1 0 0 -0.81311 0 0.58211 266.557
0.588264 0 0.808669 30.9819 0 1 0 0 -0.808669 0 0.588264 267.131
0.592896 0 0.805279 31.7373 0 1 0 0 -0.805279 0 0.592896 267.753
0.599575 0 0.800319 32.5132 0 1 0 0 -0.800319 0 0.599575 268.338
0.605661 0 0.795722 33.2943 0 1 0 0 -0.795722 0 0.605661 268.94
0.611763 0 0.791041 34.0269 0 1 0 0 -0.791041 0 0.611763 269.564
0.618661 0 0.785658 34.7898 0 1 0 0 -0.785658 0 0.618661 270.178
0.62556 0 0.780176 35.5265 0 1 0 0 -0.780176 0 0.62556 270.817
0.63396 0 0.773366 36.2764 0 1 0 0 -0.773366 0 0.63396 271.437
0.642768 0 0.766061 37.0069 0 1 0 0 -0.766061 0 0.642768 272.101
0.651544 0 0.758611 37.723 0 1 0 0 -0.758611 0 0.651544 272.756
0.660462 0 0.750859 38.4627 0 1 0 0 -0.750859 0 0.660462 273.429
0.669337 0 0.742959 39.1608 0 1 0 0 -0.742959 0 0.669337 274.106
0.675638 0 0.737234 39.7723 0 1 0 0 -0.737234 0 0.675638 274.891
0.685567 0 0.728009 40.5209 0 1 0 0 -0.728009 0 0.685567 275.558
0.694151 0 0.71983 41.2257 0 1 0 0 -0.71983 0 0.694151 276.276
0.702173 0 0.712006 41.9096 0 1 0 0 -0.712006 0 0.702173 277.019
0.710476 0 0.703722 42.5908 0 1 0 0 -0.703722 0 0.710476 277.778
0.718463 0 0.695565 43.2616 0 1 0 0 -0.695565 0 0.718463 278.54
0.728284 0 0.685276 43.9773 0 1 0 0 -0.685276 0 0.728284 279.277
0.736834 0 0.676074 44.6125 0 1 0 0 -0.676074 0 0.736834 280.094
0.746834 0 0.66501 45.2932 0 1 0 0 -0.66501 0 0.746834 280.869
0.755239 0 0.65545 45.9438 0 1 0 0 -0.65545 0 0.755239 281.681
0.764586 0 0.644522 46.5924 0 1 0 0 -0.644522 0 0.764586 282.499
0.77356 0 0.633724 47.2279 0 1 0 0 -0.633724 0 0.77356 283.333
0.782551 0 0.622586 47.8701 0 1 0 0 -0.622586 0 0.782551 284.169
0.791025 0 0.611784 48.486 0 1 0 0 -0.611784 0 0.791025 285.031
0.798944 0 0.601405 49.1018 0 1 0 0 -0.601405 0 0.798944 285.892
0.805395 0 0.592739 49.7011 0 1 0 0 -0.592739 0 0.805395 286.775
0.811094 0 0.584915 50.3012 0 1 0 0 -0.584915 0 0.811094 287.661
0.81669 0 0.577077 50.9001 0 1 0 0 -0.577077 0 0.81669 288.552
0.822373 0 0.568948 51.4928 0 1 0 0 -0.568948 0 0.822373 289.454
0.827311 0 0.561744 52.0842 0 1 0 0 -0.561744 0 0.827311 290.362
0.832296 0 0.554332 52.6593 0 1 0 0 -0.554332 0 0.832296 291.29
0.836992 0 0.547215 53.2498 0 1 0 0 -0.547215 0 0.836992 292.209
0.840887 0 0.541211 53.8096 0 1 0 0 -0.541211 0 0.840887 293.154
0.844581 0 0.535428 54.3804 0 1 0 0 -0.535428 0 0.844581 294.096
0.847235 0 0.531219 54.9419 0 1 0 0 -0.531219 0 0.847235 295.048
0.849282 0 0.527939 55.519 0 1 0 0 -0.527939 0 0.849282 295.992
0.84986 0 0.527009 56.0634 0 1 0 0 -0.527009 0 0.84986 296.956
0.851383 0 0.524544 56.6558 0 1 0 0 -0.524544 0 0.851383 297.899
0.852039 0 0.523478 57.2407 0 1 0 0 -0.523478 0 0.852039 298.856
0.853701 0 0.520764 57.8516 0 1 0 0 -0.520764 0 0.853701 299.805
0.853575 0 0.52097 58.4159 0 1 0 0 -0.52097 0 0.853575 300.781
0.854025 0 0.520231 58.9936 0 1 0 0 -0.520231 0 0.854025 301.754
0.85402 0 0.520241 59.5554 0 1 0 0 -0.520241 0 0.85402 302.739
0.855457 0 0.517874 60.1557 0 1 0 0 -0.517874 0 0.855457 303.705
0.856557 0 0.516052 60.7264 0 1 0 0 -0.516052 0 0.856557 304.691
0.857894 0 0.513827 61.3014 0 1 0 0 -0.513827 0 0.857894 305.68
0.859774 0 0.510675 61.8612 0 1 0 0 -0.510675 0 0.859774 306.679
0.863397 0 0.504524 62.4294 0 1 0 0 -0.504524 0 0.863397 307.669
0.868061 0 0.496457 62.9916 0 1 0 0 -0.496457 0 0.868061 308.663
0.873218 0 0.48733 63.5145 0 1 0 0 -0.48733 0 0.873218 309.678
0.879269 0 0.476325 64.0322 0 1 0 0 -0.476325 0 0.879269 310.698
0.88531 0 0.465001 64.5313 0 1 0 0 -0.465001 0 0.88531 311.722
0.891224 0 0.453564 65.0217 0 1 0 0 -0.453564 0 0.891224 312.747
0.897158 0 0.44171 65.4867 0 1 0 0 -0.44171 0 0.897158 313.781
0.902773 0 0.430118 65.9377 0 1 0 0 -0.430118 0 0.902773 314.82
0.90833 0 0.418253 66.3794 0 1 0 0 -0.418253 0 0.90833 315.855
0.913943 0 0.405842 66.788 0 1 0 0 -0.405842 0 0.913943 316.903
0.919586 0 0.392888 67.2193 0 1 0 0 -0.392888 0 0.919586 317.942
0.924536 0 0.381096 67.5858 0 1 0 0 -0.381096 0 0.924536 319
0.929557 0 0.368678 67.9654 0 1 0 0 -0.368678 0 0.929557 320.05
0.933828 0 0.357723 68.3247 0 1 0 0 -0.357723 0 0.933828 321.104
0.936926 0 0.349527 68.6667 0 1 0 0 -0.349527 0 0.936926 322.163
0.939555 0 0.342399 69.0238 0 1 0 0 -0.342399 0 0.939555 323.215
0.941467 0 0.337106 69.3767 0 1 0 0 -0.337106 0 0.941467 324.267
0.943101 0 0.332507 69.7234 0 1 0 0 -0.332507 0 0.943101 325.321
0.944783 0 0.327697 70.0739 0 1 0 0 -0.327697 0 0.944783 326.372
0.946305 0 0.323276 70.4166 0 1 0 0 -0.323276 0 0.946305 327.424
0.948141 0 0.317849 70.7542 0 1 0 0 -0.317849 0 0.948141 328.475
0.949782 0 0.312912 71.0816 0 1 0 0 -0.312912 0 0.949782 329.526
0.951461 0 0.307768 71.4024 0 1 0 0 -0.307768 0 0.951461 330.582
0.953351 0 0.301866 71.7145 0 1 0 0 -0.301866 0 0.953351 331.637
0.95553 0 0.294894 72.0203 0 1 0 0 -0.294894 0 0.95553 332.695
0.957763 0 0.28756 72.3446 0 1 0 0 -0.28756 0 0.957763 333.749
0.959357 0 0.282195 72.6009 0 1 0 0 -0.282195 0 0.959357 334.818
0.960992 0 0.276575 72.8866 0 1 0 0 -0.276575 0 0.960992 335.869
0.962219 0 0.272276 73.1712 0 1 0 0 -0.272276 0 0.962219 336.919
0.963214 0 0.268734 73.4453 0 1 0 0 -0.268734 0 0.963214 337.966
0.963807 0 0.266602 73.7174 0 1 0 0 -0.266602 0 0.963807 339.013
0.963665 0 0.267115 73.9879 0 1 0 0 -0.267115 0 0.963665 340.049
0.962196 0 0.272357 74.2805 0 1 0 0 -0.272357 0 0.962196 341.069
0.959412 0 0.28201 74.5636 0 1 0 0 -0.28201 0 0.959412 342.076
0.95571 0 0.294311 74.8656 0 1 0 0 -0.294311 0 0.95571 343.063
0.952348 0 0.305015 75.1953 0 1 0 0 -0.305015 0 0.952348 344.022
0.94927 0 0.314462 75.5282 0 1 0 0 -0.314462 0 0.94927 344.969
0.946626 0 0.322334 75.8508 0 1 0 0 -0.322334 0 0.946626 345.9
0.944868 0 0.327451 76.1788 0 1 0 0 -0.327451 0 0.944868 346.811
0.943968 0 0.330038 76.5038 0 1 0 0 -0.330038 0 0.943968 347.709
0.94272 0 0.333585 76.7523 0 1 0 0 -0.333585 0 0.94272 348.627
0.944405 0 0.328785 77.0937 0 1 0 0 -0.328785 0 0.944405 349.514
0.946582 0 0.322462 77.3838 0 1 0 0 -0.322462 0 0.946582 350.415
0.949469 0 0.313862 77.6548 0 1 0 0 -0.313862 0 0.949469 351.316
0.953385 0 0.301755 77.933 0 1 0 0 -0.301755 0 0.953385 352.214
0.957426 0 0.288678 78.1461 0 1 0 0 -0.288678 0 0.957426 353.128
0.962231 0 0.272233 78.3649 0 1 0 0 -0.272233 0 0.962231 354.034
0.967514 0 0.252818 78.6079 0 1 0 0 -0.252818 0 0.967514 354.931
0.972654 0 0.232258 78.744 0 1 0 0 -0.232258 0 0.972654 355.843
0.977786 0 0.209606 78.8949 0 1 0 0 -0.209606 0 0.977786 356.756
0.983194 0 0.182561 79.0314 0 1 0 0 -0.182561 0 0.983194 357.667
0.987344 0 0.158592 79.0985 0 1 0 0 -0.158592 0 0.987344 358.575
0.991407 0 0.130811 79.1639 0 1 0 0 -0.130811 0 0.991407 359.492
0.994848 0 0.101381 79.2006 0 1 0 0 -0.101381 0 0.994848 360.415
0.997392 0 0.0721782 79.1935 0 1 0 0 -0.0721782 0 0.997392 361.327
0.999156 0 0.0410832 79.1765 0 1 0 0 -0.0410832 0 0.999156 362.251
0.999953 0 0.00967743 79.1224 0 1 0 0 -0.00967743 0 0.999953 363.158
0.999786 0 -0.0206634 79.0331 0 1 0 0 0.0206634 0 0.999786 364.08
0.998766 0 -0.0496628 78.9277 0 1 0 0 0.0496628 0 0.998766 365.001
0.997162 0 -0.0752907 78.7899 0 1 0 0 0.0752907 0 0.997162 365.908
0.995347 0 -0.0963597 78.6461 0 1 0 0 0.0963597 0 0.995347 366.83
0.993568 0 -0.113233 78.4837 0 1 0 0 0.113233 0 0.993568 367.759
0.992299 0 -0.123868 78.3208 0 1 0 0 0.123868 0 0.992299 368.692
0.991414 0 -0.130761 78.184 0 1 0 0 0.130761 0 0.991414 369.631
0.991272 0 -0.131832 78.001 0 1 0 0 0.131832 0 0.991272 370.565
0.991175 0 -0.132556 77.8702 0 1 0 0 0.132556 0 0.991175 371.519
0.991441 0 -0.130554 77.7298 0 1 0 0 0.130554 0 0.991441 372.482
0.991892 0 -0.127083 77.589 0 1 0 0 0.127083 0 0.991892 373.457
0.992313 0 -0.123751 77.4674 0 1 0 0 0.123751 0 0.992313 374.442
0.992087 0 -0.12555 77.4511 0 1 0 0 0.12555 0 0.992087 375.437
0.992788 0 -0.119883 77.257 0 1 0 0 0.119883 0 0.992788 376.434
0.992878 0 -0.119133 77.1667 0 1 0 0 0.119133 0 0.992878 377.45
0.993199 0 -0.116431 77.0437 0 1 0 0 0.116431 0 0.993199 378.473
0.993354 0 -0.115098 76.9101 0 1 0 0 0.115098 0 0.993354 379.516
0.993423 0 -0.114502 76.7879 0 1 0 0 0.114502 0 0.993423 380.569
0.993465 0 -0.11414 76.6803 0 1 0 0 0.11414 0 0.993465 381.635
0.993489 0 -0.113931 76.5278 0 1 0 0 0.113931 0 0.993489 382.706
0.993114 0 -0.117149 76.4383 0 1 0 0 0.117149 0 0.993114 383.793
0.993136 0 -0.116964 76.2942 0 1 0 0 0.116964 0 0.993136 384.88
0.992906 0 -0.118901 76.158 0 1 0 0 0.118901 0 0.992906 385.974
0.992877 0 -0.119146 75.9883 0 1 0 0 0.119146 0 0.992877 387.071
0.992404 0 -0.123022 75.8572 0 1 0 0 0.123022 0 0.992404 388.179
0.991874 0 -0.127224 75.6904 0 1 0 0 0.127224 0 0.991874 389.29
0.990869 0 -0.13483 75.54 0 1 0 0 0.13483 0 0.990869 390.404
0.989596 0 -0.143873 75.3664 0 1 0 0 0.143873 0 0.989596 391.512
0.988197 0 -0.153187 75.169 0 1 0 0 0.153187 0 0.988197 392.618
0.986622 0 -0.163025 74.9598 0 1 0 0 0.163025 0 0.986622 393.72
0.985031 0 -0.172377 74.7511 0 1 0 0 0.172377 0 0.985031 394.821
0.983382 0 -0.181548 74.5157 0 1 0 0 0.181548 0 0.983382 395.919
0.981587 0 -0.191013 74.2805 0 1 0 0 0.191013 0 0.981587 397.018
0.979891 0 -0.199535 74.0249 0 1 0 0 0.199535 0 0.979891 398.109
0.978152 0 -0.207893 73.7647 0 1 0 0 0.207893 0 0.978152 399.195
0.976221 0 -0.216778 73.5088 0 1 0 0 0.216778 0 0.976221 400.276
0.974199 0 -0.225691 73.2596 0 1 0 0 0.225691 0 0.974199 401.353
0.97254 0 -0.232738 72.9576 0 1 0 0 0.232738 0 0.97254 402.418
0.970904 0 -0.239469 72.6793 0 1 0 0 0.239469 0 0.970904 403.484
0.969443 0 -0.245316 72.3898 0 1 0 0 0.245316 0 0.969443 404.542
0.967899 0 -0.25134 72.1138 0 1 0 0 0.25134 0 0.967899 405.603
0.966383 0 -0.257108 71.8211 0 1 0 0 0.257108 0 0.966383 406.656
0.965015 0 -0.262196 71.5138 0 1 0 0 0.262196 0 0.965015 407.706
0.963557 0 -0.267504 71.2071 0 1 0 0 0.267504 0 0.963557 408.76
0.961853 0 -0.273567 70.9109 0 1 0 0 0.273567 0 0.961853 409.82
0.960644 0 -0.277784 70.5777 0 1 0 0 0.277784 0 0.960644 410.871
0.960183 0 -0.279371 70.232 0 1 0 0 0.279371 0 0.960183 411.918
0.958889 0 -0.28378 69.9331 0 1 0 0 0.28378 0 0.958889 412.983
0.958069 0 -0.286537 69.6111 0 1 0 0 0.286537 0 0.958069 414.044
0.957934 0 -0.28699 69.2538 0 1 0 0 0.28699 0 0.957934 415.097
0.957508 0 -0.288408 68.9373 0 1 0 0 0.288408 0 0.957508 416.159
0.957095 0 -0.289773 68.6254 0 1 0 0 0.289773 0 0.957095 417.222
0.956786 0 -0.290792 68.2989 0 1 0 0 0.290792 0 0.956786 418.289
0.955677 0 -0.294416 68.0105 0 1 0 0 0.294416 0 0.955677 419.367
0.956994 0 -0.290106 67.6144 0 1 0 0 0.290106 0 0.956994 420.415
0.956234 0 -0.292603 67.2834 0 1 0 0 0.292603 0 0.956234 421.484
0.956243 0 -0.292574 66.9333 0 1 0 0 0.292574 0 0.956243 422.55
0.955257 0 -0.295776 66.6272 0 1 0 0 0.295776 0 0.955257 423.633
0.954648 0 -0.297737 66.2775 0 1 0 0 0.297737 0 0.954648 424.7
0.954514 0 -0.298166 65.9404 0 1 0 0 0.298166 0 0.954514 425.769
0.954089 0 -0.299522 65.6016 0 1 0 0 0.299522 0 0.954089 426.835
0.953972 0 -0.299895 65.2497 0 1 0 0 0.299895 0 0.953972 427.892
0.954691 0 -0.297598 64.9074 0 1 0 0 0.297598 0 0.954691 428.951
0.955257 0 -0.295779 64.5605 0 1 0 0 0.295779 0 0.955257 430.01
0.955283 0 -0.295692 64.2618 0 1 0 0 0.295692 0 0.955283 431.08
0.956048 0 -0.29321 63.9057 0 1 0 0 0.29321 0 0.956048 432.129
0.955743 0 -0.294202 63.6166 0 1 0 0 0.294202 0 0.955743 433.199
0.956683 0 -0.291133 63.2555 0 1 0 0 0.291133 0 0.956683 434.246
0.957266 0 -0.289208 62.9198 0 1 0 0 0.289208 0 0.957266 435.293
0.957729 0 -0.287671 62.5938 0 1 0 0 0.287671 0 0.957729 436.335
0.957934 0 -0.28699 62.2904 0 1 0 0 0.28699 0 0.957934 437.38
0.958314 0 -0.285717 61.9749 0 1 0 0 0.285717 0 0.958314 438.425
0.958643 0 -0.28461 61.6637 0 1 0 0 0.28461 0 0.958643 439.462
0.958822 0 -0.284008 61.3572 0 1 0 0 0.284008 0 0.958822 440.497
0.959212 0 -0.282687 61.0624 0 1 0 0 0.282687 0 0.959212 441.527
0.959536 0 -0.281587 60.7646 0 1 0 0 0.281587 0 0.959536 442.547
0.959777 0 -0.280764 60.4534 0 1 0 0 0.280764 0 0.959777 443.567
0.959558 0 -0.281511 60.1791 0 1 0 0 0.281511 0 0.959558 444.586
0.959403 0 -0.282038 59.8808 0 1 0 0 0.282038 0 0.959403 445.591
0.959635 0 -0.281248 59.5753 0 1 0 0 0.281248 0 0.959635 446.591
0.959202 0 -0.282722 59.3055 0 1 0 0 0.282722 0 0.959202 447.597
0.959357 0 -0.282194 58.9844 0 1 0 0 0.282194 0 0.959357 448.583
0.959319 0 -0.282325 58.6842 0 1 0 0 0.282325 0 0.959319 449.565
0.9589 0 -0.283745 58.4226 0 1 0 0 0.283745 0 0.9589 450.552
0.95904 0 -0.28327 58.1174 0 1 0 0 0.28327 0 0.95904 451.516
0.95892 0 -0.283677 57.825 0 1 0 0 0.283677 0 0.95892 452.486
0.95858 0 -0.284824 57.5494 0 1 0 0 0.284824 0 0.95858 453.454
0.958917 0 -0.283686 57.2288 0 1 0 0 0.283686 0 0.958917 454.4
0.958427 0 -0.285338 56.9609 0 1 0 0 0.285338 0 0.958427 455.356
0.958737 0 -0.284295 56.6546 0 1 0 0 0.284295 0 0.958737 456.296
0.958694 0 -0.28444 56.38 0 1 0 0 0.28444 0 0.958694 457.244
0.958647 0 -0.284596 56.0927 0 1 0 0 0.284596 0 0.958647 458.183
0.958695 0 -0.284435 55.8082 0 1 0 0 0.284435 0 0.958695 459.116
0.958749 0 -0.284253 55.5316 0 1 0 0 0.284253 0 0.958749 460.047
0.958864 0 -0.283865 55.2407 0 1 0 0 0.283865 0 0.958864 460.966
0.95877 0 -0.284184 54.9609 0 1 0 0 0.284184 0 0.95877 461.89
0.958096 0 -0.286449 54.7026 0 1 0 0 0.286449 0 0.958096 462.814
0.957796 0 -0.287449 54.4007 0 1 0 0 0.287449 0 0.957796 463.727
0.957151 0 -0.289589 54.1258 0 1 0 0 0.289589 0 0.957151 464.64
0.956526 0 -0.291646 53.8506 0 1 0 0 0.291646 0 0.956526 465.542
0.95598 0 -0.293431 53.5725 0 1 0 0 0.293431 0 0.95598 466.445
0.95527 0 -0.295736 53.2907 0 1 0 0 0.295736 0 0.95527 467.341
0.954822 0 -0.297177 53.0205 0 1 0 0 0.297177 0 0.954822 468.234
0.954928 0 -0.296836 52.7134 0 1 0 0 0.296836 0 0.954928 469.108
0.955077 0 -0.296359 52.4501 0 1 0 0 0.296359 0 0.955077 469.985
0.954874 0 -0.29701 52.2062 0 1 0 0 0.29701 0 0.954874 470.86
0.955459 0 -0.295122 51.9288 0 1 0 0 0.295122 0 0.955459 471.714
0.955704 0 -0.29433 51.6602 0 1 0 0 0.29433 0 0.955704 472.559
0.955896 0 -0.293705 51.4005 0 1 0 0 0.293705 0 0.955896 473.397
0.956325 0 -0.292307 51.1262 0 1 0 0 0.292307 0 0.956325 474.212
0.956059 0 -0.293175 50.9302 0 1 0 0 0.293175 0 0.956059 475.035
0.957129 0 -0.289661 50.6049 0 1 0 0 0.289661 0 0.957129 475.806
0.957168 0 -0.289533 50.3919 0 1 0 0 0.289533 0 0.957168 476.598
0.957224 0 -0.289347 50.1645 0 1 0 0 0.289347 0 0.957224 477.377
0.957403 0 -0.288755 49.9464 0 1 0 0 0.288755 0 0.957403 478.152
0.957814 0 -0.287389 49.7014 0 1 0 0 0.287389 0 0.957814 478.916
0.958501 0 -0.285089 49.4748 0 1 0 0 0.285089 0 0.958501 479.681
0.959308 0 -0.282363 49.2596 0 1 0 0 0.282363 0 0.959308 480.448
0.960754 0 -0.277402 49.045 0 1 0 0 0.277402 0 0.960754 481.212
0.962814 0 -0.270165 48.831 0 1 0 0 0.270165 0 0.962814 481.979
0.965486 0 -0.260456 48.6331 0 1 0 0 0.260456 0 0.965486 482.748
0.968581 0 -0.248699 48.449 0 1 0 0 0.248699 0 0.968581 483.519
0.971781 0 -0.235885 48.3021 0 1 0 0 0.235885 0 0.971781 484.307
0.975822 0 -0.218565 48.1292 0 1 0 0 0.218565 0 0.975822 485.072
0.979739 0 -0.200281 48.0092 0 1 0 0 0.200281 0 0.979739 485.855
0.983809 0 -0.179219 47.8885 0 1 0 0 0.179219 0 0.983809 486.639
0.987756 0 -0.156006 47.8003 0 1 0 0 0.156006 0 0.987756 487.412
0.991346 0 -0.131272 47.7362 0 1 0 0 0.131272 0 0.991346 488.203
0.994351 0 -0.106142 47.7152 0 1 0 0 0.106142 0 0.994351 488.978
0.996928 0 -0.0783211 47.6908 0 1 0 0 0.0783211 0 0.996928 489.773
0.998689 0 -0.0511876 47.6835 0 1 0 0 0.0511876 0 0.998689 490.565
0.999702 0 -0.0244043 47.7063 0 1 0 0 0.0244043 0 0.999702 491.342
0.999997 0 0.00223858 47.7575 0 1 0 0 -0.00223858 0 0.999997 492.136
0.999586 0 0.028766 47.8283 0 1 0 0 -0.028766 0 0.999586 492.93
0.99853 0 0.0542108 47.9271 0 1 0 0 -0.0542108 0 0.99853 493.71
0.996888 0 0.0788323 48.0461 0 1 0 0 -0.0788323 0 0.996888 494.505
0.994522 0 0.104528 48.1642 0 1 0 0 -0.104528 0 0.994522 495.286
0.991578 0 0.129508 48.3196 0 1 0 0 -0.129508 0 0.991578 496.082
0.988032 0 0.154246 48.4883 0 1 0 0 -0.154246 0 0.988032 496.88
0.983848 0 0.179004 48.6645 0 1 0 0 -0.179004 0 0.983848 497.665
0.979256 0 0.202628 48.8595 0 1 0 0 -0.202628 0 0.979256 498.464
0.975021 0 0.222115 49.1109 0 1 0 0 -0.222115 0 0.975021 499.235
0.969985 0 0.243166 49.3123 0 1 0 0 -0.243166 0 0.969985 500.04
0.965205 0 0.261496 49.5715 0 1 0 0 -0.261496 0 0.965205 500.836
0.960499 0 0.278285 49.8541 0 1 0 0 -0.278285 0 0.960499 501.615
0.954822 0 0.297178 50.1056 0 1 0 0 -0.297178 0 0.954822 502.418
0.949342 0 0.314246 50.4128 0 1 0 0 -0.314246 0 0.949342 503.207
0.942954 0 0.332922 50.704 0 1 0 0 -0.332922 0 0.942954 503.998
0.936071 0 0.351811 51.0086 0 1 0 0 -0.351811 0 0.936071 504.797
0.929769 0 0.368144 51.3794 0 1 0 0 -0.368144 0 0.929769 505.567
0.92227 0 0.386546 51.7131 0 1 0 0 -0.386546 0 0.92227 506.364
0.91555 0 0.402204 52.1104 0 1 0 0 -0.402204 0 0.91555 507.133
0.907954 0 0.419071 52.4876 0 1 0 0 -0.419071 0 0.907954 507.904
0.900517 0 0.43482 52.8928 0 1 0 0 -0.43482 0 0.900517 508.671
0.892483 0 0.45108 53.3127 0 1 0 0 -0.45108 0 0.892483 509.437
0.883381 0 0.468656 53.7341 0 1 0 0 -0.468656 0 0.883381 510.19
0.873345 0 0.487103 54.2029 0 1 0 0 -0.487103 0 0.873345 510.935
0.862217 0 0.506539 54.6535 0 1 0 0 -0.506539 0 0.862217 511.69
0.850671 0 0.525698 55.1452 0 1 0 0 -0.525698 0 0.850671 512.418
0.837491 0 0.546451 55.6733 0 1 0 0 -0.546451 0 0.837491 513.131
0.822551 0 0.568692 56.1998 0 1 0 0 -0.568692 0 0.822551 513.825
0.806807 0 0.590815 56.7581 0 1 0 0 -0.590815 0 0.806807 514.509
0.790314 0 0.612702 57.3403 0 1 0 0 -0.612702 0 0.790314 515.174
0.773134 0 0.634242 57.9285 0 1 0 0 -0.634242 0 0.773134 515.806
0.756051 0 0.654513 58.5412 0 1 0 0 -0.654513 0 0.756051 516.43
0.739052 0 0.673649 59.1669 0 1 0 0 -0.673649 0 0.739052 517.036
0.721456 0 0.69246 59.7798 0 1 0 0 -0.69246 0 0.721456 517.628
0.706404 0 0.707809 60.4393 0 1 0 0 -0.707809 0 0.706404 518.193
0.690965 0 0.722888 61.077 0 1 0 0 -0.722888 0 0.690965 518.768
0.677408 0 0.735608 61.7561 0 1 0 0 -0.735608 0 0.677408 519.315
0.66291 0 0.748699 62.4265 0 1 0 0 -0.748699 0 0.66291 519.878
0.648493 0 0.76122 63.1097 0 1 0 0 -0.76122 0 0.648493 520.415
0.634197 0 0.773172 63.8121 0 1 0 0 -0.773172 0 0.634197 520.94
0.61898 0 0.785407 64.5234 0 1 0 0 -0.785407 0 0.61898 521.462
0.603438 0 0.79741 65.2483 0 1 0 0 -0.79741 0 0.603438 521.968
0.587171 0 0.809463 65.9945 0 1 0 0 -0.809463 0 0.587171 522.467
0.569025 0 0.82232 66.7388 0 1 0 0 -0.82232 0 0.569025 522.949
0.55057 0 0.834789 67.523 0 1 0 0 -0.834789 0 0.55057 523.394
0.530555 0 0.847651 68.2956 0 1 0 0 -0.847651 0 0.530555 523.86
0.510649 0 0.859789 69.0892 0 1 0 0 -0.859789 0 0.510649 524.275
0.489562 0 0.871969 69.9103 0 1 0 0 -0.871969 0 0.489562 524.669
0.467293 0 0.884102 70.7301 0 1 0 0 -0.884102 0 0.467293 525.072
0.445224 0 0.895419 71.5685 0 1 0 0 -0.895419 0 0.445224 525.426
0.422367 0 0.906425 72.4289 0 1 0 0 -0.906425 0 0.422367 525.769
0.398967 0 0.916965 73.2894 0 1 0 0 -0.916965 0 0.398967 526.099
0.375231 0 0.926931 74.1741 0 1 0 0 -0.926931 0 0.375231 526.406
0.350888 0 0.936417 75.0703 0 1 0 0 -0.936417 0 0.350888 526.693
0.326497 0 0.945198 75.974 0 1 0 0 -0.945198 0 0.326497 526.954
0.30047 0 0.953791 76.8906 0 1 0 0 -0.953791 0 0.30047 527.214
0.276667 0 0.960966 77.8363 0 1 0 0 -0.960966 0 0.276667 527.391
0.24935 0 0.968413 78.7661 0 1 0 0 -0.968413 0 0.24935 527.613
0.223004 0 0.974817 79.7226 0 1 0 0 -0.974817 0 0.223004 527.784
0.197164 0 0.980371 80.6854 0 1 0 0 -0.980371 0 0.197164 527.918
0.16998 0 0.985447 81.6575 0 1 0 0 -0.985447 0 0.16998 528.056
0.145782 0 0.989317 82.6451 0 1 0 0 -0.989317 0 0.145782 528.13
0.11951 0 0.992833 83.6258 0 1 0 0 -0.992833 0 0.11951 528.22
0.094405 0 0.995534 84.6237 0 1 0 0 -0.995534 0 0.094405 528.273
0.069173 0 0.997605 85.6291 0 1 0 0 -0.997605 0 0.069173 528.293
0.0448451 0 0.998994 86.6397 0 1 0 0 -0.998994 0 0.0448451 528.289
0.0204065 0 0.999792 87.6614 0 1 0 0 -0.999792 0 0.0204065 528.244
-0.00381121 0 0.999993 88.6847 0 1 0 0 -0.999993 0 -0.00381121 528.21
-0.0277537 0 0.999615 89.7099 0 1 0 0 -0.999615 0 -0.0277537 528.13
-0.0522921 0 0.998632 90.7406 0 1 0 0 -0.998632 0 -0.0522921 528.018
-0.0786001 0 0.996906 91.7703 0 1 0 0 -0.996906 0 -0.0786001 527.901
-0.102658 0 0.994717 92.8073 0 1 0 0 -0.994717 0 -0.102658 527.743
-0.12697 0 0.991907 93.8401 0 1 0 0 -0.991907 0 -0.12697 527.561
-0.151999 0 0.988381 94.8864 0 1 0 0 -0.988381 0 -0.151999 527.382
-0.173196 0 0.984887 95.9231 0 1 0 0 -0.984887 0 -0.173196 527.141
-0.193222 0 0.981155 96.9568 0 1 0 0 -0.981155 0 -0.193222 526.884
-0.214152 0 0.9768 97.9955 0 1 0 0 -0.9768 0 -0.214152 526.62
-0.233956 0 0.972247 99.0453 0 1 0 0 -0.972247 0 -0.233956 526.363
-0.255312 0 0.966859 100.087 0 1 0 0 -0.966859 0 -0.255312 526.036
-0.275669 0 0.961253 101.12 0 1 0 0 -0.961253 0 -0.275669 525.697
-0.296316 0 0.95509 102.16 0 1 0 0 -0.95509 0 -0.296316 525.357
-0.319183 0 0.947693 103.175 0 1 0 0 -0.947693 0 -0.319183 524.926
-0.336638 0 0.941634 104.203 0 1 0 0 -0.941634 0 -0.336638 524.519
-0.356467 0 0.934308 105.236 0 1 0 0 -0.934308 0 -0.356467 524.106
-0.373389 0 0.927675 106.27 0 1 0 0 -0.927675 0 -0.373389 523.68
-0.387371 0 0.921924 107.282 0 1 0 0 -0.921924 0 -0.387371 523.198
-0.398602 0 0.917124 108.304 0 1 0 0 -0.917124 0 -0.398602 522.732
-0.406875 0 0.913484 109.329 0 1 0 0 -0.913484 0 -0.406875 522.256
-0.413376 0 0.910561 110.355 0 1 0 0 -0.910561 0 -0.413376 521.767
-0.417467 0 0.908692 111.382 0 1 0 0 -0.908692 0 -0.417467 521.267
-0.420971 0 0.907074 112.421 0 1 0 0 -0.907074 0 -0.420971 520.782
-0.423098 0 0.906084 113.47 0 1 0 0 -0.906084 0 -0.423098 520.3
-0.425423 0 0.904995 114.523 0 1 0 0 -0.904995 0 -0.425423 519.81
-0.424801 0 0.905287 115.571 0 1 0 0 -0.905287 0 -0.424801 519.29
-0.426111 0 0.904671 116.639 0 1 0 0 -0.904671 0 -0.426111 518.804
-0.428328 0 0.903623 117.721 0 1 0 0 -0.903623 0 -0.428328 518.315
-0.427825 0 0.903861 118.769 0 1 0 0 -0.903861 0 -0.427825 517.781
-0.428138 0 0.903713 119.837 0 1 0 0 -0.903713 0 -0.428138 517.261
-0.429657 0 0.902992 120.953 0 1 0 0 -0.902992 0 -0.429657 516.679
-0.431701 0 0.902017 122.01 0 1 0 0 -0.902017 0 -0.431701 516.254
-0.433143 0 0.901325 123.108 0 1 0 0 -0.901325 0 -0.433143 515.754
-0.433353 0 0.901224 124.187 0 1 0 0 -0.901224 0 -0.433353 515.189
-0.433377 0 0.901213 125.289 0 1 0 0 -0.901213 0 -0.433377 514.653
-0.433067 0 0.901362 126.382 0 1 0 0 -0.901362 0 -0.433067 514.092
-0.436026 0 0.899934 127.517 0 1 0 0 -0.899934 0 -0.436026 513.603
-0.436661 0 0.899626 128.619 0 1 0 0 -0.899626 0 -0.436661 513.036
-0.43866 0 0.898653 129.75 0 1 0 0 -0.898653 0 -0.43866 512.512
-0.439493 0 0.898246 130.877 0 1 0 0 -0.898246 0 -0.439493 511.972
-0.444015 0 0.896019 131.985 0 1 0 0 -0.896019 0 -0.444015 511.383
-0.444642 0 0.895708 133.132 0 1 0 0 -0.895708 0 -0.444642 510.835
-0.444642 0 0.895708 134.279 0 1 0 0 -0.895708 0 -0.444642 510.287
-0.444694 0 0.895683 135.446 0 1 0 0 -0.895683 0 -0.444694 509.77
-0.444277 0 0.895889 136.589 0 1 0 0 -0.895889 0 -0.444277 509.184
-0.443362 0 0.896343 137.744 0 1 0 0 -0.896343 0 -0.443362 508.609
-0.443529 0 0.89626 138.91 0 1 0 0 -0.89626 0 -0.443529 508.041
-0.442961 0 0.896541 140.087 0 1 0 0 -0.896541 0 -0.442961 507.461
-0.44408 0 0.895987 141.284 0 1 0 0 -0.895987 0 -0.44408 506.889
-0.444724 0 0.895667 142.476 0 1 0 0 -0.895667 0 -0.444724 506.31
-0.444547 0 0.895756 143.668 0 1 0 0 -0.895756 0 -0.444547 505.719
-0.44582 0 0.895123 144.883 0 1 0 0 -0.895123 0 -0.44582 505.155
-0.446496 0 0.894785 146.092 0 1 0 0 -0.894785 0 -0.446496 504.561
-0.446637 0 0.894715 147.312 0 1 0 0 -0.894715 0 -0.446637 503.967
-0.448745 0 0.89366 148.543 0 1 0 0 -0.89366 0 -0.448745 503.387
-0.447997 0 0.894035 149.764 0 1 0 0 -0.894035 0 -0.447997 502.769
-0.445258 0 0.895402 150.962 0 1 0 0 -0.895402 0 -0.445258 502.092
-0.44778 0 0.894144 152.221 0 1 0 0 -0.894144 0 -0.44778 501.521
-0.448257 0 0.893905 153.469 0 1 0 0 -0.893905 0 -0.448257 500.911
-0.448721 0 0.893672 154.722 0 1 0 0 -0.893672 0 -0.448721 500.3
-0.449072 0 0.893495 155.971 0 1 0 0 -0.893495 0 -0.449072 499.674
-0.450438 0 0.892808 157.234 0 1 0 0 -0.892808 0 -0.450438 499.065
-0.449377 0 0.893342 158.483 0 1 0 0 -0.893342 0 -0.449377 498.426
-0.45112 0 0.892463 159.761 0 1 0 0 -0.892463 0 -0.45112 497.828
-0.450401 0 0.892826 161.013 0 1 0 0 -0.892826 0 -0.450401 497.185
-0.449041 0 0.893511 162.282 0 1 0 0 -0.893511 0 -0.449041 496.566
-0.449309 0 0.893376 163.546 0 1 0 0 -0.893376 0 -0.449309 495.941
-0.449066 0 0.893499 164.823 0 1 0 0 -0.893499 0 -0.449066 495.338
-0.448207 0 0.89393 166.071 0 1 0 0 -0.89393 0 -0.448207 494.674
-0.448822 0 0.893621 167.342 0 1 0 0 -0.893621 0 -0.448822 494.06
-0.447625 0 0.894221 168.604 0 1 0 0 -0.894221 0 -0.447625 493.431
-0.448234 0 0.893916 169.864 0 1 0 0 -0.893916 0 -0.448234 492.8
-0.449122 0 0.893471 171.148 0 1 0 0 -0.893471 0 -0.449122 492.215
-0.447289 0 0.89439 172.397 0 1 0 0 -0.89439 0 -0.447289 491.554
-0.4463 0 0.894883 173.663 0 1 0 0 -0.894883 0 -0.4463 490.94
-0.447358 0 0.894355 174.96 0 1 0 0 -0.894355 0 -0.447358 490.379
-0.445434 0 0.895315 176.219 0 1 0 0 -0.895315 0 -0.445434 489.728
-0.443972 0 0.89604 177.48 0 1 0 0 -0.89604 0 -0.443972 489.107
-0.440882 0 0.897565 178.731 0 1 0 0 -0.897565 0 -0.440882 488.473
-0.439298 0 0.898342 180.009 0 1 0 0 -0.898342 0 -0.439298 487.903
-0.43775 0 0.899097 181.264 0 1 0 0 -0.899097 0 -0.43775 487.297
-0.436777 0 0.89957 182.521 0 1 0 0 -0.89957 0 -0.436777 486.702
-0.436221 0 0.89984 183.782 0 1 0 0 -0.89984 0 -0.436221 486.105
-0.436388 0 0.899758 185.046 0 1 0 0 -0.899758 0 -0.436388 485.521
-0.435975 0 0.899959 186.301 0 1 0 0 -0.899959 0 -0.435975 484.924
-0.43649 0 0.899709 187.551 0 1 0 0 -0.899709 0 -0.43649 484.322
-0.436864 0 0.899528 188.781 0 1 0 0 -0.899528 0 -0.436864 483.692
-0.439461 0 0.898262 190.045 0 1 0 0 -0.898262 0 -0.439461 483.12
-0.440951 0 0.897531 191.276 0 1 0 0 -0.897531 0 -0.440951 482.505
-0.444216 0 0.89592 192.513 0 1 0 0 -0.89592 0 -0.444216 481.903
-0.446581 0 0.894743 193.739 0 1 0 0 -0.894743 0 -0.446581 481.293
-0.449074 0 0.893494 194.991 0 1 0 0 -0.893494 0 -0.449074 480.753
-0.453174 0 0.891422 196.198 0 1 0 0 -0.891422 0 -0.453174 480.105
-0.454212 0 0.890894 197.394 0 1 0 0 -0.890894 0 -0.454212 479.468
-0.456575 0 0.889685 198.568 0 1 0 0 -0.889685 0 -0.456575 478.803
-0.459625 0 0.888113 199.781 0 1 0 0 -0.888113 0 -0.459625 478.209
-0.461803 0 0.886983 200.968 0 1 0 0 -0.886983 0 -0.461803 477.576
-0.464743 0 0.885445 202.151 0 1 0 0 -0.885445 0 -0.464743 476.949
-0.468212 0 0.883616 203.344 0 1 0 0 -0.883616 0 -0.468212 476.352
-0.471332 0 0.881956 204.51 0 1 0 0 -0.881956 0 -0.471332 475.731
-0.473593 0 0.880744 205.656 0 1 0 0 -0.880744 0 -0.473593 475.115
-0.476054 0 0.879416 206.797 0 1 0 0 -0.879416 0 -0.476054 474.514
-0.47667 0 0.879082 207.91 0 1 0 0 -0.879082 0 -0.47667 473.902
-0.478625 0 0.878019 209.008 0 1 0 0 -0.878019 0 -0.478625 473.312
-0.480715 0 0.876877 210.09 0 1 0 0 -0.876877 0 -0.480715 472.734
-0.482244 0 0.876037 211.15 0 1 0 0 -0.876037 0 -0.482244 472.159
-0.481578 0 0.876403 212.185 0 1 0 0 -0.876403 0 -0.481578 471.567
-0.482508 0 0.875891 213.223 0 1 0 0 -0.875891 0 -0.482508 471.033
-0.479994 0 0.877272 214.227 0 1 0 0 -0.877272 0 -0.479994 470.477
-0.477534 0 0.878613 215.227 0 1 0 0 -0.878613 0 -0.477534 469.967
-0.472245 0 0.881467 216.203 0 1 0 0 -0.881467 0 -0.472245 469.453
-0.465793 0 0.884894 217.165 0 1 0 0 -0.884894 0 -0.465793 468.951
-0.457089 0 0.889421 218.145 0 1 0 0 -0.889421 0 -0.457089 468.52
-0.445082 0 0.89549 219.107 0 1 0 0 -0.89549 0 -0.445082 468.071
-0.43094 0 0.902381 220.064 0 1 0 0 -0.902381 0 -0.43094 467.639
-0.416405 0 0.909179 221.034 0 1 0 0 -0.909179 0 -0.416405 467.263
-0.400292 0 0.916388 221.999 0 1 0 0 -0.916388 0 -0.400292 466.894
-0.383062 0 0.923723 222.948 0 1 0 0 -0.923723 0 -0.383062 466.524
-0.366282 0 0.930504 223.908 0 1 0 0 -0.930504 0 -0.366282 466.195
-0.347909 0 0.937528 224.867 0 1 0 0 -0.937528 0 -0.347909 465.888
-0.328696 0 0.944436 225.832 0 1 0 0 -0.944436 0 -0.328696 465.59
-0.309162 0 0.951009 226.811 0 1 0 0 -0.951009 0 -0.309162 465.338
-0.289771 0 0.957096 227.781 0 1 0 0 -0.957096 0 -0.289771 465.045
-0.270386 0 0.962752 228.774 0 1 0 0 -0.962752 0 -0.270386 464.855
-0.25076 0 0.968049 229.765 0 1 0 0 -0.968049 0 -0.25076 464.651
-0.230373 0 0.973102 230.757 0 1 0 0 -0.973102 0 -0.230373 464.453
-0.211749 0 0.977324 231.751 0 1 0 0 -0.977324 0 -0.211749 464.318
-0.189973 0 0.981789 232.734 0 1 0 0 -0.981789 0 -0.189973 464.139
-0.170622 0 0.985337 233.738 0 1 0 0 -0.985337 0 -0.170622 464.066
-0.149404 0 0.988776 234.735 0 1 0 0 -0.988776 0 -0.149404 463.952
-0.125057 0 0.99215 235.742 0 1 0 0 -0.99215 0 -0.125057 463.86
-0.100567 0 0.99493 236.747 0 1 0 0 -0.99493 0 -0.100567 463.839
-0.0743307 0 0.997234 237.757 0 1 0 0 -0.997234 0 -0.0743307 463.812
-0.0472244 0 0.998884 238.779 0 1 0 0 -0.998884 0 -0.0472244 463.828
-0.0186239 0 0.999827 239.797 0 1 0 0 -0.999827 0 -0.0186239 463.855
0.00951323 0 0.999955 240.828 0 1 0 0 -0.999955 0 0.00951323 463.932
0.0388012 0 0.999247 241.865 0 1 0 0 -0.999247 0 0.0388012 464.031
0.0687572 0 0.997633 242.896 0 1 0 0 -0.997633 0 0.0687572 464.166
0.0981456 0 0.995172 243.936 0 1 0 0 -0.995172 0 0.0981456 464.347
0.128105 0 0.991761 244.975 0 1 0 0 -0.991761 0 0.128105 464.554
0.15704 0 0.987592 245.994 0 1 0 0 -0.987592 0 0.15704 464.796
0.185797 0 0.982588 247.027 0 1 0 0 -0.982588 0 0.185797 465.055
0.213347 0 0.976976 248.04 0 1 0 0 -0.976976 0 0.213347 465.358
0.240872 0 0.970557 249.066 0 1 0 0 -0.970557 0 0.240872 465.684
0.26812 0 0.963385 250.084 0 1 0 0 -0.963385 0 0.26812 466.049
0.296449 0 0.955049 251.102 0 1 0 0 -0.955049 0 0.296449 466.415
0.323258 0 0.946311 252.116 0 1 0 0 -0.946311 0 0.323258 466.841
0.349988 0 0.936754 253.118 0 1 0 0 -0.936754 0 0.349988 467.302
0.377323 0 0.926082 254.103 0 1 0 0 -0.926082 0 0.377323 467.77
0.402619 0 0.915368 255.082 0 1 0 0 -0.915368 0 0.402619 468.286
0.426997 0 0.904253 256.048 0 1 0 0 -0.904253 0 0.426997 468.821
0.450277 0 0.892889 257.02 0 1 0 0 -0.892889 0 0.450277 469.387
0.473416 0 0.880839 257.99 0 1 0 0 -0.880839 0 0.473416 469.968
0.494974 0 0.868908 258.922 0 1 0 0 -0.868908 0 0.494974 470.588
0.515964 0 0.85661 259.864 0 1 0 0 -0.85661 0 0.515964 471.231
0.536622 0 0.843823 260.798 0 1 0 0 -0.843823 0 0.536622 471.881
0.555057 0 0.831813 261.702 0 1 0 0 -0.831813 0 0.555057 472.563
0.571174 0 0.820829 262.598 0 1 0 0 -0.820829 0 0.571174 473.276
0.58632 0 0.810079 263.499 0 1 0 0 -0.810079 0 0.58632 473.972
0.599138 0 0.800646 264.389 0 1 0 0 -0.800646 0 0.599138 474.713
0.610943 0 0.791674 265.271 0 1 0 0 -0.791674 0 0.610943 475.463
0.621723 0 0.783237 266.153 0 1 0 0 -0.783237 0 0.621723 476.207
0.631961 0 0.775001 267.037 0 1 0 0 -0.775001 0 0.631961 476.968
0.641273 0 0.767313 267.905 0 1 0 0 -0.767313 0 0.641273 477.743
0.65021 0 0.759755 268.771 0 1 0 0 -0.759755 0 0.65021 478.532
0.658353 0 0.75271 269.636 0 1 0 0 -0.75271 0 0.658353 479.327
0.664832 0 0.746993 270.503 0 1 0 0 -0.746993 0 0.664832 480.128
0.668753 0 0.743485 271.361 0 1 0 0 -0.743485 0 0.668753 480.944
0.67298 0 0.73966 272.238 0 1 0 0 -0.73966 0 0.67298 481.727
0.674974 0 0.737842 273.063 0 1 0 0 -0.737842 0 0.674974 482.563
0.678053 0 0.735013 273.939 0 1 0 0 -0.735013 0 0.678053 483.339
0.679852 0 0.733349 274.777 0 1 0 0 -0.733349 0 0.679852 484.159
0.681681 0 0.731649 275.631 0 1 0 0 -0.731649 0 0.681681 484.955
0.683167 0 0.730262 276.454 0 1 0 0 -0.730262 0 0.683167 485.778
0.685314 0 0.728247 277.298 0 1 0 0 -0.728247 0 0.685314 486.575
0.686495 0 0.727134 278.158 0 1 0 0 -0.727134 0 0.686495 487.346
0.686442 0 0.727184 278.977 0 1 0 0 -0.727184 0 0.686442 488.154
0.686163 0 0.727448 279.786 0 1 0 0 -0.727448 0 0.686163 488.949
0.683996 0 0.729486 280.611 0 1 0 0 -0.729486 0 0.683996 489.714
0.680392 0 0.732849 281.42 0 1 0 0 -0.732849 0 0.680392 490.478
0.676357 0 0.736574 282.238 0 1 0 0 -0.736574 0 0.676357 491.218
0.671385 0 0.741109 283.049 0 1 0 0 -0.741109 0 0.671385 491.932
0.664291 0 0.747474 283.806 0 1 0 0 -0.747474 0 0.664291 492.674
0.658338 0 0.752722 284.634 0 1 0 0 -0.752722 0 0.658338 493.318
0.649123 0 0.760684 285.415 0 1 0 0 -0.760684 0 0.649123 493.978
0.639022 0 0.769188 286.189 0 1 0 0 -0.769188 0 0.639022 494.63
0.629032 0 0.777379 286.982 0 1 0 0 -0.777379 0 0.629032 495.231
0.617766 0 0.786362 287.757 0 1 0 0 -0.786362 0 0.617766 495.811
0.606656 0 0.794964 288.529 0 1 0 0 -0.794964 0 0.606656 496.379
0.59476 0 0.803904 289.301 0 1 0 0 -0.803904 0 0.59476 496.909
0.582663 0 0.812714 290.057 0 1 0 0 -0.812714 0 0.582663 497.417
0.568856 0 0.822437 290.799 0 1 0 0 -0.822437 0 0.568856 497.907
0.555474 0 0.831534 291.522 0 1 0 0 -0.831534 0 0.555474 498.356
0.54106 0 0.840984 292.252 0 1 0 0 -0.840984 0 0.54106 498.779
0.524813 0 0.851217 292.961 0 1 0 0 -0.851217 0 0.524813 499.182
0.505521 0 0.862815 293.677 0 1 0 0 -0.862815 0 0.505521 499.576
0.484076 0 0.875026 294.401 0 1 0 0 -0.875026 0 0.484076 499.94
0.459716 0 0.888066 295.105 0 1 0 0 -0.888066 0 0.459716 500.265
0.431978 0 0.901884 295.827 0 1 0 0 -0.901884 0 0.431978 500.578
0.40314 0 0.915138 296.54 0 1 0 0 -0.915138 0 0.40314 500.803
0.368699 0 0.929549 297.262 0 1 0 0 -0.929549 0 0.368699 501.024
0.33123 0 0.94355 297.995 0 1 0 0 -0.94355 0 0.33123 501.213
0.29204 0 0.956406 298.697 0 1 0 0 -0.956406 0 0.29204 501.358
0.253322 0 0.967382 299.444 0 1 0 0 -0.967382 0 0.253322 501.467
0.211809 0 0.977311 300.151 0 1 0 0 -0.977311 0 0.211809 501.566
0.170663 0 0.985329 300.908 0 1 0 0 -0.985329 0 0.170663 501.625
0.131874 0 0.991266 301.669 0 1 0 0 -0.991266 0 0.131874 501.635
0.0903911 0 0.995906 302.393 0 1 0 0 -0.995906 0 0.0903911 501.622
0.0463656 0 0.998925 303.139 0 1 0 0 -0.998925 0 0.0463656 501.608
0.00315789 0 0.999995 303.846 0 1 0 0 -0.999995 0 0.00315789 501.514
-0.0403309 0 0.999186 304.57 0 1 0 0 -0.999186 0 -0.0403309 501.406
-0.0829794 0 0.996551 305.286 0 1 0 0 -0.996551 0 -0.0829794 501.281
-0.122938 0 0.992414 305.975 0 1 0 0 -0.992414 0 -0.122938 501.107
-0.159591 0 0.987183 306.686 0 1 0 0 -0.987183 0 -0.159591 500.922
-0.19061 0 0.981666 307.371 0 1 0 0 -0.981666 0 -0.19061 500.707
-0.220111 0 0.975475 308.074 0 1 0 0 -0.975475 0 -0.220111 500.509
-0.244371 0 0.969682 308.768 0 1 0 0 -0.969682 0 -0.244371 500.272
-0.265201 0 0.964193 309.457 0 1 0 0 -0.964193 0 -0.265201 500.04
-0.283626 0 0.958935 310.149 0 1 0 0 -0.958935 0 -0.283626 499.793
-0.300269 0 0.953855 310.845 0 1 0 0 -0.953855 0 -0.300269 499.554
-0.316792 0 0.948495 311.534 0 1 0 0 -0.948495 0 -0.316792 499.282
-0.334008 0 0.94257 312.222 0 1 0 0 -0.94257 0 -0.334008 499.002
-0.350926 0 0.936403 312.909 0 1 0 0 -0.936403 0 -0.350926 498.704
-0.370498 0 0.928833 313.597 0 1 0 0 -0.928833 0 -0.370498 498.407
-0.390664 0 0.920533 314.28 0 1 0 0 -0.920533 0 -0.390664 498.093
-0.414238 0 0.910169 314.943 0 1 0 0 -0.910169 0 -0.414238 497.741
-0.437946 0 0.899001 315.593 0 1 0 0 -0.899001 0 -0.437946 497.358
-0.469332 0 0.883022 316.281 0 1 0 0 -0.883022 0 -0.469332 497.071
-0.496108 0 0.868261 316.893 0 1 0 0 -0.868261 0 -0.496108 496.626
-0.524499 0 0.851411 317.421 0 1 0 0 -0.851411 0 -0.524499 496.082
-0.558954 0 0.829199 318.018 0 1 0 0 -0.829199 0 -0.558954 495.628
-0.593438 0 0.80488 318.624 0 1 0 0 -0.80488 0 -0.593438 495.174
-0.62442 0 0.781089 319.109 0 1 0 0 -0.781089 0 -0.62442 494.584
-0.656991 0 0.753898 319.627 0 1 0 0 -0.753898 0 -0.656991 494.056
-0.688633 0 0.72511 320.119 0 1 0 0 -0.72511 0 -0.688633 493.508
-0.718732 0 0.695287 320.572 0 1 0 0 -0.695287 0 -0.718732 492.916
-0.74868 0 0.662931 321.024 0 1 0 0 -0.662931 0 -0.74868 492.353
-0.775335 0 0.63155 321.425 0 1 0 0 -0.63155 0 -0.775335 491.744
-0.800019 0 0.599975 321.782 0 1 0 0 -0.599975 0 -0.800019 491.139
-0.82232 0 0.569025 322.077 0 1 0 0 -0.569025 0 -0.82232 490.514
-0.84161 0 0.540086 322.437 0 1 0 0 -0.540086 0 -0.84161 489.918
-0.858715 0 0.512454 322.741 0 1 0 0 -0.512454 0 -0.858715 489.304
-0.873699 0 0.486467 322.972 0 1 0 0 -0.486467 0 -0.873699 488.653
-0.887363 0 0.461072 323.252 0 1 0 0 -0.461072 0 -0.887363 488.016
-0.900717 0 0.434405 323.593 0 1 0 0 -0.434405 0 -0.900717 487.414
-0.911292 0 0.41176 323.672 0 1 0 0 -0.41176 0 -0.911292 486.688
-0.923606 0 0.383344 323.987 0 1 0 0 -0.383344 0 -0.923606 486.068
-0.933741 0 0.357949 324.157 0 1 0 0 -0.357949 0 -0.933741 485.398
-0.944639 0 0.328112 324.353 0 1 0 0 -0.328112 0 -0.944639 484.714
-0.954306 0 0.298831 324.529 0 1 0 0 -0.298831 0 -0.954306 484.043
-0.963388 0 0.26811 324.675 0 1 0 0 -0.26811 0 -0.963388 483.366
-0.971712 0 0.236169 324.794 0 1 0 0 -0.236169 0 -0.971712 482.662
-0.979231 0 0.202747 324.889 0 1 0 0 -0.202747 0 -0.979231 481.978
-0.985435 0 0.170054 324.952 0 1 0 0 -0.170054 0 -0.985435 481.252
-0.9906 0 0.136789 324.987 0 1 0 0 -0.136789 0 -0.9906 480.546
-0.994629 0 0.103505 325.003 0 1 0 0 -0.103505 0 -0.994629 479.841
-0.99759 0 0.0693864 324.998 0 1 0 0 -0.0693864 0 -0.99759 479.109
-0.999341 0 0.0363109 324.971 0 1 0 0 -0.0363109 0 -0.999341 478.399
-0.999995 0 0.00331647 324.908 0 1 0 0 -0.00331647 0 -0.999995 477.679
-0.9996 -0 -0.0282775 324.83 0 1 -0 0 0.0282775 0 -0.9996 476.929
-0.998303 -0 -0.05824 324.729 0 1 -0 0 0.05824 0 -0.998303 476.199
-0.996194 -0 -0.0871664 324.61 0 1 -0 0 0.0871664 0 -0.996194 475.447
-0.99358 -0 -0.113128 324.478 0 1 -0 0 0.113128 0 -0.99358 474.706
-0.990663 -0 -0.136332 324.325 0 1 -0 0 0.136332 0 -0.990663 473.96
-0.987627 -0 -0.156821 324.159 0 1 -0 0 0.156821 0 -0.987627 473.197
-0.984629 -0 -0.174657 323.996 0 1 -0 0 0.174657 0 -0.984629 472.431
-0.981595 -0 -0.190975 323.816 0 1 -0 0 0.190975 0 -0.981595 471.658
-0.978637 -0 -0.205595 323.62 0 1 -0 0 0.205595 0 -0.978637 470.875
-0.975597 -0 -0.219569 323.423 0 1 -0 0 0.219569 0 -0.975597 470.087
-0.972568 -0 -0.232618 323.219 0 1 -0 0 0.232618 0 -0.972568 469.285
-0.970065 -0 -0.242845 322.998 0 1 -0 0 0.242845 0 -0.970065 468.477
-0.968198 -0 -0.250183 322.749 0 1 -0 0 0.250183 0 -0.968198 467.668
-0.966656 -0 -0.25608 322.542 0 1 -0 0 0.25608 0 -0.966656 466.835
-0.965951 -0 -0.258724 322.299 0 1 -0 0 0.258724 0 -0.965951 466.005
-0.965315 -0 -0.261089 322.069 0 1 -0 0 0.261089 0 -0.965315 465.166
-0.96475 -0 -0.263167 321.839 0 1 -0 0 0.263167 0 -0.96475 464.306
-0.964221 -0 -0.265102 321.598 0 1 -0 0 0.265102 0 -0.964221 463.44
-0.963848 -0 -0.266452 321.355 0 1 -0 0 0.266452 0 -0.963848 462.566
-0.963617 -0 -0.267285 321.098 0 1 -0 0 0.267285 0 -0.963617 461.688
-0.96333 -0 -0.26832 320.847 0 1 -0 0 0.26832 0 -0.96333 460.801
-0.962995 -0 -0.269521 320.575 0 1 -0 0 0.269521 0 -0.962995 459.906
-0.962644 -0 -0.270769 320.32 0 1 -0 0 0.270769 0 -0.962644 458.996
-0.962107 -0 -0.272672 320.06 0 1 -0 0 0.272672 0 -0.962107 458.075
-0.961404 -0 -0.27514 319.821 0 1 -0 0 0.27514 0 -0.961404 457.147
-0.961163 -0 -0.275981 319.541 0 1 -0 0 0.275981 0 -0.961163 456.217
-0.960162 -0 -0.279446 319.293 0 1 -0 0 0.279446 0 -0.960162 455.268
-0.959654 -0 -0.281183 319.019 0 1 -0 0 0.281183 0 -0.959654 454.322
-0.959272 -0 -0.282483 318.732 0 1 -0 0 0.282483 0 -0.959272 453.369
-0.95845 -0 -0.285259 318.46 0 1 -0 0 0.285259 0 -0.95845 452.404
-0.958087 -0 -0.286479 318.173 0 1 -0 0 0.286479 0 -0.958087 451.444
-0.957373 -0 -0.288853 317.896 0 1 -0 0 0.288853 0 -0.957373 450.476
-0.956821 -0 -0.290677 317.602 0 1 -0 0 0.290677 0 -0.956821 449.511
-0.956352 -0 -0.292217 317.303 0 1 -0 0 0.292217 0 -0.956352 448.543
-0.955445 -0 -0.295169 317.032 0 1 -0 0 0.295169 0 -0.955445 447.567
-0.955117 -0 -0.296228 316.721 0 1 -0 0 0.296228 0 -0.955117 446.601
-0.954631 -0 -0.297793 316.432 0 1 -0 0 0.297793 0 -0.954631 445.621
-0.954715 -0 -0.297522 316.1 0 1 -0 0 0.297522 0 -0.954715 444.653
-0.954326 -0 -0.298766 315.846 0 1 -0 0 0.298766 0 -0.954326 443.667
-0.955586 -0 -0.294712 315.512 0 1 -0 0 0.294712 0 -0.955586 442.705
-0.956083 -0 -0.293095 315.26 0 1 -0 0 0.293095 0 -0.956083 441.715
-0.957326 -0 -0.289012 314.953 0 1 -0 0 0.289012 0 -0.957326 440.743
-0.958204 -0 -0.286085 314.69 0 1 -0 0 0.286085 0 -0.958204 439.757
-0.959969 -0 -0.280106 314.407 0 1 -0 0 0.280106 0 -0.959969 438.777
-0.9612 -0 -0.275852 314.163 0 1 -0 0 0.275852 0 -0.9612 437.79
-0.962932 -0 -0.269745 313.906 0 1 -0 0 0.269745 0 -0.962932 436.805
-0.964649 -0 -0.263538 313.658 0 1 -0 0 0.263538 0 -0.964649 435.82
-0.966439 -0 -0.256895 313.427 0 1 -0 0 0.256895 0 -0.966439 434.825
-0.968762 -0 -0.247994 313.191 0 1 -0 0 0.247994 0 -0.968762 433.836
-0.971411 -0 -0.237406 312.962 0 1 -0 0 0.237406 0 -0.971411 432.847
-0.974302 -0 -0.225246 312.771 0 1 -0 0 0.225246 0 -0.974302 431.844
-0.977921 -0 -0.208976 312.558 0 1 -0 0 0.208976 0 -0.977921 430.856
-0.981143 -0 -0.193283 312.397 0 1 -0 0 0.193283 0 -0.981143 429.862
-0.983943 -0 -0.178482 312.209 0 1 -0 0 0.178482 0 -0.983943 428.871
-0.986516 -0 -0.163664 312.096 0 1 -0 0 0.163664 0 -0.986516 427.87
-0.98878 -0 -0.149377 311.951 0 1 -0 0 0.149377 0 -0.98878 426.874
-0.990519 -0 -0.137379 311.893 0 1 -0 0 0.137379 0 -0.990519 425.864
-0.992454 -0 -0.122615 311.756 0 1 -0 0 0.122615 0 -0.992454 424.866
-0.994122 -0 -0.108268 311.658 0 1 -0 0 0.108268 0 -0.994122 423.868
-0.995468 -0 -0.095092 311.631 0 1 -0 0 0.095092 0 -0.995468 422.857
-0.996676 -0 -0.0814656 311.548 0 1 -0 0 0.0814656 0 -0.996676 421.859
-0.997668 -0 -0.0682569 311.528 0 1 -0 0 0.0682569 0 -0.997668 420.85
-0.998463 -0 -0.055427 311.512 0 1 -0 0 0.055427 0 -0.998463 419.845
-0.999079 -0 -0.0428973 311.496 0 1 -0 0 0.0428973 0 -0.999079 418.846
-0.999577 -0 -0.0290717 311.468 0 1 -0 0 0.0290717 0 -0.999577 417.841
-0.99986 -0 -0.0167622 311.516 0 1 -0 0 0.0167622 0 -0.99986 416.84
-0.999993 -0 -0.00369732 311.535 0 1 -0 0 0.00369732 0 -0.999993 415.834
-0.999962 0 0.00873881 311.582 0 1 0 0 -0.00873881 0 -0.999962 414.829
-0.999767 0 0.0215811 311.633 0 1 0 0 -0.0215811 0 -0.999767 413.817
-0.999424 0 0.033932 311.702 0 1 0 0 -0.033932 0 -0.999424 412.824
-0.998939 0 0.0460586 311.775 0 1 0 0 -0.0460586 0 -0.998939 411.826
-0.998305 0 0.0582043 311.866 0 1 0 0 -0.0582043 0 -0.998305 410.83
-0.997534 0 0.0701833 311.962 0 1 0 0 -0.0701833 0 -0.997534 409.832
-0.996664 0 0.0816102 312.09 0 1 0 0 -0.0816102 0 -0.996664 408.838
-0.995654 0 0.0931276 312.221 0 1 0 0 -0.0931276 0 -0.995654 407.841
-0.994667 0 0.103139 312.364 0 1 0 0 -0.103139 0 -0.994667 406.844
-0.993618 0 0.1128 312.531 0 1 0 0 -0.1128 0 -0.993618 405.853
-0.992453 0 0.122624 312.661 0 1 0 0 -0.122624 0 -0.992453 404.86
-0.991279 0 0.131783 312.823 0 1 0 0 -0.131783 0 -0.991279 403.871
-0.990185 0 0.139764 313.021 0 1 0 0 -0.139764 0 -0.990185 402.889
-0.988729 0 0.149717 313.16 0 1 0 0 -0.149717 0 -0.988729 401.9
-0.987555 0 0.157276 313.354 0 1 0 0 -0.157276 0 -0.987555 400.924
-0.986311 0 0.164894 313.536 0 1 0 0 -0.164894 0 -0.986311 399.949
-0.984767 0 0.173878 313.72 0 1 0 0 -0.173878 0 -0.984767 398.976
-0.983469 0 0.181074 313.942 0 1 0 0 -0.181074 0 -0.983469 398.014
-0.982027 0 0.188741 314.144 0 1 0 0 -0.188741 0 -0.982027 397.051
-0.980358 0 0.197229 314.341 0 1 0 0 -0.197229 0 -0.980358 396.089
-0.97909 0 0.20343 314.57 0 1 0 0 -0.20343 0 -0.97909 395.141
-0.977488 0 0.210992 314.794 0 1 0 0 -0.210992 0 -0.977488 394.188
-0.976492 0 0.215551 315.1 0 1 0 0 -0.215551 0 -0.976492 393.261
-0.974572 0 0.224076 315.276 0 1 0 0 -0.224076 0 -0.974572 392.307
-0.972971 0 0.230926 315.515 0 1 0 0 -0.230926 0 -0.972971 391.358
-0.971492 0 0.237074 315.781 0 1 0 0 -0.237074 0 -0.971492 390.465
-0.969568 0 0.244823 315.986 0 1 0 0 -0.244823 0 -0.969568 389.543
-0.967886 0 0.25139 316.248 0 1 0 0 -0.25139 0 -0.967886 388.65
-0.966283 0 0.257484 316.52 0 1 0 0 -0.257484 0 -0.966283 387.771
-0.964298 0 0.264821 316.777 0 1 0 0 -0.264821 0 -0.964298 386.905
-0.962412 0 0.271595 317.033 0 1 0 0 -0.271595 0 -0.962412 386.058
-0.960212 0 0.279271 317.304 0 1 0 0 -0.279271 0 -0.960212 385.238
-0.958132 0 0.286327 317.547 0 1 0 0 -0.286327 0 -0.958132 384.44
-0.956274 0 0.292472 317.808 0 1 0 0 -0.292472 0 -0.956274 383.676
-0.954747 0 0.297419 318.073 0 1 0 0 -0.297419 0 -0.954747 382.93
-0.952941 0 0.303157 318.278 0 1 0 0 -0.303157 0 -0.952941 382.194
-0.952562 0 0.304345 318.57 0 1 0 0 -0.304345 0 -0.952562 381.514
-0.9516 0 0.30734 318.796 0 1 0 0 -0.30734 0 -0.9516 380.832
-0.951016 0 0.309142 319.003 0 1 0 0 -0.309142 0 -0.951016 380.163
-0.951044 0 0.309057 319.238 0 1 0 0 -0.309057 0 -0.951044 379.51
-0.951222 0 0.308508 319.439 0 1 0 0 -0.308508 0 -0.951222 378.842
-0.952085 0 0.305833 319.635 0 1 0 0 -0.305833 0 -0.952085 378.176
-0.954611 0 0.297856 319.845 0 1 0 0 -0.297856 0 -0.954611 377.525
-0.95755 0 0.288267 320.022 0 1 0 0 -0.288267 0 -0.95755 376.876
-0.961978 0 0.273126 320.203 0 1 0 0 -0.273126 0 -0.961978 376.23
-0.967066 0 0.254525 320.325 0 1 0 0 -0.254525 0 -0.967066 375.578
-0.973153 0 0.23016 320.428 0 1 0 0 -0.23016 0 -0.973153 374.93
-0.979913 0 0.199423 320.538 0 1 0 0 -0.199423 0 -0.979913 374.275
-0.985914 0 0.167252 320.604 0 1 0 0 -0.167252 0 -0.985914 373.638
-0.991616 0 0.129217 320.629 0 1 0 0 -0.129217 0 -0.991616 372.983
-0.995907 0 0.0903825 320.598 0 1 0 0 -0.0903825 0 -0.995907 372.357
-0.998766 0 0.049667 320.555 0 1 0 0 -0.049667 0 -0.998766 371.703
-0.999983 0 0.00575502 320.507 0 1 0 0 -0.00575502 0 -0.999983 371.083
-0.999302 -0 -0.0373443 320.398 0 1 -0 0 0.0373443 0 -0.999302 370.473
-0.996598 -0 -0.0824192 320.277 0 1 -0 0 0.0824192 0 -0.996598 369.829
-0.991608 -0 -0.129279 320.154 0 1 -0 0 0.129279 0 -0.991608 369.224
-0.984827 -0 -0.173537 319.951 0 1 -0 0 0.173537 0 -0.984827 368.588
-0.975976 -0 -0.217876 319.792 0 1 -0 0 0.217876 0 -0.975976 367.976
-0.965102 -0 -0.261875 319.509 0 1 -0 0 0.261875 0 -0.965102 367.399
-0.952456 -0 -0.304676 319.202 0 1 -0 0 0.304676 0 -0.952456 366.79
-0.936027 -0 -0.351929 319.002 0 1 -0 0 0.351929 0 -0.936027 366.172
-0.919915 -0 -0.392117 318.62 0 1 -0 0 0.392117 0 -0.919915 365.587
-0.901586 -0 -0.432601 318.276 0 1 -0 0 0.432601 0 -0.901586 365.026
-0.882266 -0 -0.470752 317.888 0 1 -0 0 0.470752 0 -0.882266 364.498
-0.8626 -0 -0.505887 317.472 0 1 -0 0 0.505887 0 -0.8626 363.931
-0.842589 -0 -0.538558 317.05 0 1 -0 0 0.538558 0 -0.842589 363.411
-0.823307 -0 -0.567597 316.6 0 1 -0 0 0.567597 0 -0.823307 362.867
-0.804608 -0 -0.593806 316.153 0 1 -0 0 0.593806 0 -0.804608 362.335
-0.787436 -0 -0.616397 315.665 0 1 -0 0 0.616397 0 -0.787436 361.822
-0.77194 -0 -0.635696 315.16 0 1 -0 0 0.635696 0 -0.77194 361.283
-0.758662 -0 -0.651484 314.646 0 1 -0 0 0.651484 0 -0.758662 360.757
-0.747054 -0 -0.664763 314.111 0 1 -0 0 0.664763 0 -0.747054 360.224
-0.736019 -0 -0.676961 313.573 0 1 -0 0 0.676961 0 -0.736019 359.675
-0.725731 -0 -0.687979 313.016 0 1 -0 0 0.687979 0 -0.725731 359.133
-0.716088 -0 -0.69801 312.432 0 1 -0 0 0.69801 0 -0.716088 358.578
-0.707068 -0 -0.707145 311.847 0 1 -0 0 0.707145 0 -0.707068 358.022
-0.700227 -0 -0.713921 311.241 0 1 -0 0 0.713921 0 -0.700227 357.455
-0.69624 -0 -0.717809 310.628 0 1 -0 0 0.717809 0 -0.69624 356.877
-0.696261 -0 -0.717789 310.003 0 1 -0 0 0.717789 0 -0.696261 356.285
-0.699091 -0 -0.715032 309.381 0 1 -0 0 0.715032 0 -0.699091 355.666
-0.702281 -0 -0.7119 308.757 0 1 -0 0 0.7119 0 -0.702281 355.028
-0.705282 -0 -0.708927 308.125 0 1 -0 0 0.708927 0 -0.705282 354.374
-0.706087 -0 -0.708126 307.486 0 1 -0 0 0.708126 0 -0.706087 353.709
-0.707097 -0 -0.707117 306.831 0 1 -0 0 0.707117 0 -0.707097 353.04
-0.708804 -0 -0.705406 306.155 0 1 -0 0 0.705406 0 -0.708804 352.385
-0.708957 -0 -0.705252 305.498 0 1 -0 0 0.705252 0 -0.708957 351.687
-0.710698 -0 -0.703497 304.813 0 1 -0 0 0.703497 0 -0.710698 351
-0.71211 -0 -0.702068 304.132 0 1 -0 0 0.702068 0 -0.71211 350.301
-0.712853 -0 -0.701314 303.454 0 1 -0 0 0.701314 0 -0.712853 349.576
-0.714333 -0 -0.699806 302.762 0 1 -0 0 0.699806 0 -0.714333 348.857
-0.716195 -0 -0.6979 302.056 0 1 -0 0 0.6979 0 -0.716195 348.139
-0.717582 -0 -0.696474 301.355 0 1 -0 0 0.696474 0 -0.717582 347.401
-0.718884 -0 -0.69513 300.661 0 1 -0 0 0.69513 0 -0.718884 346.641
-0.721187 -0 -0.69274 299.94 0 1 -0 0 0.69274 0 -0.721187 345.901
-0.722875 -0 -0.690979 299.224 0 1 -0 0 0.690979 0 -0.722875 345.145
-0.724214 -0 -0.689575 298.523 0 1 -0 0 0.689575 0 -0.724214 344.377
-0.726278 -0 -0.687401 297.809 0 1 -0 0 0.687401 0 -0.726278 343.605
-0.728179 -0 -0.685387 297.109 0 1 -0 0 0.685387 0 -0.728179 342.825
-0.731594 -0 -0.681741 296.399 0 1 -0 0 0.681741 0 -0.731594 342.047
-0.735914 -0 -0.677075 295.686 0 1 -0 0 0.677075 0 -0.735914 341.268
-0.739404 -0 -0.673262 294.999 0 1 -0 0 0.673262 0 -0.739404 340.459
-0.743567 -0 -0.668661 294.302 0 1 -0 0 0.668661 0 -0.743567 339.661
-0.748453 -0 -0.663187 293.622 0 1 -0 0 0.663187 0 -0.748453 338.848
-0.754501 -0 -0.656299 292.924 0 1 -0 0 0.656299 0 -0.754501 338.041
-0.761378 -0 -0.648308 292.262 0 1 -0 0 0.648308 0 -0.761378 337.2
-0.770282 -0 -0.637704 291.594 0 1 -0 0 0.637704 0 -0.770282 336.367
-0.779366 -0 -0.626569 290.956 0 1 -0 0 0.626569 0 -0.779366 335.515
-0.789062 -0 -0.614313 290.323 0 1 -0 0 0.614313 0 -0.789062 334.649
-0.798977 -0 -0.601361 289.727 0 1 -0 0 0.601361 0 -0.798977 333.774
-0.808549 -0 -0.588428 289.135 0 1 -0 0 0.588428 0 -0.808549 332.885
-0.817704 -0 -0.575639 288.552 0 1 -0 0 0.575639 0 -0.817704 331.985
-0.825834 -0 -0.563913 287.972 0 1 -0 0 0.563913 0 -0.825834 331.089
-0.832702 -0 -0.553722 287.421 0 1 -0 0 0.553722 0 -0.832702 330.169
-0.839882 -0 -0.542769 286.858 0 1 -0 0 0.542769 0 -0.839882 329.261
-0.847199 -0 -0.531275 286.324 0 1 -0 0 0.531275 0 -0.847199 328.342
-0.853852 -0 -0.520516 285.797 0 1 -0 0 0.520516 0 -0.853852 327.405
-0.860359 -0 -0.509689 285.277 0 1 -0 0 0.509689 0 -0.860359 326.465
-0.866692 -0 -0.498843 284.778 0 1 -0 0 0.498843 0 -0.866692 325.508
-0.872839 -0 -0.488008 284.277 0 1 -0 0 0.488008 0 -0.872839 324.544
-0.878817 -0 -0.477159 283.782 0 1 -0 0 0.477159 0 -0.878817 323.578
-0.884222 -0 -0.467066 283.297 0 1 -0 0 0.467066 0 -0.884222 322.595
-0.88881 -0 -0.458276 282.817 0 1 -0 0 0.458276 0 -0.88881 321.608
-0.892492 -0 -0.451064 282.339 0 1 -0 0 0.451064 0 -0.892492 320.608
-0.895608 -0 -0.444844 281.863 0 1 -0 0 0.444844 0 -0.895608 319.604
-0.897552 -0 -0.440909 281.41 0 1 -0 0 0.440909 0 -0.897552 318.585
-0.898674 -0 -0.438618 280.937 0 1 -0 0 0.438618 0 -0.898674 317.571
-0.899668 -0 -0.436576 280.439 0 1 -0 0 0.436576 0 -0.899668 316.567
-0.899991 -0 -0.435908 279.97 0 1 -0 0 0.435908 0 -0.899991 315.545
-0.899193 -0 -0.437552 279.525 0 1 -0 0 0.437552 0 -0.899193 314.504
-0.90053 -0 -0.434793 279.042 0 1 -0 0 0.434793 0 -0.90053 313.476
-0.90308 -0 -0.429473 278.509 0 1 -0 0 0.429473 0 -0.90308 312.465
-0.903948 -0 -0.427643 278.04 0 1 -0 0 0.427643 0 -0.903948 311.419
-0.905735 -0 -0.423843 277.542 0 1 -0 0 0.423843 0 -0.905735 310.372
-0.907217 -0 -0.420662 277.057 0 1 -0 0 0.420662 0 -0.907217 309.322
-0.907868 -0 -0.419256 276.59 0 1 -0 0 0.419256 0 -0.907868 308.256
-0.908228 -0 -0.418476 276.112 0 1 -0 0 0.418476 0 -0.908228 307.19
-0.908545 -0 -0.417787 275.627 0 1 -0 0 0.417787 0 -0.908545 306.116
-0.908874 -0 -0.41707 275.134 0 1 -0 0 0.41707 0 -0.908874 305.037
-0.908692 -0 -0.417467 274.634 0 1 -0 0 0.417467 0 -0.908692 303.952
-0.908704 -0 -0.417442 274.154 0 1 -0 0 0.417442 0 -0.908704 302.851
-0.908563 -0 -0.417749 273.624 0 1 -0 0 0.417749 0 -0.908563 301.773
-0.907919 -0 -0.419145 273.153 0 1 -0 0 0.419145 0 -0.907919 300.657
-0.908276 -0 -0.418372 272.598 0 1 -0 0 0.418372 0 -0.908276 299.573
-0.906275 -0 -0.422688 272.161 0 1 -0 0 0.422688 0 -0.906275 298.427
-0.905294 -0 -0.424785 271.624 0 1 -0 0 0.424785 0 -0.905294 297.321
-0.903926 -0 -0.427689 271.091 0 1 -0 0 0.427689 0 -0.903926 296.207
-0.901734 -0 -0.432291 270.55 0 1 -0 0 0.432291 0 -0.901734 295.085
-0.898829 -0 -0.438299 270.014 0 1 -0 0 0.438299 0 -0.898829 293.949
-0.89576 -0 -0.444538 269.457 0 1 -0 0 0.444538 0 -0.89576 292.823
-0.892431 -0 -0.451184 268.885 0 1 -0 0 0.451184 0 -0.892431 291.703
-0.888918 -0 -0.458066 268.291 0 1 -0 0 0.458066 0 -0.888918 290.59
-0.884871 -0 -0.465836 267.695 0 1 -0 0 0.465836 0 -0.884871 289.47
-0.880976 -0 -0.473161 267.085 0 1 -0 0 0.473161 0 -0.880976 288.351
-0.876719 -0 -0.481003 266.447 0 1 -0 0 0.481003 0 -0.876719 287.241
-0.872697 -0 -0.488261 265.804 0 1 -0 0 0.488261 0 -0.872697 286.127
-0.869006 -0 -0.494802 265.148 0 1 -0 0 0.494802 0 -0.869006 285.024
-0.865232 -0 -0.501372 264.51 0 1 -0 0 0.501372 0 -0.865232 283.905
-0.861322 -0 -0.508059 263.824 0 1 -0 0 0.508059 0 -0.861322 282.801
-0.857098 -0 -0.515153 263.154 0 1 -0 0 0.515153 0 -0.857098 281.682
-0.853743 -0 -0.520695 262.45 0 1 -0 0 0.520695 0 -0.853743 280.584
-0.851408 -0 -0.524504 261.752 0 1 -0 0 0.524504 0 -0.851408 279.481
-0.850067 -0 -0.526675 261.063 0 1 -0 0 0.526675 0 -0.850067 278.385
-0.848745 -0 -0.528802 260.365 0 1 -0 0 0.528802 0 -0.848745 277.288
-0.847577 -0 -0.530672 259.689 0 1 -0 0 0.530672 0 -0.847577 276.174
-0.84702 -0 -0.531561 258.982 0 1 -0 0 0.531561 0 -0.84702 275.07
-0.845711 -0 -0.53364 258.298 0 1 -0 0 0.53364 0 -0.845711 273.941
-0.844691 -0 -0.535255 257.608 0 1 -0 0 0.535255 0 -0.844691 272.813
-0.844662 -0 -0.5353 256.896 0 1 -0 0 0.5353 0 -0.844662 271.691
-0.843633 -0 -0.53692 256.191 0 1 -0 0 0.53692 0 -0.843633 270.563
-0.843965 -0 -0.536398 255.471 0 1 -0 0 0.536398 0 -0.843965 269.446
-0.844845 -0 -0.535012 254.744 0 1 -0 0 0.535012 0 -0.844845 268.329
-0.84368 -0 -0.536846 254.063 0 1 -0 0 0.536846 0 -0.84368 267.168
-0.844405 -0 -0.535705 253.308 0 1 -0 0 0.535705 0 -0.844405 266.049
-0.843941 -0 -0.536437 252.563 0 1 -0 0 0.536437 0 -0.843941 264.916
-0.842467 -0 -0.538749 251.848 0 1 -0 0 0.538749 0 -0.842467 263.757
-0.841416 -0 -0.540387 251.124 0 1 -0 0 0.540387 0 -0.841416 262.599
-0.840747 -0 -0.541429 250.369 0 1 -0 0 0.541429 0 -0.840747 261.464
-0.84064 -0 -0.541595 249.594 0 1 -0 0 0.541595 0 -0.84064 260.338
-0.839258 -0 -0.543734 248.911 0 1 -0 0 0.543734 0 -0.839258 259.15
-0.84054 -0 -0.541749 248.06 0 1 -0 0 0.541749 0 -0.84054 258.076
-0.841314 -0 -0.540546 247.312 0 1 -0 0 0.540546 0 -0.841314 256.922
-0.8399 -0 -0.542741 246.63 0 1 -0 0 0.542741 0 -0.8399 255.726
-0.841899 -0 -0.539635 245.83 0 1 -0 0 0.539635 0 -0.841899 254.6
-0.840945 -0 -0.54112 245.145 0 1 -0 0 0.54112 0 -0.840945 253.401
-0.841347 -0 -0.540495 244.382 0 1 -0 0 0.540495 0 -0.841347 252.249
-0.843674 -0 -0.536857 243.579 0 1 -0 0 0.536857 0 -0.843674 251.105
-0.844334 -0 -0.535817 242.826 0 1 -0 0 0.535817 0 -0.844334 249.929
-0.847002 -0 -0.531589 242.029 0 1 -0 0 0.531589 0 -0.847002 248.778
-0.848205 -0 -0.529668 241.223 0 1 -0 0 0.529668 0 -0.848205 247.624
-0.84675 -0 -0.531992 240.54 0 1 -0 0 0.531992 0 -0.84675 246.375
-0.847293 -0 -0.531126 239.772 0 1 -0 0 0.531126 0 -0.847293 245.176
-0.847031 -0 -0.531544 238.983 0 1 -0 0 0.531544 0 -0.847031 243.977
-0.847211 -0 -0.531257 238.249 0 1 -0 0 0.531257 0 -0.847211 242.744
-0.846596 -0 -0.532236 237.575 0 1 -0 0 0.532236 0 -0.846596 241.474
-0.844056 -0 -0.536255 236.852 0 1 -0 0 0.536255 0 -0.844056 240.224
-0.845928 -0 -0.533296 236.017 0 1 -0 0 0.533296 0 -0.845928 239.037
-0.84652 -0 -0.532356 235.218 0 1 -0 0 0.532356 0 -0.84652 237.836
-0.845022 -0 -0.534732 234.469 0 1 -0 0 0.534732 0 -0.845022 236.588
-0.844091 -0 -0.5362 233.72 0 1 -0 0 0.5362 0 -0.844091 235.337
-0.842833 -0 -0.538175 232.922 0 1 -0 0 0.538175 0 -0.842833 234.112
-0.841665 -0 -0.54 232.123 0 1 -0 0 0.54 0 -0.841665 232.873
-0.839184 -0 -0.543847 231.362 0 1 -0 0 0.543847 0 -0.839184 231.615
-0.838803 -0 -0.544434 230.594 0 1 -0 0 0.544434 0 -0.838803 230.35
-0.837619 -0 -0.546255 229.765 0 1 -0 0 0.546255 0 -0.837619 229.141
-0.836221 -0 -0.548393 228.988 0 1 -0 0 0.548393 0 -0.836221 227.886
-0.836198 -0 -0.548428 228.16 0 1 -0 0 0.548428 0 -0.836198 226.667
-0.835835 -0 -0.54898 227.319 0 1 -0 0 0.54898 0 -0.835835 225.451
-0.833988 -0 -0.551783 226.569 0 1 -0 0 0.551783 0 -0.833988 224.176
-0.834593 -0 -0.550868 225.731 0 1 -0 0 0.550868 0 -0.834593 222.966
-0.833849 -0 -0.551993 224.909 0 1 -0 0 0.551993 0 -0.833849 221.737
-0.832948 -0 -0.553351 224.119 0 1 -0 0 0.553351 0 -0.832948 220.494
-0.832342 -0 -0.554262 223.308 0 1 -0 0 0.554262 0 -0.832342 219.256
-0.831812 -0 -0.555057 222.49 0 1 -0 0 0.555057 0 -0.831812 218.027
-0.832444 -0 -0.554109 221.671 0 1 -0 0 0.554109 0 -0.832444 216.802
-0.832213 -0 -0.554456 220.865 0 1 -0 0 0.554456 0 -0.832213 215.557
-0.832996 -0 -0.553279 220.049 0 1 -0 0 0.553279 0 -0.832996 214.33
-0.833568 -0 -0.552417 219.251 0 1 -0 0 0.552417 0 -0.833568 213.099
-0.834177 -0 -0.551497 218.463 0 1 -0 0 0.551497 0 -0.834177 211.858
-0.835163 -0 -0.550002 217.648 0 1 -0 0 0.550002 0 -0.835163 210.639
-0.835917 -0 -0.548855 216.862 0 1 -0 0 0.548855 0 -0.835917 209.395
-0.836989 -0 -0.54722 216.059 0 1 -0 0 0.54722 0 -0.836989 208.164
-0.837419 -0 -0.546562 215.315 0 1 -0 0 0.546562 0 -0.837419 206.906
-0.841465 -0 -0.540312 214.385 0 1 -0 0 0.540312 0 -0.841465 205.765
-0.841349 -0 -0.540493 213.689 0 1 -0 0 0.540493 0 -0.841349 204.469
-0.843159 -0 -0.537664 212.884 0 1 -0 0 0.537664 0 -0.843159 203.242
-0.844659 -0 -0.535305 212.108 0 1 -0 0 0.535305 0 -0.844659 201.995
-0.8457 -0 -0.533659 211.344 0 1 -0 0 0.533659 0 -0.8457 200.742
-0.847647 -0 -0.530561 210.577 0 1 -0 0 0.530561 0 -0.847647 199.491
-0.849578 -0 -0.527464 209.8 0 1 -0 0 0.527464 0 -0.849578 198.25
-0.851354 -0 -0.524591 209.055 0 1 -0 0 0.524591 0 -0.851354 196.993
-0.853264 -0 -0.521479 208.302 0 1 -0 0 0.521479 0 -0.853264 195.747
-0.856074 -0 -0.516853 207.559 0 1 -0 0 0.516853 0 -0.856074 194.489
-0.859854 -0 -0.510539 206.827 0 1 -0 0 0.510539 0 -0.859854 193.229
-0.863769 -0 -0.503889 206.103 0 1 -0 0 0.503889 0 -0.863769 191.967
-0.866635 -0 -0.498942 205.419 0 1 -0 0 0.498942 0 -0.866635 190.682
-0.870036 -0 -0.492989 204.726 0 1 -0 0 0.492989 0 -0.870036 189.399
-0.873729 -0 -0.486414 204.027 0 1 -0 0 0.486414 0 -0.873729 188.12
-0.876914 -0 -0.480648 203.36 0 1 -0 0 0.480648 0 -0.876914 186.825
-0.880249 -0 -0.474512 202.684 0 1 -0 0 0.474512 0 -0.880249 185.529
-0.883368 -0 -0.468679 202.029 0 1 -0 0 0.468679 0 -0.883368 184.238
-0.886255 -0 -0.463197 201.381 0 1 -0 0 0.463197 0 -0.886255 182.942
-0.888495 -0 -0.458887 200.736 0 1 -0 0 0.458887 0 -0.888495 181.636
-0.890549 -0 -0.454887 200.081 0 1 -0 0 0.454887 0 -0.890549 180.334
-0.892202 -0 -0.451636 199.422 0 1 -0 0 0.451636 0 -0.892202 179.035
-0.893426 -0 -0.449209 198.795 0 1 -0 0 0.449209 0 -0.893426 177.738
-0.894046 -0 -0.447975 198.16 0 1 -0 0 0.447975 0 -0.894046 176.443
-0.895209 -0 -0.445646 197.523 0 1 -0 0 0.445646 0 -0.895209 175.15
-0.89797 -0 -0.440056 196.893 0 1 -0 0 0.440056 0 -0.89797 173.85
-0.897363 -0 -0.441293 196.31 0 1 -0 0 0.441293 0 -0.897363 172.528
-0.899467 -0 -0.436988 195.676 0 1 -0 0 0.436988 0 -0.899467 171.228
-0.900453 -0 -0.434953 195.076 0 1 -0 0 0.434953 0 -0.900453 169.917
-0.900625 -0 -0.434598 194.602 0 1 -0 0 0.434598 0 -0.900625 168.55
-0.902854 -0 -0.429948 193.877 0 1 -0 0 0.429948 0 -0.902854 167.3
-0.903895 -0 -0.427755 193.274 0 1 -0 0 0.427755 0 -0.903895 165.989
-0.90558 -0 -0.424175 192.671 0 1 -0 0 0.424175 0 -0.90558 164.674
-0.906479 -0 -0.422251 192.053 0 1 -0 0 0.422251 0 -0.906479 163.362
-0.907266 -0 -0.420557 191.459 0 1 -0 0 0.420557 0 -0.907266 162.041
-0.908092 -0 -0.418772 190.877 0 1 -0 0 0.418772 0 -0.908092 160.715
-0.908211 -0 -0.418514 190.29 0 1 -0 0 0.418514 0 -0.908211 159.383
-0.908965 -0 -0.416874 189.681 0 1 -0 0 0.416874 0 -0.908965 158.064
-0.90863 -0 -0.417602 189.128 0 1 -0 0 0.417602 0 -0.90863 156.719
-0.909672 -0 -0.415327 188.484 0 1 -0 0 0.415327 0 -0.909672 155.414
-0.909523 -0 -0.415654 187.927 0 1 -0 0 0.415654 0 -0.909523 154.069
-0.909855 -0 -0.414926 187.335 0 1 -0 0 0.414926 0 -0.909855 152.742
-0.910399 -0 -0.413731 186.739 0 1 -0 0 0.413731 0 -0.910399 151.419
-0.910793 -0 -0.412864 186.15 0 1 -0 0 0.412864 0 -0.910793 150.089
-0.91144 -0 -0.411433 185.553 0 1 -0 0 0.411433 0 -0.91144 148.769
-0.911815 -0 -0.410601 184.966 0 1 -0 0 0.410601 0 -0.911815 147.433
-0.912356 -0 -0.409397 184.384 0 1 -0 0 0.409397 0 -0.912356 146.106
-0.913101 -0 -0.407733 183.813 0 1 -0 0 0.407733 0 -0.913101 144.775
-0.912721 -0 -0.408584 183.26 0 1 -0 0 0.408584 0 -0.912721 143.442
-0.913864 -0 -0.40602 182.669 0 1 -0 0 0.40602 0 -0.913864 142.119
-0.914804 -0 -0.403898 182.087 0 1 -0 0 0.403898 0 -0.914804 140.794
-0.91538 -0 -0.402591 181.503 0 1 -0 0 0.402591 0 -0.91538 139.467
-0.916821 -0 -0.399297 180.824 0 1 -0 0 0.399297 0 -0.916821 138.176
-0.916118 -0 -0.400909 180.277 0 1 -0 0 0.400909 0 -0.916118 136.824
-0.915534 -0 -0.402241 179.693 0 1 -0 0 0.402241 0 -0.915534 135.486
-0.913382 -0 -0.407104 179.128 0 1 -0 0 0.407104 0 -0.913382 134.153
-0.911394 -0 -0.411535 178.545 0 1 -0 0 0.411535 0 -0.911394 132.834
-0.909028 -0 -0.416735 177.937 0 1 -0 0 0.416735 0 -0.909028 131.528
-0.906192 -0 -0.422866 177.317 0 1 -0 0 0.422866 0 -0.906192 130.225
-0.903409 -0 -0.428781 176.666 0 1 -0 0 0.428781 0 -0.903409 128.94
-0.899134 -0 -0.437673 176.056 0 1 -0 0 0.437673 0 -0.899134 127.64
-0.894645 -0 -0.446778 175.445 0 1 -0 0 0.446778 0 -0.894645 126.346
-0.890563 -0 -0.45486 174.73 0 1 -0 0 0.45486 0 -0.890563 125.102
-0.885528 -0 -0.464586 174.069 0 1 -0 0 0.464586 0 -0.885528 123.838
-0.880807 -0 -0.473475 173.377 0 1 -0 0 0.473475 0 -0.880807 122.581
-0.875749 -0 -0.482766 172.675 0 1 -0 0 0.482766 0 -0.875749 121.336
-0.869912 -0 -0.493207 172.003 0 1 -0 0 0.493207 0 -0.869912 120.079
-0.86489 -0 -0.501962 171.243 0 1 -0 0 0.501962 0 -0.86489 118.868
-0.859151 -0 -0.511722 170.512 0 1 -0 0 0.511722 0 -0.859151 117.639
-0.852821 -0 -0.522203 169.76 0 1 -0 0 0.522203 0 -0.852821 116.424
-0.846602 -0 -0.532227 168.974 0 1 -0 0 0.532227 0 -0.846602 115.235
-0.840222 -0 -0.542242 168.177 0 1 -0 0 0.542242 0 -0.840222 114.05
-0.833281 -0 -0.55285 167.367 0 1 -0 0 0.55285 0 -0.833281 112.865
-0.825976 -0 -0.563706 166.546 0 1 -0 0 0.563706 0 -0.825976 111.694
-0.820233 -0 -0.57203 165.682 0 1 -0 0 0.57203 0 -0.820233 110.551
-0.814348 -0 -0.580377 164.83 0 1 -0 0 0.580377 0 -0.814348 109.405
-0.807961 -0 -0.589236 164.034 0 1 -0 0 0.589236 0 -0.807961 108.222
-0.803998 -0 -0.594633 163.139 0 1 -0 0 0.594633 0 -0.803998 107.118
-0.799407 -0 -0.60079 162.295 0 1 -0 0 0.60079 0 -0.799407 105.979
-0.795155 -0 -0.606406 161.449 0 1 -0 0 0.606406 0 -0.795155 104.844
-0.792172 -0 -0.610297 160.536 0 1 -0 0 0.610297 0 -0.792172 103.748
-0.787696 -0 -0.616064 159.664 0 1 -0 0 0.616064 0 -0.787696 102.63
-0.783801 -0 -0.621012 158.791 0 1 -0 0 0.621012 0 -0.783801 101.512
-0.780718 -0 -0.624883 157.892 0 1 -0 0 0.624883 0 -0.780718 100.406
-0.777149 -0 -0.629317 156.986 0 1 -0 0 0.629317 0 -0.777149 99.3024
-0.773424 -0 -0.633889 156.085 0 1 -0 0 0.633889 0 -0.773424 98.1897
-0.770826 -0 -0.637045 155.162 0 1 -0 0 0.637045 0 -0.770826 97.092
-0.768802 -0 -0.639487 154.225 0 1 -0 0 0.639487 0 -0.768802 96.0108
-0.765686 -0 -0.643215 153.332 0 1 -0 0 0.643215 0 -0.765686 94.8947
-0.763228 -0 -0.646129 152.388 0 1 -0 0 0.646129 0 -0.763228 93.8153
-0.759299 -0 -0.650742 151.461 0 1 -0 0 0.650742 0 -0.759299 92.7151
-0.754375 -0 -0.656443 150.509 0 1 -0 0 0.656443 0 -0.754375 91.6438
-0.748874 -0 -0.662713 149.564 0 1 -0 0 0.662713 0 -0.748874 90.5663
-0.743133 -0 -0.669144 148.592 0 1 -0 0 0.669144 0 -0.743133 89.508
-0.738009 -0 -0.674791 147.609 0 1 -0 0 0.674791 0 -0.738009 88.4722
-0.734599 -0 -0.678502 146.632 0 1 -0 0 0.678502 0 -0.734599 87.4182
-0.732091 -0 -0.681206 145.65 0 1 -0 0 0.681206 0 -0.732091 86.368
-0.729698 -0 -0.68377 144.672 0 1 -0 0 0.68377 0 -0.729698 85.3126
-0.728199 -0 -0.685365 143.682 0 1 -0 0 0.685365 0 -0.728199 84.2577
-0.72823 -0 -0.685333 142.719 0 1 -0 0 0.685333 0 -0.72823 83.18
-0.729216 -0 -0.684283 141.721 0 1 -0 0 0.684283 0 -0.729216 82.1345
-0.73066 -0 -0.682741 140.757 0 1 -0 0 0.682741 0 -0.73066 81.0504
-0.732388 -0 -0.680887 139.757 0 1 -0 0 0.680887 0 -0.732388 79.9906
-0.734119 -0 -0.67902 138.769 0 1 -0 0 0.67902 0 -0.734119 78.9152
-0.734531 -0 -0.678575 137.8 0 1 -0 0 0.678575 0 -0.734531 77.8272
-0.734512 -0 -0.678596 136.824 0 1 -0 0 0.678596 0 -0.734512 76.7385
-0.740923 -0 -0.67159 135.721 0 1 -0 0 0.67159 0 -0.740923 75.7788
-0.737543 -0 -0.675301 134.81 0 1 -0 0 0.675301 0 -0.737543 74.6218
-0.73914 -0 -0.673552 133.792 0 1 -0 0 0.673552 0 -0.73914 73.5664
-0.739418 -0 -0.673247 132.815 0 1 -0 0 0.673247 0 -0.739418 72.4788
-0.737545 -0 -0.675298 131.853 0 1 -0 0 0.675298 0 -0.737545 71.3802
-0.73797 -0 -0.674833 130.864 0 1 -0 0 0.674833 0 -0.73797 70.3039
-0.736736 -0 -0.676181 129.883 0 1 -0 0 0.676181 0 -0.736736 69.211
-0.73653 -0 -0.676405 128.887 0 1 -0 0 0.676405 0 -0.73653 68.1321
-0.73527 -0 -0.677774 127.909 0 1 -0 0 0.677774 0 -0.73527 67.0313
-0.734154 -0 -0.678983 126.91 0 1 -0 0 0.678983 0 -0.734154 65.9499
-0.732533 -0 -0.680731 125.923 0 1 -0 0 0.680731 0 -0.732533 64.8624
-0.731392 -0 -0.681957 124.895 0 1 -0 0 0.681957 0 -0.731392 63.8056
-0.728466 -0 -0.685082 123.911 0 1 -0 0 0.685082 0 -0.728466 62.7083
-0.72767 -0 -0.685928 122.856 0 1 -0 0 0.685928 0 -0.72767 61.6715
-0.725869 -0 -0.687833 121.846 0 1 -0 0 0.687833 0 -0.725869 60.5922
-0.723587 -0 -0.690233 120.845 0 1 -0 0 0.690233 0 -0.723587 59.5068
-0.721995 -0 -0.691898 119.816 0 1 -0 0 0.691898 0 -0.721995 58.4393
-0.721006 -0 -0.692929 118.782 0 1 -0 0 0.692929 0 -0.721006 57.3668
-0.7195 -0 -0.694492 117.735 0 1 -0 0 0.694492 0 -0.7195 56.3026
-0.718696 -0 -0.695325 116.704 0 1 -0 0 0.695325 0 -0.718696 55.216
-0.717372 -0 -0.69669 115.665 0 1 -0 0 0.69669 0 -0.717372 54.1252
-0.717172 -0 -0.696896 114.622 0 1 -0 0 0.696896 0 -0.717172 53.0485
-0.716175 -0 -0.697921 113.595 0 1 -0 0 0.697921 0 -0.716175 51.9644
-0.716322 -0 -0.697769 112.548 0 1 -0 0 0.697769 0 -0.716322 50.8961
-0.715931 -0 -0.698171 111.505 0 1 -0 0 0.698171 0 -0.715931 49.8123
-0.714982 -0 -0.699143 110.458 0 1 -0 0 0.699143 0 -0.714982 48.7167
-0.714994 -0 -0.699131 109.401 0 1 -0 0 0.699131 0 -0.714994 47.6424
-0.715651 -0 -0.698458 108.367 0 1 -0 0 0.698458 0 -0.715651 46.5702
